seed,wind_level,obstacle_density,planner,n_targets,visited_targets,coverage_ratio,weighted_coverage,safe_weighted_coverage,mission_success,collected_value,total_value,energy_used,planned_policy_budget,final_battery,reserve_margin,reserve_shortfall,mission_time,return_success,battery_violation,path_risk_accumulated,clearance_violation_rate,min_clearance,emergency_abort,actual_gust_multiplier,route,route_node_ids,runtime_seconds
60,severe,cluttered,NearestNeighbor,32,18,0.5625,0.5625,0.0,False,36.0,64.0,1803.0526295066009,1803.721054129193,-603.0526295066004,-683.0526295066004,True,105.01195437575662,False,True,0.0927822013523494,0.005009742162441,2.0,True,1.0,8.000:8.000|23.701:26.650|32.304:40.997|40.311:33.583|41.293:31.525|42.417:26.580|39.972:8.209|66.397:38.952|69.288:37.716|82.615:39.295|80.045:44.725|82.738:53.047|98.425:55.973|91.521:71.936|79.709:71.038|76.191:79.907|57.400:79.622|56.423:77.103|49.256:82.033|8.000:8.000,0-13-4-31-25-5-22-21-2-30-1-8-20-26-3-14-27-7-6-0,0.0010152051690965
60,severe,cluttered,ValuePerDistance,32,15,0.46875,0.53125,0.0,False,34.0,64.0,1893.504539246737,1892.141764253793,-693.504539246737,-773.504539246737,True,92.7965238435301,False,True,0.1262940044553574,0.0081681897628669,2.0,True,1.0,8.000:8.000|23.701:26.650|13.708:41.604|21.795:47.597|32.304:40.997|41.293:31.525|40.311:33.583|42.417:26.580|39.972:8.209|66.397:38.952|69.288:37.716|82.615:39.295|80.045:44.725|82.738:53.047|91.694:33.715|79.254:17.371|8.000:8.000,0-13-23-17-4-25-31-5-22-21-2-30-1-8-16-12-0,0.0006643859669566
60,severe,cluttered,WindAwareGreedy,32,16,0.5,0.5546875,0.0,False,35.5,64.0,2032.9098670996543,2062.412371001391,-832.9098670996542,-912.9098670996542,True,112.8579942751727,False,True,0.326345683958432,0.0222458481420575,2.0,True,1.0,8.000:8.000|23.701:26.650|42.417:26.580|41.293:31.525|40.311:33.583|39.972:8.209|66.397:38.952|82.615:39.295|91.694:33.715|80.045:44.725|82.738:53.047|79.709:71.038|95.687:83.066|89.318:91.626|80.665:96.615|91.521:71.936|76.191:79.907|8.000:8.000,0-13-5-25-31-22-21-30-16-1-8-3-15-29-9-26-14-0,0.0007500960491597
60,severe,cluttered,ReserveOnlyPlanner,32,7,0.21875,0.2578125,0.2578125,True,16.5,64.0,1061.698285322365,1141.235618091731,138.3017146776345,58.30171467763449,False,52.804416402434775,True,False,0.2990979559290141,0.0408642360682828,2.0,False,1.0,8.000:8.000|23.701:26.650|42.417:26.580|41.293:31.525|40.311:33.583|39.972:8.209|32.304:40.997|40.135:51.316|8.000:8.000,0-13-5-25-31-22-4-28-0,0.0004511559382081
60,severe,cluttered,FairRiskAwareGreedy,32,11,0.34375,0.3671875,0.3671875,True,23.5,64.0,1040.355615379558,1075.4638467293275,159.64438462044194,79.64438462044194,False,88.86666119166296,True,False,0.0041122372409772,0.0003431878186148,2.8284271247461903,False,1.0,8.000:8.000|23.701:26.650|40.311:33.583|42.417:26.580|39.972:8.209|66.397:38.952|82.615:39.295|80.045:44.725|82.738:53.047|69.288:37.716|98.425:55.973|79.254:17.371|8.000:8.000,0-13-31-5-22-21-30-1-8-2-20-12-0,0.000718954950571
60,severe,cluttered,FairALNSPlanner,32,15,0.46875,0.4921875,0.4921875,True,31.5,64.0,953.5779208259676,1156.521472873232,246.42207917403283,166.42207917403283,False,92.62722180073312,True,False,0.0073464284883232,0.0004605597154405,2.8284271247461903,False,1.0,8.000:8.000|13.708:41.604|21.795:47.597|40.135:51.316|32.304:40.997|23.701:26.650|40.311:33.583|41.293:31.525|42.417:26.580|66.397:38.952|80.045:44.725|82.738:53.047|98.425:55.973|82.615:39.295|69.288:37.716|39.972:8.209|8.000:8.000,0-23-17-28-4-13-31-25-5-21-1-8-20-30-2-22-0,3.209078195970505
60,severe,cluttered,RAWA-RHP,32,18,0.5625,0.578125,0.578125,True,37.0,64.0,972.0001109686048,1159.588811266226,227.99988903139533,147.99988903139533,False,99.74579935270415,True,False,0.0253101266222288,0.0013401586104066,2.0,False,1.0,8.000:8.000|39.972:8.209|42.417:26.580|41.293:31.525|40.311:33.583|23.701:26.650|32.304:40.997|40.135:51.316|50.946:67.930|56.423:77.103|57.400:79.622|49.256:82.033|44.050:81.986|23.820:80.786|44.214:95.954|37.938:86.973|38.438:71.038|21.795:47.597|13.708:41.604|8.000:8.000,0-22-5-25-31-13-4-28-10-7-27-6-32-18-11-24-19-17-23-0,9.9766339820344
61,severe,sparse,NearestNeighbor,32,24,0.75,0.7538461538461538,0.0,False,49.0,65.0,2113.933508378298,2139.7915607666537,-913.933508378298,-993.933508378298,True,116.704555410663,False,True,0.1384740005041151,0.0057715186066173,2.0,True,1.0,8.000:8.000|22.655:15.952|26.439:23.323|29.207:22.076|19.810:27.969|33.189:34.647|34.817:36.558|39.281:42.114|42.145:45.068|40.570:49.763|35.183:51.490|31.448:53.508|32.508:57.951|23.631:47.623|18.246:69.020|28.584:73.204|48.661:68.617|64.137:71.475|69.844:73.466|71.225:75.025|73.228:79.948|81.471:76.302|73.847:66.603|74.934:59.799|88.480:58.704|8.000:8.000,0-28-31-32-1-24-2-12-17-21-25-13-18-26-10-4-14-29-15-7-19-9-3-16-11-0,0.0011375548783689
61,severe,sparse,ValuePerDistance,32,23,0.71875,0.7846153846153846,0.0,False,51.0,65.0,2054.480381813096,2073.201381819073,-854.4803818130962,-934.4803818130962,True,114.48941492471604,False,True,0.1129802433651461,0.0048716529114515,2.0,True,1.0,8.000:8.000|19.810:27.969|26.439:23.323|29.207:22.076|33.189:34.647|34.817:36.558|39.281:42.114|42.145:45.068|40.570:49.763|35.183:51.490|31.448:53.508|32.508:57.951|48.661:68.617|58.559:55.148|70.802:51.952|74.934:59.799|73.847:66.603|71.225:75.025|69.844:73.466|64.137:71.475|73.228:79.948|81.471:76.302|88.480:58.704|91.544:28.927|8.000:8.000,0-1-31-32-24-2-12-17-21-25-13-18-14-6-20-16-3-7-15-29-19-9-11-23-0,0.0008421770762652
61,severe,sparse,WindAwareGreedy,32,13,0.40625,0.4923076923076923,0.0,False,32.0,65.0,1967.9017675539608,1995.1720303073048,-767.9017675539607,-847.9017675539607,True,90.5982223114681,False,True,0.1944174199704235,0.0144993808772949,2.0,True,1.0,8.000:8.000|19.810:27.969|39.281:42.114|40.570:49.763|42.145:45.068|58.559:55.148|73.847:66.603|88.480:58.704|91.544:28.927|70.802:51.952|74.934:59.799|71.225:75.025|69.844:73.466|64.137:71.475|8.000:8.000,0-1-12-21-17-6-3-11-23-20-16-7-15-29-0,0.0006450789514929
61,severe,sparse,ReserveOnlyPlanner,32,7,0.21875,0.2615384615384615,0.2615384615384615,True,17.0,65.0,1056.189760104724,1134.3618831315716,143.81023989527603,63.81023989527603,False,48.61443727375804,True,False,0.0786755266427883,0.0100472494077713,2.0,False,1.0,8.000:8.000|19.810:27.969|26.439:23.323|29.207:22.076|39.281:42.114|40.570:49.763|42.145:45.068|58.559:55.148|8.000:8.000,0-1-31-32-12-21-17-6-0,0.0004287920892238
61,severe,sparse,FairRiskAwareGreedy,32,14,0.4375,0.5,0.5,True,32.5,65.0,987.9512242990548,1045.8098540170165,212.04877570094567,132.04877570094567,False,90.36022777263015,True,False,0.0085268504848204,0.0005702688122924,2.8284271247461903,False,1.0,8.000:8.000|19.810:27.969|39.281:42.114|40.570:49.763|32.508:57.951|48.661:68.617|73.847:66.603|91.544:28.927|88.480:58.704|70.802:51.952|33.189:34.647|34.817:36.558|26.439:23.323|29.207:22.076|22.655:15.952|8.000:8.000,0-1-12-21-18-14-3-23-11-20-24-2-31-32-28-0,0.0009102369658648
61,severe,sparse,FairALNSPlanner,32,21,0.65625,0.7230769230769231,0.7230769230769231,True,47.0,65.0,1057.1580235523616,1258.6140329082289,142.84197644763816,62.84197644763816,False,106.93444150351858,True,False,0.0528820150073702,0.0024248334304384,2.0,False,1.0,8.000:8.000|19.810:27.969|23.631:47.623|31.448:53.508|32.508:57.951|35.183:51.490|58.559:55.148|74.934:59.799|88.480:58.704|91.544:28.927|73.847:66.603|71.225:75.025|69.844:73.466|64.137:71.475|48.661:68.617|40.570:49.763|42.145:45.068|39.281:42.114|34.817:36.558|33.189:34.647|29.207:22.076|26.439:23.323|8.000:8.000,0-1-26-13-18-25-6-16-11-23-3-7-15-29-14-21-17-12-2-24-32-31-0,5.565409840084612
61,severe,sparse,RAWA-RHP,32,23,0.71875,0.7538461538461538,0.7538461538461538,True,49.0,65.0,1014.2676456283608,1215.8504041577094,185.73235437163964,105.73235437163964,False,106.80126669525346,True,False,0.0155640580575547,0.0006525488323388,2.0,False,1.0,8.000:8.000|19.810:27.969|39.281:42.114|42.145:45.068|40.570:49.763|35.183:51.490|31.448:53.508|32.508:57.951|58.559:55.148|48.661:68.617|58.438:92.482|60.295:87.662|73.228:79.948|71.225:75.025|69.844:73.466|64.137:71.475|73.847:66.603|74.934:59.799|70.802:51.952|34.817:36.558|33.189:34.647|29.207:22.076|26.439:23.323|22.655:15.952|8.000:8.000,0-1-12-17-21-25-13-18-6-14-27-5-19-7-15-29-3-16-20-2-24-32-31-28-0,9.924801029032096
60,calm,cluttered,NearestNeighbor,32,30,0.9375,0.9185185185185184,0.0,False,62.0,67.5,1400.837547430448,1405.4754359890655,-200.83754743044784,-280.83754743044784,True,168.79213395386154,False,True,0.0073505281748014,0.0002378425928637,2.0,True,1.0,8.000:8.000|22.160:29.736|20.857:34.517|35.983:20.669|38.219:18.721|62.910:17.802|65.501:19.011|76.687:34.806|75.661:43.376|69.758:52.518|64.637:55.601|57.231:60.170|55.994:62.287|55.923:72.283|42.150:82.086|27.283:91.844|26.424:80.955|22.412:51.916|48.361:40.870|44.372:39.189|63.267:40.481|76.969:60.937|81.536:64.131|79.106:76.882|77.637:82.584|72.085:91.008|79.340:97.701|82.787:95.962|86.466:89.690|60.898:88.454|57.718:97.074|8.000:8.000,0-15-26-25-8-31-6-1-2-30-24-13-22-18-3-9-32-27-20-23-19-29-21-17-16-12-5-7-10-4-28-0,0.0012598808389157
60,calm,cluttered,ValuePerDistance,32,29,0.90625,0.925925925925926,0.0,False,62.5,67.5,1433.9912480039725,1438.470482306389,-233.9912480039722,-313.9912480039722,True,167.51332205843332,False,True,0.0112702043256684,0.0003775422274276,2.0,True,1.0,8.000:8.000|38.219:18.721|35.983:20.669|20.857:34.517|22.160:29.736|44.372:39.189|48.361:40.870|63.267:40.481|64.637:55.601|69.758:52.518|75.661:43.376|76.687:34.806|87.057:27.904|85.951:52.049|81.536:64.131|76.969:60.937|79.106:76.882|77.637:82.584|72.085:91.008|82.787:95.962|79.340:97.701|86.466:89.690|55.923:72.283|55.994:62.287|57.231:60.170|42.150:82.086|26.424:80.955|27.283:91.844|57.718:97.074|60.898:88.454|8.000:8.000,0-8-25-26-15-23-20-19-24-30-2-1-14-11-21-29-17-16-12-7-5-10-18-22-13-3-32-9-28-4-0,0.0009345239959657
60,calm,cluttered,WindAwareGreedy,32,20,0.625,0.7407407407407407,0.0,False,50.0,67.5,1317.4964480509516,1313.8541247940825,-117.49644805095164,-197.49644805095164,True,144.2387848656225,False,True,0.0169534602710971,0.0008128116614807,2.0,True,1.0,8.000:8.000|38.219:18.721|35.983:20.669|20.857:34.517|44.372:39.189|63.267:40.481|64.637:55.601|42.150:82.086|26.424:80.955|27.283:91.844|55.923:72.283|55.994:62.287|87.057:27.904|76.687:34.806|75.661:43.376|85.951:52.049|81.536:64.131|69.758:52.518|65.501:19.011|48.361:40.870|22.412:51.916|8.000:8.000,0-8-25-26-23-19-24-3-32-9-18-22-14-1-2-11-21-30-6-20-27-0,0.0008481480181217
60,calm,cluttered,ReserveOnlyPlanner,32,17,0.53125,0.6074074074074074,0.6074074074074074,True,41.0,67.5,1051.4751281803808,1075.5952952875666,148.5248718196191,68.52487181961911,False,116.33962193061708,True,False,0.0063746344482084,0.0003549840547546,2.0,False,1.0,8.000:8.000|38.219:18.721|35.983:20.669|20.857:34.517|22.160:29.736|44.372:39.189|63.267:40.481|64.637:55.601|75.661:43.376|87.057:27.904|76.687:34.806|65.501:19.011|62.910:17.802|48.361:40.870|42.150:82.086|26.424:80.955|27.283:91.844|22.412:51.916|8.000:8.000,0-8-25-26-15-23-19-24-2-14-1-6-31-20-3-32-9-27-0,0.001066620927304
60,calm,cluttered,FairRiskAwareGreedy,32,14,0.4375,0.5555555555555556,0.5555555555555556,True,37.5,67.5,1100.916465866339,1125.9103519634814,99.08353413366086,19.083534133660866,False,120.65337691072666,True,False,0.0091639490895574,0.000613376513163,2.0,False,1.0,8.000:8.000|38.219:18.721|35.983:20.669|20.857:34.517|63.267:40.481|64.637:55.601|42.150:82.086|26.424:80.955|44.372:39.189|87.057:27.904|65.501:19.011|76.687:34.806|75.661:43.376|85.951:52.049|48.361:40.870|8.000:8.000,0-8-25-26-19-24-3-32-23-14-6-1-2-11-20-0,0.0013480111956596
60,calm,cluttered,FairALNSPlanner,32,24,0.75,0.837037037037037,0.837037037037037,True,56.5,67.5,1059.8867709558838,1139.4011616509968,140.11322904411622,60.113229044116224,False,132.18557811115866,True,False,0.0152804464609423,0.000614809524542,2.0,False,1.0,8.000:8.000|35.983:20.669|38.219:18.721|65.501:19.011|63.267:40.481|75.661:43.376|76.687:34.806|87.057:27.904|85.951:52.049|81.536:64.131|79.106:76.882|77.637:82.584|72.085:91.008|55.923:72.283|42.150:82.086|27.283:91.844|26.424:80.955|55.994:62.287|57.231:60.170|64.637:55.601|69.758:52.518|48.361:40.870|44.372:39.189|20.857:34.517|22.160:29.736|8.000:8.000,0-25-8-6-19-2-1-14-11-21-17-16-12-18-3-9-32-22-13-24-30-20-23-26-15-0,7.517833674093708
60,calm,cluttered,RAWA-RHP,32,22,0.6875,0.7925925925925926,0.7925925925925926,True,53.5,67.5,1059.1619792972092,1131.605086688925,140.83802070279094,60.83802070279094,False,130.40752391838834,True,False,0.0105190322219135,0.0004593958904782,2.0,False,1.0,8.000:8.000|35.983:20.669|38.219:18.721|65.501:19.011|87.057:27.904|76.687:34.806|75.661:43.376|69.758:52.518|64.637:55.601|76.969:60.937|79.106:76.882|42.150:82.086|27.283:91.844|26.424:80.955|55.923:72.283|55.994:62.287|57.231:60.170|81.536:64.131|85.951:52.049|63.267:40.481|48.361:40.870|44.372:39.189|20.857:34.517|8.000:8.000,0-25-8-6-14-1-2-30-24-29-17-3-9-32-18-22-13-21-11-19-20-23-26-0,12.537190521135926
61,severe,cluttered,NearestNeighbor,32,21,0.65625,0.6666666666666666,0.0,False,39.0,58.5,2123.941038905902,2113.1406876763285,-923.9410389059024,-1003.9410389059024,True,112.92686778591376,False,True,0.2261943056496601,0.0112132590027299,2.0,True,1.0,8.000:8.000|21.646:35.616|25.442:34.910|31.937:38.325|30.359:47.295|32.546:49.554|17.834:56.896|14.076:73.807|18.720:76.687|22.702:77.066|25.946:83.855|39.524:86.823|39.837:89.149|47.924:83.640|55.220:89.865|57.247:92.713|47.250:94.876|38.059:74.930|62.297:69.470|63.076:65.505|73.131:72.989|81.621:64.293|8.000:8.000,0-1-31-7-21-23-15-14-2-16-8-27-19-22-4-9-29-18-24-12-17-10-0,0.0011317960452288
61,severe,cluttered,ValuePerDistance,32,17,0.53125,0.5897435897435898,0.0,False,34.5,58.5,2036.6487958427035,1996.8397972491136,-836.6487958427034,-916.6487958427034,True,100.51924139168904,False,True,0.0309811408068991,0.0017436582943472,2.0,True,1.0,8.000:8.000|31.937:38.325|30.359:47.295|32.546:49.554|17.834:56.896|14.076:73.807|22.702:77.066|18.720:76.687|9.095:82.017|47.924:83.640|57.247:92.713|55.220:89.865|47.250:94.876|39.837:89.149|39.524:86.823|38.059:74.930|62.297:69.470|63.076:65.505|8.000:8.000,0-7-21-23-15-14-16-2-20-22-9-4-29-19-27-18-24-12-0,0.0006702679675072
61,severe,cluttered,WindAwareGreedy,32,14,0.4375,0.452991452991453,0.0,False,26.5,58.5,2060.656238772033,2062.2602673335628,-860.6562387720334,-940.6562387720334,True,96.2315793851098,False,True,0.2682143124803525,0.0201592442139125,2.0,True,1.0,8.000:8.000|31.937:38.325|30.359:47.295|32.546:49.554|50.296:43.091|53.999:22.766|63.103:16.696|89.605:9.706|85.517:9.464|68.877:25.897|68.286:31.795|69.816:49.805|62.297:69.470|63.076:65.505|81.621:64.293|8.000:8.000,0-7-21-23-26-30-13-32-11-28-3-6-24-12-10-0,0.0006975869182497
61,severe,cluttered,ReserveOnlyPlanner,32,6,0.1875,0.188034188034188,0.188034188034188,True,11.0,58.5,973.343106894162,1038.0636124200269,226.65689310583832,146.65689310583832,False,45.999316909286286,True,False,0.176036966427067,0.0266341667261811,2.0,False,1.0,8.000:8.000|31.937:38.325|30.359:47.295|32.546:49.554|50.296:43.091|53.999:22.766|63.103:16.696|8.000:8.000,0-7-21-23-26-30-13-0,0.0003930118400603
61,severe,cluttered,FairRiskAwareGreedy,32,10,0.3125,0.376068376068376,0.376068376068376,True,22.0,58.5,1097.9029843204978,1136.6508887795794,102.0970156795023,22.097015679502302,False,93.4245854508311,True,False,0.0081155893968664,0.0007396567143733,2.8284271247461903,False,1.0,8.000:8.000|31.937:38.325|22.702:77.066|14.076:73.807|9.095:82.017|47.924:83.640|30.359:47.295|32.546:49.554|25.442:34.910|89.605:9.706|85.517:9.464|8.000:8.000,0-7-16-14-20-22-21-23-31-32-11-0,0.0006907100323587
61,severe,cluttered,FairALNSPlanner,32,7,0.21875,0.1965811965811965,0.1965811965811965,True,11.5,58.5,671.5924244239283,754.0735227785431,528.4075755760717,448.4075755760717,False,56.45703709693839,True,False,0.0552769730105477,0.0069776341494964,2.0,False,1.0,8.000:8.000|21.646:35.616|25.442:34.910|31.937:38.325|30.359:47.295|32.546:49.554|63.076:65.505|73.131:72.989|8.000:8.000,0-1-31-7-21-23-12-17-0,3.624914438929409
61,severe,cluttered,RAWA-RHP,32,20,0.625,0.6581196581196581,0.6581196581196581,True,38.5,58.5,1010.3433483409945,1194.8213331363588,189.6566516590056,109.6566516590056,False,103.09310563296933,True,False,0.0541489565768007,0.0026306837106173,2.0,False,1.0,8.000:8.000|17.834:56.896|14.076:73.807|9.095:82.017|18.720:76.687|22.702:77.066|38.059:74.930|47.924:83.640|39.524:86.823|39.837:89.149|47.250:94.876|57.247:92.713|55.220:89.865|62.297:69.470|73.131:72.989|63.076:65.505|32.546:49.554|30.359:47.295|31.937:38.325|25.442:34.910|21.646:35.616|8.000:8.000,0-15-14-20-2-16-18-22-27-19-29-9-4-24-17-12-23-21-7-31-1-0,17.894588538911194
60,severe,sparse,NearestNeighbor,32,24,0.75,0.7652173913043478,0.0,False,44.0,57.5,1900.269782014513,1917.277453700221,-700.2697820145131,-780.2697820145131,True,117.13749093980076,False,True,0.0706431246621402,0.0028655188905464,2.0,True,1.0,8.000:8.000|27.794:22.221|31.234:30.946|33.702:38.219|24.554:35.204|15.171:31.983|14.666:42.834|13.765:55.168|28.854:53.900|31.783:51.086|42.304:32.636|42.328:27.458|48.264:17.818|52.261:17.470|61.873:28.464|72.333:29.399|75.192:28.824|75.107:31.946|79.764:35.214|88.939:46.566|80.081:52.107|84.942:69.047|78.041:71.371|74.186:68.950|69.069:66.008|8.000:8.000,0-12-9-13-8-5-17-10-27-31-18-14-32-22-21-7-15-16-3-29-11-28-23-26-1-0,0.0011278791353106
60,severe,sparse,ValuePerDistance,32,17,0.53125,0.591304347826087,0.0,False,34.0,57.5,1963.0242559427088,1953.47274353394,-763.024255942709,-843.024255942709,True,102.6284530539436,False,True,0.0437285022212543,0.002453637331541,2.0,True,1.0,8.000:8.000|14.666:42.834|13.765:55.168|28.854:53.900|31.783:51.086|33.702:38.219|42.304:32.636|42.328:27.458|27.794:22.221|31.234:30.946|24.554:35.204|15.171:31.983|61.308:64.819|69.069:66.008|74.186:68.950|78.041:71.371|84.942:69.047|80.081:52.107|8.000:8.000,0-17-10-27-31-13-18-14-12-9-8-5-2-1-26-23-28-11-0,0.0006963638588786
60,severe,sparse,WindAwareGreedy,32,16,0.5,0.6086956521739131,0.0,False,35.0,57.5,2100.565469664285,2166.246867227717,-900.5654696642846,-980.5654696642846,True,115.81932076055313,False,True,0.1383669684282051,0.0084539021120202,2.0,True,1.0,8.000:8.000|14.666:42.834|13.765:55.168|42.304:32.636|33.702:38.219|27.794:22.221|31.234:30.946|31.783:51.086|28.854:53.900|61.308:64.819|63.628:78.633|69.069:66.008|80.081:52.107|84.942:69.047|78.041:71.371|74.186:68.950|90.085:79.129|8.000:8.000,0-17-10-18-13-12-9-31-27-2-19-1-11-28-23-26-6-0,0.0009600080084055
60,severe,sparse,ReserveOnlyPlanner,32,7,0.21875,0.2347826086956521,0.2347826086956521,True,13.5,57.5,1080.1887970356302,1152.170269948453,119.81120296436995,39.811202964369954,False,49.20662765183532,True,False,0.0581954461493313,0.0072965637750684,2.0,False,1.0,8.000:8.000|27.794:22.221|42.304:32.636|42.328:27.458|48.264:17.818|52.261:17.470|61.873:28.464|75.107:31.946|8.000:8.000,0-12-18-14-32-22-21-16-0,0.0004993041511625
60,severe,sparse,FairRiskAwareGreedy,32,11,0.34375,0.4695652173913043,0.4695652173913043,True,27.0,57.5,1086.1304433977991,1142.9085169603827,113.86955660220082,33.86955660220082,False,95.11508259970138,True,False,0.0015377542001475,0.0001281481144429,2.8284271247461903,False,1.0,8.000:8.000|14.666:42.834|13.765:55.168|42.304:32.636|27.794:22.221|33.702:38.219|31.783:51.086|63.628:78.633|80.081:52.107|61.308:64.819|75.107:31.946|61.873:28.464|8.000:8.000,0-17-10-18-12-13-31-19-11-2-16-21-0,0.0010020451154559
60,severe,sparse,FairALNSPlanner,32,19,0.59375,0.7043478260869566,0.7043478260869566,True,40.5,57.5,1038.2006906246152,1233.1085441939065,161.79930937538506,81.79930937538506,False,108.04104754469118,True,False,0.0019956415310264,9.983127274306724e-05,2.8284271247461903,False,1.0,8.000:8.000|15.171:31.983|14.666:42.834|13.765:55.168|28.854:53.900|31.783:51.086|61.308:64.819|69.069:66.008|61.873:28.464|72.333:29.399|75.107:31.946|80.081:52.107|84.942:69.047|78.041:71.371|74.186:68.950|63.628:78.633|42.304:32.636|33.702:38.219|31.234:30.946|27.794:22.221|8.000:8.000,0-5-17-10-27-31-2-1-21-7-16-11-28-23-26-19-18-13-9-12-0,4.696192684816197
60,severe,sparse,RAWA-RHP,32,24,0.75,0.808695652173913,0.808695652173913,True,46.5,57.5,1031.801380060007,1235.530607673814,168.19861993999325,88.19861993999325,False,113.79767886758545,True,False,0.0604712018131998,0.0024315721568824,2.0,False,1.0,8.000:8.000|27.794:22.221|31.234:30.946|33.702:38.219|42.304:32.636|42.328:27.458|48.264:17.818|52.261:17.470|61.873:28.464|72.333:29.399|75.192:28.824|75.107:31.946|80.081:52.107|61.308:64.819|69.069:66.008|74.186:68.950|84.942:69.047|78.041:71.371|63.628:78.633|54.491:81.067|31.783:51.086|28.854:53.900|13.765:55.168|14.666:42.834|15.171:31.983|8.000:8.000,0-12-9-13-18-14-32-22-21-7-15-16-11-2-1-26-28-23-19-30-31-27-10-17-5-0,20.709420677041635
61,calm,cluttered,NearestNeighbor,32,31,0.96875,0.9642857142857144,0.0,False,67.5,70.0,1342.0243680612064,1348.3150440958236,-142.02436806120613,-222.02436806120613,True,163.94479981096686,False,True,0.0052076768016345,0.0001630357945775,2.0,True,1.0,8.000:8.000|26.912:17.695|34.531:23.800|38.299:28.242|27.917:36.288|25.504:43.819|19.209:48.884|18.180:59.296|17.455:66.965|30.633:85.234|28.503:91.192|37.803:88.420|37.109:78.165|41.096:73.576|47.081:77.814|52.060:66.658|61.307:59.347|67.147:59.225|62.003:80.519|35.951:50.819|38.695:47.474|55.516:35.949|64.198:29.826|66.769:25.429|67.506:18.353|61.008:17.356|57.428:18.547|37.239:14.790|79.721:16.341|84.558:12.704|91.016:13.369|93.604:33.066|8.000:8.000,0-21-12-27-11-9-13-5-23-10-25-29-28-24-4-18-3-30-1-7-31-32-14-26-20-22-2-16-15-8-17-19-0,0.0012478239368647
61,calm,cluttered,ValuePerDistance,32,28,0.875,0.9214285714285714,0.0,False,64.5,70.0,1279.9030099799863,1275.4877442127563,-79.90300997998615,-159.90300997998617,True,152.77459270018474,False,True,0.008545534094753,0.0002956811927491,2.0,True,1.0,8.000:8.000|26.912:17.695|37.239:14.790|34.531:23.800|38.299:28.242|27.917:36.288|25.504:43.819|18.180:59.296|17.455:66.965|30.633:85.234|28.503:91.192|21.122:96.113|37.109:78.165|41.096:73.576|52.060:66.658|61.307:59.347|67.147:59.225|55.516:35.949|66.769:25.429|64.198:29.826|79.721:16.341|84.558:12.704|91.016:13.369|93.604:33.066|61.008:17.356|57.428:18.547|67.506:18.353|35.951:50.819|38.695:47.474|8.000:8.000,0-21-16-12-27-11-9-5-23-10-25-6-28-24-18-3-30-32-26-14-15-8-17-19-22-2-20-7-31-0,0.0008973551448434
61,calm,cluttered,WindAwareGreedy,32,20,0.625,0.7285714285714285,0.0,False,51.0,70.0,1296.271254929699,1293.031407596396,-96.27125492969849,-176.27125492969847,True,142.87557393558976,False,True,0.0139282389952766,0.0006669458128816,2.0,True,1.0,8.000:8.000|26.912:17.695|27.917:36.288|55.516:35.949|38.299:28.242|37.239:14.790|79.721:16.341|91.016:13.369|66.769:25.429|67.147:59.225|52.060:66.658|17.455:66.965|18.180:59.296|28.503:91.192|30.633:85.234|21.122:96.113|37.109:78.165|61.307:59.347|35.951:50.819|25.504:43.819|19.209:48.884|8.000:8.000,0-21-11-32-27-16-15-17-26-30-18-23-5-25-10-6-28-3-7-9-13-0,0.0008297639433294
61,calm,cluttered,ReserveOnlyPlanner,32,19,0.59375,0.6571428571428571,0.6571428571428571,True,46.0,70.0,1086.5422630575426,1126.0275629426574,113.45773694245725,33.45773694245723,False,124.30113505693048,True,False,0.0144405519811375,0.0007263715445864,2.0,False,1.0,8.000:8.000|26.912:17.695|27.917:36.288|38.299:28.242|55.516:35.949|66.769:25.429|79.721:16.341|91.016:13.369|93.604:33.066|67.147:59.225|52.060:66.658|61.307:59.347|17.455:66.965|18.180:59.296|25.504:43.819|37.239:14.790|34.531:23.800|35.951:50.819|38.695:47.474|19.209:48.884|8.000:8.000,0-21-11-27-32-26-15-17-19-30-18-3-23-5-9-16-12-7-31-13-0,0.0008530248887836
61,calm,cluttered,FairRiskAwareGreedy,32,15,0.46875,0.5928571428571429,0.5928571428571429,True,41.5,70.0,1091.764912691409,1113.3447417185982,108.23508730859092,28.23508730859092,False,121.97303915653552,True,False,0.0051893206396204,0.0003247952567982,2.0,False,1.0,8.000:8.000|27.917:36.288|55.516:35.949|38.299:28.242|26.912:17.695|37.239:14.790|79.721:16.341|91.016:13.369|66.769:25.429|67.147:59.225|52.060:66.658|17.455:66.965|18.180:59.296|28.503:91.192|30.633:85.234|21.122:96.113|8.000:8.000,0-11-32-27-21-16-15-17-26-30-18-23-5-25-10-6-0,0.0013904068619012
61,calm,cluttered,FairALNSPlanner,32,28,0.875,0.9214285714285714,0.9214285714285714,True,64.5,70.0,1054.9194186068066,1128.69061964289,145.08058139319382,65.08058139319382,False,137.11520622370116,True,False,0.010381251983021,0.0003592874667351,2.0,False,1.0,8.000:8.000|37.239:14.790|57.428:18.547|61.008:17.356|67.506:18.353|66.769:25.429|79.721:16.341|84.558:12.704|91.016:13.369|93.604:33.066|67.147:59.225|61.307:59.347|52.060:66.658|47.081:77.814|37.109:78.165|30.633:85.234|28.503:91.192|21.122:96.113|17.455:66.965|18.180:59.296|19.209:48.884|25.504:43.819|27.917:36.288|35.951:50.819|38.695:47.474|55.516:35.949|38.299:28.242|34.531:23.800|26.912:17.695|8.000:8.000,0-16-2-22-20-26-15-8-17-19-30-3-18-4-28-10-25-6-23-5-13-9-11-7-31-32-27-12-21-0,8.982025204924867
61,calm,cluttered,RAWA-RHP,32,28,0.875,0.9142857142857144,0.9142857142857144,True,64.0,70.0,1037.995670982903,1095.9422863638947,162.00432901709718,82.00432901709718,False,135.09859256371962,True,False,0.0092556081910173,0.0003201095480979,2.0,False,1.0,8.000:8.000|26.912:17.695|34.531:23.800|38.299:28.242|27.917:36.288|25.504:43.819|19.209:48.884|18.180:59.296|17.455:66.965|21.122:96.113|28.503:91.192|30.633:85.234|37.109:78.165|41.096:73.576|47.081:77.814|52.060:66.658|61.307:59.347|67.147:59.225|93.604:33.066|91.016:13.369|84.558:12.704|79.721:16.341|55.516:35.949|64.198:29.826|66.769:25.429|67.506:18.353|61.008:17.356|57.428:18.547|37.239:14.790|8.000:8.000,0-21-12-27-11-9-13-5-23-6-25-10-28-24-4-18-3-30-19-17-8-15-32-14-26-20-22-2-16-0,19.13969714101404
61,calm,sparse,NearestNeighbor,32,32,1.0,1.0,0.0,False,66.5,66.5,1268.2271921921947,1260.6022367780724,-68.22719219219442,-148.22719219219442,True,159.64814479744686,False,True,0.0089720814767171,0.0002729288633496,2.0,True,1.0,8.000:8.000|28.948:14.280|28.849:37.961|14.176:34.814|29.184:63.659|30.464:65.474|31.385:62.366|37.134:72.632|41.168:72.795|43.008:69.889|49.161:77.660|59.031:87.466|63.286:88.424|75.004:77.149|83.114:73.114|77.142:60.551|73.842:61.785|69.431:68.052|81.396:46.783|91.292:32.591|85.225:29.496|78.468:29.124|77.458:16.533|57.152:34.716|35.553:76.676|34.258:78.384|36.522:81.593|34.856:83.955|31.071:88.404|27.438:86.706|25.837:88.721|23.234:86.926|21.712:72.844|8.000:8.000,0-3-2-22-4-29-15-21-32-28-1-27-18-6-19-20-25-7-17-5-13-31-11-30-14-26-23-24-16-8-9-10-12-0,0.001285376958549
61,calm,sparse,ValuePerDistance,32,32,1.0,1.0,0.0,False,66.5,66.5,1352.0821454321688,1347.4643763435918,-152.08214543216835,-232.0821454321684,True,167.97763386978565,False,True,0.0081407269869558,0.0002475563695482,2.0,True,1.0,8.000:8.000|28.948:14.280|28.849:37.961|14.176:34.814|21.712:72.844|30.464:65.474|29.184:63.659|31.385:62.366|34.258:78.384|35.553:76.676|36.522:81.593|34.856:83.955|27.438:86.706|25.837:88.721|23.234:86.926|31.071:88.404|59.031:87.466|63.286:88.424|75.004:77.149|69.431:68.052|73.842:61.785|77.142:60.551|83.114:73.114|81.396:46.783|91.292:32.591|85.225:29.496|78.468:29.124|77.458:16.533|57.152:34.716|43.008:69.889|41.168:72.795|37.134:72.632|49.161:77.660|8.000:8.000,0-3-2-22-12-29-4-15-26-14-23-24-8-9-10-16-27-18-6-7-25-20-19-17-5-13-31-11-30-28-32-21-1-0,0.0010347098577767
61,calm,sparse,WindAwareGreedy,32,23,0.71875,0.8270676691729323,0.0,False,55.0,66.5,1319.8742843433747,1320.959008569927,-119.874284343375,-199.874284343375,True,151.26254332430273,False,True,0.0073254636761949,0.0003060778560672,2.0,True,1.0,8.000:8.000|28.948:14.280|28.849:37.961|21.712:72.844|34.258:78.384|34.856:83.955|59.031:87.466|63.286:88.424|69.431:68.052|77.142:60.551|73.842:61.785|91.292:32.591|85.225:29.496|81.396:46.783|75.004:77.149|83.114:73.114|27.438:86.706|25.837:88.721|36.522:81.593|35.553:76.676|30.464:65.474|31.385:62.366|14.176:34.814|29.184:63.659|8.000:8.000,0-3-2-12-26-24-27-18-7-20-25-5-13-17-6-19-8-9-23-14-29-15-22-4-0,0.0009721210226416
61,calm,sparse,ReserveOnlyPlanner,32,17,0.53125,0.6390977443609023,0.6390977443609023,True,42.5,66.5,1053.708032040225,1090.260040604264,146.29196795977467,66.29196795977467,False,118.5982039497144,True,False,0.0067970515729069,0.0003785490097088,2.0,False,1.0,8.000:8.000|28.948:14.280|28.849:37.961|14.176:34.814|21.712:72.844|34.258:78.384|34.856:83.955|59.031:87.466|63.286:88.424|69.431:68.052|77.142:60.551|73.842:61.785|91.292:32.591|85.225:29.496|81.396:46.783|75.004:77.149|83.114:73.114|57.152:34.716|8.000:8.000,0-3-2-22-12-26-24-27-18-7-20-25-5-13-17-6-19-30-0,0.001053862972185
61,calm,sparse,FairRiskAwareGreedy,32,15,0.46875,0.5864661654135338,0.5864661654135338,True,39.0,66.5,1038.267395980481,1054.5397887171368,161.7326040195192,81.73260401951921,False,117.20967037887786,True,False,0.0097593607692793,0.0006124419911539,2.0,False,1.0,8.000:8.000|28.948:14.280|21.712:72.844|34.258:78.384|69.431:68.052|77.142:60.551|73.842:61.785|91.292:32.591|85.225:29.496|63.286:88.424|59.031:87.466|34.856:83.955|27.438:86.706|25.837:88.721|14.176:34.814|28.849:37.961|8.000:8.000,0-3-12-26-7-20-25-5-13-18-27-24-8-9-22-2-0,0.0014237291179597
61,calm,sparse,FairALNSPlanner,32,32,1.0,1.0,1.0,True,66.5,66.5,1036.6002566583195,1109.0124902342725,163.3997433416803,83.39974334168033,False,142.32313579014962,True,False,0.009024089259043,0.0002745351780829,2.0,False,1.0,8.000:8.000|28.948:14.280|57.152:34.716|77.458:16.533|78.468:29.124|85.225:29.496|91.292:32.591|81.396:46.783|77.142:60.551|73.842:61.785|69.431:68.052|83.114:73.114|75.004:77.149|63.286:88.424|59.031:87.466|49.161:77.660|43.008:69.889|41.168:72.795|37.134:72.632|35.553:76.676|34.258:78.384|36.522:81.593|34.856:83.955|31.071:88.404|27.438:86.706|25.837:88.721|23.234:86.926|21.712:72.844|30.464:65.474|31.385:62.366|29.184:63.659|28.849:37.961|14.176:34.814|8.000:8.000,0-3-30-11-31-13-5-17-20-25-7-19-6-18-27-1-28-32-21-14-26-23-24-16-8-9-10-12-29-15-4-2-22-0,10.437907483894378
61,calm,sparse,RAWA-RHP,32,31,0.96875,0.9849624060150376,0.9849624060150376,True,65.5,66.5,1050.788088918281,1120.1683584434684,149.21191108171956,69.21191108171956,False,143.14421486874667,True,False,0.0079549241114197,0.0002494372163945,2.0,False,1.0,8.000:8.000|14.176:34.814|28.849:37.961|29.184:63.659|31.385:62.366|30.464:65.474|21.712:72.844|43.008:69.889|41.168:72.795|37.134:72.632|35.553:76.676|34.258:78.384|36.522:81.593|34.856:83.955|31.071:88.404|25.837:88.721|23.234:86.926|27.438:86.706|59.031:87.466|63.286:88.424|75.004:77.149|83.114:73.114|69.431:68.052|73.842:61.785|77.142:60.551|81.396:46.783|91.292:32.591|85.225:29.496|78.468:29.124|77.458:16.533|57.152:34.716|28.948:14.280|8.000:8.000,0-22-2-4-15-29-12-28-32-21-14-26-23-24-16-9-10-8-27-18-6-19-7-25-20-17-5-13-31-11-30-3-0,25.71753238211386
60,calm,sparse,NearestNeighbor,32,31,0.96875,0.968503937007874,0.0,False,61.5,63.5,1210.1915221507666,1211.303058825766,-10.191522150766644,-90.19152215076664,True,154.4539811061012,False,True,0.0135950278482631,0.0004270766329795,2.0,True,1.0,8.000:8.000|14.901:16.956|23.671:8.987|26.445:24.782|24.056:26.932|51.746:28.523|53.347:30.578|52.302:32.678|63.888:38.139|68.727:31.022|74.563:22.865|82.725:26.455|77.659:41.289|67.872:47.206|65.737:57.793|74.017:63.238|75.610:72.632|79.430:77.624|74.705:79.518|70.624:77.271|66.913:82.381|83.158:85.395|82.715:88.896|89.729:55.190|54.781:64.029|55.774:66.125|38.115:69.639|38.495:65.205|40.610:63.503|40.690:60.820|32.146:61.721|25.777:83.458|8.000:8.000,0-28-24-20-3-6-12-17-2-18-14-22-27-1-25-10-11-13-15-8-30-7-32-26-4-31-16-21-23-29-19-5-0,0.0012622589711099
60,calm,sparse,ValuePerDistance,32,30,0.9375,0.952755905511811,0.0,False,60.5,63.5,1342.0848313736838,1341.728448794408,-142.08483137368347,-222.08483137368347,True,163.19934495178998,False,True,0.0106215962491156,0.0003440771684872,2.0,True,1.0,8.000:8.000|24.056:26.932|26.445:24.782|23.671:8.987|14.901:16.956|52.302:32.678|53.347:30.578|51.746:28.523|68.727:31.022|74.563:22.865|82.725:26.455|77.659:41.289|65.737:57.793|54.781:64.029|55.774:66.125|70.624:77.271|74.705:79.518|79.430:77.624|83.158:85.395|82.715:88.896|66.913:82.381|74.017:63.238|75.610:72.632|67.872:47.206|63.888:38.139|40.690:60.820|40.610:63.503|38.495:65.205|32.146:61.721|38.115:69.639|25.777:83.458|8.000:8.000,0-3-20-24-28-17-12-6-18-14-22-27-25-4-31-8-15-13-7-32-30-10-11-1-2-29-23-21-19-16-5-0,0.0009103291667997
60,calm,sparse,WindAwareGreedy,32,23,0.71875,0.8346456692913385,0.0,False,53.0,63.5,1432.09616001855,1423.1658168402105,-232.09616001855025,-312.0961600185502,True,158.09471765324545,False,True,0.0105033776768311,0.0004392273248826,2.0,True,1.0,8.000:8.000|24.056:26.932|65.737:57.793|54.781:64.029|70.624:77.271|83.158:85.395|82.715:88.896|74.705:79.518|66.913:82.381|55.774:66.125|77.659:41.289|68.727:31.022|74.563:22.865|82.725:26.455|88.104:10.751|63.888:38.139|52.302:32.678|51.746:28.523|40.690:60.820|40.610:63.503|38.495:65.205|32.146:61.721|25.777:83.458|74.017:63.238|8.000:8.000,0-3-25-4-8-7-32-15-30-31-27-18-14-22-9-2-17-6-29-23-21-19-5-10-0,0.000914751086384
60,calm,sparse,ReserveOnlyPlanner,32,21,0.65625,0.7559055118110236,0.7559055118110236,True,48.0,63.5,1115.6626221910517,1150.0833459356706,84.33737780894836,4.337377808948361,False,129.58827840542412,True,False,0.0074187955830546,0.0003382056013835,2.0,False,1.0,8.000:8.000|24.056:26.932|26.445:24.782|52.302:32.678|65.737:57.793|54.781:64.029|70.624:77.271|74.705:79.518|83.158:85.395|82.715:88.896|66.913:82.381|55.774:66.125|77.659:41.289|68.727:31.022|74.563:22.865|82.725:26.455|88.104:10.751|63.888:38.139|67.872:47.206|40.690:60.820|40.610:63.503|38.495:65.205|8.000:8.000,0-3-20-17-25-4-8-15-7-32-30-31-27-18-14-22-9-2-1-29-23-21-0,0.0009105859789997
60,calm,sparse,FairRiskAwareGreedy,32,19,0.59375,0.6929133858267716,0.6929133858267716,True,44.0,63.5,1068.441048781742,1092.9765995151165,131.55895121825804,51.558951218258045,False,125.2388514396144,True,False,0.0058094742993639,0.0002911453678123,2.0,False,1.0,8.000:8.000|24.056:26.932|65.737:57.793|54.781:64.029|70.624:77.271|83.158:85.395|82.715:88.896|74.705:79.518|77.659:41.289|68.727:31.022|74.563:22.865|52.302:32.678|63.888:38.139|40.690:60.820|40.610:63.503|38.495:65.205|32.146:61.721|55.774:66.125|23.671:8.987|14.901:16.956|8.000:8.000,0-3-25-4-8-7-32-15-27-18-14-17-2-29-23-21-19-31-24-28-0,0.0016067600809037
60,calm,sparse,FairALNSPlanner,32,29,0.90625,0.9448818897637796,0.9448818897637796,True,60.0,63.5,1059.294339966773,1147.863637249175,140.70566003322702,60.70566003322702,False,140.56411685225677,True,False,0.0028647697968775,9.55905884869083e-05,2.0,False,1.0,8.000:8.000|24.056:26.932|26.445:24.782|51.746:28.523|53.347:30.578|52.302:32.678|63.888:38.139|68.727:31.022|74.563:22.865|88.104:10.751|82.725:26.455|77.659:41.289|67.872:47.206|65.737:57.793|74.017:63.238|75.610:72.632|79.430:77.624|83.158:85.395|82.715:88.896|74.705:79.518|70.624:77.271|66.913:82.381|54.781:64.029|55.774:66.125|25.777:83.458|38.495:65.205|40.610:63.503|40.690:60.820|32.146:61.721|14.901:16.956|8.000:8.000,0-3-20-6-12-17-2-18-14-9-22-27-1-25-10-11-13-7-32-15-8-30-4-31-5-21-23-29-19-28-0,9.990555193973703
60,calm,sparse,RAWA-RHP,32,30,0.9375,0.952755905511811,0.952755905511811,True,60.5,63.5,1005.735693274288,1075.5099463274755,194.2643067257117,114.26430672571172,False,134.68862205462736,True,False,0.0040583341396333,0.0001311199277614,2.0,False,1.0,8.000:8.000|14.901:16.956|24.056:26.932|26.445:24.782|32.146:61.721|38.115:69.639|38.495:65.205|40.610:63.503|40.690:60.820|54.781:64.029|55.774:66.125|66.913:82.381|70.624:77.271|74.705:79.518|82.715:88.896|83.158:85.395|79.430:77.624|75.610:72.632|74.017:63.238|65.737:57.793|67.872:47.206|77.659:41.289|82.725:26.455|88.104:10.751|74.563:22.865|68.727:31.022|63.888:38.139|52.302:32.678|53.347:30.578|51.746:28.523|23.671:8.987|8.000:8.000,0-28-3-20-19-16-21-23-29-4-31-30-8-15-32-7-13-11-10-25-1-27-22-9-14-18-2-17-12-6-24-0,27.35375666595064
60,moderate,cluttered,NearestNeighbor,32,18,0.5625,0.5984848484848485,0.0,False,39.5,66.0,1388.5645729180503,1388.1148597468894,-188.56457291805023,-268.56457291805026,True,112.79567988254234,False,True,0.1365744224219606,0.0074213271759858,2.0,True,1.0,8.000:8.000|10.676:31.905|24.385:25.903|31.556:15.701|39.859:33.041|36.267:39.850|43.643:49.200|43.194:56.172|49.058:68.772|43.548:77.809|51.581:78.728|55.477:84.365|70.975:76.398|63.812:70.710|63.255:47.457|66.525:44.843|77.632:53.480|92.768:51.528|92.933:78.634|8.000:8.000,0-2-3-32-20-9-29-15-26-18-5-14-31-13-24-11-23-21-30-0,0.0010947459377348
60,moderate,cluttered,ValuePerDistance,32,19,0.59375,0.6439393939393939,0.0,False,42.5,66.0,1341.618924065423,1367.312081620541,-141.6189240654227,-221.6189240654227,True,111.29565801236096,False,True,0.1441992649919055,0.0075050663644781,2.0,True,1.0,8.000:8.000|10.676:31.905|15.728:47.317|14.672:64.152|13.117:68.036|15.059:69.028|24.585:77.603|20.966:77.897|43.548:77.809|51.581:78.728|55.477:84.365|70.975:76.398|63.812:70.710|63.255:47.457|66.525:44.843|77.632:53.480|92.933:78.634|92.359:84.038|86.493:76.093|49.058:68.772|8.000:8.000,0-2-4-27-16-22-19-7-18-5-14-31-13-24-11-23-30-10-25-26-0,0.0008683358319103
60,moderate,cluttered,WindAwareGreedy,32,17,0.53125,0.5909090909090909,0.0,False,39.0,66.0,1378.4839974834492,1401.3882489913146,-178.48399748344917,-258.4839974834492,True,113.45402079283734,False,True,0.1208879131357155,0.007003971797386,2.0,True,1.0,8.000:8.000|10.676:31.905|15.728:47.317|14.672:64.152|13.117:68.036|15.059:69.028|24.585:77.603|43.194:56.172|39.859:33.041|36.267:39.850|24.385:25.903|31.556:15.701|63.255:47.457|66.525:44.843|77.632:53.480|63.812:70.710|43.548:77.809|20.966:77.897|8.000:8.000,0-2-4-27-16-22-19-15-20-9-3-32-24-11-23-13-18-7-0,0.000776391942054
60,moderate,cluttered,ReserveOnlyPlanner,32,15,0.46875,0.4469696969696969,0.4469696969696969,True,29.5,66.0,1102.059201678827,1196.2167147208957,97.94079832117296,17.940798321172963,False,91.2883735128126,True,False,0.1095312922024701,0.0070746771052323,2.0,False,1.0,8.000:8.000|10.676:31.905|15.728:47.317|14.672:64.152|13.117:68.036|15.059:69.028|24.585:77.603|20.966:77.897|43.194:56.172|39.859:33.041|36.267:39.850|24.385:25.903|31.556:15.701|49.181:19.976|56.037:32.570|43.643:49.200|8.000:8.000,0-2-4-27-16-22-19-7-15-20-9-3-32-17-28-29-0,0.0007443050853908
60,moderate,cluttered,FairRiskAwareGreedy,32,12,0.375,0.5,0.5,True,33.0,66.0,1084.6846411936174,1123.8501379838533,115.31535880638242,35.31535880638242,False,112.58017348021352,True,False,0.0089549255668638,0.0006906551114032,2.0,False,1.0,8.000:8.000|10.676:31.905|39.859:33.041|63.255:47.457|43.194:56.172|93.364:17.702|77.632:53.480|66.525:44.843|92.933:78.634|43.548:77.809|14.672:64.152|15.728:47.317|24.385:25.903|8.000:8.000,0-2-20-24-15-12-23-11-30-18-27-4-3-0,0.000968970824033
60,moderate,cluttered,FairALNSPlanner,32,20,0.625,0.696969696969697,0.696969696969697,True,46.0,66.0,1064.335634863763,1194.3021114307523,135.66436513623688,55.66436513623688,False,121.14015924958882,True,False,0.0554259370650231,0.00268979427469,2.0,False,1.0,8.000:8.000|10.676:31.905|36.267:39.850|15.728:47.317|14.672:64.152|13.117:68.036|24.585:77.603|39.859:33.041|63.255:47.457|66.525:44.843|77.632:53.480|92.933:78.634|86.493:76.093|70.975:76.398|55.477:84.365|51.581:78.728|43.548:77.809|49.058:68.772|43.194:56.172|43.643:49.200|24.385:25.903|8.000:8.000,0-2-9-4-27-16-19-20-24-11-23-30-25-31-14-5-18-26-15-29-3-0,5.3436541529372334
60,moderate,cluttered,RAWA-RHP,32,26,0.8125,0.8409090909090909,0.8409090909090909,True,55.5,66.0,1027.8098795791036,1171.9991078266112,172.19012042089653,92.19012042089652,False,128.8866254037569,True,False,0.0790819564748764,0.0030231560545756,2.0,False,1.0,8.000:8.000|31.556:15.701|39.859:33.041|36.267:39.850|43.194:56.172|43.643:49.200|63.255:47.457|66.525:44.843|77.632:53.480|92.768:51.528|92.359:84.038|92.933:78.634|86.493:76.093|70.975:76.398|63.812:70.710|49.058:68.772|51.581:78.728|55.477:84.365|43.548:77.809|24.585:77.603|20.966:77.897|15.059:69.028|13.117:68.036|14.672:64.152|15.728:47.317|10.676:31.905|24.385:25.903|8.000:8.000,0-32-20-9-15-29-24-11-23-21-10-30-25-31-13-26-5-14-18-19-7-22-16-27-4-2-3-0,31.106594586046413
62,calm,sparse,NearestNeighbor,32,30,0.9375,0.9416058394160584,0.9416058394160584,True,64.5,68.5,1073.73299864268,1076.764338367146,126.2670013573198,46.2670013573198,False,135.64601265830007,True,False,0.0205471350491038,0.0006681530544367,2.0,False,1.0,8.000:8.000|43.676:34.538|42.427:39.908|57.411:35.830|60.191:29.353|69.959:26.301|73.139:19.515|65.694:17.519|80.987:25.946|80.455:28.444|87.618:37.804|91.123:35.310|79.725:41.231|88.166:50.344|86.575:53.144|79.643:55.563|79.856:60.339|79.829:73.729|82.195:74.370|70.289:79.864|68.120:73.787|64.253:75.164|63.310:67.548|53.449:80.591|28.764:68.139|24.829:66.446|22.200:60.205|15.997:58.352|12.585:64.338|10.622:66.171|9.688:68.073|8.000:8.000,0-32-20-16-19-31-12-7-6-11-28-15-4-17-22-9-24-8-29-10-21-27-3-13-14-25-5-18-30-2-1-0,0.0012247199192643
62,calm,sparse,ValuePerDistance,32,30,0.9375,0.9708029197080292,0.0,False,66.5,68.5,1291.3367782636665,1286.8553054536096,-91.33677826366676,-171.33677826366676,True,155.4328902316687,False,True,0.0182898855783855,0.0005942800508194,2.0,True,1.0,8.000:8.000|10.622:66.171|12.585:64.338|15.997:58.352|22.200:60.205|24.829:66.446|28.764:68.139|53.449:80.591|70.289:79.864|68.120:73.787|64.253:75.164|63.310:67.548|79.829:73.729|82.195:74.370|79.856:60.339|79.643:55.563|88.166:50.344|86.575:53.144|87.618:37.804|91.123:35.310|80.455:28.444|80.987:25.946|73.139:19.515|65.694:17.519|60.191:29.353|57.411:35.830|43.676:34.538|42.427:39.908|79.725:41.231|88.428:10.333|88.828:18.220|8.000:8.000,0-2-30-18-5-25-14-13-10-21-27-3-8-29-24-9-17-22-28-15-11-6-12-7-19-16-32-20-4-26-23-0,0.000987377949059
62,calm,sparse,WindAwareGreedy,32,22,0.6875,0.7591240875912408,0.0,False,52.0,68.5,1292.8157498592125,1296.772907966596,-92.81574985921284,-172.8157498592128,True,145.13980390106565,False,True,0.0181731821896226,0.0007956252748522,2.0,True,1.0,8.000:8.000|10.622:66.171|15.997:58.352|22.200:60.205|65.694:17.519|73.139:19.515|60.191:29.353|57.411:35.830|43.676:34.538|42.427:39.908|79.643:55.563|79.856:60.339|70.289:79.864|68.120:73.787|79.829:73.729|88.166:50.344|91.123:35.310|88.428:10.333|80.455:28.444|79.725:41.231|87.618:37.804|80.987:25.946|88.828:18.220|8.000:8.000,0-2-18-5-7-12-19-16-32-20-9-24-10-21-8-17-15-26-11-4-28-6-23-0,0.000861071050167
62,calm,sparse,ReserveOnlyPlanner,32,20,0.625,0.6861313868613139,0.6861313868613139,True,47.0,68.5,1107.8984606603756,1150.452489825155,92.10153933962457,12.101539339624566,False,126.77526732610433,True,False,0.0201140327432538,0.000965762828029,2.0,False,1.0,8.000:8.000|10.622:66.171|15.997:58.352|22.200:60.205|42.427:39.908|43.676:34.538|65.694:17.519|73.139:19.515|60.191:29.353|57.411:35.830|79.643:55.563|79.856:60.339|70.289:79.864|68.120:73.787|79.829:73.729|82.195:74.370|53.449:80.591|64.253:75.164|63.310:67.548|79.725:41.231|69.959:26.301|8.000:8.000,0-2-18-5-20-32-7-12-19-16-9-24-10-21-8-29-13-27-3-4-31-0,0.0008751009590923
62,calm,sparse,FairRiskAwareGreedy,32,15,0.46875,0.5547445255474452,0.5547445255474452,True,38.0,68.5,1087.0099105380018,1101.650037036893,112.99008946199822,32.990089461998224,False,123.83081819391197,True,False,0.0106232236358321,0.000666159774965,2.0,False,1.0,8.000:8.000|10.622:66.171|65.694:17.519|60.191:29.353|57.411:35.830|79.643:55.563|79.856:60.339|70.289:79.864|68.120:73.787|53.449:80.591|42.427:39.908|43.676:34.538|73.139:19.515|88.428:10.333|80.455:28.444|79.725:41.231|8.000:8.000,0-2-7-19-16-9-24-10-21-13-20-32-12-26-11-4-0,0.0012886638287454
62,calm,sparse,FairALNSPlanner,32,32,1.0,1.0,1.0,True,68.5,68.5,1027.6244406390344,1098.5804720371443,172.3755593609659,92.3755593609659,False,142.80212542842884,True,False,0.0147007949866255,0.0004478540608788,2.0,False,1.0,8.000:8.000|9.688:68.073|10.622:66.171|12.585:64.338|15.997:58.352|22.200:60.205|24.829:66.446|28.764:68.139|53.449:80.591|63.310:67.548|64.253:75.164|68.120:73.787|70.289:79.864|82.195:74.370|79.829:73.729|79.856:60.339|79.643:55.563|86.575:53.144|88.166:50.344|79.725:41.231|87.618:37.804|91.123:35.310|80.455:28.444|80.987:25.946|88.828:18.220|88.428:10.333|73.139:19.515|65.694:17.519|69.959:26.301|60.191:29.353|57.411:35.830|43.676:34.538|42.427:39.908|8.000:8.000,0-1-2-30-18-5-25-14-13-3-27-21-10-29-8-24-9-22-17-4-28-15-11-6-23-26-12-7-31-19-16-32-20-0,10.286786813056096
62,calm,sparse,RAWA-RHP,32,30,0.9375,0.9562043795620438,0.9562043795620438,True,65.5,68.5,1002.8441930969173,1075.6373812258917,197.15580690308275,117.15580690308276,False,138.22638592655798,True,False,0.0102186467198066,0.0003307110375001,2.0,False,1.0,8.000:8.000|9.688:68.073|10.622:66.171|12.585:64.338|15.997:58.352|22.200:60.205|53.449:80.591|63.310:67.548|64.253:75.164|68.120:73.787|70.289:79.864|82.195:74.370|79.829:73.729|79.856:60.339|79.643:55.563|86.575:53.144|88.166:50.344|79.725:41.231|87.618:37.804|91.123:35.310|80.455:28.444|80.987:25.946|88.828:18.220|88.428:10.333|73.139:19.515|65.694:17.519|69.959:26.301|60.191:29.353|57.411:35.830|43.676:34.538|42.427:39.908|8.000:8.000,0-1-2-30-18-5-13-3-27-21-10-29-8-24-9-22-17-4-28-15-11-6-23-26-12-7-31-19-16-32-20-0,27.960139443166558
62,severe,cluttered,NearestNeighbor,32,11,0.34375,0.381294964028777,0.0,False,26.5,69.5,1379.3458163249102,1411.0429893461546,-179.34581632491,-259.34581632491,True,70.74744894245396,False,True,0.0966737527379769,0.008340729519049,2.0,True,1.0,8.000:8.000|37.092:14.710|49.741:24.720|55.324:20.368|63.443:30.776|62.700:41.080|61.177:43.385|53.356:45.450|41.957:50.579|45.996:67.131|53.438:75.345|44.099:82.793|8.000:8.000,0-20-23-11-12-17-21-30-3-31-24-14-0,0.000699114985764
62,severe,cluttered,ValuePerDistance,32,12,0.375,0.39568345323741,0.0,False,27.5,69.5,1441.7124892874124,1426.4067986700468,-241.7124892874124,-321.7124892874124,True,74.83483850952159,False,True,0.1218055984374267,0.0098282391544048,2.0,True,1.0,8.000:8.000|37.092:14.710|49.741:24.720|55.324:20.368|63.443:30.776|61.177:43.385|62.700:41.080|53.356:45.450|41.957:50.579|45.996:67.131|53.438:75.345|63.160:63.229|67.908:63.550|8.000:8.000,0-20-23-11-12-21-17-30-3-31-24-27-16-0,0.0004939758218824
62,severe,cluttered,WindAwareGreedy,32,10,0.3125,0.3669064748201439,0.0,False,25.5,69.5,1447.867562644814,1473.270972593791,-247.8675626448144,-327.8675626448144,True,76.81859675766381,False,True,0.4360708909747048,0.0462746272483641,2.0,True,1.0,8.000:8.000|37.092:14.710|49.741:24.720|55.324:20.368|79.989:20.096|68.010:10.878|63.443:30.776|61.177:43.385|53.356:45.450|41.957:50.579|77.711:53.726|8.000:8.000,0-20-23-11-25-22-12-21-30-3-32-0,0.0005189038347452
62,severe,cluttered,ReserveOnlyPlanner,32,8,0.25,0.2805755395683453,0.2805755395683453,True,19.5,69.5,1074.9788142063844,1194.1091222234982,125.0211857936155,45.0211857936155,False,56.51653049912787,True,False,0.0275864422038853,0.0030656090349916,2.0,False,1.0,8.000:8.000|37.092:14.710|49.741:24.720|55.324:20.368|79.989:20.096|68.010:10.878|63.443:30.776|61.177:43.385|53.356:45.450|8.000:8.000,0-20-23-11-25-22-12-21-30-0,0.0004539960063993
62,severe,cluttered,FairRiskAwareGreedy,32,10,0.3125,0.3381294964028777,0.3381294964028777,True,23.5,69.5,1049.4129361626897,1113.8499500985674,150.58706383731027,70.58706383731027,False,92.047786355697,True,False,0.0086796883760744,0.0007902372282308,2.8284271247461903,False,1.0,8.000:8.000|49.741:24.720|61.177:43.385|79.989:20.096|53.356:45.450|37.092:14.710|55.324:20.368|68.010:10.878|63.443:30.776|62.700:41.080|45.996:67.131|8.000:8.000,0-23-21-25-30-20-11-22-12-17-31-0,0.000711056869477
62,severe,cluttered,FairALNSPlanner,32,15,0.46875,0.5107913669064749,0.5107913669064749,True,35.5,69.5,1025.151679265472,1180.172622403431,174.8483207345277,94.8483207345277,False,98.333555277294,True,False,0.0498300282170997,0.0031692029392327,2.0,False,1.0,8.000:8.000|68.010:10.878|79.989:20.096|79.744:28.946|77.711:53.726|63.160:63.229|41.957:50.579|33.247:72.356|32.471:76.503|45.996:67.131|53.438:75.345|61.177:43.385|62.700:41.080|53.356:45.450|49.741:24.720|37.092:14.710|8.000:8.000,0-22-25-7-32-27-3-13-26-31-24-21-17-30-23-20-0,3.131285850889981
62,severe,cluttered,RAWA-RHP,32,20,0.625,0.6618705035971223,0.6618705035971223,True,46.0,69.5,1023.7342624668016,1212.8451569846038,176.26573753319843,96.26573753319845,False,106.79314892136716,True,False,0.0615375415086172,0.0029836870424714,2.0,False,1.0,8.000:8.000|41.957:50.579|45.996:67.131|63.160:63.229|67.908:63.550|67.277:77.336|67.982:80.712|73.870:72.747|82.471:62.203|82.748:57.194|77.711:53.726|79.744:28.946|79.989:20.096|68.010:10.878|55.324:20.368|63.443:30.776|62.700:41.080|61.177:43.385|53.356:45.450|49.741:24.720|37.092:14.710|8.000:8.000,0-3-31-27-16-10-29-8-5-15-32-7-25-22-11-12-17-21-30-23-20-0,14.679549003951252
61,moderate,cluttered,NearestNeighbor,32,16,0.5,0.5275590551181102,0.0,False,33.5,63.5,1372.6864453329222,1362.4072865345925,-172.6864453329222,-252.6864453329222,True,99.80349012818851,False,True,0.1059354752079515,0.0060400007511605,2.0,True,1.0,8.000:8.000|24.056:15.882|30.354:14.359|31.488:18.069|32.526:35.814|29.264:41.969|42.800:36.639|48.491:44.174|52.898:43.178|62.180:41.287|62.791:28.990|70.415:23.155|80.229:29.889|73.462:37.248|96.932:26.573|96.306:21.534|87.338:14.631|8.000:8.000,0-15-5-8-2-31-6-11-7-14-9-20-26-21-3-16-1-0,0.0009524798952043
61,moderate,cluttered,ValuePerDistance,32,19,0.59375,0.5905511811023622,0.0,False,37.5,63.5,1289.152279370515,1297.2052891057076,-89.15227937051505,-169.15227937051503,True,106.777608221761,False,True,0.0826631280010623,0.0042219873008538,2.0,True,1.0,8.000:8.000|30.354:14.359|31.488:18.069|24.056:15.882|42.800:36.639|48.491:44.174|52.898:43.178|62.180:41.287|73.462:37.248|80.229:29.889|96.932:26.573|96.306:21.534|87.338:14.631|70.415:23.155|62.791:28.990|32.526:35.814|29.264:41.969|37.819:57.851|32.565:66.145|40.093:71.759|8.000:8.000,0-5-8-15-6-11-7-14-21-26-3-16-1-20-9-2-31-29-32-13-0,0.0007189179304987
61,moderate,cluttered,WindAwareGreedy,32,15,0.46875,0.5354330708661418,0.0,False,34.0,63.5,1276.6584549691397,1290.3912828624914,-76.65845496913951,-156.6584549691395,True,99.39761299305232,False,True,0.0457873752056425,0.0028648186886555,2.0,True,1.0,8.000:8.000|30.354:14.359|24.056:15.882|31.488:18.069|42.800:36.639|48.491:44.174|62.180:41.287|80.229:29.889|96.932:26.573|96.306:21.534|87.338:14.631|73.462:37.248|52.898:43.178|32.526:35.814|29.264:41.969|19.686:75.917|8.000:8.000,0-5-15-8-6-11-14-26-3-16-1-21-7-2-31-18-0,0.0006922751199454
61,moderate,cluttered,ReserveOnlyPlanner,32,15,0.46875,0.4881889763779528,0.4881889763779528,True,31.0,63.5,1086.2359906168713,1164.292410156448,113.76400938312878,33.76400938312878,False,88.117356640901,True,False,0.1356596140898786,0.008880976100347,2.0,False,1.0,8.000:8.000|30.354:14.359|24.056:15.882|31.488:18.069|32.526:35.814|42.800:36.639|48.491:44.174|62.180:41.287|52.898:43.178|29.264:41.969|37.819:57.851|19.686:75.917|29.883:80.468|40.093:71.759|32.565:66.145|23.639:61.955|8.000:8.000,0-5-15-8-2-6-11-14-7-31-29-18-22-13-32-23-0,0.0007643629796802
61,moderate,cluttered,FairRiskAwareGreedy,32,15,0.46875,0.5511811023622047,0.5511811023622047,True,35.0,63.5,1092.285547084403,1136.4417192582496,107.71445291559664,27.71445291559664,False,117.9647327930531,True,False,0.0006658894882993,4.161856227068855e-05,2.8284271247461903,False,1.0,8.000:8.000|30.354:14.359|48.491:44.174|62.180:41.287|42.800:36.639|24.056:15.882|32.526:35.814|29.264:41.969|80.229:29.889|73.462:37.248|52.898:43.178|75.980:71.170|80.199:63.210|77.884:63.300|77.858:79.410|37.819:57.851|8.000:8.000,0-5-11-14-6-15-2-31-26-21-7-10-24-17-25-29-0,0.001129041891545
61,moderate,cluttered,FairALNSPlanner,32,22,0.6875,0.7401574803149606,0.7401574803149606,True,47.0,63.5,1004.2300189282475,1147.189314696154,195.76998107175257,115.76998107175255,False,118.90147205388224,True,False,0.0277303496686547,0.0012074386382927,2.0,False,1.0,8.000:8.000|30.354:14.359|31.488:18.069|42.800:36.639|50.924:80.201|61.247:90.830|83.923:95.941|72.830:88.758|77.858:79.410|75.980:71.170|80.199:63.210|77.884:63.300|73.146:64.655|70.556:63.382|62.180:41.287|80.229:29.889|73.462:37.248|62.791:28.990|52.898:43.178|48.491:44.174|32.526:35.814|29.264:41.969|24.056:15.882|8.000:8.000,0-5-8-6-27-30-19-12-25-10-24-17-4-28-14-26-21-9-7-11-2-31-15-0,5.867712796898559
61,moderate,cluttered,RAWA-RHP,32,25,0.78125,0.8188976377952756,0.8188976377952756,True,52.0,63.5,1047.1479429644612,1191.3109985157332,152.85205703553868,72.85205703553868,False,125.71885156699058,True,False,0.0475127889459634,0.0018301501061332,2.0,False,1.0,8.000:8.000|24.056:15.882|30.354:14.359|31.488:18.069|32.526:35.814|42.800:36.639|48.491:44.174|52.898:43.178|73.462:37.248|80.229:29.889|62.180:41.287|70.556:63.382|73.146:64.655|77.884:63.300|80.199:63.210|75.980:71.170|77.858:79.410|72.830:88.758|61.247:90.830|50.924:80.201|29.883:80.468|19.686:75.917|23.639:61.955|32.565:66.145|37.819:57.851|29.264:41.969|8.000:8.000,0-15-5-8-2-6-11-7-21-26-14-28-4-17-24-10-25-12-30-27-22-18-23-32-29-31-0,36.09077034099028
62,moderate,cluttered,NearestNeighbor,32,23,0.71875,0.7016129032258065,0.0,False,43.5,62.0,1239.1994175202587,1268.5062983202415,-39.19941752025865,-119.19941752025863,True,118.2941373538005,False,True,0.1211171358957033,0.0052564431293641,2.0,True,1.0,8.000:8.000|21.532:20.313|11.632:27.814|29.771:31.834|40.981:35.028|47.737:27.902|51.997:36.854|53.661:38.957|64.618:30.800|58.653:16.433|77.366:17.791|83.760:15.073|82.285:22.837|82.780:25.909|82.409:43.176|93.558:51.965|82.788:64.130|67.031:71.619|64.521:69.453|55.797:79.038|57.276:82.957|47.018:69.202|48.183:55.502|45.568:52.352|8.000:8.000,0-24-6-27-26-25-19-31-9-15-22-17-12-5-2-21-32-30-11-4-8-13-29-23-0,0.0011251580435782
62,moderate,cluttered,ValuePerDistance,32,18,0.5625,0.6451612903225806,0.0,False,40.0,62.0,1376.3806651722152,1400.4137855492,-176.3806651722152,-256.38066517221523,True,118.67536709055048,False,True,0.1971364178121872,0.0112820317357651,2.0,True,1.0,8.000:8.000|21.532:20.313|40.981:35.028|47.737:27.902|64.618:30.800|53.661:38.957|51.997:36.854|45.568:52.352|48.183:55.502|32.839:76.441|23.912:64.180|19.202:70.746|14.488:58.926|24.001:50.626|29.771:31.834|11.632:27.814|82.285:22.837|82.780:25.909|77.366:17.791|8.000:8.000,0-24-26-25-9-31-19-23-29-28-1-10-20-7-27-6-12-5-22-0,0.0007242010906338
62,moderate,cluttered,WindAwareGreedy,32,15,0.46875,0.5564516129032258,0.0,False,34.5,62.0,1296.781687669479,1301.727461432428,-96.78168766947904,-176.78168766947903,True,104.45045586709465,False,True,0.1499432943633297,0.0098790423665715,2.0,True,1.0,8.000:8.000|21.532:20.313|40.981:35.028|45.568:52.352|64.618:30.800|47.737:27.902|58.653:16.433|82.285:22.837|82.780:25.909|77.366:17.791|83.760:15.073|53.661:38.957|51.997:36.854|48.183:55.502|23.912:64.180|32.839:76.441|8.000:8.000,0-24-26-23-9-25-15-12-5-22-17-31-19-29-1-28-0,0.0007224690634757
62,moderate,cluttered,ReserveOnlyPlanner,32,16,0.5,0.5725806451612904,0.5725806451612904,True,35.5,62.0,1089.833051149386,1168.68756640338,110.16694885061412,30.166948850614133,False,94.11377880829954,True,False,0.1997620377477006,0.0128026302192203,2.0,False,1.0,8.000:8.000|21.532:20.313|40.981:35.028|47.737:27.902|64.618:30.800|77.366:17.791|82.285:22.837|82.780:25.909|83.760:15.073|58.653:16.433|53.661:38.957|45.568:52.352|48.183:55.502|23.912:64.180|14.488:58.926|24.001:50.626|29.771:31.834|8.000:8.000,0-24-26-25-9-22-12-5-17-15-31-23-29-1-20-7-27-0,0.0007773439865559
62,moderate,cluttered,FairRiskAwareGreedy,32,13,0.40625,0.4919354838709677,0.4919354838709677,True,30.5,62.0,1023.671603333764,1068.154159949024,176.32839666623593,96.32839666623592,False,110.01933226010166,True,False,0.0033573647971435,0.000239993293154,2.0,False,1.0,8.000:8.000|21.532:20.313|40.981:35.028|45.568:52.352|48.183:55.502|53.661:38.957|47.737:27.902|85.982:78.827|23.912:64.180|32.839:76.441|14.488:58.926|19.202:70.746|11.632:27.814|24.001:50.626|8.000:8.000,0-24-26-23-29-31-25-18-1-28-20-10-6-7-0,0.0009518510196357
62,moderate,cluttered,FairALNSPlanner,32,2,0.0625,0.0483870967741935,0.0483870967741935,True,3.0,62.0,225.72737228530852,261.65165757622265,974.2726277146912,894.2726277146913,False,23.6219092626063,True,False,2.066248072640775e-08,6.8874936124766845e-09,4.0,False,1.0,8.000:8.000|11.632:27.814|24.001:50.626|8.000:8.000,0-6-7-0,1.5870175170712173
62,moderate,cluttered,RAWA-RHP,32,25,0.78125,0.7983870967741935,0.7983870967741935,True,49.5,62.0,1049.7939424350309,1176.8840967368674,150.20605756496883,70.20605756496883,False,129.1405866822244,True,False,0.0621899101932631,0.0024498145935706,2.0,False,1.0,8.000:8.000|21.532:20.313|29.771:31.834|40.981:35.028|47.737:27.902|51.997:36.854|53.661:38.957|45.568:52.352|48.183:55.502|32.839:76.441|19.202:70.746|23.912:64.180|47.018:69.202|64.521:69.453|67.031:71.619|74.513:79.612|85.982:78.827|91.658:81.555|82.788:64.130|93.558:51.965|82.409:43.176|82.780:25.909|82.285:22.837|83.760:15.073|77.366:17.791|58.653:16.433|8.000:8.000,0-24-27-26-25-19-31-23-29-28-10-1-13-11-30-14-18-16-32-21-2-5-12-17-22-15-0,45.35588267305866
61,moderate,sparse,NearestNeighbor,32,18,0.5625,0.5801526717557252,0.0,False,38.0,65.5,1286.5195977085905,1297.4482603234578,-86.5195977085903,-166.5195977085903,True,102.08992948851524,False,True,0.1007805210280313,0.005477680036841,2.0,True,1.0,8.000:8.000|45.660:30.578|49.545:25.386|58.072:12.461|62.338:17.336|86.954:25.707|72.749:45.656|66.453:56.985|74.639:60.617|73.260:64.865|63.893:67.926|55.737:69.068|51.455:73.509|49.549:74.696|53.316:81.128|60.650:78.557|64.969:78.479|70.237:85.998|72.320:85.847|8.000:8.000,0-15-29-26-31-18-30-7-21-3-27-23-28-32-2-12-16-17-25-0,0.0009775490034371
61,moderate,sparse,ValuePerDistance,32,15,0.46875,0.5114503816793893,0.0,False,33.5,65.5,1331.4598543857762,1336.9519658845306,-131.45985438577625,-211.45985438577625,True,97.19064228040976,False,True,0.0811398371757885,0.0052152191457425,2.0,True,1.0,8.000:8.000|49.545:25.386|45.660:30.578|62.338:17.336|58.072:12.461|66.453:56.985|73.260:64.865|74.639:60.617|63.893:67.926|60.650:78.557|64.969:78.479|72.320:85.847|70.237:85.998|76.641:94.405|78.372:93.364|79.869:82.444|8.000:8.000,0-29-15-31-26-7-3-21-27-12-16-25-17-13-19-10-0,0.0006271938327699
61,moderate,sparse,WindAwareGreedy,32,14,0.4375,0.5114503816793893,0.0,False,33.5,65.5,1281.4097771885608,1293.4120801499737,-81.40977718856081,-161.4097771885608,True,100.60902023627844,False,True,0.1800894170159037,0.0129105653376455,2.0,True,1.0,8.000:8.000|49.545:25.386|62.338:17.336|58.072:12.461|45.660:30.578|14.023:81.203|30.180:81.669|25.385:91.243|51.455:73.509|60.650:78.557|64.969:78.479|53.316:81.128|49.549:74.696|41.307:64.724|40.848:61.414|8.000:8.000,0-29-31-26-15-14-11-20-28-12-16-2-32-9-5-0,0.0007016458548605
61,moderate,sparse,ReserveOnlyPlanner,32,13,0.40625,0.4351145038167939,0.4351145038167939,True,28.5,65.5,1087.282968582591,1221.6216739662027,112.71703141740916,32.717031417409174,False,86.40882059796819,True,False,0.1642589243448649,0.0125410390883363,2.0,False,1.0,8.000:8.000|49.545:25.386|58.072:12.461|62.338:17.336|45.660:30.578|50.584:56.997|66.453:56.985|51.455:73.509|49.549:74.696|60.650:78.557|53.316:81.128|41.307:64.724|40.848:61.414|52.113:54.874|8.000:8.000,0-29-26-31-15-24-7-28-32-12-2-9-5-8-0,0.0006970460526645
61,moderate,sparse,FairRiskAwareGreedy,32,14,0.4375,0.5190839694656488,0.5190839694656488,True,34.0,65.5,1055.4764441739253,1101.089442089126,144.52355582607476,64.52355582607476,False,114.92203737156584,True,False,7.088308920377706e-06,4.72555143393727e-07,2.8284271247461903,False,1.0,8.000:8.000|49.545:25.386|60.650:78.557|51.455:73.509|53.316:81.128|76.641:94.405|78.372:93.364|64.969:78.479|73.260:64.865|66.453:56.985|62.338:17.336|50.584:56.997|45.660:30.578|41.307:64.724|40.848:61.414|8.000:8.000,0-29-12-28-2-13-19-16-3-7-31-24-15-9-5-0,0.0010512301232665
61,moderate,sparse,FairALNSPlanner,32,19,0.59375,0.6183206106870229,0.6183206106870229,True,40.5,65.5,1038.2994278449305,1157.550877459961,161.70057215506964,81.70057215506964,False,119.6282360458848,True,False,0.0004039365432176,2.019695612086037e-05,2.8284271247461903,False,1.0,8.000:8.000|49.545:25.386|45.660:30.578|40.848:61.414|41.307:64.724|49.549:74.696|51.455:73.509|25.385:91.243|53.316:81.128|60.650:78.557|64.969:78.479|70.237:85.998|72.320:85.847|73.260:64.865|66.453:56.985|74.639:60.617|72.749:45.656|62.338:17.336|50.584:56.997|52.113:54.874|8.000:8.000,0-29-15-5-9-32-28-20-2-12-16-17-25-3-7-21-30-31-24-8-0,6.86574870813638
61,moderate,sparse,RAWA-RHP,32,27,0.84375,0.8778625954198473,0.8778625954198473,True,57.5,65.5,1055.7776648000631,1194.4350862451377,144.2223351999368,64.2223351999368,False,132.31281989476582,True,False,0.1505930718930925,0.0057349707361814,2.0,False,1.0,8.000:8.000|14.023:81.203|20.005:76.159|25.385:91.243|30.180:81.669|40.848:61.414|41.307:64.724|49.549:74.696|51.455:73.509|55.737:69.068|53.316:81.128|60.650:78.557|64.969:78.479|70.237:85.998|72.320:85.847|76.641:94.405|78.372:93.364|84.780:88.525|79.869:82.444|63.893:67.926|73.260:64.865|74.639:60.617|66.453:56.985|58.071:61.723|52.113:54.874|50.584:56.997|49.545:25.386|45.660:30.578|8.000:8.000,0-14-6-20-11-5-9-32-28-23-2-12-16-17-25-13-19-4-10-27-3-21-7-22-8-24-29-15-0,42.75112297409214
62,severe,sparse,NearestNeighbor,32,14,0.4375,0.4262295081967213,0.0,False,26.0,61.0,1235.1752070241212,1270.4409515545976,-35.17520702412128,-115.17520702412128,True,72.09940163867081,False,True,0.0678784026187016,0.004634315076986,2.0,True,1.0,8.000:8.000|11.519:19.967|22.288:43.913|32.960:56.254|38.504:53.328|39.987:51.732|39.880:41.991|36.335:41.081|44.215:18.735|47.044:18.766|54.694:18.640|63.778:20.197|68.412:19.163|72.975:25.443|63.959:31.130|8.000:8.000,0-30-11-22-16-25-17-13-10-29-27-28-6-3-24-0,0.0007950637955218
62,severe,sparse,ValuePerDistance,32,14,0.4375,0.4836065573770491,0.0,False,29.5,61.0,1334.2115443863468,1346.2879385193326,-134.21154438634625,-214.21154438634625,True,75.1889383026726,False,True,0.0329251147425906,0.0022059296529056,2.0,True,1.0,8.000:8.000|11.519:19.967|44.215:18.735|47.044:18.766|54.694:18.640|63.778:20.197|68.412:19.163|72.975:25.443|63.959:31.130|57.480:67.123|55.300:67.752|60.021:73.217|52.777:75.558|45.829:66.688|39.987:51.732|8.000:8.000,0-30-10-29-27-28-6-3-24-31-15-19-21-12-25-0,0.0006024669855833
62,severe,sparse,WindAwareGreedy,32,11,0.34375,0.3770491803278688,0.0,False,23.0,61.0,1239.2945898024795,1263.0838290436966,-39.29458980247908,-119.29458980247908,True,68.48113829050881,False,True,0.1840229730650764,0.0157586473901689,2.0,True,1.0,8.000:8.000|11.519:19.967|44.215:18.735|54.694:18.640|63.778:20.197|68.412:19.163|72.975:25.443|47.044:18.766|63.959:31.130|36.335:41.081|39.880:41.991|22.288:43.913|8.000:8.000,0-30-10-27-28-6-3-29-24-13-17-11-0,0.0005395400803536
62,severe,sparse,ReserveOnlyPlanner,32,10,0.3125,0.3442622950819672,0.3442622950819672,True,21.0,61.0,1095.622618255377,1153.1520716592067,104.37738174462312,24.377381744623108,False,58.07734135672938,True,False,0.0304935172834664,0.0027801082718826,2.0,False,1.0,8.000:8.000|11.519:19.967|44.215:18.735|54.694:18.640|47.044:18.766|63.778:20.197|68.412:19.163|72.975:25.443|63.959:31.130|36.335:41.081|39.880:41.991|8.000:8.000,0-30-10-27-29-28-6-3-24-13-17-0,0.0005048071034252
62,severe,sparse,FairRiskAwareGreedy,32,8,0.25,0.319672131147541,0.319672131147541,True,19.5,61.0,715.6182100467447,759.7783494286506,484.38178995325535,404.38178995325535,False,62.87107283223334,True,False,0.0012699839725431,0.0001411490348229,2.8284271247461903,False,1.0,8.000:8.000|11.519:19.967|44.215:18.735|54.694:18.640|72.975:25.443|36.335:41.081|12.092:68.676|9.051:58.598|22.288:43.913|8.000:8.000,0-30-10-27-3-13-18-1-11-0,0.0007391669787466
62,severe,sparse,FairALNSPlanner,32,22,0.6875,0.7786885245901639,0.7786885245901639,True,47.5,61.0,1032.1708208869286,1224.2532941719485,167.8291791130718,87.8291791130718,False,109.17021014590104,True,False,0.0396169655171485,0.0017399725858488,2.0,False,1.0,8.000:8.000|11.519:19.967|44.215:18.735|47.044:18.766|54.694:18.640|63.778:20.197|68.412:19.163|72.975:25.443|63.959:31.130|57.480:67.123|55.300:67.752|60.021:73.217|78.312:76.256|71.125:80.413|62.769:83.008|52.777:75.558|45.829:66.688|34.023:68.751|39.166:76.708|34.519:81.613|25.431:75.753|12.092:68.676|9.051:58.598|8.000:8.000,0-30-10-29-27-28-6-3-24-31-15-19-9-32-5-21-12-14-8-23-2-18-1-0,5.715441954089329
62,severe,sparse,RAWA-RHP,32,23,0.71875,0.8114754098360656,0.8114754098360656,True,49.5,61.0,1046.7381155751716,1229.7206181684764,153.26188442482805,73.26188442482805,False,112.52846602424466,True,False,0.0087593342344381,0.0003659735249091,2.0,False,1.0,8.000:8.000|11.519:19.967|22.288:43.913|9.051:58.598|12.092:68.676|25.431:75.753|34.519:81.613|39.166:76.708|34.023:68.751|45.829:66.688|55.300:67.752|57.480:67.123|52.777:75.558|60.021:73.217|71.125:80.413|78.312:76.256|72.262:62.621|72.975:25.443|63.959:31.130|63.778:20.197|68.412:19.163|54.694:18.640|47.044:18.766|44.215:18.735|8.000:8.000,0-30-11-1-18-2-23-8-14-12-15-31-21-19-32-9-20-3-24-28-6-27-29-10-0,27.210612206021324
63,calm,cluttered,NearestNeighbor,32,32,1.0,1.0,0.0,False,63.0,63.0,1371.8487103645627,1369.571472940672,-171.84871036456266,-251.84871036456263,True,167.43634126204572,False,True,0.019974088660696,0.0006102960772091,2.0,True,1.0,8.000:8.000|19.983:12.764|28.937:23.292|33.141:28.629|40.737:40.944|48.179:29.772|55.122:35.339|62.679:24.890|57.431:48.096|52.143:54.105|41.887:55.936|40.351:61.997|24.949:62.070|19.931:68.332|23.528:53.251|23.798:44.139|36.059:76.691|41.969:80.399|40.434:85.415|48.050:89.828|53.253:83.699|49.772:75.540|64.803:85.560|79.152:84.576|74.162:69.693|70.261:67.943|67.552:69.236|78.753:61.201|72.354:57.512|87.543:68.474|94.162:49.409|90.207:28.013|88.808:26.272|8.000:8.000,0-16-1-21-17-27-14-8-23-26-6-32-24-18-13-5-19-30-12-7-28-11-2-29-3-31-25-15-22-4-9-10-20-0,0.0012640440836548
63,calm,cluttered,ValuePerDistance,32,28,0.875,0.8650793650793651,0.0,False,54.5,63.0,1395.7060224202985,1387.067331689963,-195.70602242029847,-275.7060224202985,True,163.53231074790807,False,True,0.0184983129245956,0.0006209571550712,2.0,True,1.0,8.000:8.000|19.983:12.764|28.937:23.292|33.141:28.629|40.737:40.944|55.122:35.339|48.179:29.772|62.679:24.890|57.431:48.096|52.143:54.105|40.351:61.997|41.887:55.936|36.059:76.691|41.969:80.399|40.434:85.415|48.050:89.828|49.772:75.540|53.253:83.699|64.803:85.560|79.152:84.576|87.543:68.474|74.162:69.693|70.261:67.943|67.552:69.236|72.354:57.512|78.753:61.201|94.162:49.409|90.207:28.013|88.808:26.272|8.000:8.000,0-16-1-21-17-14-27-8-23-26-32-6-19-30-12-7-11-28-2-29-4-3-31-25-22-15-9-10-20-0,0.0008845629636198
63,calm,cluttered,WindAwareGreedy,32,24,0.75,0.8412698412698413,0.0,False,53.0,63.0,1365.0165316423445,1360.1101823169442,-165.01653164234435,-245.01653164234435,True,154.61705400474796,False,True,0.0157425549324474,0.0006337687877123,2.0,True,1.0,8.000:8.000|19.983:12.764|55.122:35.339|48.179:29.772|40.737:40.944|40.351:61.997|36.059:76.691|19.931:68.332|24.949:62.070|23.528:53.251|33.141:28.629|28.937:23.292|62.679:24.890|94.162:49.409|87.543:68.474|74.162:69.693|70.261:67.943|72.354:57.512|57.431:48.096|52.143:54.105|41.887:55.936|49.772:75.540|41.969:80.399|48.050:89.828|40.434:85.415|8.000:8.000,0-16-14-27-17-32-19-18-24-13-21-1-8-9-4-3-31-22-23-26-6-11-30-7-12-0,0.0009079321753233
63,calm,cluttered,ReserveOnlyPlanner,32,20,0.625,0.6746031746031746,0.6746031746031746,True,42.5,63.0,1118.1288990011171,1152.7958953991115,81.8711009988831,1.8711009988830936,False,128.28906162174462,True,False,0.0131609231388589,0.0006300007855881,2.0,False,1.0,8.000:8.000|19.983:12.764|33.141:28.629|55.122:35.339|48.179:29.772|40.737:40.944|40.351:61.997|36.059:76.691|19.931:68.332|24.949:62.070|23.528:53.251|23.798:44.139|28.937:23.292|62.679:24.890|57.431:48.096|52.143:54.105|41.887:55.936|49.772:75.540|41.969:80.399|48.050:89.828|40.434:85.415|8.000:8.000,0-16-21-14-27-17-32-19-18-24-13-5-1-8-23-26-6-11-30-7-12-0,0.0008935891091823
63,calm,cluttered,FairRiskAwareGreedy,32,17,0.53125,0.5873015873015873,0.5873015873015873,True,37.0,63.0,1101.982683389122,1120.9813265654907,98.01731661087824,18.01731661087824,False,126.9780354625841,True,False,0.0063065372135044,0.0003509399860652,2.0,False,1.0,8.000:8.000|55.122:35.339|48.179:29.772|40.737:40.944|40.351:61.997|36.059:76.691|19.931:68.332|23.528:53.251|24.949:62.070|33.141:28.629|28.937:23.292|19.983:12.764|57.431:48.096|52.143:54.105|62.679:24.890|72.354:57.512|41.887:55.936|23.798:44.139|8.000:8.000,0-14-27-17-32-19-18-13-24-21-1-16-23-26-8-22-6-5-0,0.0018010498024523
63,calm,cluttered,FairALNSPlanner,32,27,0.84375,0.9047619047619048,0.9047619047619048,True,57.0,63.0,1058.6320226987295,1136.9565381184273,141.3679773012699,61.36797730126989,False,136.18035459000848,True,False,0.0078435000423325,0.0002808798780871,2.0,False,1.0,8.000:8.000|23.528:53.251|24.949:62.070|19.931:68.332|36.059:76.691|41.969:80.399|40.434:85.415|48.050:89.828|53.253:83.699|49.772:75.540|40.351:61.997|41.887:55.936|52.143:54.105|57.431:48.096|72.354:57.512|74.162:69.693|70.261:67.943|67.552:69.236|79.152:84.576|87.543:68.474|94.162:49.409|62.679:24.890|55.122:35.339|48.179:29.772|40.737:40.944|33.141:28.629|28.937:23.292|19.983:12.764|8.000:8.000,0-13-24-18-19-30-12-7-28-11-32-6-26-23-22-3-31-25-29-4-9-8-14-27-17-21-1-16-0,8.801994625013322
63,calm,cluttered,RAWA-RHP,32,28,0.875,0.9126984126984128,0.9126984126984128,True,57.5,63.0,1060.8796103721518,1128.640206444879,139.1203896278483,59.12038962784831,False,138.0250757606253,True,False,0.0085694453060277,0.0002964739365596,2.0,False,1.0,8.000:8.000|23.528:53.251|24.949:62.070|19.931:68.332|36.059:76.691|41.969:80.399|40.434:85.415|48.050:89.828|53.253:83.699|49.772:75.540|40.351:61.997|41.887:55.936|40.737:40.944|57.431:48.096|52.143:54.105|72.354:57.512|78.753:61.201|70.261:67.943|74.162:69.693|87.543:68.474|94.162:49.409|90.207:28.013|88.808:26.272|62.679:24.890|55.122:35.339|48.179:29.772|33.141:28.629|28.937:23.292|19.983:12.764|8.000:8.000,0-13-24-18-19-30-12-7-28-11-32-6-17-23-26-22-15-31-3-4-9-10-20-8-14-27-21-1-16-0,18.75589128490537
60,moderate,sparse,NearestNeighbor,32,24,0.75,0.7355371900826446,0.0,False,44.5,60.5,1394.6045530868655,1438.2453218865155,-194.60455308686568,-274.6045530868657,True,123.95662703883876,False,True,0.080556478894739,0.0032674293813718,2.0,True,1.0,8.000:8.000|19.639:24.636|27.359:31.252|21.639:39.206|19.407:38.879|16.626:39.345|17.601:53.330|9.822:53.595|10.076:71.837|16.512:78.673|20.712:79.202|25.160:82.653|23.261:93.176|17.462:92.524|11.643:89.600|9.260:83.430|48.670:81.746|56.878:70.800|55.002:67.864|45.600:66.246|49.144:54.899|53.252:56.561|60.249:60.976|68.854:71.654|73.743:85.578|8.000:8.000,0-14-4-18-28-12-23-10-16-17-25-6-24-22-7-21-3-1-26-11-2-19-31-20-29-0,0.0011413260363042
60,moderate,sparse,ValuePerDistance,32,20,0.625,0.7107438016528925,0.0,False,43.0,60.5,1257.9800103914156,1218.9831998773552,-57.98001039141555,-137.98001039141553,True,102.71510641843062,False,True,0.0541453473994366,0.0025792862902872,2.0,True,1.0,8.000:8.000|19.639:24.636|16.626:39.345|21.639:39.206|19.407:38.879|9.822:53.595|17.601:53.330|16.512:78.673|9.260:83.430|17.462:92.524|25.160:82.653|20.712:79.202|10.076:71.837|53.252:56.561|49.144:54.899|48.961:48.811|52.538:35.135|51.432:33.329|56.409:34.778|60.929:22.921|51.437:18.799|8.000:8.000,0-14-12-18-28-10-23-17-21-22-6-25-16-19-2-8-30-32-15-27-13-0,0.000755697954446
60,moderate,sparse,WindAwareGreedy,32,18,0.5625,0.6528925619834711,0.0,False,39.5,60.5,1400.6807129089177,1433.4532107602995,-200.6807129089177,-280.6807129089177,True,119.23546532674516,False,True,0.0723969769796163,0.0038795524073933,2.0,True,1.0,8.000:8.000|9.822:53.595|16.626:39.345|21.639:39.206|19.639:24.636|52.538:35.135|51.432:33.329|53.252:56.561|48.961:48.811|49.144:54.899|17.601:53.330|16.512:78.673|9.260:83.430|17.462:92.524|25.160:82.653|10.076:71.837|20.712:79.202|11.643:89.600|23.261:93.176|8.000:8.000,0-10-12-18-14-30-32-19-8-2-23-17-21-22-6-16-25-7-24-0,0.0008247999940067
60,moderate,sparse,ReserveOnlyPlanner,32,17,0.53125,0.628099173553719,0.628099173553719,True,38.0,60.5,1034.9441274142216,1129.212661199758,165.05587258577845,85.05587258577845,False,92.41499518418894,True,False,0.0544308530601264,0.0030259363707926,2.0,False,1.0,8.000:8.000|19.639:24.636|16.626:39.345|9.822:53.595|17.601:53.330|21.639:39.206|19.407:38.879|27.359:31.252|52.538:35.135|51.432:33.329|48.961:48.811|53.252:56.561|49.144:54.899|45.600:66.246|25.160:82.653|16.512:78.673|9.260:83.430|10.076:71.837|8.000:8.000,0-14-12-10-23-18-28-4-30-32-8-19-2-11-6-17-21-16-0,0.0008473941124975
60,moderate,sparse,FairRiskAwareGreedy,32,15,0.46875,0.6033057851239669,0.6033057851239669,True,36.5,60.5,1101.64332930767,1144.8212325976765,98.35667069233016,18.35667069233017,False,118.06939905544128,True,False,0.0067984517284237,0.0004258835327081,2.0,False,1.0,8.000:8.000|9.822:53.595|16.626:39.345|52.538:35.135|51.432:33.329|53.252:56.561|48.961:48.811|19.639:24.636|60.929:22.921|21.639:39.206|17.601:53.330|16.512:78.673|9.260:83.430|25.160:82.653|17.462:92.524|10.076:71.837|8.000:8.000,0-10-12-30-32-19-8-14-27-18-23-17-21-6-22-16-0,0.0012551438994705
60,moderate,sparse,FairALNSPlanner,32,27,0.84375,0.8842975206611571,0.8842975206611571,True,53.5,60.5,1040.1184943706148,1197.8420328321297,159.88150562938495,79.88150562938495,False,131.04515068848045,True,False,0.0467851066955812,0.0016920130697504,2.0,False,1.0,8.000:8.000|19.639:24.636|40.385:31.986|51.437:18.799|27.359:31.252|51.432:33.329|60.929:22.921|56.409:34.778|52.538:35.135|48.961:48.811|49.144:54.899|53.252:56.561|45.600:66.246|55.002:67.864|56.878:70.800|48.670:81.746|23.261:93.176|17.462:92.524|25.160:82.653|20.712:79.202|16.512:78.673|9.260:83.430|10.076:71.837|9.822:53.595|17.601:53.330|21.639:39.206|19.407:38.879|16.626:39.345|8.000:8.000,0-14-9-13-4-32-27-15-30-8-2-19-11-26-1-3-24-22-6-25-17-21-16-10-23-18-28-12-0,8.834498734911904
60,moderate,sparse,RAWA-RHP,32,30,0.9375,0.9586776859504132,0.9586776859504132,True,58.0,60.5,1050.3630806667975,1188.8640877435062,149.6369193332026,69.6369193332026,False,136.94911929669271,True,False,0.0182735014392201,0.0005925736326199,2.0,False,1.0,8.000:8.000|19.639:24.636|27.359:31.252|40.385:31.986|51.437:18.799|60.929:22.921|56.409:34.778|52.538:35.135|51.432:33.329|48.961:48.811|49.144:54.899|53.252:56.561|60.249:60.976|84.458:74.062|56.878:70.800|55.002:67.864|45.600:66.246|48.670:81.746|25.160:82.653|23.261:93.176|17.462:92.524|11.643:89.600|9.260:83.430|16.512:78.673|20.712:79.202|10.076:71.837|9.822:53.595|17.601:53.330|21.639:39.206|19.407:38.879|16.626:39.345|8.000:8.000,0-14-4-9-13-27-15-30-32-8-2-19-31-5-1-26-11-3-6-24-22-7-21-17-25-16-10-23-18-28-12-0,46.422322429018095
63,calm,sparse,NearestNeighbor,32,32,1.0,1.0,0.0,False,68.0,68.0,1206.5540774904084,1197.117006649824,-6.554077490408588,-86.55407749040859,True,152.9988049535497,False,True,0.0168108381320585,0.0005127552397394,2.0,True,1.0,8.000:8.000|24.010:27.314|25.301:40.773|22.515:41.448|34.915:53.259|24.637:68.608|21.307:80.120|17.862:76.383|10.610:73.194|10.283:68.422|42.250:72.117|44.555:71.054|49.244:70.776|53.544:76.711|64.554:63.220|71.864:70.113|74.494:72.329|77.782:83.145|83.519:64.348|69.485:52.612|54.224:52.179|52.735:54.318|54.521:49.060|73.214:26.255|72.085:22.673|72.406:20.042|80.161:11.695|84.007:12.123|86.236:14.257|91.339:17.338|91.213:20.779|80.274:29.941|50.930:10.902|8.000:8.000,0-2-4-10-22-9-16-32-24-25-17-21-11-26-5-30-7-14-12-31-8-28-18-29-13-23-20-1-3-15-6-27-19-0,0.0012751801405102
63,calm,sparse,ValuePerDistance,32,28,0.875,0.9117647058823528,0.9117647058823528,True,62.0,68.0,1146.1235233682864,1142.4825091297869,53.87647663171352,-26.123523368286484,True,142.1063712378342,True,False,0.008868202828479,0.0003068603074092,2.0,False,1.0,8.000:8.000|24.010:27.314|25.301:40.773|22.515:41.448|34.915:53.259|24.637:68.608|21.307:80.120|17.862:76.383|10.610:73.194|10.283:68.422|54.521:49.060|54.224:52.179|52.735:54.318|64.554:63.220|71.864:70.113|74.494:72.329|77.782:83.145|83.519:64.348|69.485:52.612|80.274:29.941|73.214:26.255|72.406:20.042|72.085:22.673|80.161:11.695|84.007:12.123|86.236:14.257|91.339:17.338|91.213:20.779|50.930:10.902|8.000:8.000,0-2-4-10-22-9-16-32-24-25-18-8-28-5-30-7-14-12-31-27-29-23-13-20-1-3-15-6-19-0,0.0009158351458609
63,calm,sparse,WindAwareGreedy,32,20,0.625,0.7205882352941176,0.0,False,49.0,68.0,1315.010110201113,1302.7151803878382,-115.01011020111328,-195.0101102011133,True,143.6073269419433,False,True,0.013740233415588,0.0006578138595602,2.0,True,1.0,8.000:8.000|24.010:27.314|54.521:49.060|52.735:54.318|72.406:20.042|80.161:11.695|91.213:20.779|80.274:29.941|73.214:26.255|50.930:10.902|84.007:12.123|86.236:14.257|91.339:17.338|64.554:63.220|77.782:83.145|74.494:72.329|71.864:70.113|21.307:80.120|24.637:68.608|34.915:53.259|54.224:52.179|8.000:8.000,0-2-18-28-23-20-6-27-29-19-1-3-15-5-14-7-30-16-9-22-8-0,0.000879504950717
63,calm,sparse,ReserveOnlyPlanner,32,21,0.65625,0.7132352941176471,0.7132352941176471,True,48.5,68.0,1108.1331111180336,1150.9632289339256,91.866888881966,11.866888881965991,False,129.094848862392,True,False,0.0112199913966961,0.0005121466424565,2.0,False,1.0,8.000:8.000|24.010:27.314|54.521:49.060|52.735:54.318|54.224:52.179|64.554:63.220|77.782:83.145|74.494:72.329|71.864:70.113|72.406:20.042|80.161:11.695|91.213:20.779|91.339:17.338|86.236:14.257|84.007:12.123|80.274:29.941|73.214:26.255|50.930:10.902|25.301:40.773|34.915:53.259|24.637:68.608|22.515:41.448|8.000:8.000,0-2-18-28-8-5-14-7-30-23-20-6-15-3-1-27-29-19-4-22-9-10-0,0.0009268929716199
63,calm,sparse,FairRiskAwareGreedy,32,16,0.5,0.5955882352941176,0.5955882352941176,True,40.5,68.0,1100.266963422106,1116.4630963455904,99.73303657789398,19.733036577893984,False,125.53152895970716,True,False,0.0023490412401863,0.0001382446050804,2.0,False,1.0,8.000:8.000|24.010:27.314|54.521:49.060|72.406:20.042|80.161:11.695|91.213:20.779|91.339:17.338|84.007:12.123|86.236:14.257|50.930:10.902|21.307:80.120|24.637:68.608|52.735:54.318|64.554:63.220|77.782:83.145|71.864:70.113|74.494:72.329|8.000:8.000,0-2-18-23-20-6-15-1-3-19-16-9-28-5-14-30-7-0,0.0014415599871426
63,calm,sparse,FairALNSPlanner,32,29,0.90625,0.9411764705882352,0.9411764705882352,True,64.0,68.0,1044.1095560952288,1114.6572359218674,155.89044390477096,75.89044390477096,False,139.39230185981756,True,False,0.0110452750457618,0.0003696927056274,2.0,False,1.0,8.000:8.000|24.010:27.314|25.301:40.773|34.915:53.259|10.283:68.422|10.610:73.194|17.862:76.383|21.307:80.120|24.637:68.608|42.250:72.117|44.555:71.054|49.244:70.776|71.864:70.113|74.494:72.329|77.782:83.145|64.554:63.220|52.735:54.318|54.224:52.179|54.521:49.060|69.485:52.612|80.274:29.941|91.213:20.779|91.339:17.338|86.236:14.257|84.007:12.123|80.161:11.695|72.406:20.042|72.085:22.673|73.214:26.255|50.930:10.902|8.000:8.000,0-2-4-22-25-24-32-16-9-17-21-11-30-7-14-5-28-8-18-31-27-6-15-3-1-20-23-13-29-19-0,9.317067987052724
63,calm,sparse,RAWA-RHP,32,30,0.9375,0.9485294117647058,0.9485294117647058,True,64.5,68.0,1056.8279170836695,1143.8244298433378,143.17208291633034,63.17208291633034,False,143.10372152457913,True,False,0.010387854313869,0.0003363374060228,2.0,False,1.0,8.000:8.000|24.010:27.314|50.930:10.902|73.214:26.255|72.085:22.673|72.406:20.042|80.161:11.695|84.007:12.123|86.236:14.257|91.339:17.338|91.213:20.779|80.274:29.941|83.519:64.348|77.782:83.145|74.494:72.329|71.864:70.113|64.554:63.220|54.521:49.060|54.224:52.179|52.735:54.318|49.244:70.776|44.555:71.054|42.250:72.117|24.637:68.608|21.307:80.120|17.862:76.383|10.610:73.194|10.283:68.422|34.915:53.259|25.301:40.773|22.515:41.448|8.000:8.000,0-2-19-29-13-23-20-1-3-15-6-27-12-14-7-30-5-18-8-28-11-21-17-9-16-32-24-25-22-4-10-0,22.68537036096677
63,severe,cluttered,NearestNeighbor,32,13,0.40625,0.4140625,0.0,False,26.5,64.0,1299.4687499913398,1328.5922109318751,-99.46874999133992,-179.46874999133993,True,70.65069889191268,False,True,0.1247271370266314,0.0093330298088329,2.0,True,1.0,8.000:8.000|10.681:25.622|10.780:30.585|27.123:49.267|30.767:49.888|41.188:47.362|45.043:54.288|61.602:44.059|65.580:43.846|71.333:44.187|69.166:36.947|79.937:38.204|81.856:34.771|79.573:26.406|8.000:8.000,0-22-12-5-8-9-3-26-24-10-32-31-15-11-0,0.0008295639418065
63,severe,cluttered,ValuePerDistance,32,12,0.375,0.4296875,0.0,False,27.5,64.0,1336.1613838751614,1326.8845949965337,-136.16138387516136,-216.16138387516136,True,69.40104374169746,False,True,0.1288732717036891,0.0104153103779114,2.0,True,1.0,8.000:8.000|10.780:30.585|10.681:25.622|30.767:49.888|27.123:49.267|41.188:47.362|45.043:54.288|61.602:44.059|65.580:43.846|71.333:44.187|69.166:36.947|53.147:20.979|31.134:32.840|8.000:8.000,0-12-22-8-5-9-3-26-24-10-32-2-7-0,0.0005024869460612
63,severe,cluttered,WindAwareGreedy,32,9,0.28125,0.328125,0.0,False,21.0,64.0,1226.5944602042337,1221.3580849496466,-26.594460204233627,-106.59446020423364,True,61.81988258863386,False,True,0.2413091033589953,0.0265715260229129,2.0,True,1.0,8.000:8.000|10.780:30.585|10.681:25.622|30.767:49.888|27.123:49.267|31.134:32.840|41.188:47.362|45.043:54.288|53.147:20.979|43.186:31.472|8.000:8.000,0-12-22-8-5-7-9-3-2-1-0,0.0004830160178244
63,severe,cluttered,ReserveOnlyPlanner,32,8,0.25,0.28125,0.28125,True,18.0,64.0,1019.1181303526688,1157.246379779628,180.88186964733117,100.88186964733114,False,53.373422425137534,True,False,0.1920740845419771,0.0228307843907235,2.0,False,1.0,8.000:8.000|10.780:30.585|10.681:25.622|30.767:49.888|27.123:49.267|31.134:32.840|41.188:47.362|45.043:54.288|43.186:31.472|8.000:8.000,0-12-22-8-5-7-9-3-1-0,0.0004454609006643
63,severe,cluttered,FairRiskAwareGreedy,32,2,0.0625,0.0625,0.0625,True,4.0,64.0,133.72605231153392,143.43158423682067,1066.273947688466,986.273947688466,False,13.48885718852964,True,False,0.0002063235698037,6.877681607590318e-05,4.0,False,1.0,8.000:8.000|10.780:30.585|10.681:25.622|8.000:8.000,0-12-22-0,0.0002143199089914
63,severe,cluttered,FairALNSPlanner,32,2,0.0625,0.0625,0.0625,True,4.0,64.0,138.83790020229122,157.82778622292457,1061.1620997977088,981.1620997977088,False,13.48885718852964,True,False,0.0002063235698036,6.877681607590318e-05,4.0,False,1.0,8.000:8.000|10.681:25.622|10.780:30.585|8.000:8.000,0-22-12-0,0.5776563610415906
63,severe,cluttered,RAWA-RHP,32,19,0.59375,0.6796875,0.6796875,True,43.5,64.0,1059.2091980867017,1225.748295714302,140.79080191329842,60.79080191329842,False,106.75630962985888,True,False,0.0473457212073579,0.0024086735088099,2.0,False,1.0,8.000:8.000|31.134:32.840|53.147:20.979|84.887:12.822|81.411:13.467|79.573:26.406|81.856:34.771|87.618:46.765|69.959:65.329|67.657:61.091|75.688:74.531|80.821:79.567|67.187:79.300|53.144:75.300|47.145:84.016|43.177:82.265|45.043:54.288|30.767:49.888|27.123:49.267|10.780:30.585|8.000:8.000,0-7-2-25-17-11-15-6-19-30-28-21-29-4-23-20-3-8-5-12-0,13.835734974127265
63,severe,sparse,NearestNeighbor,32,19,0.59375,0.5454545454545454,0.0,False,36.0,66.0,1390.428369184776,1387.0657708278238,-190.42836918477596,-270.428369184776,True,88.712992915231,False,True,0.1428556553442184,0.0075498758770812,2.0,True,1.0,8.000:8.000|30.025:30.572|35.062:37.626|35.586:42.231|37.739:44.903|30.860:49.159|25.501:48.184|22.702:54.101|28.162:57.348|43.890:66.205|42.987:73.454|53.000:73.812|60.582:79.389|63.870:80.144|50.257:83.606|47.848:84.375|55.373:62.054|56.966:59.784|49.938:57.026|49.710:54.259|8.000:8.000,0-14-30-12-6-7-5-18-2-25-13-28-17-32-1-4-20-23-15-8-0,0.0009531721007078
63,severe,sparse,ValuePerDistance,32,17,0.53125,0.5984848484848485,0.0,False,39.5,66.0,1263.8481755066814,1277.2600495065178,-63.84817550668116,-143.84817550668117,True,77.85400434119366,False,True,0.01515875403239,0.0008457187045277,2.0,True,1.0,8.000:8.000|35.062:37.626|35.586:42.231|37.739:44.903|30.860:49.159|25.501:48.184|22.702:54.101|28.162:57.348|49.938:57.026|49.710:54.259|55.373:62.054|56.966:59.784|65.202:54.704|65.996:49.155|62.189:43.175|59.186:42.982|60.747:30.505|35.517:22.882|8.000:8.000,0-30-12-6-7-5-18-2-15-8-20-23-31-26-29-24-19-16-0,0.0006615971215069
63,severe,sparse,WindAwareGreedy,32,14,0.4375,0.5,0.0,False,33.0,66.0,1350.257236835768,1347.2782623659684,-150.25723683576783,-230.25723683576783,True,74.95722946319628,False,True,0.1014568100799863,0.0067951645786723,2.0,True,1.0,8.000:8.000|35.517:22.882|35.062:37.626|35.586:42.231|30.860:49.159|22.702:54.101|28.162:57.348|25.501:48.184|37.739:44.903|49.710:54.259|49.938:57.026|55.373:62.054|65.996:49.155|59.186:42.982|62.189:43.175|8.000:8.000,0-16-30-12-7-18-2-5-6-8-15-20-26-24-29-0,0.0009631179273128
63,severe,sparse,ReserveOnlyPlanner,32,10,0.3125,0.2878787878787879,0.2878787878787879,True,19.0,66.0,1069.628082835893,1179.7516602914743,130.3719171641068,50.3719171641068,False,56.1688413062846,True,False,0.1870383618560754,0.0181227417785003,2.0,False,1.0,8.000:8.000|35.517:22.882|35.062:37.626|35.586:42.231|30.860:49.159|22.702:54.101|28.162:57.348|25.501:48.184|37.739:44.903|30.025:30.572|41.735:14.864|8.000:8.000,0-16-30-12-7-18-2-5-6-14-21-0,0.0005763340741395
63,severe,sparse,FairRiskAwareGreedy,32,14,0.4375,0.5,0.5,True,33.0,66.0,1074.0607900717691,1142.9369177609317,125.93920992823072,45.93920992823072,False,100.72040971114151,True,False,0.0023003594682398,0.0001534641258017,2.8284271247461903,False,1.0,8.000:8.000|60.747:30.505|65.996:49.155|62.189:43.175|59.186:42.982|22.702:54.101|49.710:54.259|49.938:57.026|35.062:37.626|28.162:57.348|37.739:44.903|35.586:42.231|72.724:25.173|35.517:22.882|41.735:14.864|8.000:8.000,0-19-26-29-24-18-8-15-30-2-6-12-11-16-21-0,0.0009295288473367
63,severe,sparse,FairALNSPlanner,32,1,0.03125,0.0151515151515151,0.0151515151515151,True,1.0,66.0,174.3113921778002,192.0754767454581,1025.6886078221996,945.6886078221996,False,14.629857679028897,True,False,0.0005359817545577,0.0002680267964606,4.0,False,1.0,8.000:8.000|30.025:30.572|8.000:8.000,0-14-0,0.7818834099452943
63,severe,sparse,RAWA-RHP,32,24,0.75,0.7878787878787878,0.7878787878787878,True,52.0,66.0,1030.5279278612152,1210.983758019539,169.47207213878477,89.47207213878477,False,110.27454289056766,True,False,0.0945418350961335,0.003890287189687,2.0,False,1.0,8.000:8.000|35.517:22.882|60.747:30.505|59.186:42.982|62.189:43.175|72.724:25.173|86.043:36.277|75.604:32.240|78.959:39.706|65.996:49.155|65.202:54.704|56.966:59.784|55.373:62.054|49.938:57.026|49.710:54.259|43.890:66.205|42.987:73.454|28.162:57.348|22.702:54.101|25.501:48.184|30.860:49.159|37.739:44.903|35.586:42.231|35.062:37.626|30.025:30.572|8.000:8.000,0-16-19-24-29-11-22-27-3-26-31-23-20-15-8-25-13-2-18-5-7-6-12-30-14-0,26.395513202995065
64,severe,cluttered,NearestNeighbor,32,14,0.4375,0.4201680672268907,0.0,False,25.0,59.5,1462.801444722249,1420.246180774349,-262.8014447222492,-342.8014447222492,True,80.32631899389729,False,True,0.3478646436896168,0.0254858113454432,2.0,True,1.0,8.000:8.000|18.222:23.368|40.383:28.354|51.679:20.445|59.811:19.922|62.223:24.241|66.135:31.594|70.247:38.755|75.707:36.412|75.928:33.984|81.920:44.154|78.690:49.013|81.205:51.090|63.123:46.385|61.802:39.943|8.000:8.000,0-1-4-28-26-9-7-32-2-15-6-11-30-31-5-0,0.0007454808801412
64,severe,cluttered,ValuePerDistance,32,8,0.25,0.2689075630252101,0.0,False,16.0,59.5,1305.4189422312093,1274.4151445457614,-105.41894223120916,-185.41894223120917,True,61.3535376888709,False,True,0.1233741071353462,0.0143351319773256,2.0,True,1.0,8.000:8.000|18.222:23.368|24.321:52.861|27.124:57.205|12.393:56.490|31.980:74.774|34.563:70.004|27.349:84.422|35.080:89.705|8.000:8.000,0-1-23-3-24-19-25-27-29-0,0.0004434229340404
64,severe,cluttered,WindAwareGreedy,32,12,0.375,0.3697478991596639,0.0,False,22.0,59.5,1495.0946530995138,1550.962546625305,-295.09465309951395,-375.094653099514,True,76.05929276946361,False,True,0.0935588962265654,0.0074278966675048,2.0,True,1.0,8.000:8.000|18.222:23.368|40.383:28.354|51.679:20.445|59.811:19.922|62.223:24.241|70.247:38.755|88.520:24.891|80.039:15.884|71.332:10.039|66.135:31.594|75.707:36.412|75.928:33.984|8.000:8.000,0-1-4-28-26-9-32-17-21-13-7-2-15-0,0.0005750858690589
64,severe,cluttered,ReserveOnlyPlanner,32,7,0.21875,0.1932773109243697,0.1932773109243697,True,11.5,59.5,930.9409204578584,1011.5507822327686,269.05907954214143,189.05907954214143,False,48.30033084746461,True,False,0.0760205013204995,0.0096815440312877,2.0,False,1.0,8.000:8.000|18.222:23.368|40.383:28.354|51.679:20.445|59.811:19.922|62.223:24.241|80.039:15.884|71.332:10.039|8.000:8.000,0-1-4-28-26-9-21-13-0,0.000414018984884
64,severe,cluttered,FairRiskAwareGreedy,32,9,0.28125,0.3025210084033613,0.3025210084033613,True,18.0,59.5,964.7216654991516,1002.2600655618032,235.27833450084853,155.27833450084853,False,84.6979346790055,True,False,0.0073900787812679,0.000739728926541,2.8284271247461903,False,1.0,8.000:8.000|24.321:52.861|12.393:56.490|27.349:84.422|18.222:23.368|59.811:19.922|62.223:24.241|51.679:20.445|80.039:15.884|71.332:10.039|8.000:8.000,0-23-24-27-1-26-9-28-21-13-0,0.0005482528358697
64,severe,cluttered,FairALNSPlanner,32,10,0.3125,0.3445378151260504,0.3445378151260504,True,20.5,59.5,915.2163547687494,1021.1927367386274,284.7836452312509,204.7836452312509,False,77.53363876671595,True,False,0.2186371528350467,0.02054621126432,2.0,False,1.0,8.000:8.000|51.679:20.445|62.223:24.241|61.802:39.943|70.247:38.755|63.123:46.385|78.690:49.013|81.920:44.154|93.847:76.728|79.488:67.811|81.205:51.090|8.000:8.000,0-28-9-5-32-31-11-6-18-20-30-0,2.053342978004366
64,severe,cluttered,RAWA-RHP,32,19,0.59375,0.5882352941176471,0.5882352941176471,True,35.0,59.5,1024.8311728018025,1206.8967603569183,175.16882719819796,95.16882719819796,False,102.17703602616278,True,False,0.0460630517793495,0.00233240876018,2.0,False,1.0,8.000:8.000|18.222:23.368|51.679:20.445|59.811:19.922|62.223:24.241|66.135:31.594|70.247:38.755|61.802:39.943|63.123:46.385|59.193:60.167|79.488:67.811|69.977:76.937|64.088:79.396|34.563:70.004|31.980:74.774|27.349:84.422|14.332:79.164|10.030:78.659|12.393:56.490|24.321:52.861|8.000:8.000,0-1-28-26-9-7-32-5-31-8-20-14-10-25-19-27-12-22-24-23-0,9.920331228990108
64,severe,sparse,NearestNeighbor,32,13,0.40625,0.4263565891472868,0.0,False,27.5,64.5,1319.0992788493195,1358.427730032212,-119.09927884931976,-199.09927884931972,True,74.00468067392472,False,True,0.1100965468138941,0.0081636089277386,2.0,True,1.0,8.000:8.000|26.584:22.981|28.360:30.777|33.770:37.722|41.349:33.343|37.133:46.062|29.480:48.277|25.313:58.510|14.499:62.929|34.321:72.561|37.682:67.052|40.992:60.687|56.678:30.309|57.806:21.415|8.000:8.000,0-2-22-6-17-24-9-10-14-4-1-19-3-27-0,0.0007294828537851
64,severe,sparse,ValuePerDistance,32,12,0.375,0.4108527131782946,0.0,False,26.5,64.5,1444.0126047952342,1420.622119117337,-244.012604795234,-324.012604795234,True,77.8407341058338,False,True,0.0540872216499318,0.0038636116132639,2.0,True,1.0,8.000:8.000|26.584:22.981|28.360:30.777|29.480:48.277|37.133:46.062|25.313:58.510|14.499:62.929|34.321:72.561|37.682:67.052|40.992:60.687|41.349:33.343|56.678:30.309|57.806:21.415|8.000:8.000,0-2-22-9-24-10-14-4-1-19-17-3-27-0,0.0004774881526827
64,severe,sparse,WindAwareGreedy,32,8,0.25,0.2635658914728682,0.0,False,17.0,64.5,1313.3131548615356,1291.224432077728,-113.31315486153564,-193.31315486153565,True,60.54500910715619,False,True,0.0792596292451905,0.0081035611311891,2.0,True,1.0,8.000:8.000|26.584:22.981|28.360:30.777|57.806:21.415|56.678:30.309|41.349:33.343|39.648:15.839|37.133:46.062|29.480:48.277|8.000:8.000,0-2-22-27-3-17-7-24-9-0,0.0004297809209674
64,severe,sparse,ReserveOnlyPlanner,32,9,0.28125,0.2790697674418604,0.2790697674418604,True,18.0,64.5,1066.4457370826494,1135.7695260003063,133.55426291735023,53.55426291735023,False,53.57964850257022,True,False,0.0475113465251348,0.0047511353686876,2.0,False,1.0,8.000:8.000|26.584:22.981|28.360:30.777|39.648:15.839|57.806:21.415|56.678:30.309|41.349:33.343|33.770:37.722|37.133:46.062|29.480:48.277|8.000:8.000,0-2-22-7-27-3-17-6-24-9-0,0.0004733749665319
64,severe,sparse,FairRiskAwareGreedy,32,12,0.375,0.4418604651162791,0.4418604651162791,True,28.5,64.5,1055.2914566482543,1083.9844097095497,144.70854335174553,64.70854335174553,False,90.5607455075396,True,False,0.0013658287583639,0.0001050793229104,2.8284271247461903,False,1.0,8.000:8.000|26.584:22.981|28.360:30.777|14.499:62.929|25.313:58.510|50.551:88.921|74.607:72.444|57.806:21.415|56.678:30.309|37.133:46.062|29.480:48.277|41.349:33.343|39.648:15.839|8.000:8.000,0-2-22-14-10-20-21-27-3-24-9-17-7-0,0.0009278180077672
64,severe,sparse,FairALNSPlanner,32,20,0.625,0.7131782945736435,0.7131782945736435,True,46.0,64.5,1048.7761869504548,1229.3578220145994,151.22381304954547,71.22381304954547,False,104.69766962577664,True,False,0.0138451145718242,0.0006620447086672,2.0,False,1.0,8.000:8.000|14.499:62.929|25.313:58.510|37.682:67.052|34.321:72.561|50.551:88.921|63.291:87.479|64.433:85.338|69.971:90.006|82.286:94.942|85.358:86.976|88.006:87.541|88.102:75.076|88.525:73.040|87.622:69.451|78.307:78.375|74.607:72.444|37.133:46.062|29.480:48.277|28.360:30.777|26.584:22.981|8.000:8.000,0-14-10-1-4-20-12-18-13-25-5-15-31-29-32-28-21-24-9-22-2-0,4.265012160874903
64,severe,sparse,RAWA-RHP,32,21,0.65625,0.7209302325581395,0.7209302325581395,True,46.5,64.5,1049.4179806970355,1250.7006766529062,150.58201930296417,70.58201930296417,False,106.40463229216368,True,False,0.0976739396752304,0.0045952359207399,2.0,False,1.0,8.000:8.000|26.584:22.981|28.360:30.777|37.133:46.062|29.480:48.277|25.313:58.510|14.499:62.929|50.551:88.921|63.291:87.479|64.433:85.338|69.971:90.006|66.606:81.398|74.607:72.444|78.307:78.375|82.258:76.769|88.102:75.076|88.525:73.040|87.622:69.451|81.423:65.446|76.861:40.231|57.806:21.415|39.648:15.839|8.000:8.000,0-2-22-24-9-10-14-20-12-18-13-16-21-28-23-31-29-32-8-11-27-7-0,11.45652786293067
62,calm,cluttered,NearestNeighbor,32,27,0.84375,0.873015873015873,0.0,False,55.0,63.0,1340.3267916166035,1345.7004606029786,-140.32679161660386,-220.32679161660383,True,151.0916375209679,False,True,0.0377792390605297,0.0013702431017606,2.0,True,1.0,8.000:8.000|22.091:25.602|21.459:29.574|32.661:20.694|40.000:19.666|38.709:14.489|50.800:29.570|40.747:37.710|60.632:47.675|62.778:41.731|68.078:37.170|65.656:31.109|57.967:18.767|57.968:9.696|89.326:28.372|92.207:30.322|91.087:39.792|78.352:58.118|67.616:66.460|60.381:72.381|66.157:78.791|63.078:81.097|53.978:87.123|73.681:95.965|73.934:73.627|59.977:56.762|44.417:62.779|39.669:71.655|8.000:8.000,0-21-8-10-31-15-16-19-17-25-27-7-13-28-29-20-1-24-22-23-4-3-18-5-2-12-26-32-0,0.0011794217862188
62,calm,cluttered,ValuePerDistance,32,27,0.84375,0.8968253968253969,0.0,False,56.5,63.0,1334.3983532344046,1338.5042054848518,-134.39835323440434,-214.39835323440437,True,152.46444343035623,False,True,0.0589861880737436,0.0021632920297661,2.0,True,1.0,8.000:8.000|22.091:25.602|21.459:29.574|32.661:20.694|40.000:19.666|38.709:14.489|57.968:9.696|57.967:18.767|50.800:29.570|62.778:41.731|60.632:47.675|59.977:56.762|44.417:62.779|39.669:71.655|35.108:70.377|13.789:76.605|15.745:78.831|12.685:56.245|28.974:54.956|60.381:72.381|66.157:78.791|63.078:81.097|73.934:73.627|67.616:66.460|78.352:58.118|92.207:30.322|89.326:28.372|91.087:39.792|8.000:8.000,0-21-8-10-31-15-28-13-16-25-17-12-26-32-14-11-9-6-30-23-4-3-2-22-24-20-29-1-0,0.0009040769655257
62,calm,cluttered,WindAwareGreedy,32,20,0.625,0.753968253968254,0.753968253968254,True,47.5,63.0,1190.23446836409,1198.6818433655064,9.765531635910335,-70.23446836408966,True,130.4541182242589,True,False,0.0391262949445274,0.0018949990338081,2.0,False,1.0,8.000:8.000|22.091:25.602|32.661:20.694|40.000:19.666|57.967:18.767|57.968:9.696|50.800:29.570|44.417:62.779|59.977:56.762|78.352:58.118|92.207:30.322|62.778:41.731|60.381:72.381|66.157:78.791|67.616:66.460|73.934:73.627|39.669:71.655|13.789:76.605|15.745:78.831|12.685:56.245|21.459:29.574|8.000:8.000,0-21-10-31-13-28-16-26-12-24-20-25-23-4-22-2-32-11-9-6-8-0,0.0008153759408742
62,calm,cluttered,ReserveOnlyPlanner,32,20,0.625,0.7142857142857143,0.7142857142857143,True,45.0,63.0,1102.6650652048418,1136.6921348358042,97.3349347951584,17.33493479515839,False,122.15256179138348,True,False,0.0270949500926031,0.0013021697619029,2.0,False,1.0,8.000:8.000|22.091:25.602|32.661:20.694|40.000:19.666|57.967:18.767|57.968:9.696|50.800:29.570|44.417:62.779|59.977:56.762|62.778:41.731|92.207:30.322|89.326:28.372|78.352:58.118|60.381:72.381|66.157:78.791|67.616:66.460|73.934:73.627|39.669:71.655|35.108:70.377|28.974:54.956|21.459:29.574|8.000:8.000,0-21-10-31-13-28-16-26-12-25-20-29-24-23-4-22-2-32-14-30-8-0,0.0008927520830184
62,calm,cluttered,FairRiskAwareGreedy,32,18,0.5625,0.6984126984126984,0.6984126984126984,True,44.0,63.0,1099.3912290893422,1118.4392685011237,100.60877091065778,20.608770910657785,False,127.45932086264314,True,False,0.0188166644963657,0.0009977074022802,2.0,False,1.0,8.000:8.000|22.091:25.602|32.661:20.694|40.000:19.666|44.417:62.779|59.977:56.762|78.352:58.118|60.381:72.381|66.157:78.791|67.616:66.460|62.778:41.731|92.207:30.322|57.967:18.767|57.968:9.696|50.800:29.570|39.669:71.655|15.745:78.831|13.789:76.605|12.685:56.245|8.000:8.000,0-21-10-31-26-12-24-23-4-22-25-20-13-28-16-32-9-11-6-0,0.0012569229584187
62,calm,cluttered,FairALNSPlanner,32,28,0.875,0.9285714285714286,0.9285714285714286,True,58.5,63.0,1048.2873508958626,1124.8939482000735,151.71264910413709,71.71264910413709,False,138.5592652926981,True,False,0.0308994580189269,0.0010795076467703,2.0,False,1.0,8.000:8.000|22.091:25.602|21.459:29.574|12.685:56.245|13.789:76.605|15.745:78.831|35.108:70.377|39.669:71.655|44.417:62.779|60.381:72.381|63.078:81.097|66.157:78.791|73.934:73.627|67.616:66.460|78.352:58.118|59.977:56.762|60.632:47.675|62.778:41.731|65.656:31.109|68.078:37.170|91.087:39.792|92.207:30.322|89.326:28.372|57.968:9.696|57.967:18.767|50.800:29.570|40.000:19.666|38.709:14.489|32.661:20.694|8.000:8.000,0-21-8-6-11-9-14-32-26-23-3-4-2-22-24-12-17-25-7-27-1-20-29-28-13-16-31-15-10-0,9.033661218127236
62,calm,cluttered,RAWA-RHP,32,28,0.875,0.9285714285714286,0.9285714285714286,True,58.5,63.0,1059.985273626592,1137.2223659900517,140.01472637340788,60.01472637340788,False,139.78467652265488,True,False,0.0326632415318502,0.0011421478575177,2.0,False,1.0,8.000:8.000|12.685:56.245|13.789:76.605|15.745:78.831|35.108:70.377|39.669:71.655|44.417:62.779|60.381:72.381|63.078:81.097|66.157:78.791|73.934:73.627|67.616:66.460|78.352:58.118|59.977:56.762|60.632:47.675|62.778:41.731|65.656:31.109|68.078:37.170|91.087:39.792|92.207:30.322|89.326:28.372|57.968:9.696|57.967:18.767|50.800:29.570|40.000:19.666|38.709:14.489|32.661:20.694|22.091:25.602|21.459:29.574|8.000:8.000,0-6-11-9-14-32-26-23-3-4-2-22-24-12-17-25-7-27-1-20-29-28-13-16-31-15-10-21-8-0,62.368409137940034
63,moderate,cluttered,NearestNeighbor,32,23,0.71875,0.6850393700787402,0.0,False,43.5,63.5,1664.2154667462155,1680.4628378974155,-464.2154667462151,-544.215466746215,True,136.59078003536962,False,True,0.0494818622531316,0.0019993946976949,2.0,True,1.0,8.000:8.000|33.153:9.630|37.415:24.912|41.399:24.453|53.982:23.022|61.546:28.463|62.070:32.607|63.096:34.847|64.214:38.074|72.490:43.018|75.842:43.457|81.162:46.599|76.106:54.336|60.365:51.951|52.778:54.941|48.154:43.345|28.810:47.733|40.287:68.134|53.833:73.681|62.668:73.469|64.559:71.354|66.275:79.069|82.530:83.926|96.486:79.137|8.000:8.000,0-1-27-17-2-9-21-32-15-10-8-26-28-6-5-25-7-23-3-20-19-11-12-4-0,0.0010829779785126
63,moderate,cluttered,ValuePerDistance,32,24,0.75,0.7716535433070866,0.0,False,49.0,63.5,1585.0236813248146,1583.1868942992692,-385.02368132481456,-465.02368132481456,True,133.12071115843904,False,True,0.0962426991466756,0.0039962165295143,2.0,True,1.0,8.000:8.000|33.153:9.630|37.415:24.912|41.399:24.453|53.982:23.022|61.546:28.463|62.070:32.607|63.096:34.847|64.214:38.074|60.365:51.951|52.778:54.941|62.668:73.469|64.559:71.354|66.275:79.069|82.530:83.926|56.038:89.414|48.482:80.439|53.833:73.681|40.287:68.134|28.810:47.733|48.154:43.345|75.842:43.457|81.162:46.599|72.490:43.018|79.958:31.157|8.000:8.000,0-1-27-17-2-9-21-32-15-6-5-20-19-11-12-16-18-3-23-7-25-8-26-10-30-0,0.0007905107922852
63,moderate,cluttered,WindAwareGreedy,32,18,0.5625,0.7007874015748031,0.0,False,44.5,63.5,1609.1423562414975,1607.107799984566,-409.1423562414981,-489.1423562414981,True,124.248322061982,False,True,0.153346246583182,0.0085920913382091,2.0,True,1.0,8.000:8.000|33.153:9.630|69.633:18.878|67.947:12.885|81.162:46.599|75.842:43.457|60.365:51.951|62.668:73.469|66.275:79.069|82.530:83.926|56.038:89.414|48.482:80.439|53.833:73.681|52.778:54.941|61.546:28.463|72.986:26.306|74.848:20.450|89.395:12.551|79.958:31.157|8.000:8.000,0-1-24-14-26-8-6-20-11-12-16-18-3-5-9-31-29-13-30-0,0.000772438943386
63,moderate,cluttered,ReserveOnlyPlanner,32,12,0.375,0.5118110236220472,0.5118110236220472,True,32.5,63.5,1113.2521249029614,1180.7529312057918,86.7478750970389,6.7478750970389,False,89.78202383498308,True,False,0.0980566706244808,0.0077550532570525,2.0,False,1.0,8.000:8.000|33.153:9.630|69.633:18.878|67.947:12.885|72.986:26.306|81.162:46.599|75.842:43.457|60.365:51.951|52.778:54.941|62.668:73.469|66.275:79.069|82.530:83.926|48.482:80.439|8.000:8.000,0-1-24-14-31-26-8-6-5-20-11-12-18-0,0.0006619500927627
63,moderate,cluttered,FairRiskAwareGreedy,32,13,0.40625,0.5275590551181102,0.5275590551181102,True,33.5,63.5,1066.606591014786,1108.9483052621422,133.39340898521385,53.39340898521385,False,113.74904860328944,True,False,0.0064216662678767,0.0004594526926345,2.0,False,1.0,8.000:8.000|33.153:9.630|69.633:18.878|67.947:12.885|81.162:46.599|60.365:51.951|75.842:43.457|62.668:73.469|82.530:83.926|66.275:79.069|28.810:47.733|37.415:24.912|61.546:28.463|52.778:54.941|8.000:8.000,0-1-24-14-26-6-8-20-12-11-7-27-9-5-0,0.0009960909374058
63,moderate,cluttered,FairALNSPlanner,32,22,0.6875,0.7322834645669292,0.7322834645669292,True,46.5,63.5,1058.6096373621433,1190.003796469647,141.39036263785715,61.39036263785715,False,127.20072708940576,True,False,0.0105151844344314,0.000458916131366,2.0,False,1.0,8.000:8.000|33.153:9.630|67.947:12.885|69.633:18.878|74.848:20.450|72.986:26.306|79.958:31.157|81.162:46.599|62.668:73.469|53.833:73.681|40.287:68.134|52.778:54.941|60.365:51.951|72.490:43.018|75.842:43.457|76.106:54.336|82.530:83.926|66.275:79.069|64.559:71.354|48.154:43.345|28.810:47.733|37.415:24.912|41.399:24.453|8.000:8.000,0-1-14-24-29-31-30-26-20-3-23-5-6-10-8-28-12-11-19-25-7-27-17-0,6.819652748061344
63,moderate,cluttered,RAWA-RHP,32,29,0.90625,0.9212598425196852,0.9212598425196852,True,58.5,63.5,1055.5081350276675,1244.2823384133533,144.49186497233256,64.49186497233256,False,136.5345277159173,True,False,0.0364780509713421,0.001227087743474,2.0,False,1.0,8.000:8.000|33.153:9.630|67.947:12.885|69.633:18.878|74.848:20.450|72.986:26.306|79.958:31.157|72.490:43.018|75.842:43.457|81.162:46.599|76.106:54.336|64.559:71.354|62.668:73.469|66.275:79.069|82.530:83.926|56.038:89.414|46.048:90.293|48.482:80.439|53.833:73.681|40.287:68.134|52.778:54.941|60.365:51.951|48.154:43.345|64.214:38.074|63.096:34.847|62.070:32.607|61.546:28.463|53.982:23.022|41.399:24.453|37.415:24.912|8.000:8.000,0-1-14-24-29-31-30-10-8-26-28-19-20-11-12-16-22-18-3-23-5-6-25-15-32-21-9-2-17-27-0,39.42432621098124
64,calm,cluttered,NearestNeighbor,32,31,0.96875,0.9831932773109244,0.0,False,58.5,59.5,1434.467732222225,1429.821184619083,-234.46773222222515,-314.46773222222515,True,163.6915199108195,False,True,0.0291655521229491,0.0009227789972417,2.0,True,1.0,8.000:8.000|27.592:14.913|37.493:13.967|36.844:20.041|43.891:9.478|49.451:14.466|66.170:20.663|67.866:10.910|71.880:13.672|78.999:19.245|87.749:19.392|77.082:28.973|93.758:36.198|91.691:53.593|84.449:53.017|80.140:50.940|64.165:45.359|60.969:47.998|54.911:48.661|48.696:36.874|41.811:47.468|30.573:54.187|28.185:62.717|19.833:54.813|12.514:53.765|15.997:43.324|24.372:34.198|28.712:35.554|54.460:67.156|64.731:67.717|72.748:61.443|69.217:78.418|8.000:8.000,0-9-1-12-21-16-6-7-24-23-18-26-29-25-11-15-27-10-14-20-13-19-3-5-32-30-31-28-8-17-4-2-0,0.0013190491590648
64,calm,cluttered,ValuePerDistance,32,27,0.84375,0.9159663865546218,0.0,False,54.5,59.5,1327.7413780646134,1331.8307000828854,-127.7413780646132,-207.7413780646132,True,150.07982314370014,False,True,0.04057902717713,0.0014749623470822,2.0,True,1.0,8.000:8.000|37.493:13.967|36.844:20.041|49.451:14.466|43.891:9.478|48.696:36.874|54.911:48.661|60.969:47.998|64.165:45.359|80.140:50.940|84.449:53.017|91.691:53.593|93.758:36.198|87.749:19.392|78.999:19.245|77.082:28.973|66.170:20.663|71.880:13.672|67.866:10.910|72.748:61.443|69.217:78.418|54.460:67.156|64.731:67.717|41.811:47.468|28.712:35.554|24.372:34.198|15.997:43.324|12.514:53.765|8.000:8.000,0-1-12-16-21-20-14-10-27-15-11-25-29-18-23-26-6-24-7-4-2-8-17-13-28-31-30-32-0,0.0012872240040451
64,calm,cluttered,WindAwareGreedy,32,20,0.625,0.7563025210084033,0.0,False,45.0,59.5,1394.0797916265806,1388.563286570202,-194.0797916265804,-274.0797916265804,True,146.76404022473815,False,True,0.0299316039477686,0.0014429995600905,2.0,True,1.0,8.000:8.000|37.493:13.967|36.844:20.041|49.451:14.466|48.696:36.874|54.911:48.661|60.969:47.998|72.748:61.443|80.140:50.940|93.758:36.198|87.749:19.392|43.891:9.478|15.997:43.324|12.514:53.765|24.372:34.198|28.712:35.554|41.811:47.468|54.460:67.156|69.217:78.418|91.691:53.593|84.449:53.017|8.000:8.000,0-1-12-16-20-14-10-4-15-29-18-21-30-32-31-28-13-8-2-25-11-0,0.0009030131623148
64,calm,cluttered,ReserveOnlyPlanner,32,22,0.6875,0.7563025210084033,0.7563025210084033,True,45.0,59.5,1105.68451663416,1145.6979970375005,94.31548336583992,14.315483365839924,False,125.12712097598676,True,False,0.0248785758429842,0.0010919231650677,2.0,False,1.0,8.000:8.000|37.493:13.967|36.844:20.041|49.451:14.466|48.696:36.874|54.911:48.661|60.969:47.998|72.748:61.443|80.140:50.940|93.758:36.198|87.749:19.392|78.999:19.245|77.082:28.973|66.170:20.663|43.891:9.478|27.592:14.913|15.997:43.324|12.514:53.765|19.833:54.813|30.573:54.187|41.811:47.468|28.712:35.554|24.372:34.198|8.000:8.000,0-1-12-16-20-14-10-4-15-29-18-23-26-6-21-9-30-32-5-19-13-28-31-0,0.000984740210697
64,calm,cluttered,FairRiskAwareGreedy,32,17,0.53125,0.6302521008403361,0.6302521008403361,True,37.5,59.5,1041.1019625510055,1060.1745750769746,158.89803744899427,78.89803744899427,False,119.52178262221672,True,False,0.0203478922017634,0.0011403072316503,2.0,False,1.0,8.000:8.000|37.493:13.967|36.844:20.041|48.696:36.874|49.451:14.466|43.891:9.478|87.749:19.392|80.140:50.940|72.748:61.443|60.969:47.998|54.911:48.661|54.460:67.156|28.712:35.554|15.997:43.324|12.514:53.765|24.372:34.198|41.811:47.468|27.592:14.913|8.000:8.000,0-1-12-20-16-21-18-15-4-10-14-8-28-30-32-31-13-9-0,0.0014145451132208
64,calm,cluttered,FairALNSPlanner,32,25,0.78125,0.8319327731092437,0.8319327731092437,True,49.5,59.5,1040.0252247799017,1106.884509804285,159.97477522009882,79.97477522009882,False,133.94987696137272,True,False,0.0163732257922842,0.0006342991557455,2.0,False,1.0,8.000:8.000|12.514:53.765|15.997:43.324|24.372:34.198|28.712:35.554|41.811:47.468|54.460:67.156|64.731:67.717|69.217:78.418|72.748:61.443|64.165:45.359|60.969:47.998|77.082:28.973|80.140:50.940|93.758:36.198|87.749:19.392|78.999:19.245|71.880:13.672|67.866:10.910|66.170:20.663|48.696:36.874|49.451:14.466|43.891:9.478|37.493:13.967|36.844:20.041|27.592:14.913|8.000:8.000,0-32-30-31-28-13-8-17-2-4-27-10-26-15-29-18-23-24-7-6-20-16-21-1-12-9-0,8.457554399035871
64,calm,cluttered,RAWA-RHP,32,28,0.875,0.9327731092436976,0.9327731092436976,True,55.5,59.5,1032.726449970456,1110.7819234350522,167.2735500295441,87.27355002954411,False,137.13892695866062,True,False,0.0196535354025179,0.0006835853085243,2.0,False,1.0,8.000:8.000|12.514:53.765|15.997:43.324|24.372:34.198|28.712:35.554|41.811:47.468|48.696:36.874|64.165:45.359|60.969:47.998|54.911:48.661|54.460:67.156|64.731:67.717|69.217:78.418|72.748:61.443|91.691:53.593|84.449:53.017|80.140:50.940|93.758:36.198|87.749:19.392|78.999:19.245|77.082:28.973|66.170:20.663|71.880:13.672|67.866:10.910|49.451:14.466|43.891:9.478|37.493:13.967|36.844:20.041|27.592:14.913|8.000:8.000,0-32-30-31-28-13-20-27-10-14-8-17-2-4-25-11-15-29-18-23-26-6-24-7-16-21-1-12-9-0,28.620114960009232
65,severe,sparse,NearestNeighbor,32,18,0.5625,0.5859375,0.0,False,37.5,64.0,1775.7075926039352,1739.066448301848,-575.7075926039349,-655.7075926039349,True,96.9153877837173,False,True,0.1551743607917387,0.0083723356686372,2.0,True,1.0,8.000:8.000|20.988:27.404|18.678:41.702|18.558:44.523|25.440:50.293|27.822:51.269|30.629:60.182|34.966:69.444|34.003:72.654|32.800:74.945|27.140:80.046|17.357:76.246|14.835:60.106|8.278:54.683|42.554:78.017|52.008:71.014|63.116:77.654|68.650:72.576|67.313:62.232|8.000:8.000,0-3-24-17-29-31-30-16-2-22-11-1-19-6-4-26-10-20-15-0,0.0009666990954428
65,severe,sparse,ValuePerDistance,32,21,0.65625,0.65625,0.0,False,42.0,64.0,1746.6822687046906,1768.170503009362,-546.6822687046906,-626.6822687046906,True,100.17958447245113,False,True,0.2175405962733504,0.0106323882868325,2.0,True,1.0,8.000:8.000|20.988:27.404|18.558:44.523|18.678:41.702|25.440:50.293|27.822:51.269|30.629:60.182|32.800:74.945|34.003:72.654|34.966:69.444|42.554:78.017|52.008:71.014|63.116:77.654|68.650:72.576|67.313:62.232|62.893:58.460|61.159:55.419|81.912:43.984|72.347:33.250|76.618:30.138|60.270:23.543|59.520:19.102|8.000:8.000,0-3-17-24-29-31-30-22-2-16-4-26-10-20-15-23-25-7-27-21-9-28-0,0.0007587079890072
65,severe,sparse,WindAwareGreedy,32,11,0.34375,0.3515625,0.0,False,22.5,64.0,1801.769172223276,1792.6099642799068,-601.7691722232756,-681.7691722232756,True,80.43798542345002,False,True,0.0885378778799672,0.0075627331634845,2.0,True,1.0,8.000:8.000|20.988:27.404|50.052:12.546|59.520:19.102|60.270:23.543|72.899:9.700|72.347:33.250|81.912:43.984|76.618:30.138|59.862:28.105|61.159:55.419|67.313:62.232|8.000:8.000,0-3-32-28-9-12-27-7-21-13-25-15-0,0.0005916669033467
65,severe,sparse,ReserveOnlyPlanner,32,5,0.15625,0.1796875,0.1796875,True,11.5,64.0,969.1655025665968,1058.515277573486,230.8344974334032,150.83449743340316,False,42.719939130901466,True,False,0.0590979816244732,0.0098511818343533,2.0,False,1.0,8.000:8.000|20.988:27.404|50.052:12.546|59.520:19.102|60.270:23.543|72.899:9.700|8.000:8.000,0-3-32-28-9-12-0,0.0003538220189511
65,severe,sparse,FairRiskAwareGreedy,32,10,0.3125,0.3828125,0.3828125,True,24.5,64.0,1032.8539095295905,1073.9505226002243,167.14609047040966,87.14609047040966,False,88.74753359802239,True,False,0.0109060872088201,0.0009942588760848,2.8284271247461903,False,1.0,8.000:8.000|20.988:27.404|50.052:12.546|72.899:9.700|32.800:74.945|42.554:78.017|34.966:69.444|8.278:54.683|17.357:76.246|27.140:80.046|14.835:60.106|8.000:8.000,0-3-32-12-22-4-16-6-1-11-19-0,0.0007652959320694
65,severe,sparse,FairALNSPlanner,32,16,0.5,0.5546875,0.5546875,True,35.5,64.0,1027.4170600980772,1185.5089654119429,172.58293990192277,92.58293990192276,False,97.97440362560764,True,False,0.0652269823584753,0.0039301059368972,2.0,False,1.0,8.000:8.000|20.988:27.404|50.052:12.546|60.270:23.543|61.159:55.419|52.008:71.014|42.554:78.017|37.793:88.561|17.357:76.246|27.822:51.269|25.440:50.293|30.629:60.182|32.800:74.945|34.003:72.654|34.966:69.444|14.835:60.106|8.278:54.683|8.000:8.000,0-3-32-9-25-26-4-8-1-31-29-30-22-2-16-19-6-0,3.9964278580155215
65,severe,sparse,RAWA-RHP,32,21,0.65625,0.734375,0.734375,True,47.0,64.0,1045.8198314725018,1274.3828502595518,154.18016852749813,74.18016852749813,False,107.79603498920468,True,False,0.0883857908728452,0.0041165737262504,2.0,False,1.0,8.000:8.000|50.052:12.546|59.520:19.102|60.270:23.543|72.347:33.250|81.912:43.984|67.313:62.232|63.116:77.654|52.008:71.014|42.554:78.017|34.966:69.444|34.003:72.654|32.800:74.945|27.140:80.046|17.357:76.246|14.835:60.106|8.278:54.683|18.558:44.523|27.822:51.269|30.629:60.182|25.440:50.293|20.988:27.404|8.000:8.000,0-32-28-9-27-7-15-10-26-4-16-2-22-11-1-19-6-17-31-30-29-3-0,16.991174323949963
62,moderate,sparse,NearestNeighbor,32,19,0.59375,0.6029411764705882,0.6029411764705882,True,41.0,68.0,1184.4492091730808,1146.8141752206052,15.55079082691924,-64.44920917308076,True,107.26547032142476,True,False,0.1147088456407979,0.0060006171312532,2.0,False,1.0,8.000:8.000|28.266:31.921|26.052:36.015|21.608:47.621|26.639:51.812|10.073:42.408|48.717:38.726|61.328:41.492|65.760:44.956|71.032:43.677|77.096:35.709|66.293:31.873|61.157:34.552|59.650:29.772|67.106:23.141|58.852:14.949|49.962:20.859|47.266:22.080|44.525:21.717|84.650:11.754|8.000:8.000,0-25-2-7-31-32-18-3-10-20-1-27-28-8-14-9-4-21-30-23-0,0.0009883558377623
62,moderate,sparse,ValuePerDistance,32,21,0.65625,0.7058823529411765,0.0,False,48.0,68.0,1323.4534500459567,1320.029902772957,-123.4534500459568,-203.4534500459568,True,114.4172772937483,False,True,0.1137030932717667,0.0053980533500129,2.0,True,1.0,8.000:8.000|44.525:21.717|47.266:22.080|49.962:20.859|58.852:14.949|67.106:23.141|59.650:29.772|66.293:31.873|61.157:34.552|61.328:41.492|65.760:44.956|71.032:43.677|48.717:38.726|26.639:51.812|21.608:47.621|10.073:42.408|26.052:36.015|28.266:31.921|39.454:82.768|41.476:84.767|42.287:82.112|36.057:74.851|8.000:8.000,0-30-21-4-9-14-8-27-28-3-10-20-18-31-7-32-2-25-19-24-13-16-0,0.0007859941106289
62,moderate,sparse,WindAwareGreedy,32,18,0.5625,0.5735294117647058,0.0,False,39.0,68.0,1344.0000169496486,1336.0576160222538,-144.0000169496488,-224.0000169496488,True,110.48080058629388,False,True,0.1913136555723933,0.0109971960260354,2.0,True,1.0,8.000:8.000|44.525:21.717|58.852:14.949|59.650:29.772|48.717:38.726|26.639:51.812|21.608:47.621|28.266:31.921|26.052:36.015|47.266:22.080|49.962:20.859|84.650:11.754|67.106:23.141|66.293:31.873|61.328:41.492|65.760:44.956|71.032:43.677|77.096:35.709|61.157:34.552|8.000:8.000,0-30-9-8-18-31-7-25-2-21-4-23-14-27-3-10-20-1-28-0,0.0007415160071104
62,moderate,sparse,ReserveOnlyPlanner,32,15,0.46875,0.4705882352941176,0.4705882352941176,True,32.0,68.0,1073.5271839310635,1134.039371915976,126.47281606893657,46.47281606893657,False,89.31732647432047,True,False,0.1977791699992467,0.0134161661566866,2.0,False,1.0,8.000:8.000|44.525:21.717|58.852:14.949|49.962:20.859|47.266:22.080|59.650:29.772|67.106:23.141|84.650:11.754|66.293:31.873|48.717:38.726|61.328:41.492|65.760:44.956|71.032:43.677|77.096:35.709|61.157:34.552|28.266:31.921|8.000:8.000,0-30-9-4-21-8-14-23-27-18-3-10-20-1-28-25-0,0.0007536481134593
62,moderate,sparse,FairRiskAwareGreedy,32,13,0.40625,0.4926470588235294,0.4926470588235294,True,33.5,68.0,982.4581381576196,1010.7505064483156,217.54186184238063,137.54186184238063,False,105.02856915486372,True,False,7.980525191109145e-05,5.700446517058795e-06,2.8284271247461903,False,1.0,8.000:8.000|44.525:21.717|58.852:14.949|84.650:11.754|26.639:51.812|39.454:82.768|40.741:88.447|30.534:94.096|23.305:88.883|48.717:38.726|28.266:31.921|26.052:36.015|49.962:20.859|47.266:22.080|8.000:8.000,0-30-9-23-31-19-15-26-11-18-25-2-4-21-0,0.0009762221015989
62,moderate,sparse,FairALNSPlanner,32,18,0.5625,0.6176470588235294,0.6176470588235294,True,42.0,68.0,733.0565389200503,838.5201353087929,466.94346107994966,386.94346107994966,False,93.46083495747872,True,False,0.0297972995722994,0.001579190774555,2.0,False,1.0,8.000:8.000|10.073:42.408|21.608:47.621|26.639:51.812|23.305:88.883|30.534:94.096|38.520:88.417|40.741:88.447|41.476:84.767|42.287:82.112|39.454:82.768|36.057:74.851|57.976:64.631|71.032:43.677|65.760:44.956|48.717:38.726|49.962:20.859|44.525:21.717|47.266:22.080|8.000:8.000,0-32-7-31-11-26-22-15-24-13-19-16-17-20-10-18-4-30-21-0,8.142340500140563
62,moderate,sparse,RAWA-RHP,32,28,0.875,0.9191176470588236,0.9191176470588236,True,62.5,68.0,1057.641906564212,1207.4821719325205,142.35809343578796,62.35809343578797,False,135.81596749706586,True,False,0.0885730220673249,0.0031728765699605,2.0,False,1.0,8.000:8.000|10.073:42.408|21.608:47.621|26.639:51.812|36.057:74.851|23.305:88.883|30.534:94.096|38.520:88.417|40.741:88.447|41.476:84.767|42.287:82.112|39.454:82.768|57.976:64.631|61.328:41.492|65.760:44.956|71.032:43.677|77.096:35.709|66.293:31.873|61.157:34.552|48.717:38.726|59.650:29.772|67.106:23.141|84.650:11.754|58.852:14.949|49.962:20.859|47.266:22.080|44.525:21.717|26.052:36.015|28.266:31.921|8.000:8.000,0-32-7-31-16-11-26-22-15-24-13-19-17-3-10-20-1-27-28-18-8-14-23-9-4-21-30-2-25-0,82.40535493404604
65,severe,cluttered,NearestNeighbor,32,19,0.59375,0.592,0.0,False,37.0,62.5,1775.1548735664533,1825.089519921117,-575.1548735664533,-655.1548735664533,True,98.53259554303716,False,True,0.1932727051073903,0.0104496157044735,2.0,True,1.0,8.000:8.000|21.508:19.915|12.688:33.982|33.183:55.308|34.443:58.624|28.193:63.470|29.824:66.680|28.741:71.398|16.117:88.915|56.282:79.416|56.192:70.832|54.936:66.441|59.966:64.503|59.471:62.223|54.466:55.829|49.138:45.056|48.673:36.665|58.848:34.581|65.730:34.823|69.071:33.506|8.000:8.000,0-6-1-26-3-10-18-21-16-17-5-31-2-23-30-28-11-27-8-7-0,0.001132515957579
65,severe,cluttered,ValuePerDistance,32,20,0.625,0.664,0.0,False,41.5,62.5,1973.7583531376984,2043.6112711397675,-773.7583531376987,-853.7583531376987,True,108.10077964014287,False,True,0.278641969465507,0.0150378378649417,2.0,True,1.0,8.000:8.000|21.508:19.915|12.688:33.982|33.183:55.308|34.443:58.624|28.193:63.470|29.824:66.680|28.741:71.398|56.192:70.832|54.936:66.441|59.471:62.223|59.966:64.503|67.542:65.591|69.628:68.880|67.326:76.181|70.437:80.899|70.838:86.458|92.897:88.982|90.715:58.266|96.070:53.761|89.025:42.519|8.000:8.000,0-6-1-26-3-10-18-21-5-31-23-2-15-12-22-32-14-13-24-20-29-0,0.0009416160173714
65,severe,cluttered,WindAwareGreedy,32,16,0.5,0.536,0.0,False,33.5,62.5,1893.6794723025469,1951.4462122972727,-693.679472302547,-773.679472302547,True,95.58913995769343,False,True,0.3958974624237587,0.0277017935899849,2.0,True,1.0,8.000:8.000|21.508:19.915|12.688:33.982|33.183:55.308|28.193:63.470|29.824:66.680|28.741:71.398|56.192:70.832|54.936:66.441|67.542:65.591|69.628:68.880|69.071:33.506|58.848:34.581|56.995:24.691|54.542:24.637|74.645:27.340|81.308:37.912|8.000:8.000,0-6-1-26-10-18-21-5-31-15-12-7-27-9-19-4-25-0,0.0009076851420104
65,severe,cluttered,ReserveOnlyPlanner,32,7,0.21875,0.216,0.216,True,13.5,62.5,1095.2478347740755,1137.2492860351372,104.75216522592471,24.752165225924728,False,48.53098050839807,True,False,0.0685280054325601,0.0086835520010407,2.0,False,1.0,8.000:8.000|21.508:19.915|56.995:24.691|58.848:34.581|69.071:33.506|74.645:27.340|65.730:34.823|54.542:24.637|8.000:8.000,0-6-9-27-7-4-8-19-0,0.000637301011011
65,severe,cluttered,FairRiskAwareGreedy,32,6,0.1875,0.184,0.184,True,11.5,62.5,598.1245933396781,626.3249358624437,601.8754066603221,521.8754066603221,False,52.62928413284993,True,False,0.0002144188003038,3.063256246719056e-05,4.0,False,1.0,8.000:8.000|21.508:19.915|12.688:33.982|16.117:88.915|28.193:63.470|29.824:66.680|28.741:71.398|8.000:8.000,0-6-1-16-10-18-21-0,0.0004290698561817
65,severe,cluttered,FairALNSPlanner,32,5,0.15625,0.176,0.176,True,11.0,62.5,631.4641095664806,680.6086601361136,568.5358904335194,488.5358904335194,False,50.51694607012157,True,False,0.178075524839253,0.0297135439104594,2.0,False,1.0,8.000:8.000|56.995:24.691|58.848:34.581|65.730:34.823|69.071:33.506|67.542:65.591|8.000:8.000,0-9-27-8-7-15-0,1.6956739858724177
65,severe,cluttered,RAWA-RHP,32,22,0.6875,0.712,0.712,True,44.5,62.5,1052.4668754977704,1227.0567980546575,147.5331245022299,67.5331245022299,False,109.38460980785896,True,False,0.0658214137041854,0.0029265429154397,2.0,False,1.0,8.000:8.000|54.542:24.637|56.995:24.691|48.673:36.665|58.848:34.581|65.730:34.823|69.071:33.506|67.326:76.181|70.838:86.458|70.437:80.899|69.628:68.880|67.542:65.591|59.471:62.223|59.966:64.503|54.936:66.441|56.192:70.832|33.183:55.308|34.443:58.624|28.193:63.470|29.824:66.680|28.741:71.398|12.688:33.982|21.508:19.915|8.000:8.000,0-19-9-11-27-8-7-22-14-32-12-15-23-2-31-5-26-3-10-18-21-1-6-0,17.248700056923553
63,moderate,sparse,NearestNeighbor,32,24,0.75,0.7555555555555555,0.0,False,51.0,67.5,1627.4828639682678,1672.1598099616062,-427.4828639682679,-507.4828639682679,True,134.31299484273495,False,True,0.1560217523541064,0.0066923549057139,2.0,True,1.0,8.000:8.000|20.803:14.494|25.968:8.160|34.193:16.396|33.330:18.870|36.353:18.788|29.082:25.055|25.728:27.833|22.689:22.414|11.691:23.625|29.701:35.766|35.488:43.873|37.619:45.424|30.519:51.843|40.855:61.162|48.243:60.294|73.461:60.204|73.036:77.096|71.372:79.744|78.515:77.863|84.078:88.439|63.892:86.234|33.238:83.275|74.424:43.507|77.151:30.565|8.000:8.000,0-9-5-1-25-13-4-27-31-18-15-23-29-2-22-24-21-26-17-30-32-6-3-28-11-0,0.0010998588986694
63,moderate,sparse,ValuePerDistance,32,23,0.71875,0.7925925925925926,0.0,False,53.5,67.5,1482.0511174995872,1498.5976160000455,-282.05111749958746,-362.05111749958746,True,123.97228718242704,False,True,0.1114155625770337,0.0048426287706994,2.0,True,1.0,8.000:8.000|20.803:14.494|11.691:23.625|25.728:27.833|29.701:35.766|30.519:51.843|37.619:45.424|35.488:43.873|48.243:60.294|40.855:61.162|63.892:86.234|71.372:79.744|73.036:77.096|78.515:77.863|84.078:88.439|73.461:60.204|77.151:30.565|86.579:23.182|91.224:24.222|93.974:32.747|90.896:36.251|69.792:21.123|63.372:26.711|56.481:10.734|8.000:8.000,0-9-18-27-15-2-29-23-24-22-6-17-26-30-32-21-11-8-14-16-12-7-10-19-0,0.0007801048923283
63,moderate,sparse,WindAwareGreedy,32,18,0.5625,0.6962962962962963,0.0,False,47.0,67.5,1691.869346093188,1722.3313611840292,-491.8693460931882,-571.8693460931881,True,128.32904936169078,False,True,0.1336219757231657,0.0070399258812162,2.0,True,1.0,8.000:8.000|20.803:14.494|29.701:35.766|25.728:27.833|33.330:18.870|34.193:16.396|36.353:18.788|69.792:21.123|86.579:23.182|77.151:30.565|63.372:26.711|56.481:10.734|48.243:60.294|73.036:77.096|71.372:79.744|63.892:86.234|73.461:60.204|93.974:32.747|91.224:24.222|8.000:8.000,0-9-15-27-25-1-13-7-8-11-10-19-24-26-17-6-21-16-14-0,0.0007672039791941
63,moderate,sparse,ReserveOnlyPlanner,32,14,0.4375,0.5037037037037037,0.5037037037037037,True,34.0,67.5,1091.8300419396878,1150.3798068179703,108.16995806031252,28.16995806031251,False,83.50738746930895,True,False,0.1788012744498308,0.0129015053929196,2.0,False,1.0,8.000:8.000|20.803:14.494|34.193:16.396|36.353:18.788|33.330:18.870|29.701:35.766|25.728:27.833|11.691:23.625|22.689:22.414|69.792:21.123|86.579:23.182|93.974:32.747|77.151:30.565|63.372:26.711|29.082:25.055|8.000:8.000,0-9-1-13-25-15-27-18-31-7-8-16-11-10-4-0,0.0006911270320415
63,moderate,sparse,FairRiskAwareGreedy,32,15,0.46875,0.5333333333333333,0.5333333333333333,True,36.0,67.5,1094.4878305552634,1121.8726508838604,105.51216944473676,25.51216944473677,False,116.21948248628787,True,False,0.0004295244482724,2.6845652514401183e-05,2.8284271247461903,False,1.0,8.000:8.000|20.803:14.494|29.701:35.766|25.728:27.833|11.691:23.625|30.519:51.843|22.689:22.414|37.619:45.424|69.792:21.123|86.579:23.182|63.372:26.711|36.353:18.788|34.193:16.396|56.481:10.734|48.243:60.294|35.488:43.873|8.000:8.000,0-9-15-27-18-2-31-29-7-8-10-13-1-19-24-23-0,0.001078720903024
63,moderate,sparse,FairALNSPlanner,32,27,0.84375,0.8888888888888888,0.8888888888888888,True,60.0,67.5,1046.8031338538788,1195.6744003556446,153.19686614612135,73.19686614612135,False,131.2244031499413,True,False,0.0474952438370941,0.0017260624671378,2.0,False,1.0,8.000:8.000|11.691:23.625|29.082:25.055|33.330:18.870|34.193:16.396|36.353:18.788|56.481:10.734|63.372:26.711|69.792:21.123|86.579:23.182|77.151:30.565|83.384:30.121|73.461:60.204|73.036:77.096|78.515:77.863|84.078:88.439|71.372:79.744|63.892:86.234|40.855:61.162|48.243:60.294|37.619:45.424|35.488:43.873|30.519:51.843|29.701:35.766|25.728:27.833|22.689:22.414|20.803:14.494|25.968:8.160|8.000:8.000,0-18-4-25-1-13-19-10-7-8-11-20-21-26-30-32-17-6-22-24-29-23-2-15-27-31-9-5-0,7.804042062023655
63,moderate,sparse,RAWA-RHP,32,28,0.875,0.925925925925926,0.925925925925926,True,62.5,67.5,1047.8971421082515,1192.6988736422052,152.10285789174873,72.10285789174873,False,132.93768077440197,True,False,0.0863514678196474,0.0030711656841757,2.0,False,1.0,8.000:8.000|20.803:14.494|25.728:27.833|36.353:18.788|33.330:18.870|34.193:16.396|56.481:10.734|63.372:26.711|69.792:21.123|83.384:30.121|77.151:30.565|86.579:23.182|91.224:24.222|93.974:32.747|90.896:36.251|73.461:60.204|73.036:77.096|71.372:79.744|63.892:86.234|33.238:83.275|40.855:61.162|48.243:60.294|37.619:45.424|35.488:43.873|30.519:51.843|29.701:35.766|29.082:25.055|22.689:22.414|11.691:23.625|8.000:8.000,0-9-27-13-25-1-19-10-7-20-11-8-14-16-12-21-26-17-6-3-22-24-29-23-2-15-4-31-18-0,53.99236847204156
64,moderate,cluttered,NearestNeighbor,32,27,0.84375,0.8230088495575221,0.0,False,46.5,56.5,1575.6947409169898,1606.8622131314685,-375.6947409169899,-455.6947409169899,True,137.2207469664965,False,True,0.2743089425745604,0.0112275652284191,2.0,True,1.0,8.000:8.000|14.082:20.186|13.861:32.646|23.286:45.441|28.305:48.028|29.746:55.641|39.703:51.633|50.437:56.781|49.353:67.335|50.970:70.045|65.572:71.693|65.593:67.104|64.993:49.746|68.482:45.914|70.025:36.586|71.697:26.327|63.011:30.114|61.386:27.752|46.014:24.527|45.330:26.624|49.731:38.244|34.670:40.168|20.876:62.575|32.531:69.583|26.515:80.632|37.589:83.764|33.082:91.214|8.774:85.606|8.000:8.000,0-31-21-19-25-2-26-10-23-30-15-13-14-20-27-3-16-18-9-29-8-32-1-4-6-11-7-17-0,0.0011460368987172
64,moderate,cluttered,ValuePerDistance,32,23,0.71875,0.7699115044247787,0.0,False,43.5,56.5,1479.9514478036103,1515.5762872281869,-279.95144780361056,-359.95144780361056,True,130.26821266830476,False,True,0.1905733877442621,0.0085713763012106,2.0,True,1.0,8.000:8.000|14.082:20.186|13.861:32.646|28.305:48.028|29.746:55.641|32.531:69.583|37.589:83.764|33.082:91.214|26.515:80.632|50.970:70.045|49.353:67.335|50.437:56.781|49.731:38.244|46.014:24.527|45.330:26.624|61.386:27.752|63.011:30.114|71.697:26.327|74.953:15.172|86.026:23.280|68.482:45.914|64.993:49.746|65.593:67.104|65.572:71.693|8.000:8.000,0-31-21-25-2-4-11-7-6-30-23-10-8-9-29-18-16-3-5-12-20-14-13-15-0,0.0007983520627021
64,moderate,cluttered,WindAwareGreedy,32,16,0.5,0.6283185840707964,0.0,False,35.5,56.5,1446.5200751980492,1418.3885469994498,-246.5200751980496,-326.52007519804965,True,117.78169287981476,False,True,0.2210244146599291,0.0135804863968141,2.0,True,1.0,8.000:8.000|49.731:38.244|46.014:24.527|61.386:27.752|50.437:56.781|29.746:55.641|32.531:69.583|37.589:83.764|33.082:91.214|50.970:70.045|49.353:67.335|65.593:67.104|87.251:75.911|85.800:77.486|83.962:66.016|68.482:45.914|64.993:49.746|8.000:8.000,0-8-9-18-10-2-4-11-7-30-23-13-24-28-22-20-14-0,0.0007025690283626
64,moderate,cluttered,ReserveOnlyPlanner,32,14,0.4375,0.4513274336283185,0.4513274336283185,True,25.5,56.5,1061.3266754659746,1165.9403023136333,138.67332453402517,58.67332453402517,False,85.15725896735773,True,False,0.1304948771613923,0.0090623643927855,2.0,False,1.0,8.000:8.000|14.082:20.186|13.861:32.646|29.746:55.641|32.531:69.583|37.589:83.764|33.082:91.214|26.515:80.632|8.774:85.606|20.876:62.575|28.305:48.028|23.286:45.441|49.731:38.244|46.014:24.527|45.330:26.624|8.000:8.000,0-31-21-2-4-11-7-6-17-1-25-19-8-9-29-0,0.0006889819633215
64,moderate,cluttered,FairRiskAwareGreedy,32,13,0.40625,0.5132743362831859,0.5132743362831859,True,29.0,56.5,1012.2541653177186,1055.795877945041,187.74583468228136,107.74583468228136,False,106.77091004336172,True,False,0.0122702461245651,0.0008798546705,2.0,False,1.0,8.000:8.000|49.731:38.244|46.014:24.527|50.437:56.781|32.531:69.583|29.746:55.641|28.305:48.028|37.589:83.764|50.970:70.045|61.386:27.752|71.697:26.327|74.953:15.172|68.482:45.914|70.025:36.586|8.000:8.000,0-8-9-10-4-2-25-11-30-18-3-5-20-27-0,0.0008446618448942
64,moderate,cluttered,FairALNSPlanner,32,16,0.5,0.5486725663716814,0.5486725663716814,True,31.0,56.5,1009.0957992083958,1143.9398275322,190.9042007916044,110.9042007916044,False,111.66043766604754,True,False,0.0126938143389236,0.000749489469,2.0,False,1.0,8.000:8.000|46.014:24.527|45.330:26.624|49.731:38.244|50.437:56.781|50.970:70.045|61.386:27.752|71.697:26.327|70.025:36.586|68.482:45.914|65.593:67.104|87.251:75.911|85.800:77.486|86.026:23.280|74.953:15.172|14.082:20.186|13.861:32.646|8.000:8.000,0-9-29-8-10-30-18-3-27-20-13-24-28-12-5-31-21-0,4.525502901989967
64,moderate,cluttered,RAWA-RHP,32,25,0.78125,0.8407079646017699,0.8407079646017699,True,47.5,56.5,1030.0007835524912,1192.4740095652587,169.9992164475088,89.99921644750879,False,125.7139599850248,True,False,0.0606154121952065,0.0023767410995777,2.0,False,1.0,8.000:8.000|14.082:20.186|13.861:32.646|23.286:45.441|28.305:48.028|29.746:55.641|32.531:69.583|37.589:83.764|33.082:91.214|50.970:70.045|49.353:67.335|50.437:56.781|64.993:49.746|87.251:75.911|85.800:77.486|83.962:66.016|65.593:67.104|65.572:71.693|68.482:45.914|70.025:36.586|71.697:26.327|63.011:30.114|61.386:27.752|49.731:38.244|45.330:26.624|46.014:24.527|8.000:8.000,0-31-21-19-25-2-4-11-7-30-23-10-14-24-28-22-13-15-20-27-3-16-18-8-29-9-0,45.71856494201347
66,calm,cluttered,NearestNeighbor,32,32,1.0,1.0,0.0,False,70.0,70.0,1227.2704911655017,1226.9657219839262,-27.27049116550154,-107.27049116550154,True,154.00528723342566,False,True,0.001190894790381,3.609845834395495e-05,2.0,True,1.0,8.000:8.000|16.609:14.743|22.906:20.496|9.613:26.563|20.689:46.026|19.333:52.437|22.818:59.155|28.556:58.121|33.295:48.678|33.127:45.825|33.520:43.536|44.761:47.372|49.764:46.770|53.009:55.757|58.948:56.610|49.885:61.149|38.574:68.691|30.459:80.543|29.042:87.012|33.402:92.371|22.896:91.120|51.549:86.220|60.246:88.893|74.482:75.087|87.957:83.428|86.515:59.573|77.346:41.428|58.829:31.944|49.147:15.994|52.083:9.040|38.864:18.645|39.558:23.744|38.695:25.939|8.000:8.000,0-13-17-14-18-7-24-25-23-27-9-22-6-11-15-28-5-16-26-4-20-21-8-2-10-32-12-19-30-1-31-29-3-0,0.0012218931224197
66,calm,cluttered,ValuePerDistance,32,30,0.9375,0.9571428571428572,0.0,False,67.0,70.0,1350.2166490931916,1346.843037082377,-150.21664909319182,-230.21664909319185,True,162.70204895755634,False,True,0.0021510152650549,6.943197023977534e-05,2.0,True,1.0,8.000:8.000|16.609:14.743|9.613:26.563|20.689:46.026|19.333:52.437|22.818:59.155|28.556:58.121|33.127:45.825|33.520:43.536|33.295:48.678|44.761:47.372|49.764:46.770|49.885:61.149|53.009:55.757|58.948:56.610|77.346:41.428|86.515:59.573|74.482:75.087|60.246:88.893|51.549:86.220|38.574:68.691|22.896:91.120|33.402:92.371|29.042:87.012|30.459:80.543|38.864:18.645|38.695:25.939|39.558:23.744|52.083:9.040|49.147:15.994|58.829:31.944|8.000:8.000,0-13-14-18-7-24-25-27-9-23-22-6-28-11-15-12-32-2-8-21-5-20-4-26-16-31-3-29-1-30-19-0,0.0008643388282507
66,calm,cluttered,WindAwareGreedy,32,22,0.6875,0.7714285714285715,0.0,False,54.0,70.0,1280.5542809314466,1280.4813379527243,-80.55428093144657,-160.55428093144656,True,145.46705036765022,False,True,0.0042567428530706,0.0001852257525654,2.0,True,1.0,8.000:8.000|9.613:26.563|20.689:46.026|19.333:52.437|22.818:59.155|28.556:58.121|49.764:46.770|49.885:61.149|44.761:47.372|38.864:18.645|38.695:25.939|52.083:9.040|77.346:41.428|86.515:59.573|74.482:75.087|60.246:88.893|51.549:86.220|33.127:45.825|16.609:14.743|22.906:20.496|39.558:23.744|33.520:43.536|33.295:48.678|8.000:8.000,0-14-18-7-24-25-6-28-22-31-3-1-12-32-2-8-21-27-13-17-29-9-23-0,0.0008475210051983
66,calm,cluttered,ReserveOnlyPlanner,32,20,0.625,0.75,0.75,True,52.5,70.0,1107.931952850967,1153.0213439275824,92.06804714903262,12.068047149032624,False,128.89226749570994,True,False,0.0009838120267929,4.685897166744639e-05,2.0,False,1.0,8.000:8.000|9.613:26.563|20.689:46.026|19.333:52.437|22.818:59.155|28.556:58.121|49.764:46.770|44.761:47.372|49.885:61.149|33.127:45.825|38.864:18.645|38.695:25.939|52.083:9.040|77.346:41.428|86.515:59.573|74.482:75.087|60.246:88.893|51.549:86.220|38.574:68.691|53.009:55.757|58.948:56.610|8.000:8.000,0-14-18-7-24-25-6-22-28-27-31-3-1-12-32-2-8-21-5-11-15-0,0.0008869841694831
66,calm,cluttered,FairRiskAwareGreedy,32,16,0.5,0.6071428571428571,0.6071428571428571,True,42.5,70.0,1089.135564367701,1103.253277526887,110.8644356322994,30.86443563229939,False,122.81310212539402,True,False,0.0005418280036291,3.187224017678184e-05,2.0,False,1.0,8.000:8.000|9.613:26.563|20.689:46.026|19.333:52.437|38.864:18.645|38.695:25.939|49.764:46.770|49.885:61.149|44.761:47.372|33.127:45.825|28.556:58.121|22.818:59.155|77.346:41.428|86.515:59.573|52.083:9.040|16.609:14.743|39.558:23.744|8.000:8.000,0-14-18-7-31-3-6-28-22-27-25-24-12-32-1-13-29-0,0.0014699271414428
66,calm,cluttered,FairALNSPlanner,32,27,0.84375,0.9,0.9,True,63.0,70.0,1038.597437193429,1116.5937714649265,161.40256280657078,81.40256280657078,False,134.73630549431095,True,False,0.0031732891526841,0.0001134623501121,2.0,False,1.0,8.000:8.000|9.613:26.563|20.689:46.026|19.333:52.437|22.818:59.155|28.556:58.121|38.574:68.691|53.009:55.757|58.948:56.610|77.346:41.428|86.515:59.573|87.957:83.428|74.482:75.087|60.246:88.893|51.549:86.220|49.885:61.149|49.764:46.770|44.761:47.372|33.295:48.678|33.127:45.825|33.520:43.536|38.695:25.939|39.558:23.744|38.864:18.645|52.083:9.040|49.147:15.994|22.906:20.496|16.609:14.743|8.000:8.000,0-14-18-7-24-25-5-11-15-12-32-10-2-8-21-28-6-22-23-27-9-3-29-31-1-30-17-13-0,9.10396315692924
66,calm,cluttered,RAWA-RHP,32,27,0.84375,0.9,0.9,True,63.0,70.0,1036.571651181879,1106.500308283103,163.4283488181215,83.42834881812149,False,133.0406100404628,True,False,0.0037452421826359,0.0001339542708286,2.0,False,1.0,8.000:8.000|9.613:26.563|20.689:46.026|19.333:52.437|22.818:59.155|28.556:58.121|38.574:68.691|49.885:61.149|51.549:86.220|60.246:88.893|74.482:75.087|87.957:83.428|86.515:59.573|77.346:41.428|58.948:56.610|53.009:55.757|49.764:46.770|44.761:47.372|33.295:48.678|33.127:45.825|33.520:43.536|38.695:25.939|39.558:23.744|38.864:18.645|52.083:9.040|49.147:15.994|22.906:20.496|16.609:14.743|8.000:8.000,0-14-18-7-24-25-5-28-21-8-2-10-32-12-15-11-6-22-23-27-9-3-29-31-1-30-17-13-0,19.489490893902257
66,calm,sparse,NearestNeighbor,32,32,1.0,1.0,0.0,False,61.5,61.5,1272.026678359342,1272.6039818632755,-72.0266783593415,-152.0266783593415,True,162.0036118301239,False,True,0.0067578705318968,0.0002053439883319,2.0,True,1.0,8.000:8.000|10.976:26.873|23.322:26.774|25.347:21.059|21.531:32.682|19.362:37.066|37.028:30.472|56.546:33.519|68.586:21.032|62.929:12.794|67.544:10.372|58.273:10.786|82.849:38.158|87.847:38.545|88.237:36.114|92.874:47.694|88.165:54.154|84.858:56.815|83.251:54.937|93.734:62.688|86.258:67.504|67.560:68.358|67.026:71.275|52.224:76.729|48.685:85.793|43.333:84.362|36.977:79.332|38.892:73.153|46.162:65.294|48.332:65.508|68.340:58.197|27.055:79.327|14.966:69.832|8.000:8.000,0-20-7-26-10-8-28-31-3-24-30-21-15-22-12-18-14-32-9-16-17-23-11-1-25-5-13-6-19-27-29-2-4-0,0.001246586907655
66,calm,sparse,ValuePerDistance,32,30,0.9375,0.967479674796748,0.0,False,59.5,61.5,1247.9690894698024,1260.5310909008742,-47.96908946980187,-127.96908946980189,True,156.35464726048255,False,True,0.007838643353915,0.0002535788620484,2.0,True,1.0,8.000:8.000|21.531:32.682|19.362:37.066|23.322:26.774|25.347:21.059|58.273:10.786|62.929:12.794|67.544:10.372|68.586:21.032|87.847:38.545|88.237:36.114|82.849:38.158|88.165:54.154|83.251:54.937|84.858:56.815|86.258:67.504|93.734:62.688|67.026:71.275|67.560:68.358|48.332:65.508|46.162:65.294|52.224:76.729|48.685:85.793|43.333:84.362|36.977:79.332|27.055:79.327|14.966:69.832|38.892:73.153|68.340:58.197|56.546:33.519|37.028:30.472|8.000:8.000,0-10-8-7-26-21-24-30-3-22-12-15-14-9-32-17-16-11-23-27-19-1-25-5-13-2-4-6-29-31-28-0,0.000896343961358
66,calm,sparse,WindAwareGreedy,32,21,0.65625,0.7804878048780488,0.0,False,48.0,61.5,1249.1548523930214,1246.2208538963885,-49.15485239302143,-129.15485239302143,True,141.17413932358704,False,True,0.004404683489084,0.0002005762725183,2.0,True,1.0,8.000:8.000|21.531:32.682|48.332:65.508|67.026:71.275|67.560:68.358|86.258:67.504|68.586:21.032|58.273:10.786|62.929:12.794|67.544:10.372|87.847:38.545|82.849:38.158|68.340:58.197|27.055:79.327|14.966:69.832|36.977:79.332|48.685:85.793|52.224:76.729|46.162:65.294|38.892:73.153|19.362:37.066|23.322:26.774|8.000:8.000,0-10-27-11-23-17-3-21-24-30-22-15-29-2-4-13-25-1-19-6-8-7-0,0.000859010964632
66,calm,sparse,ReserveOnlyPlanner,32,20,0.625,0.7560975609756098,0.7560975609756098,True,46.5,61.5,1110.616686319814,1155.064407620928,89.38331368018586,9.383313680185864,False,129.3001790896664,True,False,0.0057755042022874,0.0002755569528945,2.0,False,1.0,8.000:8.000|21.531:32.682|19.362:37.066|48.332:65.508|67.026:71.275|67.560:68.358|86.258:67.504|68.340:58.197|68.586:21.032|58.273:10.786|62.929:12.794|67.544:10.372|87.847:38.545|82.849:38.158|88.165:54.154|83.251:54.937|52.224:76.729|48.685:85.793|27.055:79.327|36.977:79.332|38.892:73.153|8.000:8.000,0-10-8-27-11-23-17-29-3-21-24-30-22-15-14-9-1-25-2-13-6-0,0.0008961448911577
66,calm,sparse,FairRiskAwareGreedy,32,16,0.5,0.5934959349593496,0.5934959349593496,True,36.5,61.5,1080.0677794360008,1104.8663640814611,119.93222056399912,39.93222056399911,False,123.25583422180208,True,False,0.006052109899307,0.0003568775486779,2.0,False,1.0,8.000:8.000|68.586:21.032|58.273:10.786|48.332:65.508|27.055:79.327|14.966:69.832|67.026:71.275|86.258:67.504|67.560:68.358|52.224:76.729|36.977:79.332|48.685:85.793|21.531:32.682|19.362:37.066|10.976:26.873|23.322:26.774|25.347:21.059|8.000:8.000,0-3-21-27-2-4-11-17-23-1-13-25-10-8-20-7-26-0,0.0014550709165632
66,calm,sparse,FairALNSPlanner,32,29,0.90625,0.943089430894309,0.943089430894309,True,58.0,61.5,1049.4687747032551,1132.1429437053328,150.53122529674482,70.53122529674482,False,137.84531099310684,True,False,0.0079169242102857,0.0002647251377653,2.0,False,1.0,8.000:8.000|25.347:21.059|23.322:26.774|37.028:30.472|21.531:32.682|19.362:37.066|14.966:69.832|27.055:79.327|36.977:79.332|38.892:73.153|46.162:65.294|48.332:65.508|48.685:85.793|52.224:76.729|67.026:71.275|67.560:68.358|68.340:58.197|86.258:67.504|93.734:62.688|88.165:54.154|84.858:56.815|83.251:54.937|92.874:47.694|87.847:38.545|88.237:36.114|82.849:38.158|68.586:21.032|67.544:10.372|62.929:12.794|58.273:10.786|8.000:8.000,0-26-7-28-10-8-4-2-13-6-19-27-25-1-11-23-29-17-16-14-32-9-18-22-12-15-3-30-24-21-0,10.221397113986312
66,calm,sparse,RAWA-RHP,32,29,0.90625,0.951219512195122,0.951219512195122,True,58.5,61.5,1033.8223041455026,1113.925073858394,166.17769585449733,86.17769585449733,False,138.9250294497998,True,False,0.0079481852223333,0.0002657670388893,2.0,False,1.0,8.000:8.000|58.273:10.786|62.929:12.794|67.544:10.372|68.586:21.032|56.546:33.519|82.849:38.158|87.847:38.545|88.237:36.114|83.251:54.937|84.858:56.815|88.165:54.154|93.734:62.688|86.258:67.504|68.340:58.197|67.560:68.358|67.026:71.275|52.224:76.729|46.162:65.294|48.332:65.508|48.685:85.793|43.333:84.362|36.977:79.332|38.892:73.153|27.055:79.327|14.966:69.832|19.362:37.066|21.531:32.682|23.322:26.774|25.347:21.059|8.000:8.000,0-21-24-30-3-31-15-22-12-9-32-14-16-17-29-23-11-1-19-27-25-5-13-6-2-4-8-10-7-26-0,22.81037136609666
65,calm,sparse,NearestNeighbor,32,32,1.0,1.0,0.0,False,60.0,60.0,1406.6982295498146,1405.304691114478,-206.69822954981464,-286.69822954981464,True,164.38085233832427,False,True,0.0340156231369592,0.0010417888495051,2.0,True,1.0,8.000:8.000|11.932:39.297|13.342:42.373|16.076:51.522|23.623:55.839|30.067:59.751|34.841:52.489|27.146:39.077|50.481:40.275|54.252:33.615|72.619:25.769|86.365:31.405|96.759:38.514|97.872:43.710|92.132:45.786|89.812:47.733|87.899:46.105|83.096:47.965|78.091:43.915|75.704:51.785|73.602:52.393|69.257:56.483|69.061:60.280|66.858:63.283|61.805:64.077|78.327:79.266|68.093:87.616|81.409:65.406|82.630:57.593|30.450:71.097|26.404:74.721|33.262:88.772|10.683:88.216|8.000:8.000,0-28-24-11-2-9-25-20-7-16-6-18-23-32-3-5-10-4-1-21-8-22-27-29-31-15-26-19-14-17-30-12-13-0,0.0012097000144422
65,calm,sparse,ValuePerDistance,32,27,0.84375,0.9,0.0,False,54.0,60.0,1381.80481176513,1379.591883736049,-181.8048117651303,-261.8048117651303,True,156.96995518324076,False,True,0.0097334580286413,0.0003487949374934,2.0,True,1.0,8.000:8.000|13.342:42.373|11.932:39.297|16.076:51.522|27.146:39.077|30.067:59.751|30.450:71.097|26.404:74.721|33.262:88.772|10.683:88.216|81.409:65.406|82.630:57.593|75.704:51.785|73.602:52.393|69.257:56.483|69.061:60.280|66.858:63.283|61.805:64.077|78.327:79.266|68.093:87.616|89.812:47.733|87.899:46.105|92.132:45.786|97.872:43.710|96.759:38.514|86.365:31.405|78.091:43.915|83.096:47.965|8.000:8.000,0-24-28-11-20-9-17-30-12-13-19-14-21-8-22-27-29-31-15-26-5-10-3-32-23-18-1-4-0,0.0008891220204532
65,calm,sparse,WindAwareGreedy,32,19,0.59375,0.7166666666666667,0.0,False,43.0,60.0,1395.1960976131174,1399.0955941023851,-195.19609761311744,-275.19609761311744,True,145.24292452917194,False,True,0.0293404078712635,0.0014812308615268,2.0,True,1.0,8.000:8.000|13.342:42.373|16.076:51.522|27.146:39.077|30.450:71.097|26.404:74.721|30.067:59.751|69.061:60.280|81.409:65.406|75.704:51.785|73.602:52.393|69.257:56.483|61.805:64.077|78.327:79.266|68.093:87.616|33.262:88.772|10.683:88.216|11.932:39.297|54.252:33.615|86.365:31.405|8.000:8.000,0-24-11-20-17-30-9-27-19-21-8-22-31-15-26-12-13-28-16-18-0,0.0007647930178791
65,calm,sparse,ReserveOnlyPlanner,32,20,0.625,0.7333333333333333,0.7333333333333333,True,44.0,60.0,1112.7757798503085,1141.9759095715358,87.22422014969175,7.224220149691746,False,123.4041006595967,True,False,0.0101849935647375,0.0004867626506546,2.0,False,1.0,8.000:8.000|13.342:42.373|16.076:51.522|27.146:39.077|30.450:71.097|26.404:74.721|10.683:88.216|33.262:88.772|69.061:60.280|75.704:51.785|81.409:65.406|78.327:79.266|68.093:87.616|61.805:64.077|69.257:56.483|73.602:52.393|89.812:47.733|87.899:46.105|83.096:47.965|78.091:43.915|54.252:33.615|8.000:8.000,0-24-11-20-17-30-13-12-27-21-19-15-26-31-22-8-5-10-4-1-16-0,0.0008945749141275
65,calm,sparse,FairRiskAwareGreedy,32,18,0.5625,0.6833333333333333,0.6833333333333333,True,41.0,60.0,1089.6538105593193,1114.392569501852,110.34618944068085,30.34618944068083,False,129.73234297880632,True,False,0.0101849935655174,0.0005380008244492,2.0,False,1.0,8.000:8.000|13.342:42.373|16.076:51.522|27.146:39.077|30.450:71.097|26.404:74.721|30.067:59.751|69.061:60.280|75.704:51.785|81.409:65.406|78.327:79.266|69.257:56.483|73.602:52.393|54.252:33.615|61.805:64.077|68.093:87.616|33.262:88.772|10.683:88.216|11.932:39.297|8.000:8.000,0-24-11-20-17-30-9-27-21-19-15-22-8-16-31-26-12-13-28-0,0.0013381331227719
65,calm,sparse,FairALNSPlanner,32,22,0.6875,0.8,0.8,True,48.0,60.0,1065.9543552597931,1126.3261410667792,134.04564474020697,54.04564474020697,False,133.48845306438434,True,False,0.0227852354990476,0.0009971432677558,2.0,False,1.0,8.000:8.000|27.146:39.077|30.067:59.751|30.450:71.097|61.805:64.077|78.327:79.266|81.409:65.406|82.630:57.593|89.812:47.733|92.132:45.786|86.365:31.405|54.252:33.615|73.602:52.393|75.704:51.785|69.257:56.483|69.061:60.280|68.093:87.616|33.262:88.772|10.683:88.216|26.404:74.721|16.076:51.522|13.342:42.373|11.932:39.297|8.000:8.000,0-20-9-17-31-15-19-14-5-3-18-16-8-21-22-27-26-12-13-30-11-24-28-0,7.004485042998567
65,calm,sparse,RAWA-RHP,32,30,0.9375,0.9666666666666668,0.9666666666666668,True,58.0,60.0,1023.0327285159456,1098.038251766103,176.9672714840542,96.9672714840542,False,140.01562246843403,True,False,0.0096671296117687,0.0003128814312568,2.0,False,1.0,8.000:8.000|11.932:39.297|13.342:42.373|16.076:51.522|23.623:55.839|30.067:59.751|30.450:71.097|26.404:74.721|10.683:88.216|33.262:88.772|68.093:87.616|78.327:79.266|81.409:65.406|82.630:57.593|83.096:47.965|87.899:46.105|89.812:47.733|92.132:45.786|97.872:43.710|96.759:38.514|86.365:31.405|78.091:43.915|75.704:51.785|73.602:52.393|69.257:56.483|69.061:60.280|66.858:63.283|61.805:64.077|54.252:33.615|50.481:40.275|27.146:39.077|8.000:8.000,0-28-24-11-2-9-17-30-13-12-26-15-19-14-4-10-5-3-32-23-18-1-21-8-22-27-29-31-16-7-20-0,47.05342420586385
66,severe,sparse,NearestNeighbor,32,17,0.53125,0.4883720930232558,0.0,False,31.5,64.5,1593.031837637293,1615.4442296512043,-393.03183763729305,-473.03183763729305,True,98.4050840374414,False,True,0.0625339100523026,0.0035462884070105,2.0,True,1.0,8.000:8.000|31.226:27.430|26.432:33.890|42.341:45.285|54.230:42.621|51.955:36.969|54.722:22.601|51.286:18.336|39.681:12.443|66.826:39.397|65.425:44.898|75.267:49.302|78.835:49.967|87.576:44.097|89.881:41.568|93.601:48.979|85.323:59.412|75.131:63.442|8.000:8.000,0-16-1-9-14-4-8-5-23-6-30-24-22-18-7-10-31-20-0,0.0009253751486539
66,severe,sparse,ValuePerDistance,32,15,0.46875,0.4883720930232558,0.0,False,31.5,64.5,1531.7043379603049,1576.6716247796307,-331.7043379603048,-411.7043379603048,True,93.27557583629118,False,True,0.1788830689953805,0.0114311265178746,2.0,True,1.0,8.000:8.000|31.226:27.430|26.432:33.890|51.955:36.969|54.230:42.621|65.425:44.898|66.826:39.397|70.671:55.475|78.835:49.967|75.267:49.302|89.881:41.568|87.576:44.097|93.601:48.979|74.180:72.348|70.725:72.952|65.617:87.977|8.000:8.000,0-16-1-4-14-30-6-13-22-24-7-18-10-3-26-25-0,0.0006685978733003
66,severe,sparse,WindAwareGreedy,32,13,0.40625,0.4496124031007752,0.0,False,29.0,64.5,1810.3011825530584,1850.473621791567,-610.3011825530582,-690.3011825530582,True,98.06518863663916,False,True,0.1050282965697536,0.0077450848080722,2.0,True,1.0,8.000:8.000|39.681:12.443|31.226:27.430|51.955:36.969|70.671:55.475|65.425:44.898|66.826:39.397|78.835:49.967|89.881:41.568|93.601:48.979|54.230:42.621|54.722:22.601|51.286:18.336|90.174:20.735|8.000:8.000,0-23-16-4-13-30-6-22-7-10-14-8-5-28-0,0.0006324111018329
66,severe,sparse,ReserveOnlyPlanner,32,10,0.3125,0.3643410852713178,0.3643410852713178,True,23.5,64.5,1064.8429838183963,1174.930681268157,135.15701618160344,55.15701618160344,False,60.47510200110435,True,False,0.0114064812130564,0.0010400152547445,2.0,False,1.0,8.000:8.000|39.681:12.443|51.286:18.336|54.722:22.601|51.955:36.969|54.230:42.621|65.425:44.898|70.671:55.475|78.835:49.967|66.826:39.397|31.226:27.430|8.000:8.000,0-23-5-8-4-14-30-13-22-6-16-0,0.0005667370278388
66,severe,sparse,FairRiskAwareGreedy,32,12,0.375,0.4496124031007752,0.4496124031007752,True,29.0,64.5,988.2371113107696,1043.3600325907955,211.7628886892304,131.7628886892304,False,94.35502024534895,True,False,0.004484656413535,0.0003449830899853,2.0,False,1.0,8.000:8.000|31.226:27.430|39.681:12.443|54.722:22.601|70.671:55.475|65.617:87.977|68.549:91.338|65.425:44.898|78.835:49.967|89.881:41.568|66.826:39.397|34.197:57.669|26.432:33.890|8.000:8.000,0-16-23-8-13-25-12-30-22-7-6-19-1-0,0.0008848791476339
66,severe,sparse,FairALNSPlanner,32,4,0.125,0.1550387596899224,0.1550387596899224,True,10.0,64.5,474.4723777793153,532.0865197631823,725.5276222206845,645.5276222206845,False,40.3612378270473,True,False,0.0081651894969052,0.0016330713909828,2.0,False,1.0,8.000:8.000|31.226:27.430|34.197:57.669|32.683:75.244|27.049:75.445|8.000:8.000,0-16-19-2-15-0,2.2450120740104467
66,severe,sparse,RAWA-RHP,32,24,0.75,0.813953488372093,0.813953488372093,True,52.5,64.5,1021.3238428661874,1222.3982018487866,178.6761571338123,98.6761571338123,False,112.68385222204896,True,False,0.0832106471234029,0.0034145856687941,2.0,False,1.0,8.000:8.000|39.681:12.443|54.722:22.601|51.955:36.969|54.230:42.621|65.425:44.898|66.826:39.397|78.835:49.967|75.267:49.302|70.671:55.475|75.131:63.442|70.725:72.952|74.180:72.348|80.141:86.340|73.221:92.914|68.549:91.338|65.617:87.977|48.398:88.692|38.204:85.357|27.049:75.445|32.683:75.244|34.197:57.669|26.715:56.717|26.432:33.890|31.226:27.430|8.000:8.000,0-23-8-4-14-30-6-22-24-13-20-26-3-32-17-12-25-27-29-15-2-19-11-1-16-0,25.808106092037637
66,severe,cluttered,NearestNeighbor,32,18,0.5625,0.5413533834586466,0.0,False,36.0,66.5,1536.7261103750332,1508.379834999823,-336.7261103750332,-416.7261103750332,True,97.12437272975036,False,True,0.0948308043808466,0.0050226781220249,2.0,True,1.0,8.000:8.000|29.867:28.970|31.122:32.267|27.812:32.083|37.193:37.176|35.561:45.010|44.414:42.292|47.511:31.816|47.565:18.476|67.311:23.491|72.595:17.485|75.250:16.630|88.566:38.181|89.761:59.448|83.076:60.707|80.359:60.411|73.874:56.800|70.364:66.092|69.353:71.067|8.000:8.000,0-9-16-11-7-25-6-12-26-1-10-21-32-13-28-24-14-18-3-0,0.0009614089503884
66,severe,cluttered,ValuePerDistance,32,16,0.5,0.5338345864661654,0.0,False,35.5,66.5,1463.3028881077985,1481.5034868990408,-263.30288810779814,-343.30288810779814,True,92.01936659261912,False,True,0.0093899129095222,0.000553708312657,2.0,True,1.0,8.000:8.000|29.867:28.970|31.122:32.267|27.812:32.083|37.193:37.176|35.561:45.010|44.414:42.292|47.511:31.816|60.521:49.410|73.874:56.800|83.076:60.707|80.359:60.411|89.761:59.448|70.364:66.092|69.353:71.067|69.173:86.611|68.507:91.135|8.000:8.000,0-9-16-11-7-25-6-12-2-14-28-24-13-18-3-4-27-0,0.0006134300492703
66,severe,cluttered,WindAwareGreedy,32,16,0.5,0.4887218045112781,0.0,False,32.5,66.5,1433.0128410162297,1473.2769856563586,-233.01284101622971,-313.01284101622974,True,92.0560902354465,False,True,0.1007820253008097,0.0060003126242874,2.0,True,1.0,8.000:8.000|29.867:28.970|37.193:37.176|31.122:32.267|27.812:32.083|35.561:45.010|44.414:42.292|47.511:31.816|47.565:18.476|67.311:23.491|72.595:17.485|75.250:16.630|88.566:38.181|89.761:59.448|83.076:60.707|73.874:56.800|60.521:49.410|8.000:8.000,0-9-7-16-11-25-6-12-26-1-10-21-32-13-28-14-2-0,0.0006792771164327
66,severe,cluttered,ReserveOnlyPlanner,32,10,0.3125,0.2781954887218045,0.2781954887218045,True,18.5,66.5,1088.5129830216058,1188.4567214323845,111.48701697839422,31.487016978394223,False,62.59958765839353,True,False,0.0385646726976515,0.0035111766822174,2.0,False,1.0,8.000:8.000|29.867:28.970|31.122:32.267|37.193:37.176|47.511:31.816|47.565:18.476|67.311:23.491|72.595:17.485|75.250:16.630|60.521:49.410|44.414:42.292|8.000:8.000,0-9-16-7-12-26-1-10-21-2-6-0,0.0005502591375261
66,severe,cluttered,FairRiskAwareGreedy,32,15,0.46875,0.5263157894736842,0.5263157894736842,True,35.0,66.5,1052.1144233972443,1100.0099996760832,147.88557660275532,67.88557660275532,False,99.88959835143665,True,False,0.0070673493096666,0.000441903660177,2.8284271247461903,False,1.0,8.000:8.000|29.867:28.970|37.193:37.176|35.561:45.010|31.122:32.267|47.511:31.816|44.414:42.292|27.219:69.834|38.769:73.930|89.761:59.448|83.076:60.707|73.874:56.800|60.521:49.410|70.364:66.092|69.353:71.067|27.812:32.083|8.000:8.000,0-9-7-25-16-12-6-19-17-13-28-14-2-18-3-11-0,0.001079938141629
66,severe,cluttered,FairALNSPlanner,32,20,0.625,0.7218045112781954,0.7218045112781954,True,48.0,66.5,1060.5883441010646,1253.8356690282717,139.41165589893538,59.41165589893538,False,108.98624667443696,True,False,0.0150303243222784,0.0007178957982952,2.0,False,1.0,8.000:8.000|29.867:28.970|31.122:32.267|35.561:45.010|30.772:59.537|31.555:69.670|38.769:73.930|27.219:69.834|8.727:81.027|15.877:79.850|20.675:85.235|25.088:96.895|35.817:91.933|69.173:86.611|89.761:59.448|83.076:60.707|80.359:60.411|73.874:56.800|60.521:49.410|44.414:42.292|37.193:37.176|8.000:8.000,0-9-16-25-29-20-17-19-15-5-22-30-8-4-13-28-24-14-2-6-7-0,5.1992571509908885
66,severe,cluttered,RAWA-RHP,32,21,0.65625,0.7368421052631579,0.7368421052631579,True,49.0,66.5,1050.4345003898743,1244.076126757186,149.56549961012544,69.56549961012544,False,111.52197624646249,True,False,0.0308068752155832,0.0014151700346426,2.0,False,1.0,8.000:8.000|8.727:81.027|15.877:79.850|20.675:85.235|27.219:69.834|31.555:69.670|38.769:73.930|30.772:59.537|35.561:45.010|44.414:42.292|69.353:71.067|70.364:66.092|80.359:60.411|83.076:60.707|89.761:59.448|73.874:56.800|60.521:49.410|47.511:31.816|37.193:37.176|31.122:32.267|27.812:32.083|29.867:28.970|8.000:8.000,0-15-5-22-19-20-17-29-25-6-3-18-24-28-13-14-2-12-7-16-11-9-0,17.73410615604371
66,moderate,cluttered,NearestNeighbor,32,27,0.84375,0.8524590163934426,0.0,False,52.0,61.0,1713.1842899888566,1706.4740777595953,-513.1842899888568,-593.1842899888568,True,144.30474656958592,False,True,0.0992564219519241,0.0036915746498604,2.0,True,1.0,8.000:8.000|29.452:31.715|24.878:40.250|21.819:38.554|34.830:49.731|42.309:43.166|46.676:42.924|49.228:42.233|53.725:46.670|54.475:54.058|51.336:67.264|51.913:73.378|53.030:75.106|58.132:79.772|56.040:81.625|48.897:89.238|36.379:79.077|30.795:79.679|43.164:61.264|28.186:58.796|66.836:73.519|71.481:64.162|83.043:65.405|89.349:65.018|89.468:80.205|88.410:84.816|73.759:51.700|86.304:43.414|8.000:8.000,0-25-21-5-6-7-26-17-27-4-13-15-31-29-19-20-24-12-3-1-10-22-9-32-28-2-8-18-0,0.001163356937468
66,moderate,cluttered,ValuePerDistance,32,25,0.78125,0.8278688524590164,0.0,False,50.5,61.0,1605.1547446710852,1606.3351415709053,-405.1547446710855,-485.1547446710855,True,137.19360333377946,False,True,0.1628262370253912,0.0066716393334406,2.0,True,1.0,8.000:8.000|21.819:38.554|24.878:40.250|29.452:31.715|28.186:58.796|36.379:79.077|30.795:79.679|51.913:73.378|53.030:75.106|56.040:81.625|58.132:79.772|66.836:73.519|71.481:64.162|83.043:65.405|89.349:65.018|89.468:80.205|88.410:84.816|51.336:67.264|53.725:46.670|49.228:42.233|46.676:42.924|42.309:43.166|34.830:49.731|43.164:61.264|54.475:54.058|69.859:34.470|8.000:8.000,0-5-21-25-1-24-12-15-31-19-29-10-22-9-32-28-2-13-27-17-26-7-6-3-4-14-0,0.000855770194903
66,moderate,cluttered,WindAwareGreedy,32,14,0.4375,0.5573770491803278,0.0,False,34.0,61.0,1355.2765659389772,1363.197183116034,-155.27656593897711,-235.27656593897711,True,108.56837079569564,False,True,0.3245863003620147,0.0236556552370655,2.0,True,1.0,8.000:8.000|28.186:58.796|49.228:42.233|53.725:46.670|69.859:34.470|79.731:10.061|90.981:25.885|66.836:73.519|51.913:73.378|51.336:67.264|56.040:81.625|53.030:75.106|36.379:79.077|30.795:79.679|24.878:40.250|8.000:8.000,0-1-17-27-14-23-30-10-15-13-19-31-24-12-21-0,0.0006758621893823
66,moderate,cluttered,ReserveOnlyPlanner,32,11,0.34375,0.3688524590163934,0.3688524590163934,True,22.5,61.0,1044.2387944226618,1101.8996989166458,155.76120557733805,75.76120557733805,False,77.3025602953228,True,False,0.1769852287779325,0.0157457818008512,2.0,False,1.0,8.000:8.000|29.452:31.715|24.878:40.250|21.819:38.554|28.186:58.796|49.228:42.233|53.725:46.670|69.859:34.470|79.731:10.061|90.981:25.885|71.359:23.809|60.892:14.891|8.000:8.000,0-25-21-5-1-17-27-14-23-30-16-11-0,0.0006075529381632
66,moderate,cluttered,FairRiskAwareGreedy,32,12,0.375,0.4098360655737705,0.4098360655737705,True,25.0,61.0,1081.606998064939,1117.7178073969849,118.39300193506094,38.39300193506094,False,109.6221983583468,True,False,0.0060923559162092,0.0004697205199879,2.8284271247461903,False,1.0,8.000:8.000|21.819:38.554|49.228:42.233|53.725:46.670|66.836:73.519|53.030:75.106|56.040:81.625|29.452:31.715|79.731:10.061|90.981:25.885|42.309:43.166|46.676:42.924|54.475:54.058|8.000:8.000,0-5-17-27-10-31-19-25-23-30-7-26-4-0,0.0007538928184658
66,moderate,cluttered,FairALNSPlanner,32,21,0.65625,0.7213114754098361,0.7213114754098361,True,44.0,61.0,1057.1463302269322,1180.9158010384645,142.85366977306802,62.85366977306802,False,120.76537516460571,True,False,0.0420954636465016,0.0019441879681582,2.0,False,1.0,8.000:8.000|21.819:38.554|24.878:40.250|42.309:43.166|28.186:58.796|36.379:79.077|34.830:49.731|54.475:54.058|51.913:73.378|53.030:75.106|56.040:81.625|58.132:79.772|51.336:67.264|66.836:73.519|89.349:65.018|89.468:80.205|83.043:65.405|71.481:64.162|53.725:46.670|49.228:42.233|46.676:42.924|29.452:31.715|8.000:8.000,0-5-21-7-1-24-6-4-15-31-19-29-13-10-32-28-9-22-27-17-26-25-0,6.257581986952573
66,moderate,cluttered,RAWA-RHP,32,23,0.71875,0.819672131147541,0.819672131147541,True,50.0,61.0,1061.6974268873198,1191.3765032081012,138.30257311268014,58.302573112680136,False,127.92218488880926,True,False,0.0516183804499862,0.002190067644025,2.0,False,1.0,8.000:8.000|79.731:10.061|90.981:25.885|69.859:34.470|46.676:42.924|49.228:42.233|53.725:46.670|54.475:54.058|51.336:67.264|53.030:75.106|51.913:73.378|66.836:73.519|71.481:64.162|83.043:65.405|89.349:65.018|89.468:80.205|88.410:84.816|56.040:81.625|36.379:79.077|28.186:58.796|34.830:49.731|24.878:40.250|21.819:38.554|29.452:31.715|8.000:8.000,0-23-30-14-26-17-27-4-13-31-15-10-22-9-32-28-2-19-24-1-6-21-5-25-0,26.976473963120952
65,moderate,cluttered,NearestNeighbor,32,27,0.84375,0.8617886178861789,0.0,False,53.0,61.5,1527.8021418154394,1517.458881660076,-327.8021418154393,-407.8021418154393,True,144.7596771767017,False,True,0.0380125333774683,0.0013694614237395,2.0,True,1.0,8.000:8.000|36.094:14.191|48.833:14.705|57.211:14.840|68.250:21.713|69.057:29.549|72.116:28.535|63.439:30.031|60.922:33.206|74.956:42.760|78.653:38.525|80.352:47.950|68.279:50.265|64.775:61.578|47.009:57.561|37.756:52.280|37.965:47.259|39.514:43.065|29.266:59.750|23.406:60.241|33.631:72.596|39.442:78.272|40.518:80.620|44.103:81.924|57.557:82.471|76.757:90.498|93.393:66.499|95.937:40.192|8.000:8.000,0-4-7-16-23-26-25-2-11-1-8-31-29-17-15-32-13-22-21-12-19-30-28-3-5-24-18-20-0,0.001202595885843
65,moderate,cluttered,ValuePerDistance,32,26,0.8125,0.8699186991869918,0.0,False,53.5,61.5,1603.519761499925,1595.127779607471,-403.5197614999248,-483.5197614999248,True,147.61568491205662,False,True,0.056455431757713,0.0021302255525385,2.0,True,1.0,8.000:8.000|36.094:14.191|48.833:14.705|57.211:14.840|60.922:33.206|63.439:30.031|72.116:28.535|69.057:29.549|78.653:38.525|74.956:42.760|80.352:47.950|68.279:50.265|47.009:57.561|37.965:47.259|37.756:52.280|29.266:59.750|23.406:60.241|12.738:80.434|16.586:90.642|26.861:93.009|39.442:78.272|40.518:80.620|44.103:81.924|57.557:82.471|76.757:90.498|93.393:66.499|95.937:40.192|8.000:8.000,0-4-7-16-11-2-25-26-8-1-31-29-15-13-32-21-12-10-9-6-30-28-3-5-24-18-20-0,0.0009072800166904
65,moderate,cluttered,WindAwareGreedy,32,17,0.53125,0.6747967479674797,0.0,False,41.5,61.5,1493.727041461153,1487.7010790212075,-293.72704146115325,-373.7270414611533,True,125.48332271760634,False,True,4.979531107118795e-06,2.7664112412568224e-07,2.8284271247461903,True,1.0,8.000:8.000|36.094:14.191|57.211:14.840|72.116:28.535|78.653:38.525|80.352:47.950|68.279:50.265|60.922:33.206|74.956:42.760|47.009:57.561|37.965:47.259|29.266:59.750|12.738:80.434|23.406:60.241|37.756:52.280|27.810:23.930|48.833:14.705|69.057:29.549|8.000:8.000,0-4-16-25-8-31-29-11-1-15-13-21-10-12-32-27-7-26-0,0.0007408910896629
65,moderate,cluttered,ReserveOnlyPlanner,32,14,0.4375,0.5691056910569106,0.5691056910569106,True,35.0,61.5,1072.0502710704695,1185.6679804717246,127.9497289295304,47.94972892953041,False,92.83448315140198,True,False,0.0456151414450695,0.0030698532339674,2.0,False,1.0,8.000:8.000|36.094:14.191|57.211:14.840|72.116:28.535|78.653:38.525|80.352:47.950|68.279:50.265|74.956:42.760|60.922:33.206|69.057:29.549|97.037:26.140|95.937:40.192|47.009:57.561|37.965:47.259|39.514:43.065|8.000:8.000,0-4-16-25-8-31-29-1-11-26-14-20-15-13-22-0,0.0006927989888936
65,moderate,cluttered,FairRiskAwareGreedy,32,16,0.5,0.6260162601626016,0.6260162601626016,True,38.5,61.5,1092.3281599769268,1147.2774732415514,107.67184002307314,27.671840023073145,False,121.1518099907881,True,False,8.910560387775934e-05,5.24164657237304e-06,2.8284271247461903,False,1.0,8.000:8.000|36.094:14.191|57.211:14.840|72.116:28.535|78.653:38.525|68.279:50.265|60.922:33.206|80.352:47.950|74.956:42.760|47.009:57.561|37.965:47.259|12.738:80.434|29.266:59.750|23.406:60.241|37.756:52.280|57.557:82.471|39.514:43.065|8.000:8.000,0-4-16-25-8-29-11-31-1-15-13-10-21-12-32-5-22-0,0.0010829779785126
65,moderate,cluttered,FairALNSPlanner,32,25,0.78125,0.8130081300813008,0.8130081300813008,True,50.0,61.5,1015.217979720873,1136.1476676462105,184.78202027912693,104.78202027912693,False,128.91141094121747,True,False,0.0130748411651716,0.0005029910699,2.0,False,1.0,8.000:8.000|12.738:80.434|23.406:60.241|29.266:59.750|37.756:52.280|37.965:47.259|39.514:43.065|33.631:72.596|39.442:78.272|40.518:80.620|44.103:81.924|57.557:82.471|47.009:57.561|64.775:61.578|68.279:50.265|74.956:42.760|78.653:38.525|80.352:47.950|60.922:33.206|63.439:30.031|69.057:29.549|72.116:28.535|68.250:21.713|57.211:14.840|48.833:14.705|36.094:14.191|8.000:8.000,0-10-12-21-32-13-22-19-30-28-3-5-15-17-29-1-8-31-11-2-26-25-23-16-7-4-0,7.330617127940059
65,moderate,cluttered,RAWA-RHP,32,27,0.84375,0.8861788617886179,0.8861788617886179,True,54.5,61.5,1050.3558943103394,1190.8415665680889,149.64410568966082,69.64410568966082,False,134.27802601671604,True,False,0.0973284605715881,0.0036165769257031,2.0,False,1.0,8.000:8.000|27.810:23.930|37.965:47.259|37.756:52.280|47.009:57.561|29.266:59.750|23.406:60.241|33.631:72.596|39.442:78.272|40.518:80.620|44.103:81.924|57.557:82.471|76.757:90.498|64.775:61.578|68.279:50.265|74.956:42.760|78.653:38.525|80.352:47.950|95.937:40.192|97.037:26.140|72.116:28.535|69.057:29.549|63.439:30.031|60.922:33.206|68.250:21.713|57.211:14.840|48.833:14.705|36.094:14.191|8.000:8.000,0-27-13-32-15-21-12-19-30-28-3-5-24-17-29-1-8-31-20-14-25-26-2-11-23-16-7-4-0,48.02304548281245
64,moderate,sparse,NearestNeighbor,32,29,0.90625,0.9015151515151516,0.0,False,59.5,66.0,1353.8408481850431,1340.050049568569,-153.8408481850434,-233.8408481850434,True,128.68481019675323,False,True,0.0544156692843723,0.0018399675172259,2.0,True,1.0,8.000:8.000|22.845:24.935|21.765:28.300|17.187:37.404|11.183:35.294|12.167:49.199|11.017:54.441|40.598:61.575|58.175:56.018|60.007:54.624|62.567:62.443|67.889:61.522|69.326:64.818|77.571:57.696|78.451:54.581|82.527:62.662|84.998:46.020|87.336:46.283|91.210:48.431|65.359:39.479|61.173:39.296|53.588:43.666|54.810:24.998|44.945:29.124|42.556:28.633|40.510:26.201|37.903:23.518|40.220:20.597|28.544:15.478|33.035:32.431|8.000:8.000,0-9-31-29-10-24-26-15-5-4-2-23-18-22-6-14-7-17-28-32-19-16-13-11-20-25-30-27-12-21-0,0.0012103430926799
64,moderate,sparse,ValuePerDistance,32,27,0.84375,0.9090909090909092,0.0,False,60.0,66.0,1577.9398596055444,1622.396018284,-377.9398596055448,-457.9398596055448,True,144.7345349004011,False,True,0.0895572506126787,0.0032876797444676,2.0,True,1.0,8.000:8.000|28.544:15.478|22.845:24.935|21.765:28.300|17.187:37.404|11.183:35.294|11.017:54.441|12.167:49.199|40.598:61.575|53.588:43.666|61.173:39.296|65.359:39.479|54.810:24.998|40.510:26.201|42.556:28.633|44.945:29.124|37.903:23.518|40.220:20.597|33.035:32.431|87.336:46.283|84.998:46.020|78.451:54.581|77.571:57.696|67.889:61.522|69.326:64.818|62.567:62.443|58.470:73.805|54.273:90.250|8.000:8.000,0-12-9-31-29-10-26-24-15-16-19-32-13-25-20-11-30-27-21-17-7-6-22-23-18-2-3-1-0,0.0008921469561755
64,moderate,sparse,WindAwareGreedy,32,19,0.59375,0.7121212121212122,0.0,False,47.0,66.0,1330.29294160392,1343.4142471727366,-130.29294160392004,-210.29294160392004,True,111.57077260522908,False,True,0.0168183523397316,0.0008462645103384,2.0,True,1.0,8.000:8.000|11.183:35.294|17.187:37.404|40.510:26.201|37.903:23.518|42.556:28.633|53.588:43.666|40.598:61.575|58.470:73.805|54.273:90.250|67.889:61.522|77.571:57.696|78.451:54.581|87.336:46.283|84.998:46.020|54.810:24.998|28.544:15.478|22.845:24.935|21.765:28.300|33.035:32.431|8.000:8.000,0-10-29-25-30-20-16-15-3-1-23-22-6-17-7-13-12-9-31-21-0,0.0008414899930357
64,moderate,sparse,ReserveOnlyPlanner,32,16,0.5,0.5454545454545454,0.5454545454545454,True,36.0,66.0,1073.6735565323445,1141.470841468315,126.32644346765574,46.326443467655736,False,90.3895176255211,True,False,0.078811929649059,0.0047318728607717,2.0,False,1.0,8.000:8.000|11.183:35.294|17.187:37.404|11.017:54.441|12.167:49.199|40.598:61.575|53.588:43.666|40.510:26.201|42.556:28.633|37.903:23.518|28.544:15.478|22.845:24.935|21.765:28.300|33.035:32.431|40.220:20.597|54.810:24.998|44.945:29.124|8.000:8.000,0-10-29-26-24-15-16-25-20-30-12-9-31-21-27-13-11-0,0.0008663060143589
64,moderate,sparse,FairRiskAwareGreedy,32,19,0.59375,0.6893939393939394,0.6893939393939394,True,45.5,66.0,1083.9775582117015,1122.1407248794744,116.02244178829902,36.02244178829902,False,122.44082994246745,True,False,0.013524956332661,0.000679461383143,2.0,False,1.0,8.000:8.000|40.510:26.201|42.556:28.633|28.544:15.478|11.183:35.294|17.187:37.404|21.765:28.300|22.845:24.935|33.035:32.431|54.810:24.998|53.588:43.666|40.598:61.575|87.336:46.283|84.998:46.020|78.451:54.581|77.571:57.696|58.470:73.805|54.273:90.250|11.017:54.441|12.167:49.199|8.000:8.000,0-25-20-12-10-29-31-9-21-13-16-15-17-7-6-22-3-1-26-24-0,0.0014976309612393
64,moderate,sparse,FairALNSPlanner,32,29,0.90625,0.9166666666666666,0.9166666666666666,True,60.5,66.0,1050.500092931999,1198.6981151120767,149.4999070680015,69.4999070680015,False,135.99642156690675,True,False,0.0046170305951983,0.0001541877342979,2.0,False,1.0,8.000:8.000|28.544:15.478|50.272:12.828|54.810:24.998|61.173:39.296|65.359:39.479|91.210:48.431|87.336:46.283|84.998:46.020|78.451:54.581|77.571:57.696|69.326:64.818|67.889:61.522|62.567:62.443|58.470:73.805|54.273:90.250|40.598:61.575|58.175:56.018|60.007:54.624|53.588:43.666|44.945:29.124|42.556:28.633|40.510:26.201|33.035:32.431|22.845:24.935|21.765:28.300|17.187:37.404|12.167:49.199|11.017:54.441|11.183:35.294|8.000:8.000,0-12-8-13-19-32-28-17-7-6-22-18-23-2-3-1-15-5-4-16-11-20-25-21-9-31-29-24-26-10-0,9.639197474811226
64,moderate,sparse,RAWA-RHP,32,29,0.90625,0.9545454545454546,0.9545454545454546,True,63.0,66.0,1030.417128686308,1179.5455704778838,169.58287131369195,89.58287131369195,False,134.5203130069146,True,False,0.0238440070639213,0.000800351056952,2.0,False,1.0,8.000:8.000|28.544:15.478|50.272:12.828|54.810:24.998|61.173:39.296|65.359:39.479|84.998:46.020|87.336:46.283|91.210:48.431|78.451:54.581|77.571:57.696|69.326:64.818|67.889:61.522|62.567:62.443|58.470:73.805|54.273:90.250|40.598:61.575|53.588:43.666|44.945:29.124|42.556:28.633|40.510:26.201|40.220:20.597|37.903:23.518|33.035:32.431|22.845:24.935|21.765:28.300|17.187:37.404|12.167:49.199|11.017:54.441|11.183:35.294|8.000:8.000,0-12-8-13-19-32-7-17-28-6-22-18-23-2-3-1-15-16-11-20-25-27-30-21-9-31-29-24-26-10-0,64.10746161779389
67,calm,cluttered,NearestNeighbor,32,28,0.875,0.912,0.0,False,57.0,62.5,1432.2511048051344,1436.4601886505025,-232.2511048051344,-312.25110480513445,True,167.68248770390335,False,True,0.0164126636761515,0.0005695550893199,2.0,True,1.0,8.000:8.000|8.748:20.419|32.327:17.720|46.449:17.743|52.302:21.057|62.591:21.870|60.462:38.515|64.121:39.278|71.772:55.280|72.976:61.968|88.787:62.141|94.340:66.904|86.279:78.611|78.878:79.564|61.416:77.246|61.974:73.877|56.005:60.604|56.508:56.659|46.292:65.852|42.918:71.197|38.019:72.059|33.416:64.067|36.573:43.611|42.693:39.191|28.799:39.132|15.881:42.957|14.067:88.397|80.870:98.249|83.263:97.372|8.000:8.000,0-29-22-5-18-32-26-6-3-25-4-20-21-1-17-23-12-27-31-13-9-7-14-16-10-8-15-2-11-0,0.001178469043225
67,calm,cluttered,ValuePerDistance,32,26,0.8125,0.856,0.0,False,53.5,62.5,1291.634636572521,1284.463575165243,-91.6346365725214,-171.6346365725214,True,151.82494258170405,False,True,0.0256519706046569,0.00096059389102,2.0,True,1.0,8.000:8.000|8.748:20.419|32.327:17.720|46.449:17.743|52.302:21.057|62.591:21.870|60.462:38.515|64.121:39.278|72.976:61.968|71.772:55.280|78.878:79.564|86.279:78.611|94.340:66.904|88.787:62.141|84.980:40.391|83.597:44.109|56.508:56.659|56.005:60.604|46.292:65.852|33.416:64.067|38.019:72.059|42.918:71.197|36.573:43.611|42.693:39.191|28.799:39.132|15.881:42.957|14.067:88.397|8.000:8.000,0-29-22-5-18-32-26-6-25-3-1-21-20-4-28-19-27-12-31-7-9-13-14-16-10-8-15-0,0.0008271448314189
67,calm,cluttered,WindAwareGreedy,32,20,0.625,0.704,0.704,True,44.0,62.5,1084.8786467821878,1081.8418312937492,115.12135321781258,35.12135321781258,False,123.45254403733584,True,False,0.0198680227927418,0.0009533623075557,2.0,False,1.0,8.000:8.000|32.327:17.720|28.799:39.132|36.573:43.611|33.416:64.067|38.019:72.059|46.292:65.852|78.878:79.564|72.976:61.968|64.121:39.278|60.462:38.515|42.693:39.191|46.449:17.743|52.302:21.057|62.591:21.870|84.980:40.391|83.597:44.109|56.508:56.659|56.005:60.604|15.881:42.957|8.748:20.419|8.000:8.000,0-22-10-14-7-9-31-1-25-6-26-16-5-18-32-28-19-27-12-8-29-0,0.0008429479785263
67,calm,cluttered,ReserveOnlyPlanner,32,21,0.65625,0.728,0.728,True,45.5,62.5,1075.2465429676583,1109.0999015155037,124.75345703234146,44.75345703234146,False,123.37462493954196,True,False,0.0209577910859922,0.000960199056312,2.0,False,1.0,8.000:8.000|8.748:20.419|32.327:17.720|28.799:39.132|36.573:43.611|33.416:64.067|38.019:72.059|46.292:65.852|56.005:60.604|56.508:56.659|60.462:38.515|64.121:39.278|72.976:61.968|78.878:79.564|83.263:97.372|80.870:98.249|61.416:77.246|61.974:73.877|42.693:39.191|46.449:17.743|52.302:21.057|62.591:21.870|8.000:8.000,0-29-22-10-14-7-9-31-12-27-26-6-25-1-11-2-17-23-16-5-18-32-0,0.0009320138487964
67,calm,cluttered,FairRiskAwareGreedy,32,14,0.4375,0.52,0.52,True,32.5,62.5,1031.4426947719176,1051.39734354338,168.55730522808256,88.55730522808256,False,114.33682520268422,True,False,0.0119899610459465,0.000802998363325,2.0,False,1.0,8.000:8.000|32.327:17.720|28.799:39.132|36.573:43.611|33.416:64.067|60.462:38.515|64.121:39.278|78.878:79.564|72.976:61.968|42.693:39.191|8.748:20.419|15.881:42.957|46.449:17.743|52.302:21.057|62.591:21.870|8.000:8.000,0-22-10-14-7-26-6-1-25-16-29-8-5-18-32-0,0.0012851490173488
67,calm,cluttered,FairALNSPlanner,32,26,0.8125,0.872,0.872,True,54.5,62.5,1029.7480395177092,1100.6490051395017,170.2519604822909,90.25196048229093,False,132.02847428118005,True,False,0.0161015651977385,0.0006001798025289,2.0,False,1.0,8.000:8.000|32.327:17.720|46.449:17.743|52.302:21.057|60.462:38.515|64.121:39.278|84.980:40.391|83.597:44.109|94.340:66.904|83.263:97.372|80.870:98.249|78.878:79.564|86.279:78.611|88.787:62.141|72.976:61.968|71.772:55.280|56.508:56.659|56.005:60.604|46.292:65.852|42.918:71.197|38.019:72.059|33.416:64.067|36.573:43.611|42.693:39.191|28.799:39.132|15.881:42.957|8.748:20.419|8.000:8.000,0-22-5-18-26-6-28-19-20-11-2-1-21-4-25-3-27-12-31-13-9-7-14-16-10-8-29-0,8.407632211223245
67,calm,cluttered,RAWA-RHP,32,26,0.8125,0.872,0.872,True,54.5,62.5,1033.273767917579,1100.6490051395017,166.72623208242115,86.72623208242115,False,132.02847428118005,True,False,0.0161015651977385,0.0006001798025289,2.0,False,1.0,8.000:8.000|32.327:17.720|46.449:17.743|52.302:21.057|60.462:38.515|64.121:39.278|84.980:40.391|83.597:44.109|94.340:66.904|83.263:97.372|80.870:98.249|78.878:79.564|86.279:78.611|88.787:62.141|72.976:61.968|71.772:55.280|56.508:56.659|56.005:60.604|46.292:65.852|42.918:71.197|38.019:72.059|33.416:64.067|36.573:43.611|42.693:39.191|28.799:39.132|15.881:42.957|8.748:20.419|8.000:8.000,0-22-5-18-26-6-28-19-20-11-2-1-21-4-25-3-27-12-31-13-9-7-14-16-10-8-29-0,17.840153296943754
67,severe,sparse,NearestNeighbor,32,11,0.34375,0.3387096774193548,0.0,False,21.0,62.0,1338.282043026678,1363.3873614021156,-138.28204302667805,-218.28204302667805,True,65.40138005059774,False,True,0.0929208189247549,0.0080020676409803,2.0,True,1.0,8.000:8.000|16.724:21.751|14.277:28.348|18.769:37.819|26.950:29.764|29.132:25.187|26.610:17.495|39.062:25.846|45.340:16.292|59.788:16.861|78.542:17.127|86.376:8.275|8.000:8.000,0-26-9-18-7-4-19-16-23-32-11-8-0,0.0007120301015675
67,severe,sparse,ValuePerDistance,32,13,0.40625,0.4112903225806452,0.0,False,25.5,62.0,1834.762142547432,1821.1906274127327,-634.7621425474321,-714.7621425474321,True,85.24722429647937,False,True,0.1782396185225141,0.0136281777866444,2.0,True,1.0,8.000:8.000|16.724:21.751|14.277:28.348|18.769:37.819|26.950:29.764|29.132:25.187|39.062:25.846|45.340:16.292|59.788:16.861|78.542:17.127|86.376:8.275|84.224:67.372|81.987:69.503|81.802:72.686|8.000:8.000,0-26-9-18-7-4-16-23-32-11-8-10-22-28-0,0.0005296401213854
67,severe,sparse,WindAwareGreedy,32,12,0.375,0.4193548387096774,0.0,False,26.0,62.0,1513.80775058908,1469.6590622301876,-313.80775058908023,-393.8077505890802,True,78.08324647228008,False,True,0.0553923263439134,0.0042977151592221,2.0,True,1.0,8.000:8.000|14.277:28.348|18.769:37.819|30.872:56.073|24.812:60.591|10.110:62.293|32.534:76.812|23.076:93.823|25.232:92.897|18.034:77.175|11.989:79.202|41.531:69.906|37.474:54.602|8.000:8.000,0-9-18-5-3-2-17-20-24-29-15-14-6-0,0.0006972779519855
67,severe,sparse,ReserveOnlyPlanner,32,7,0.21875,0.2419354838709677,0.2419354838709677,True,15.0,62.0,1081.3170961273163,1169.357172783617,118.6829038726836,38.6829038726836,False,50.21639151074677,True,False,0.0553323097810298,0.0069758456314964,2.0,False,1.0,8.000:8.000|14.277:28.348|18.769:37.819|30.872:56.073|24.812:60.591|10.110:62.293|18.034:77.175|11.989:79.202|8.000:8.000,0-9-18-5-3-2-29-15-0,0.0004546111449599
67,severe,sparse,FairRiskAwareGreedy,32,13,0.40625,0.4758064516129032,0.4758064516129032,True,29.5,62.0,1070.738451058423,1145.5933994218467,129.2615489415773,49.2615489415773,False,97.88031687550682,True,False,0.0042453266806087,0.0003035068023444,2.8284271247461903,False,1.0,8.000:8.000|14.277:28.348|10.110:62.293|24.812:60.591|23.076:93.823|32.534:76.812|41.531:69.906|30.872:56.073|39.062:25.846|16.724:21.751|45.340:16.292|59.788:16.861|78.542:17.127|26.610:17.495|8.000:8.000,0-9-2-3-20-17-14-5-16-26-23-32-11-19-0,0.0008969490882009
67,severe,sparse,FairALNSPlanner,32,16,0.5,0.5725806451612904,0.5725806451612904,True,35.5,62.0,1057.208825345787,1230.8818102787204,142.79117465421277,62.79117465421277,False,100.91278610120298,True,False,0.0358221313391059,0.002131106915825,2.0,False,1.0,8.000:8.000|16.724:21.751|14.277:28.348|10.110:62.293|32.534:76.812|41.531:69.906|37.474:54.602|30.872:56.073|24.812:60.591|23.076:93.823|25.232:92.897|65.620:81.734|81.987:69.503|84.224:67.372|76.163:62.623|39.062:25.846|29.132:25.187|8.000:8.000,0-26-9-2-17-14-6-5-3-20-24-30-22-10-1-16-4-0,4.120002708863467
67,severe,sparse,RAWA-RHP,32,19,0.59375,0.6774193548387096,0.6774193548387096,True,42.0,62.0,1065.396262006595,1209.9652575184966,134.60373799340516,54.60373799340516,False,103.8550387792191,True,False,0.075374044087315,0.0038575244587403,2.0,False,1.0,8.000:8.000|14.277:28.348|18.769:37.819|37.474:54.602|30.872:56.073|24.812:60.591|10.110:62.293|32.534:76.812|41.531:69.906|65.026:65.955|76.163:62.623|81.987:69.503|84.224:67.372|78.542:17.127|59.788:16.861|45.340:16.292|39.062:25.846|29.132:25.187|26.950:29.764|16.724:21.751|8.000:8.000,0-9-18-6-5-3-2-17-14-31-1-22-10-11-32-23-16-4-7-26-0,16.32861706498079
67,severe,cluttered,NearestNeighbor,32,17,0.53125,0.5379310344827586,0.0,False,39.0,72.5,1732.4677156411944,1701.2291602348273,-532.4677156411943,-612.4677156411943,True,92.3160771063707,False,True,0.1979411865579903,0.0119307325465394,2.0,True,1.0,8.000:8.000|20.512:18.589|27.013:10.695|30.873:12.373|48.820:23.371|52.622:22.934|58.716:28.291|55.622:35.106|53.246:40.975|48.445:40.783|35.362:39.860|32.699:61.056|18.732:68.357|16.637:74.814|21.511:80.064|35.262:85.523|48.263:88.512|52.834:67.304|8.000:8.000,0-25-12-4-10-8-19-22-13-18-28-5-6-30-24-20-27-23-0,0.0008881650865077
67,severe,cluttered,ValuePerDistance,32,16,0.5,0.496551724137931,0.0,False,36.0,72.5,1946.1878816003616,1957.866146856133,-746.1878816003615,-826.1878816003615,True,96.41065942427268,False,True,0.3977094154579477,0.0285513692834658,2.0,True,1.0,8.000:8.000|20.512:18.589|27.013:10.695|30.873:12.373|52.622:22.934|48.820:23.371|58.716:28.291|55.622:35.106|48.445:40.783|53.246:40.975|52.834:67.304|54.026:62.667|60.341:59.998|70.729:63.260|74.687:53.549|90.003:57.819|86.405:79.391|8.000:8.000,0-25-12-4-8-10-19-22-18-13-23-26-31-16-3-11-14-0,0.0006168379914015
67,severe,cluttered,WindAwareGreedy,32,13,0.40625,0.4827586206896552,0.0,False,35.0,72.5,2005.3910455578475,2016.749080240734,-805.3910455578473,-885.3910455578473,True,96.45407660741829,False,True,0.2992163274517138,0.0244925845403323,2.0,True,1.0,8.000:8.000|20.512:18.589|12.991:34.242|15.951:44.771|32.699:61.056|16.637:74.814|35.262:85.523|48.263:88.512|52.834:67.304|54.026:62.667|60.341:59.998|70.729:63.260|86.405:79.391|89.378:91.851|8.000:8.000,0-25-32-17-5-30-20-27-23-26-31-16-14-9-0,0.0006288788281381
67,severe,cluttered,ReserveOnlyPlanner,32,7,0.21875,0.2413793103448276,0.2413793103448276,True,17.5,72.5,1084.206564314438,1210.4724308579298,115.79343568556207,35.79343568556209,False,56.26878537704995,True,False,0.0279018397570208,0.0035178015489148,2.8284271247461903,False,1.0,8.000:8.000|20.512:18.589|12.991:34.242|15.951:44.771|32.699:61.056|35.262:85.523|35.362:39.860|48.445:40.783|8.000:8.000,0-25-32-17-5-20-28-18-0,0.0004218178801238
67,severe,cluttered,FairRiskAwareGreedy,32,10,0.3125,0.3241379310344827,0.3241379310344827,True,23.5,72.5,939.670330889863,1001.2491850661866,260.3296691101368,180.3296691101368,False,81.78870695222443,True,False,0.0080450011739093,0.000732431293196,2.0,False,1.0,8.000:8.000|20.512:18.589|15.951:44.771|12.991:34.242|30.873:12.373|27.013:10.695|71.072:16.238|52.622:22.934|48.820:23.371|62.879:20.944|92.502:31.179|8.000:8.000,0-25-17-32-4-12-15-8-10-2-7-0,0.0005981978029012
67,severe,cluttered,FairALNSPlanner,32,9,0.28125,0.3172413793103448,0.3172413793103448,True,23.0,72.5,712.8268738015918,838.59228981444,487.1731261984081,407.1731261984081,False,65.75709045371076,True,False,0.0224869828324556,0.0022648593801685,2.0,False,1.0,8.000:8.000|30.873:12.373|27.013:10.695|20.512:18.589|15.951:44.771|18.732:68.357|16.637:74.814|21.511:80.064|35.262:85.523|48.263:88.512|8.000:8.000,0-4-12-25-17-6-30-24-20-27-0,3.1259483739268035
67,severe,cluttered,RAWA-RHP,32,21,0.65625,0.6827586206896552,0.6827586206896552,True,49.5,72.5,1054.7289650718228,1224.2752472454026,145.27103492817704,65.27103492817704,False,106.6676620640148,True,False,0.0680777861346282,0.0031824311523737,2.0,False,1.0,8.000:8.000|12.991:34.242|15.951:44.771|18.732:68.357|16.637:74.814|21.511:80.064|48.263:88.512|35.262:85.523|32.699:61.056|52.834:67.304|54.026:62.667|60.341:59.998|53.246:40.975|55.622:35.106|58.716:28.291|71.072:16.238|62.879:20.944|52.622:22.934|48.820:23.371|30.873:12.373|27.013:10.695|20.512:18.589|8.000:8.000,0-32-17-6-30-24-27-20-5-23-26-31-13-22-19-15-2-8-10-4-12-25-0,16.827784155029804
67,calm,sparse,NearestNeighbor,32,32,1.0,1.0,0.0,False,63.5,63.5,1239.042373285456,1229.548044656634,-39.04237328545625,-119.04237328545624,True,153.61041954915535,False,True,0.005812503256432,0.0001764911293689,2.0,True,1.0,8.000:8.000|15.635:22.344|23.014:21.105|25.308:24.397|22.649:27.695|36.558:31.825|40.587:29.841|43.121:26.073|39.911:20.854|50.037:19.872|53.652:24.398|56.285:25.738|55.504:35.989|58.956:37.802|42.712:43.327|46.365:50.647|44.460:55.405|36.397:54.720|36.944:59.280|29.971:51.609|30.753:66.606|30.229:69.975|32.700:72.271|38.505:77.355|46.505:65.872|73.819:69.553|79.341:69.684|84.528:77.804|82.267:80.412|59.027:91.013|53.928:92.951|77.425:23.599|71.819:17.454|8.000:8.000,0-30-27-32-3-14-25-12-21-2-24-18-11-13-22-9-28-10-7-15-17-4-26-20-6-5-16-8-29-1-23-31-19-0,0.0012335360515862
67,calm,sparse,ValuePerDistance,32,31,0.96875,0.984251968503937,0.0,False,62.5,63.5,1224.2550658015507,1234.5516764529723,-24.255065801550785,-104.25506580155078,True,153.83525135805633,False,True,0.0124424634458355,0.0003908129145757,2.0,True,1.0,8.000:8.000|23.014:21.105|25.308:24.397|22.649:27.695|36.558:31.825|40.587:29.841|43.121:26.073|50.037:19.872|53.652:24.398|56.285:25.738|55.504:35.989|58.956:37.802|46.365:50.647|36.944:59.280|36.397:54.720|29.971:51.609|30.229:69.975|30.753:66.606|38.505:77.355|53.928:92.951|59.027:91.013|84.528:77.804|82.267:80.412|73.819:69.553|79.341:69.684|46.505:65.872|44.460:55.405|42.712:43.327|71.819:17.454|77.425:23.599|39.911:20.854|15.635:22.344|8.000:8.000,0-27-32-3-14-25-12-2-24-18-11-13-9-7-10-15-4-17-20-23-1-8-29-5-16-6-28-22-19-31-21-30-0,0.0008975130040198
67,calm,sparse,WindAwareGreedy,32,23,0.71875,0.8267716535433071,0.8267716535433071,True,52.5,63.5,1188.2730407364788,1185.192622322109,11.726959263521266,-68.27304073647873,True,137.34381523443358,True,False,0.0115461962594825,0.0004833621619879,2.0,False,1.0,8.000:8.000|23.014:21.105|36.558:31.825|55.504:35.989|46.365:50.647|36.944:59.280|38.505:77.355|53.928:92.951|59.027:91.013|84.528:77.804|73.819:69.553|71.819:17.454|77.425:23.599|53.652:24.398|50.037:19.872|56.285:25.738|36.397:54.720|46.505:65.872|30.229:69.975|30.753:66.606|29.971:51.609|22.649:27.695|25.308:24.397|15.635:22.344|8.000:8.000,0-27-14-11-9-7-20-23-1-8-5-19-31-24-2-18-10-6-4-17-15-3-32-30-0,0.0008880409877747
67,calm,sparse,ReserveOnlyPlanner,32,22,0.6875,0.7952755905511811,0.7952755905511811,True,50.5,63.5,1107.2890932980165,1147.8681066547997,92.71090670198345,12.710906701983449,False,128.59493515237696,True,False,0.0082437434912592,0.0003595465049035,2.0,False,1.0,8.000:8.000|23.014:21.105|36.558:31.825|55.504:35.989|46.365:50.647|36.944:59.280|36.397:54.720|38.505:77.355|53.928:92.951|59.027:91.013|84.528:77.804|73.819:69.553|79.341:69.684|82.267:80.412|71.819:17.454|77.425:23.599|53.652:24.398|50.037:19.872|56.285:25.738|42.712:43.327|22.649:27.695|25.308:24.397|15.635:22.344|8.000:8.000,0-27-14-11-9-7-10-20-23-1-8-5-16-29-19-31-24-2-18-22-3-32-30-0,0.00091556715779
67,calm,sparse,FairRiskAwareGreedy,32,15,0.46875,0.6062992125984252,0.6062992125984252,True,38.5,63.5,1084.791150505765,1107.798258373818,115.2088494942352,35.20884949423521,False,123.0369617379152,True,False,0.006495419238417,0.0004069913656059,2.0,False,1.0,8.000:8.000|23.014:21.105|55.504:35.989|46.365:50.647|36.558:31.825|71.819:17.454|77.425:23.599|38.505:77.355|53.928:92.951|84.528:77.804|73.819:69.553|36.944:59.280|36.397:54.720|30.229:69.975|46.505:65.872|25.308:24.397|8.000:8.000,0-27-11-9-14-19-31-20-23-8-5-7-10-4-6-32-0,0.0014117320533841
67,calm,sparse,FairALNSPlanner,32,32,1.0,1.0,1.0,True,63.5,63.5,1017.621625282482,1089.8868031963543,182.3783747175182,102.3783747175182,False,140.34024238907608,True,False,0.0043795367774636,0.0001329043096646,2.0,False,1.0,8.000:8.000|23.014:21.105|25.308:24.397|22.649:27.695|36.558:31.825|40.587:29.841|43.121:26.073|39.911:20.854|50.037:19.872|53.652:24.398|56.285:25.738|71.819:17.454|77.425:23.599|58.956:37.802|55.504:35.989|42.712:43.327|46.365:50.647|44.460:55.405|46.505:65.872|73.819:69.553|79.341:69.684|84.528:77.804|82.267:80.412|59.027:91.013|53.928:92.951|38.505:77.355|32.700:72.271|30.229:69.975|30.753:66.606|36.944:59.280|36.397:54.720|29.971:51.609|15.635:22.344|8.000:8.000,0-27-32-3-14-25-12-21-2-24-18-19-31-13-11-22-9-28-6-5-16-8-29-1-23-20-26-4-17-7-10-15-30-0,9.588141090935096
67,calm,sparse,RAWA-RHP,32,32,1.0,1.0,1.0,True,63.5,63.5,1017.573737659553,1095.0153262937067,182.4262623404469,102.4262623404469,False,140.93504889607595,True,False,0.0043795367774636,0.0001329043096646,2.0,False,1.0,8.000:8.000|15.635:22.344|23.014:21.105|22.649:27.695|36.558:31.825|40.587:29.841|43.121:26.073|39.911:20.854|50.037:19.872|53.652:24.398|56.285:25.738|71.819:17.454|77.425:23.599|58.956:37.802|55.504:35.989|42.712:43.327|46.365:50.647|44.460:55.405|46.505:65.872|73.819:69.553|79.341:69.684|84.528:77.804|82.267:80.412|59.027:91.013|53.928:92.951|38.505:77.355|32.700:72.271|30.229:69.975|30.753:66.606|36.944:59.280|36.397:54.720|29.971:51.609|25.308:24.397|8.000:8.000,0-30-27-3-14-25-12-21-2-24-18-19-31-13-11-22-9-28-6-5-16-8-29-1-23-20-26-4-17-7-10-15-32-0,34.025837866123766
68,severe,cluttered,NearestNeighbor,32,18,0.5625,0.4836065573770491,0.0,False,29.5,61.0,1969.2455428466476,1980.1151499661084,-769.2455428466471,-849.2455428466471,True,103.0507196326582,False,True,0.3146013570158772,0.0191945365839833,2.0,True,1.0,8.000:8.000|22.417:31.316|36.971:11.820|57.704:25.533|66.428:29.888|68.791:36.627|66.159:41.863|59.873:47.943|53.648:46.676|45.370:48.751|50.734:56.660|50.463:62.146|44.862:62.693|40.963:65.603|37.674:59.002|38.230:55.227|19.939:50.680|10.248:66.890|32.471:85.718|8.000:8.000,0-9-29-14-3-4-10-17-6-16-26-28-18-19-1-8-21-24-15-0,0.0016260959673672
68,severe,cluttered,ValuePerDistance,32,20,0.625,0.6557377049180327,0.0,False,40.0,61.0,2542.8097707005327,2545.012149685552,-1342.809770700533,-1422.809770700533,True,117.6813085277906,False,True,0.3711598087832954,0.0211453573500733,2.0,True,1.0,8.000:8.000|36.971:11.820|84.507:8.229|88.188:19.769|66.428:29.888|68.791:36.627|66.159:41.863|59.873:47.943|53.648:46.676|50.734:56.660|44.862:62.693|40.963:65.603|38.230:55.227|37.674:59.002|54.877:75.343|59.393:76.572|66.727:79.596|66.274:87.066|74.804:88.169|82.301:85.284|91.187:85.660|8.000:8.000,0-29-31-11-3-4-10-17-6-26-18-19-8-1-23-13-2-25-30-22-5-0,0.0013358001597225
68,severe,cluttered,WindAwareGreedy,32,14,0.4375,0.5,0.0,False,30.5,61.0,2152.4585961890607,2140.579825537219,-952.4585961890604,-1032.4585961890605,True,93.747302203229,False,True,0.0012321013973659,8.217165944742384e-05,2.8284271247461903,True,1.0,8.000:8.000|36.971:11.820|57.704:25.533|66.428:29.888|59.873:47.943|70.794:58.268|54.877:75.343|66.727:79.596|74.804:88.169|91.187:85.660|82.301:85.284|66.274:87.066|66.081:62.064|63.884:60.337|76.432:51.982|8.000:8.000,0-29-14-3-17-20-23-2-30-5-22-25-27-7-12-0,0.0012519089505076
68,severe,cluttered,ReserveOnlyPlanner,32,7,0.21875,0.1885245901639344,0.1885245901639344,True,11.5,61.0,1059.0022542930917,1157.9462170240529,140.99774570690846,60.99774570690846,False,46.757743383372535,True,False,0.0012473009013407,0.0001559724931583,2.8284271247461903,False,1.0,8.000:8.000|36.971:11.820|57.704:25.533|66.428:29.888|59.873:47.943|53.648:46.676|45.370:48.751|22.417:31.316|8.000:8.000,0-29-14-3-17-6-16-9-0,0.0007561261299997
68,severe,cluttered,FairRiskAwareGreedy,32,7,0.21875,0.2868852459016393,0.2868852459016393,True,17.5,61.0,1019.0455281802092,1061.4259120984395,180.9544718197909,100.95447181979092,False,81.59454704086842,True,False,0.001800289144776,0.000225203061726,2.8284271247461903,False,1.0,8.000:8.000|84.507:8.229|36.971:11.820|59.873:47.943|70.794:58.268|54.877:75.343|66.081:62.064|19.939:50.680|8.000:8.000,0-31-29-17-20-23-27-21-0,0.0010395809076726
68,severe,cluttered,FairALNSPlanner,32,18,0.5625,0.5737704918032787,0.5737704918032787,True,35.0,61.0,1038.2864485842815,1204.3074209624574,161.7135514157184,81.7135514157184,False,99.51809405492116,True,False,0.0140491890374697,0.0007399107930927,2.0,False,1.0,8.000:8.000|45.370:48.751|53.648:46.676|59.873:47.943|76.432:51.982|70.794:58.268|66.081:62.064|66.727:79.596|66.274:87.066|74.804:88.169|91.187:85.660|82.301:85.284|59.393:76.572|54.877:75.343|40.963:65.603|37.674:59.002|38.230:55.227|22.417:31.316|36.971:11.820|8.000:8.000,0-16-6-17-12-20-27-2-25-30-5-22-13-23-19-1-8-9-29-0,7.540323657914996
68,severe,cluttered,RAWA-RHP,32,21,0.65625,0.6557377049180327,0.6557377049180327,True,40.0,61.0,1057.432317776069,1236.1973302294948,142.56768222393038,62.567682223930376,False,104.7744228089431,True,False,0.076529634152755,0.003563572116768,2.0,False,1.0,8.000:8.000|36.971:11.820|38.230:55.227|37.674:59.002|40.963:65.603|44.862:62.693|54.877:75.343|59.393:76.572|74.804:88.169|66.274:87.066|66.727:79.596|66.081:62.064|63.884:60.337|70.794:58.268|76.432:51.982|66.428:29.888|68.791:36.627|66.159:41.863|59.873:47.943|53.648:46.676|45.370:48.751|22.417:31.316|8.000:8.000,0-29-8-1-19-18-23-13-30-25-2-27-7-20-12-3-4-10-17-6-16-9-0,15.556807327084243
68,calm,cluttered,NearestNeighbor,32,30,0.9375,0.9482758620689656,0.0,False,55.0,58.0,1353.725481724042,1362.3233881665478,-153.7254817240418,-233.7254817240418,True,162.16300400292337,False,True,0.0171469158727234,0.0005570678516441,2.0,True,1.0,8.000:8.000|28.145:9.702|24.372:18.765|22.924:30.033|26.661:43.072|38.951:28.685|48.966:32.949|49.610:23.089|50.942:20.732|44.199:12.942|38.624:10.247|73.359:38.552|70.524:44.585|80.355:39.943|79.011:54.542|77.628:60.341|83.568:68.755|95.329:69.913|91.161:84.883|88.961:82.788|68.614:75.139|69.818:71.449|62.944:79.745|47.672:79.930|33.040:83.850|19.564:81.651|20.989:88.475|38.170:98.461|31.736:63.493|41.306:59.196|51.844:63.360|8.000:8.000,0-12-2-8-11-25-7-32-5-6-3-27-9-16-19-21-4-20-17-29-10-23-24-28-14-31-1-13-18-30-26-0,0.0011999891139566
68,calm,cluttered,ValuePerDistance,32,26,0.8125,0.8706896551724138,0.0,False,50.5,58.0,1392.839444668878,1380.581216407876,-192.8394446688777,-272.8394446688777,True,158.7723080510859,False,True,0.0116098825884431,0.0004319351533132,2.0,True,1.0,8.000:8.000|24.372:18.765|28.145:9.702|38.624:10.247|44.199:12.942|50.942:20.732|49.610:23.089|38.951:28.685|26.661:43.072|22.924:30.033|19.564:81.651|20.989:88.475|38.170:98.461|33.040:83.850|68.614:75.139|69.818:71.449|62.944:79.745|59.689:63.904|51.844:63.360|41.306:59.196|31.736:63.493|14.661:57.372|80.355:39.943|73.359:38.552|70.524:44.585|79.011:54.542|77.628:60.341|8.000:8.000,0-2-12-3-6-5-32-25-11-8-31-1-13-14-10-23-24-15-26-30-18-22-16-27-9-19-21-0,0.0008933008648455
68,calm,cluttered,WindAwareGreedy,32,22,0.6875,0.8189655172413793,0.0,False,47.5,58.0,1354.0307132207477,1356.1754417132504,-154.03071322074797,-234.030713220748,True,150.7023675595639,False,True,0.0142263058368478,0.0006218362304485,2.0,True,1.0,8.000:8.000|24.372:18.765|26.661:43.072|38.951:28.685|44.199:12.942|38.624:10.247|28.145:9.702|50.942:20.732|49.610:23.089|68.614:75.139|38.170:98.461|33.040:83.850|19.564:81.651|20.989:88.475|31.736:63.493|41.306:59.196|59.689:63.904|69.818:71.449|62.944:79.745|88.961:82.788|91.161:84.883|80.355:39.943|70.524:44.585|8.000:8.000,0-2-11-25-6-3-12-5-32-10-13-14-31-1-18-30-15-23-24-29-17-16-9-0,0.0008455840870738
68,calm,cluttered,ReserveOnlyPlanner,32,21,0.65625,0.75,0.75,True,43.5,58.0,1110.9697891767455,1147.8790817906645,89.03021082325425,9.03021082325425,False,127.87252027064945,True,False,0.0077599976473661,0.000353725752675,2.0,False,1.0,8.000:8.000|24.372:18.765|26.661:43.072|38.951:28.685|44.199:12.942|38.624:10.247|28.145:9.702|50.942:20.732|49.610:23.089|48.966:32.949|68.614:75.139|69.818:71.449|62.944:79.745|38.170:98.461|33.040:83.850|19.564:81.651|20.989:88.475|31.736:63.493|41.306:59.196|59.689:63.904|51.844:63.360|22.924:30.033|8.000:8.000,0-2-11-25-6-3-12-5-32-7-10-23-24-13-14-31-1-18-30-15-26-8-0,0.0008965339511632
68,calm,cluttered,FairRiskAwareGreedy,32,17,0.53125,0.6724137931034483,0.6724137931034483,True,39.0,58.0,1098.2772425209405,1120.904637349168,101.7227574790594,21.7227574790594,False,125.3298190517141,True,False,0.0085377172696856,0.0004758571111356,2.0,False,1.0,8.000:8.000|24.372:18.765|26.661:43.072|38.951:28.685|44.199:12.942|38.624:10.247|28.145:9.702|50.942:20.732|49.610:23.089|68.614:75.139|38.170:98.461|33.040:83.850|19.564:81.651|20.989:88.475|59.689:63.904|69.818:71.449|62.944:79.745|41.306:59.196|8.000:8.000,0-2-11-25-6-3-12-5-32-10-13-14-31-1-15-23-24-30-0,0.0014850199222564
68,calm,cluttered,FairALNSPlanner,32,24,0.75,0.8620689655172413,0.8620689655172413,True,50.0,58.0,1048.462586437115,1115.1570070545276,151.53741356288498,71.53741356288498,False,130.4281402773352,True,False,0.010657850652184,0.0004281275561716,2.0,False,1.0,8.000:8.000|28.145:9.702|38.624:10.247|44.199:12.942|50.942:20.732|49.610:23.089|70.524:44.585|80.355:39.943|79.011:54.542|77.628:60.341|59.689:63.904|69.818:71.449|91.161:84.883|88.961:82.788|68.614:75.139|62.944:79.745|38.170:98.461|33.040:83.850|19.564:81.651|20.989:88.475|31.736:63.493|41.306:59.196|26.661:43.072|38.951:28.685|24.372:18.765|8.000:8.000,0-12-3-6-5-32-9-16-19-21-15-23-17-29-10-24-13-14-31-1-18-30-11-25-2-0,9.0520913049113
68,calm,cluttered,RAWA-RHP,32,25,0.78125,0.8706896551724138,0.8706896551724138,True,50.5,58.0,1050.286478222341,1121.1435477386915,149.71352177765908,69.71352177765908,False,131.82179044998657,True,False,0.0120038407692062,0.0004639338205723,2.0,False,1.0,8.000:8.000|24.372:18.765|22.924:30.033|26.661:43.072|41.306:59.196|31.736:63.493|20.989:88.475|19.564:81.651|33.040:83.850|38.170:98.461|62.944:79.745|68.614:75.139|91.161:84.883|88.961:82.788|69.818:71.449|59.689:63.904|70.524:44.585|80.355:39.943|73.359:38.552|48.966:32.949|38.951:28.685|49.610:23.089|50.942:20.732|44.199:12.942|38.624:10.247|28.145:9.702|8.000:8.000,0-2-8-11-30-18-1-31-14-13-24-10-17-29-23-15-9-16-27-7-25-32-5-6-3-12-0,31.75097131589428
68,calm,sparse,NearestNeighbor,32,32,1.0,1.0,0.0,False,63.0,63.0,1341.996322099532,1361.0733616402945,-141.9963220995319,-221.9963220995319,True,170.6041355127155,False,True,0.0103242410723447,0.0003138026411958,2.0,True,1.0,8.000:8.000|22.237:22.480|35.253:27.950|35.118:30.491|40.791:36.536|35.012:46.398|33.575:44.682|32.379:46.675|26.099:44.579|14.351:36.216|28.644:8.163|72.291:9.439|70.107:22.678|87.777:25.987|65.449:54.864|60.249:52.154|60.268:65.764|63.911:67.617|51.762:68.014|44.971:67.974|38.992:75.313|46.266:89.351|49.016:88.184|50.827:86.547|56.189:89.469|73.933:91.096|76.386:92.759|82.872:96.300|89.101:92.067|91.492:87.897|81.363:84.851|82.163:71.337|8.199:70.282|8.000:8.000,0-32-30-6-4-13-17-9-26-31-15-18-22-3-7-24-12-1-10-23-27-11-5-2-29-14-20-28-25-8-16-21-19-0,0.0013881840277463
68,calm,sparse,ValuePerDistance,32,31,0.96875,0.9761904761904762,0.0,False,61.5,63.0,1350.3649558378052,1352.757683555238,-150.3649558378048,-230.3649558378048,True,166.50669474438672,False,True,0.0038968120603543,0.0001218859675389,2.0,True,1.0,8.000:8.000|22.237:22.480|35.253:27.950|35.118:30.491|40.791:36.536|35.012:46.398|33.575:44.682|32.379:46.675|26.099:44.579|14.351:36.216|28.644:8.163|72.291:9.439|70.107:22.678|87.777:25.987|65.449:54.864|60.249:52.154|60.268:65.764|63.911:67.617|51.762:68.014|44.971:67.974|38.992:75.313|49.016:88.184|50.827:86.547|56.189:89.469|46.266:89.351|76.386:92.759|73.933:91.096|82.872:96.300|89.101:92.067|91.492:87.897|81.363:84.851|82.163:71.337|8.000:8.000,0-32-30-6-4-13-17-9-26-31-15-18-22-3-7-24-12-1-10-23-27-5-2-29-11-20-14-28-25-8-16-21-0,0.0008897208608686
68,calm,sparse,WindAwareGreedy,32,23,0.71875,0.8095238095238095,0.0,False,51.0,63.0,1476.3404010769764,1476.8604929878788,-276.3404010769761,-356.3404010769761,True,163.8251470828347,False,True,0.0108318310646081,0.000453304771433,2.0,True,1.0,8.000:8.000|22.237:22.480|40.791:36.536|35.012:46.398|35.253:27.950|28.644:8.163|72.291:9.439|70.107:22.678|44.971:67.974|51.762:68.014|60.268:65.764|60.249:52.154|65.449:54.864|33.575:44.682|32.379:46.675|26.099:44.579|14.351:36.216|8.199:70.282|49.016:88.184|50.827:86.547|56.189:89.469|91.492:87.897|89.101:92.067|82.872:96.300|8.000:8.000,0-32-4-13-30-15-18-22-23-10-12-24-7-17-9-26-31-19-5-2-29-8-25-28-0,0.0008648161310702
68,calm,sparse,ReserveOnlyPlanner,32,19,0.59375,0.6507936507936508,0.6507936507936508,True,41.0,63.0,1085.69753985761,1118.0666707031355,114.30246014239049,34.30246014239049,False,124.3285560517235,True,False,0.0074896573490115,0.0003754426700286,2.0,False,1.0,8.000:8.000|22.237:22.480|40.791:36.536|35.012:46.398|33.575:44.682|32.379:46.675|26.099:44.579|35.253:27.950|14.351:36.216|28.644:8.163|72.291:9.439|70.107:22.678|60.249:52.154|44.971:67.974|51.762:68.014|60.268:65.764|65.449:54.864|82.163:71.337|63.911:67.617|35.118:30.491|8.000:8.000,0-32-4-13-17-9-26-30-31-15-18-22-24-23-10-12-7-21-1-6-0,0.0008408371359109
68,calm,sparse,FairRiskAwareGreedy,32,18,0.5625,0.6349206349206349,0.6349206349206349,True,40.0,63.0,1077.5703199349534,1092.534749178346,122.42968006504688,42.42968006504688,False,123.83420259522732,True,False,0.0043847396706753,0.0002310160471464,2.0,False,1.0,8.000:8.000|22.237:22.480|40.791:36.536|35.012:46.398|35.253:27.950|72.291:9.439|70.107:22.678|28.644:8.163|14.351:36.216|26.099:44.579|32.379:46.675|33.575:44.682|44.971:67.974|51.762:68.014|60.268:65.764|60.249:52.154|65.449:54.864|82.163:71.337|35.118:30.491|8.000:8.000,0-32-4-13-30-18-22-15-31-26-9-17-23-10-12-24-7-21-6-0,0.0015561189502477
68,calm,sparse,FairALNSPlanner,32,27,0.84375,0.9047619047619048,0.9047619047619048,True,57.0,63.0,1056.6482303905457,1120.7516999281574,143.3517696094543,63.351769609454266,False,136.7337106184584,True,False,0.0124674845864529,0.0004472415298088,2.0,False,1.0,8.000:8.000|28.644:8.163|72.291:9.439|70.107:22.678|60.268:65.764|60.249:52.154|65.449:54.864|82.163:71.337|81.363:84.851|91.492:87.897|89.101:92.067|82.872:96.300|76.386:92.759|73.933:91.096|56.189:89.469|49.016:88.184|50.827:86.547|51.762:68.014|44.971:67.974|26.099:44.579|32.379:46.675|33.575:44.682|35.012:46.398|40.791:36.536|35.253:27.950|35.118:30.491|14.351:36.216|22.237:22.480|8.000:8.000,0-15-18-22-12-24-7-21-16-8-25-28-20-14-29-5-2-10-23-26-9-17-13-4-30-6-31-32-0,11.570151607040316
68,calm,sparse,RAWA-RHP,32,26,0.8125,0.8571428571428571,0.8571428571428571,True,54.0,63.0,1049.0522177479152,1109.0889880676446,150.94778225208486,70.94778225208486,False,133.94775757942818,True,False,0.002739880601034,0.0001015384523683,2.0,False,1.0,8.000:8.000|28.644:8.163|22.237:22.480|14.351:36.216|26.099:44.579|32.379:46.675|33.575:44.682|35.012:46.398|60.249:52.154|44.971:67.974|51.762:68.014|60.268:65.764|56.189:89.469|50.827:86.547|49.016:88.184|73.933:91.096|76.386:92.759|82.872:96.300|89.101:92.067|91.492:87.897|81.363:84.851|82.163:71.337|65.449:54.864|70.107:22.678|40.791:36.536|35.118:30.491|35.253:27.950|8.000:8.000,0-15-32-31-26-9-17-13-24-23-10-12-29-2-5-14-20-28-25-8-16-21-7-22-4-6-30-0,32.56384608685039
68,severe,sparse,NearestNeighbor,32,20,0.625,0.7076923076923077,0.0,False,46.0,65.0,2397.6885577008798,2385.5493646656737,-1197.6885577008795,-1277.6885577008795,True,114.24103004894464,False,True,0.1941841701262789,0.0100447280766711,2.0,True,1.0,8.000:8.000|17.449:25.311|15.969:27.995|19.983:37.747|20.944:57.097|31.744:60.266|43.201:58.779|51.603:53.634|43.087:40.998|38.981:47.870|38.785:69.500|36.796:77.082|49.896:84.353|54.743:82.163|60.096:90.429|54.978:95.843|53.522:97.496|47.539:90.735|44.676:92.357|75.750:92.677|86.747:89.126|8.000:8.000,0-17-4-1-19-28-16-6-11-23-18-20-29-30-9-15-24-31-10-13-7-0,0.0010515970643609
68,severe,sparse,ValuePerDistance,32,21,0.65625,0.7153846153846154,0.0,False,46.5,65.0,2311.571516391125,2280.247402670501,-1111.5715163911252,-1191.5715163911252,True,114.55343684422556,False,True,0.2508449062277149,0.0125687967662871,2.0,True,1.0,8.000:8.000|17.449:25.311|15.969:27.995|19.983:37.747|38.981:47.870|43.087:40.998|43.201:58.779|31.744:60.266|36.796:77.082|38.785:69.500|44.676:92.357|47.539:90.735|53.522:97.496|54.978:95.843|60.096:90.429|54.743:82.163|49.896:84.353|75.750:92.677|86.747:89.126|79.566:74.375|76.108:74.488|76.019:77.599|8.000:8.000,0-17-4-1-23-11-16-28-20-18-10-31-24-15-9-30-29-13-7-12-21-22-0,0.000748876016587
68,severe,sparse,WindAwareGreedy,32,18,0.5625,0.6384615384615384,0.0,False,41.5,65.0,2181.615397289711,2176.3277728212024,-981.6153972897108,-1061.615397289711,True,106.43877989824544,False,True,0.2080784259790987,0.011636304502806,2.0,True,1.0,8.000:8.000|17.449:25.311|15.969:27.995|19.983:37.747|38.981:47.870|43.087:40.998|43.201:58.779|36.796:77.082|44.676:92.357|53.522:97.496|54.978:95.843|75.750:92.677|86.747:89.126|79.566:74.375|76.108:74.488|54.743:82.163|49.896:84.353|47.539:90.735|60.096:90.429|8.000:8.000,0-17-4-1-23-11-16-20-10-24-15-13-7-12-21-30-29-31-9-0,0.0007740098517388
68,severe,sparse,ReserveOnlyPlanner,32,8,0.25,0.3,0.3,True,19.5,65.0,997.9263868540116,1059.8747583350246,202.0736131459882,122.0736131459882,False,48.89498385046868,True,False,0.1776985679380226,0.0206115140099484,2.0,False,1.0,8.000:8.000|17.449:25.311|15.969:27.995|19.983:37.747|38.981:47.870|43.087:40.998|43.201:58.779|31.744:60.266|20.944:57.097|8.000:8.000,0-17-4-1-23-11-16-28-19-0,0.0004688410554081
68,severe,sparse,FairRiskAwareGreedy,32,11,0.34375,0.4230769230769231,0.4230769230769231,True,27.5,65.0,1021.949058475778,1055.9962041660397,178.0509415242218,98.0509415242218,False,88.46221891540819,True,False,0.0003588488929366,2.9906181991325623e-05,2.8284271247461903,False,1.0,8.000:8.000|17.449:25.311|19.983:37.747|38.981:47.870|43.201:58.779|36.796:77.082|44.676:92.357|53.522:97.496|19.032:74.687|31.744:60.266|15.969:27.995|14.753:68.310|8.000:8.000,0-17-1-23-16-20-10-24-2-28-4-5-0,0.0009545229841023
68,severe,sparse,FairALNSPlanner,32,19,0.59375,0.6846153846153846,0.6846153846153846,True,44.5,65.0,1037.9770392892683,1222.5967873716995,162.02296071073198,82.02296071073198,False,102.7528616309607,True,False,0.0326086157573375,0.001649806986316,2.0,False,1.0,8.000:8.000|17.449:25.311|19.983:37.747|43.087:40.998|38.981:47.870|31.744:60.266|43.201:58.779|51.603:53.634|49.896:84.353|44.676:92.357|47.539:90.735|53.522:97.496|54.978:95.843|60.096:90.429|75.750:92.677|54.743:82.163|36.796:77.082|19.032:74.687|14.753:68.310|15.969:27.995|8.000:8.000,0-17-1-11-23-28-16-6-29-10-31-24-15-9-13-30-20-2-5-4-0,8.730091329896823
68,severe,sparse,RAWA-RHP,32,20,0.625,0.7230769230769231,0.7230769230769231,True,47.0,65.0,1035.401023764471,1231.5815162683623,164.59897623552894,84.59897623552894,False,102.8202153312062,True,False,0.0728950818655258,0.003553635595288,2.0,False,1.0,8.000:8.000|38.135:12.346|45.989:16.423|43.087:40.998|38.981:47.870|43.201:58.779|38.785:69.500|36.796:77.082|49.896:84.353|54.743:82.163|75.750:92.677|60.096:90.429|54.978:95.843|53.522:97.496|47.539:90.735|44.676:92.357|19.032:74.687|31.744:60.266|19.983:37.747|15.969:27.995|17.449:25.311|8.000:8.000,0-32-26-11-23-16-18-20-29-30-13-9-15-24-31-10-2-28-1-4-17-0,29.467553451191637
64,calm,sparse,NearestNeighbor,32,32,1.0,1.0,0.0,False,62.5,62.5,1484.5633344400926,1490.724462979782,-284.5633344400924,-364.5633344400924,True,172.33741388952282,False,True,0.0214914004794001,0.0006565412703269,2.0,True,1.0,8.000:8.000|29.783:21.177|43.763:25.250|50.172:31.832|55.419:23.836|58.694:25.623|62.210:29.746|64.258:31.920|64.999:33.991|62.770:33.936|59.575:43.448|49.762:47.963|40.873:53.663|32.689:58.226|20.352:64.187|18.977:62.233|13.792:59.045|13.012:56.671|30.185:74.111|30.270:77.057|33.243:77.464|37.202:83.938|44.125:74.841|46.995:67.045|74.719:58.414|78.004:41.237|75.608:24.804|39.499:39.039|81.692:75.391|77.128:80.948|86.360:87.931|93.586:86.233|93.218:82.152|8.000:8.000,0-17-32-19-15-23-30-8-13-4-2-28-11-31-21-27-9-14-5-20-24-7-25-18-1-16-3-12-6-22-29-26-10-0,0.0012022098526358
64,calm,sparse,ValuePerDistance,32,29,0.90625,0.944,0.0,False,59.0,62.5,1333.4759578279786,1329.737367258298,-133.47595782797842,-213.4759578279784,True,154.29261043499503,False,True,0.0292689774598619,0.0009874629935289,2.0,True,1.0,8.000:8.000|29.783:21.177|50.172:31.832|58.694:25.623|55.419:23.836|62.210:29.746|62.770:33.936|64.258:31.920|64.999:33.991|75.608:24.804|78.004:41.237|74.719:58.414|81.692:75.391|77.128:80.948|86.360:87.931|93.586:86.233|93.218:82.152|44.125:74.841|30.270:77.057|30.185:74.111|33.243:77.464|37.202:83.938|40.873:53.663|32.689:58.226|18.977:62.233|20.352:64.187|13.012:56.671|13.792:59.045|46.995:67.045|49.762:47.963|8.000:8.000,0-17-19-23-15-30-4-8-13-3-16-1-6-22-29-26-10-25-20-5-24-7-11-31-27-21-14-9-18-28-0,0.0009351409971714
64,calm,sparse,WindAwareGreedy,32,21,0.65625,0.76,0.0,False,47.5,62.5,1297.3269375051016,1287.557124945538,-97.32693750510144,-177.32693750510143,True,140.3592950646461,False,True,0.0157040000260855,0.0007179418743197,2.0,True,1.0,8.000:8.000|13.012:56.671|30.270:77.057|40.873:53.663|50.172:31.832|58.694:25.623|62.770:33.936|62.210:29.746|55.419:23.836|29.783:21.177|43.763:25.250|64.258:31.920|74.719:58.414|81.692:75.391|44.125:74.841|30.185:74.111|18.977:62.233|20.352:64.187|37.202:83.938|32.689:58.226|49.762:47.963|39.499:39.039|8.000:8.000,0-14-20-11-19-23-4-30-15-17-32-8-1-6-25-5-27-21-7-31-28-12-0,0.0008601041045039
64,calm,sparse,ReserveOnlyPlanner,32,19,0.59375,0.72,0.72,True,45.0,62.5,1095.6168837293362,1144.7615352136536,104.3831162706638,24.383116270663805,False,121.2875601040424,True,False,0.0088214013886596,0.0004425433690335,2.0,False,1.0,8.000:8.000|13.012:56.671|30.270:77.057|30.185:74.111|40.873:53.663|50.172:31.832|58.694:25.623|62.770:33.936|62.210:29.746|55.419:23.836|64.258:31.920|74.719:58.414|81.692:75.391|44.125:74.841|37.202:83.938|18.977:62.233|20.352:64.187|32.689:58.226|49.762:47.963|29.783:21.177|8.000:8.000,0-14-20-5-11-19-23-4-30-15-8-1-6-25-7-27-21-31-28-17-0,0.0009317200165241
64,calm,sparse,FairRiskAwareGreedy,32,16,0.5,0.616,0.616,True,38.5,62.5,1098.9336976662184,1120.6837069212072,101.06630233378122,21.066302333781223,False,126.34267465422695,True,False,0.0071069439686576,0.0004190664944657,2.0,False,1.0,8.000:8.000|13.012:56.671|30.270:77.057|40.873:53.663|50.172:31.832|58.694:25.623|62.770:33.936|62.210:29.746|55.419:23.836|29.783:21.177|44.125:74.841|74.719:58.414|81.692:75.391|64.258:31.920|43.763:25.250|49.762:47.963|39.499:39.039|8.000:8.000,0-14-20-11-19-23-4-30-15-17-25-1-6-8-32-28-12-0,0.0013810128439217
64,calm,sparse,FairALNSPlanner,32,30,0.9375,0.96,0.96,True,60.0,62.5,1052.6630039469528,1124.3809318445883,147.33699605304736,67.33699605304736,False,141.3622139263273,True,False,0.024068989274942,0.0007838461068381,2.0,False,1.0,8.000:8.000|13.012:56.671|13.792:59.045|18.977:62.233|20.352:64.187|30.185:74.111|30.270:77.057|33.243:77.464|37.202:83.938|44.125:74.841|77.128:80.948|86.360:87.931|93.586:86.233|93.218:82.152|81.692:75.391|74.719:58.414|78.004:41.237|75.608:24.804|64.999:33.991|62.770:33.936|64.258:31.920|62.210:29.746|58.694:25.623|55.419:23.836|50.172:31.832|49.762:47.963|40.873:53.663|32.689:58.226|39.499:39.039|43.763:25.250|29.783:21.177|8.000:8.000,0-14-9-27-21-5-20-24-7-25-22-29-26-10-6-1-16-3-13-4-8-30-23-15-19-28-11-31-12-32-17-0,10.274640635820106
64,calm,sparse,RAWA-RHP,32,30,0.9375,0.968,0.968,True,60.5,62.5,1035.7039639880788,1104.4751953465786,164.29603601192144,84.29603601192144,False,139.70329775657217,True,False,0.0210080077458687,0.0006829859253419,2.0,False,1.0,8.000:8.000|13.012:56.671|13.792:59.045|18.977:62.233|20.352:64.187|30.185:74.111|30.270:77.057|33.243:77.464|37.202:83.938|44.125:74.841|46.995:67.045|32.689:58.226|40.873:53.663|49.762:47.963|77.128:80.948|86.360:87.931|93.586:86.233|93.218:82.152|81.692:75.391|74.719:58.414|78.004:41.237|75.608:24.804|64.999:33.991|62.770:33.936|64.258:31.920|62.210:29.746|58.694:25.623|55.419:23.836|50.172:31.832|43.763:25.250|29.783:21.177|8.000:8.000,0-14-9-27-21-5-20-24-7-25-18-31-11-28-22-29-26-10-6-1-16-3-13-4-8-30-23-15-19-32-17-0,113.27733847196214
65,calm,cluttered,NearestNeighbor,32,30,0.9375,0.9322033898305084,0.0,False,55.0,59.0,1505.1852396804106,1502.553619625195,-305.18523968041006,-385.18523968041006,True,169.01063434616233,False,True,0.0423002572960021,0.0013877786036496,2.0,True,1.0,8.000:8.000|22.011:12.394|33.509:17.243|33.361:21.699|44.861:29.486|45.975:26.616|48.396:26.409|40.330:36.452|39.181:40.625|27.193:37.980|26.926:42.300|23.669:41.287|25.127:48.628|34.921:74.061|41.947:76.464|40.873:79.930|43.181:68.847|45.370:69.433|53.891:65.170|66.845:61.512|67.647:51.797|70.989:47.160|79.718:54.050|96.606:61.932|75.247:31.439|62.744:23.331|78.485:17.800|48.268:12.956|59.846:82.634|66.498:85.592|51.316:88.315|8.000:8.000,0-26-11-21-30-3-25-8-16-32-19-18-13-31-1-14-10-23-22-15-9-12-5-27-7-29-17-28-6-2-4-0,0.0015022628940641
65,calm,cluttered,ValuePerDistance,32,28,0.875,0.9067796610169492,0.0,False,53.5,59.0,1361.5975601077205,1359.759305529122,-161.5975601077202,-241.5975601077202,True,154.4975256282615,False,True,0.0646617168623224,0.0022949842754707,2.0,True,1.0,8.000:8.000|22.011:12.394|33.509:17.243|33.361:21.699|40.330:36.452|44.861:29.486|45.975:26.616|48.396:26.409|48.268:12.956|25.127:48.628|26.926:42.300|23.669:41.287|27.193:37.980|45.370:69.433|43.181:68.847|41.947:76.464|40.873:79.930|34.921:74.061|28.774:88.556|30.836:85.735|51.316:88.315|66.498:85.592|59.846:82.634|66.845:61.512|70.989:47.160|67.647:51.797|79.718:54.050|96.606:61.932|75.247:31.439|8.000:8.000,0-26-11-21-8-30-3-25-28-13-19-18-32-23-10-1-14-31-24-20-4-2-6-15-12-9-5-27-7-0,0.0009148630779236
65,calm,cluttered,WindAwareGreedy,32,21,0.65625,0.7288135593220338,0.0,False,43.0,59.0,1427.2516689308854,1434.8131511894976,-227.25166893088567,-307.25166893088567,True,150.65643789522835,False,True,0.0266883913515559,0.0012248233129571,2.0,True,1.0,8.000:8.000|25.127:48.628|45.370:69.433|41.947:76.464|40.330:36.452|44.861:29.486|45.975:26.616|48.396:26.409|33.361:21.699|33.509:17.243|22.011:12.394|23.669:41.287|26.926:42.300|70.989:47.160|66.845:61.512|96.606:61.932|79.718:54.050|75.247:31.439|78.485:17.800|48.268:12.956|62.744:23.331|67.647:51.797|8.000:8.000,0-13-23-1-8-30-3-25-21-11-26-18-19-12-15-27-5-7-17-28-29-9-0,0.0008494060020893
65,calm,cluttered,ReserveOnlyPlanner,32,19,0.59375,0.7033898305084746,0.7033898305084746,True,41.5,59.0,1048.0613000502171,1085.0112406002088,151.93869994978257,71.93869994978255,False,116.83849623723724,True,False,0.0347191671187866,0.0017580872633539,2.0,False,1.0,8.000:8.000|25.127:48.628|45.370:69.433|41.947:76.464|30.836:85.735|28.774:88.556|51.316:88.315|66.498:85.592|96.606:61.932|70.989:47.160|66.845:61.512|79.718:54.050|75.247:31.439|40.330:36.452|44.861:29.486|45.975:26.616|48.396:26.409|33.361:21.699|33.509:17.243|22.011:12.394|8.000:8.000,0-13-23-1-20-24-4-2-27-12-15-5-7-8-30-3-25-21-11-26-0,0.0008703549392521
65,calm,cluttered,FairRiskAwareGreedy,32,17,0.53125,0.5932203389830508,0.5932203389830508,True,35.0,59.0,1099.9381167463018,1119.9253147807378,100.0618832536984,20.0618832536984,False,128.3836959925886,True,False,0.0025116269555143,0.0001396258664186,2.0,False,1.0,8.000:8.000|25.127:48.628|41.947:76.464|40.330:36.452|33.509:17.243|33.361:21.699|44.861:29.486|45.975:26.616|48.396:26.409|70.989:47.160|75.247:31.439|78.485:17.800|96.606:61.932|66.845:61.512|67.647:51.797|22.011:12.394|23.669:41.287|27.193:37.980|8.000:8.000,0-13-1-8-11-21-30-3-25-12-7-17-27-15-9-26-18-32-0,0.0012973400298506
65,calm,cluttered,FairALNSPlanner,32,28,0.875,0.923728813559322,0.923728813559322,True,54.5,59.0,1054.311825808195,1125.531483219428,145.68817419180493,65.68817419180493,False,139.0904404777303,True,False,0.0245703212096357,0.000855313123584,2.0,False,1.0,8.000:8.000|22.011:12.394|27.193:37.980|23.669:41.287|26.926:42.300|25.127:48.628|28.774:88.556|30.836:85.735|51.316:88.315|40.873:79.930|41.947:76.464|34.921:74.061|43.181:68.847|45.370:69.433|53.891:65.170|66.845:61.512|67.647:51.797|70.989:47.160|79.718:54.050|96.606:61.932|75.247:31.439|78.485:17.800|48.268:12.956|48.396:26.409|45.975:26.616|44.861:29.486|40.330:36.452|33.361:21.699|33.509:17.243|8.000:8.000,0-26-32-18-19-13-24-20-4-14-1-31-10-23-22-15-9-12-5-27-7-17-28-25-3-30-8-21-11-0,9.308832900831476
65,calm,cluttered,RAWA-RHP,32,28,0.875,0.9152542372881356,0.9152542372881356,True,54.0,59.0,1047.3946253387653,1116.213719159732,152.6053746612349,72.60537466123489,False,137.10536700645994,True,False,0.0292451986731383,0.0010203036889816,2.0,False,1.0,8.000:8.000|23.669:41.287|26.926:42.300|25.127:48.628|28.774:88.556|30.836:85.735|51.316:88.315|40.873:79.930|41.947:76.464|34.921:74.061|43.181:68.847|45.370:69.433|53.891:65.170|66.845:61.512|96.606:61.932|79.718:54.050|67.647:51.797|70.989:47.160|75.247:31.439|78.485:17.800|62.744:23.331|48.396:26.409|45.975:26.616|44.861:29.486|40.330:36.452|39.181:40.625|33.361:21.699|33.509:17.243|22.011:12.394|8.000:8.000,0-18-19-13-24-20-4-14-1-31-10-23-22-15-27-5-9-12-7-17-29-25-3-30-8-16-21-11-26-0,101.22773687611334
66,moderate,sparse,NearestNeighbor,32,29,0.90625,0.8978102189781022,0.0,False,61.5,68.5,1549.755378842451,1546.603631383398,-349.755378842451,-429.755378842451,True,141.75924829713878,False,True,0.1813022462289137,0.006520550209041,2.0,True,1.0,8.000:8.000|16.394:37.394|18.289:44.604|22.268:43.952|27.170:44.615|28.771:51.713|38.883:52.073|43.897:53.170|50.824:41.199|45.664:36.810|59.383:35.703|66.403:39.927|79.743:38.510|83.389:36.954|86.281:37.562|88.299:51.024|86.256:49.162|89.921:60.462|89.724:63.384|77.068:78.422|77.029:83.176|71.884:85.816|78.291:93.160|83.323:91.727|70.014:73.761|60.619:83.821|49.209:89.737|44.601:82.317|48.502:75.256|73.571:56.913|8.000:8.000,0-1-11-32-10-6-19-25-7-29-3-26-24-22-14-20-12-5-30-27-17-13-18-16-21-2-23-4-8-9-0,0.001219080062583
66,moderate,sparse,ValuePerDistance,32,28,0.875,0.9124087591240876,0.0,False,62.5,68.5,1699.827588165757,1677.3254735113296,-499.8275881657568,-579.8275881657569,True,151.1212018957698,False,True,0.2654542937546592,0.0103141948362515,2.0,True,1.0,8.000:8.000|16.394:37.394|18.289:44.604|22.268:43.952|27.170:44.615|28.771:51.713|43.897:53.170|38.883:52.073|45.664:36.810|50.824:41.199|59.383:35.703|66.403:39.927|79.743:38.510|83.389:36.954|86.281:37.562|86.256:49.162|88.299:51.024|89.921:60.462|89.724:63.384|77.068:78.422|77.029:83.176|71.884:85.816|60.619:83.821|48.502:75.256|44.601:82.317|26.165:72.786|70.014:73.761|78.291:93.160|83.323:91.727|8.000:8.000,0-1-11-32-10-6-25-19-29-7-3-26-24-22-14-12-20-5-30-27-17-13-2-8-4-28-21-18-16-0,0.0009939628653228
66,moderate,sparse,WindAwareGreedy,32,20,0.625,0.7299270072992701,0.0,False,50.0,68.5,1674.3878388090775,1664.7637329195,-474.3878388090775,-554.3878388090775,True,126.99656260415884,False,True,0.2162695483995751,0.0113076639655024,2.0,True,1.0,8.000:8.000|16.394:37.394|18.289:44.604|45.664:36.810|50.824:41.199|43.897:53.170|28.771:51.713|26.165:72.786|48.502:75.256|60.619:83.821|77.068:78.422|77.029:83.176|71.884:85.816|70.014:73.761|86.256:49.162|83.389:36.954|79.743:38.510|68.099:26.997|71.478:26.122|66.403:39.927|86.281:37.562|8.000:8.000,0-1-11-29-7-25-6-28-8-2-27-17-13-21-12-22-24-15-31-26-14-0,0.0008752129506319
66,moderate,sparse,ReserveOnlyPlanner,32,16,0.5,0.583941605839416,0.583941605839416,True,40.0,68.5,1097.4592448819812,1178.2718889806326,102.54075511801877,22.54075511801875,False,94.38414064545252,True,False,0.1807155056244737,0.0114491669409846,2.0,False,1.0,8.000:8.000|16.394:37.394|18.289:44.604|45.664:36.810|50.824:41.199|59.383:35.703|68.099:26.997|83.389:36.954|79.743:38.510|86.281:37.562|86.256:49.162|89.921:60.462|77.068:78.422|77.029:83.176|60.619:83.821|28.771:51.713|27.170:44.615|8.000:8.000,0-1-11-29-7-3-15-22-24-14-12-5-27-17-2-6-10-0,0.0008191419765353
66,moderate,sparse,FairRiskAwareGreedy,32,13,0.40625,0.4890510948905109,0.4890510948905109,True,33.5,68.5,1030.4983298906488,1057.3419901335328,169.50167010935155,89.50167010935155,False,106.8340439047672,True,False,0.004409885563166,0.0003151308023803,2.0,False,1.0,8.000:8.000|16.394:37.394|18.289:44.604|43.897:53.170|26.165:72.786|28.771:51.713|27.170:44.615|68.099:26.997|45.664:36.810|50.824:41.199|60.619:83.821|48.502:75.256|59.383:35.703|22.268:43.952|8.000:8.000,0-1-11-25-28-6-10-15-29-7-2-8-3-32-0,0.0010034469887614
66,moderate,sparse,FairALNSPlanner,32,23,0.71875,0.7883211678832117,0.7883211678832117,True,54.0,68.5,1022.9986184257024,1161.5847714323868,177.00138157429788,97.00138157429788,False,123.91193551770016,True,False,0.0303444265586619,0.0012761238210789,2.0,False,1.0,8.000:8.000|16.394:37.394|18.289:44.604|22.268:43.952|27.170:44.615|28.771:51.713|26.165:72.786|48.502:75.256|60.619:83.821|71.884:85.816|78.291:93.160|83.323:91.727|77.029:83.176|77.068:78.422|70.014:73.761|38.883:52.073|43.897:53.170|50.824:41.199|45.664:36.810|68.099:26.997|71.478:26.122|83.389:36.954|86.281:37.562|79.743:38.510|8.000:8.000,0-1-11-32-10-6-28-8-2-13-18-16-17-27-21-19-25-7-29-15-31-22-14-24-0,7.95369062316604
66,moderate,sparse,RAWA-RHP,32,27,0.84375,0.8978102189781022,0.8978102189781022,True,61.5,68.5,1041.1125796850622,1210.7129100899624,158.8874203149378,78.8874203149378,False,130.52783878366913,True,False,0.0770980058421458,0.0028433855065611,2.0,False,1.0,8.000:8.000|45.664:36.810|50.824:41.199|59.383:35.703|68.099:26.997|71.478:26.122|83.389:36.954|86.281:37.562|79.743:38.510|66.403:39.927|86.256:49.162|73.571:56.913|70.014:73.761|77.068:78.422|77.029:83.176|83.323:91.727|78.291:93.160|71.884:85.816|60.619:83.821|48.502:75.256|26.165:72.786|43.897:53.170|38.883:52.073|28.771:51.713|27.170:44.615|22.268:43.952|18.289:44.604|16.394:37.394|8.000:8.000,0-29-7-3-15-31-22-14-24-26-12-9-21-27-17-16-18-13-2-8-28-25-19-6-10-32-11-1-0,88.30132310301997
67,moderate,cluttered,NearestNeighbor,32,25,0.78125,0.7786885245901639,0.0,False,47.5,61.0,1414.3724675044232,1416.35135273805,-214.3724675044233,-294.3724675044233,True,129.72041412966155,False,True,0.1315828569218536,0.005316006478676,2.0,True,1.0,8.000:8.000|8.816:27.685|22.264:25.328|29.204:38.545|34.326:40.810|39.952:47.398|47.456:42.886|52.151:39.368|59.382:39.576|58.749:46.148|55.464:50.752|41.977:56.893|29.699:59.825|29.415:71.046|18.107:74.675|41.816:83.891|46.683:74.646|47.490:71.696|61.168:76.928|60.335:83.029|66.368:85.186|72.841:72.164|68.251:64.952|85.476:66.838|86.353:48.229|87.273:37.814|8.000:8.000,0-3-25-2-24-18-14-10-27-19-15-1-5-21-22-13-7-28-29-12-6-31-4-30-32-11-0,0.0011006610002368
67,moderate,cluttered,ValuePerDistance,32,24,0.75,0.819672131147541,0.0,False,50.0,61.0,1372.2591004031008,1390.1350072060154,-172.25910040310097,-252.25910040310097,True,125.45046116782036,False,True,0.131243352541363,0.0055146613779508,2.0,True,1.0,8.000:8.000|8.816:27.685|22.264:25.328|34.326:40.810|39.952:47.398|47.456:42.886|52.151:39.368|59.382:39.576|58.749:46.148|55.464:50.752|41.977:56.893|29.699:59.825|18.107:74.675|41.816:83.891|46.683:74.646|47.490:71.696|61.168:76.928|60.335:83.029|66.368:85.186|72.841:72.164|85.476:66.838|83.401:37.913|79.481:34.583|77.542:29.315|65.476:32.128|8.000:8.000,0-3-25-24-18-14-10-27-19-15-1-5-22-13-7-28-29-12-6-31-30-16-23-20-8-0,0.0007554378826171
67,moderate,cluttered,WindAwareGreedy,32,19,0.59375,0.6229508196721312,0.0,False,38.0,61.0,1445.384598224775,1440.3453596846864,-245.38459822477463,-325.38459822477466,True,120.23134670417949,False,True,0.1027216205996107,0.0053365663699819,2.0,True,1.0,8.000:8.000|47.456:42.886|52.151:39.368|29.699:59.825|18.107:74.675|41.816:83.891|47.490:71.696|46.683:74.646|41.977:56.893|39.952:47.398|34.326:40.810|29.204:38.545|22.264:25.328|8.816:27.685|38.221:24.713|53.236:25.194|65.476:32.128|59.382:39.576|58.749:46.148|55.464:50.752|8.000:8.000,0-14-10-5-22-13-28-7-1-18-24-2-25-3-26-9-8-27-19-15-0,0.0007962230592966
67,moderate,cluttered,ReserveOnlyPlanner,32,14,0.4375,0.4672131147540984,0.4672131147540984,True,28.5,61.0,1084.4710927964786,1169.1388825360032,115.52890720352131,35.528907203521314,False,86.64099467202968,True,False,0.1859689926862637,0.0133390466835849,2.0,False,1.0,8.000:8.000|8.816:27.685|18.107:74.675|41.816:83.891|47.490:71.696|46.683:74.646|29.699:59.825|41.977:56.893|47.456:42.886|52.151:39.368|39.952:47.398|34.326:40.810|29.204:38.545|22.264:25.328|38.221:24.713|8.000:8.000,0-3-22-13-28-7-5-1-14-10-18-24-2-25-26-0,0.0006959170568734
67,moderate,cluttered,FairRiskAwareGreedy,32,15,0.46875,0.5573770491803278,0.5573770491803278,True,34.0,61.0,1023.5254251651938,1054.61732135975,176.47457483480616,96.47457483480616,False,110.42078382104192,True,False,0.0201085830372014,0.001267058911706,2.0,False,1.0,8.000:8.000|52.151:39.368|47.456:42.886|83.401:37.913|79.481:34.583|88.459:13.675|65.476:32.128|18.107:74.675|29.699:59.825|34.326:40.810|39.952:47.398|41.977:56.893|55.464:50.752|58.749:46.148|59.382:39.576|38.221:24.713|8.000:8.000,0-10-14-16-23-17-8-22-5-24-18-1-15-19-27-26-0,0.0010164270643144
67,moderate,cluttered,FairALNSPlanner,32,25,0.78125,0.8114754098360656,0.8114754098360656,True,49.5,61.0,1029.1464724078749,1183.990611277441,170.85352759212503,90.85352759212503,False,127.03559897667668,True,False,0.0324365498424596,0.00126355983972,2.0,False,1.0,8.000:8.000|38.221:24.713|53.236:25.194|88.459:13.675|77.542:29.315|79.481:34.583|83.401:37.913|87.273:37.814|65.476:32.128|59.382:39.576|52.151:39.368|47.456:42.886|58.749:46.148|55.464:50.752|41.977:56.893|47.490:71.696|46.683:74.646|41.816:83.891|18.107:74.675|29.415:71.046|29.699:59.825|39.952:47.398|34.326:40.810|29.204:38.545|22.264:25.328|8.816:27.685|8.000:8.000,0-26-9-17-20-23-16-11-8-27-10-14-19-15-1-28-7-13-22-21-5-18-24-2-25-3-0,7.138610732974485
67,moderate,cluttered,RAWA-RHP,32,24,0.75,0.8114754098360656,0.8114754098360656,True,49.5,61.0,1044.7188474609416,1176.2103815135465,155.28115253905884,75.28115253905884,False,126.91068232835732,True,False,0.0797589189316018,0.0032870250231926,2.0,False,1.0,8.000:8.000|22.264:25.328|29.204:38.545|34.326:40.810|39.952:47.398|47.456:42.886|52.151:39.368|83.401:37.913|79.481:34.583|87.273:37.814|88.459:13.675|65.476:32.128|59.382:39.576|58.749:46.148|55.464:50.752|41.977:56.893|61.168:76.928|60.335:83.029|47.490:71.696|46.683:74.646|41.816:83.891|18.107:74.675|29.415:71.046|29.699:59.825|8.816:27.685|8.000:8.000,0-25-2-24-18-14-10-16-23-11-17-8-27-19-15-1-29-12-28-7-13-22-21-5-3-0,66.37997529702261
68,moderate,cluttered,NearestNeighbor,32,25,0.78125,0.7739130434782608,0.0,False,44.5,57.5,1233.3933572874764,1255.2259671226157,-33.39335728747618,-113.39335728747618,True,124.99546997330016,False,True,0.1533783929565855,0.0063370025887466,2.0,True,1.0,8.000:8.000|29.592:23.108|45.349:22.449|47.774:27.646|44.580:33.577|49.154:38.467|52.635:40.150|55.339:54.983|59.566:61.577|62.954:59.842|68.424:60.482|65.219:65.389|71.854:66.252|76.887:74.155|64.122:80.975|79.504:87.848|93.880:81.586|77.639:56.389|82.463:46.991|76.861:34.942|75.779:30.492|80.802:28.215|75.269:21.711|72.960:11.476|32.116:39.157|34.512:41.971|8.000:8.000,0-31-14-1-18-25-15-30-19-20-24-26-32-5-28-16-4-6-13-9-8-3-11-10-22-23-0,0.0011689390521496
68,moderate,cluttered,ValuePerDistance,32,23,0.71875,0.7913043478260869,0.0,False,45.5,57.5,1341.543948933314,1356.4745954871023,-141.54394893331428,-221.54394893331428,True,126.83060523791258,False,True,0.0987481773136463,0.0042809218306651,2.0,True,1.0,8.000:8.000|12.000:38.293|28.368:57.903|28.643:53.220|32.116:39.157|34.512:41.971|44.580:33.577|52.635:40.150|49.154:38.467|55.339:54.983|62.954:59.842|65.219:65.389|68.424:60.482|71.854:66.252|76.887:74.155|64.122:80.975|79.504:87.848|93.880:81.586|82.463:46.991|77.639:56.389|75.779:30.492|76.861:34.942|75.269:21.711|72.960:11.476|8.000:8.000,0-12-27-29-22-23-18-15-25-30-20-26-24-32-5-28-16-4-13-6-8-9-11-10-0,0.000882863998413
68,moderate,cluttered,WindAwareGreedy,32,18,0.5625,0.6086956521739131,0.0,False,35.0,57.5,1288.6125275239654,1286.297602973079,-88.61252752396524,-168.61252752396524,True,114.47358712052387,False,True,0.0678091946752901,0.0036698345144478,2.0,True,1.0,8.000:8.000|12.000:38.293|28.368:57.903|32.116:39.157|44.580:33.577|52.635:40.150|55.339:54.983|65.219:65.389|62.954:59.842|82.463:46.991|75.779:30.492|75.269:21.711|72.960:11.476|45.349:22.449|47.774:27.646|29.592:23.108|34.512:41.971|28.643:53.220|49.154:38.467|8.000:8.000,0-12-27-22-18-15-30-26-20-13-8-11-10-14-1-31-23-29-25-0,0.0008917511440813
68,moderate,cluttered,ReserveOnlyPlanner,32,16,0.5,0.5739130434782609,0.5739130434782609,True,33.0,57.5,1098.668923926086,1189.172550470152,101.33107607391356,21.33107607391355,False,98.3784271256703,True,False,0.0914449437659997,0.0055870305398768,2.0,False,1.0,8.000:8.000|12.000:38.293|28.368:57.903|32.116:39.157|44.580:33.577|52.635:40.150|55.339:54.983|65.219:65.389|62.954:59.842|82.463:46.991|75.779:30.492|75.269:21.711|72.960:11.476|76.861:34.942|80.802:28.215|45.349:22.449|29.592:23.108|8.000:8.000,0-12-27-22-18-15-30-26-20-13-8-11-10-9-3-14-31-0,0.0008547131437808
68,moderate,cluttered,FairRiskAwareGreedy,32,17,0.53125,0.5565217391304348,0.5565217391304348,True,32.0,57.5,1097.584465023653,1149.3075276551378,102.4155349763475,22.4155349763475,False,124.21542679884584,True,False,0.0095710850105636,0.0005334823373943,2.0,False,1.0,8.000:8.000|12.000:38.293|28.368:57.903|55.339:54.983|65.219:65.389|75.779:30.492|75.269:21.711|72.960:11.476|32.116:39.157|44.580:33.577|52.635:40.150|49.154:38.467|11.479:70.729|13.780:85.192|15.174:62.578|34.512:41.971|45.349:22.449|47.774:27.646|8.000:8.000,0-12-27-30-26-8-11-10-22-18-15-25-7-21-17-23-14-1-0,0.0011797109618782
68,moderate,cluttered,FairALNSPlanner,32,24,0.75,0.7913043478260869,0.7913043478260869,True,45.5,57.5,1047.50479418498,1209.8517734957209,152.49520581502028,72.49520581502028,False,129.53032902970193,True,False,0.0134791540444519,0.0005408650580227,2.0,False,1.0,8.000:8.000|32.116:39.157|34.512:41.971|44.580:33.577|49.154:38.467|52.635:40.150|55.339:54.983|59.566:61.577|62.954:59.842|68.424:60.482|75.779:30.492|75.269:21.711|72.960:11.476|76.861:34.942|82.463:46.991|65.219:65.389|71.854:66.252|76.887:74.155|64.122:80.975|34.017:77.181|11.479:70.729|15.174:62.578|28.643:53.220|28.368:57.903|12.000:38.293|8.000:8.000,0-22-23-18-25-15-30-19-20-24-8-11-10-9-13-26-32-5-28-2-7-17-29-27-12-0,9.806527067907156
68,moderate,cluttered,RAWA-RHP,32,27,0.84375,0.8608695652173913,0.8608695652173913,True,49.5,57.5,1036.6354400328323,1198.5086559689332,163.3645599671676,83.3645599671676,False,134.2105412478773,True,False,0.0921157609973772,0.0034184140916884,2.0,False,1.0,8.000:8.000|32.116:39.157|34.512:41.971|52.635:40.150|49.154:38.467|44.580:33.577|45.349:22.449|47.774:27.646|72.960:11.476|75.269:21.711|75.779:30.492|76.861:34.942|82.463:46.991|77.639:56.389|68.424:60.482|71.854:66.252|76.887:74.155|79.504:87.848|64.122:80.975|65.219:65.389|62.954:59.842|59.566:61.577|55.339:54.983|28.643:53.220|28.368:57.903|15.174:62.578|11.479:70.729|12.000:38.293|8.000:8.000,0-22-23-15-25-18-14-1-10-11-8-9-13-6-24-32-5-16-28-26-20-19-30-29-27-17-7-12-0,71.76697774790227
70,severe,cluttered,NearestNeighbor,32,20,0.625,0.6,0.0,False,39.0,65.0,1968.7271070139127,2020.4975855597768,-768.727107013913,-848.727107013913,True,107.38678248907,False,True,0.4486807092807405,0.0269614135571122,2.0,True,1.0,8.000:8.000|16.800:19.299|15.892:21.488|23.257:21.260|24.052:28.753|33.438:31.241|18.794:42.954|28.552:53.921|30.456:53.279|38.785:50.074|52.005:68.125|53.408:72.842|57.064:78.597|64.827:68.061|71.330:64.124|78.245:70.197|83.868:87.184|87.149:51.741|81.158:47.928|81.591:37.659|89.083:34.307|8.000:8.000,0-28-3-26-17-25-9-20-23-22-14-7-30-4-27-12-29-13-1-15-19-0,0.0017804850358515
70,severe,cluttered,ValuePerDistance,32,18,0.5625,0.5923076923076923,0.0,False,38.5,65.0,2236.7472310860467,2163.5562525343635,-1036.7472310860464,-1116.7472310860464,True,109.143469194935,False,True,0.4880678429713014,0.0331807686552821,2.0,True,1.0,8.000:8.000|15.892:21.488|16.800:19.299|23.257:21.260|24.052:28.753|33.438:31.241|18.794:42.954|23.634:63.397|27.350:73.518|19.516:76.429|10.616:83.710|24.979:83.942|52.005:68.125|53.408:72.842|57.064:78.597|64.827:68.061|71.330:64.124|78.245:70.197|83.868:87.184|8.000:8.000,0-3-28-26-17-25-9-31-11-5-2-10-14-7-30-4-27-12-29-0,0.0012288640718907
70,severe,cluttered,WindAwareGreedy,32,16,0.5,0.5769230769230769,0.0,False,37.5,65.0,2180.064964280978,2103.046685348179,-980.0649642809784,-1060.0649642809783,True,107.56284552487544,False,True,0.4857045915351545,0.037029040499017,2.0,True,1.0,8.000:8.000|15.892:21.488|23.257:21.260|24.052:28.753|33.438:31.241|60.138:21.592|38.785:50.074|23.634:63.397|27.350:73.518|19.516:76.429|10.616:83.710|24.979:83.942|52.005:68.125|57.064:78.597|64.827:68.061|71.330:64.124|78.245:70.197|8.000:8.000,0-3-26-17-25-6-22-31-11-5-2-10-14-30-4-27-12-0,0.001289723906666
70,severe,cluttered,ReserveOnlyPlanner,32,9,0.28125,0.3230769230769231,0.3230769230769231,True,21.0,65.0,1080.5427221822188,1130.4761851182034,119.45727781778126,39.45727781778126,False,54.18837976758152,True,False,0.1913748566326835,0.0204353236453982,2.0,False,1.0,8.000:8.000|15.892:21.488|23.257:21.260|24.052:28.753|33.438:31.241|18.794:42.954|23.634:63.397|27.350:73.518|19.516:76.429|16.800:19.299|8.000:8.000,0-3-26-17-25-9-31-11-5-28-0,0.000922781182453
70,severe,cluttered,FairRiskAwareGreedy,32,9,0.28125,0.3461538461538461,0.3461538461538461,True,22.5,65.0,851.1597246722393,904.237354992134,348.8402753277608,268.8402753277608,False,75.33031071062878,True,False,0.0065390998283793,0.0006541195253273,2.8284271247461903,False,1.0,8.000:8.000|15.892:21.488|23.257:21.260|16.800:19.299|10.616:83.710|23.634:63.397|27.350:73.518|19.516:76.429|18.794:42.954|60.138:21.592|8.000:8.000,0-3-26-28-2-31-11-5-9-6-0,0.0009235311299562
70,severe,cluttered,FairALNSPlanner,32,14,0.4375,0.4923076923076923,0.4923076923076923,True,32.0,65.0,1021.914581312084,1195.4154112793265,178.0854186879159,98.0854186879159,False,95.56462466124496,True,False,0.0143959953829279,0.0009637251625412,2.8284271247461903,False,1.0,8.000:8.000|23.257:21.260|15.892:21.488|10.616:83.710|23.634:63.397|19.516:76.429|27.350:73.518|52.005:68.125|53.408:72.842|57.064:78.597|78.245:70.197|64.827:68.061|38.785:50.074|33.438:31.241|18.794:42.954|8.000:8.000,0-26-3-2-31-5-11-14-7-30-12-4-22-25-9-0,2.789171732030809
70,severe,cluttered,RAWA-RHP,32,16,0.5,0.5230769230769231,0.5230769230769231,True,34.0,65.0,1019.9074295331952,1193.3676224282642,180.09257046680494,100.09257046680494,False,97.50545961635008,True,False,0.0134777660933638,0.0007960627347175,2.8284271247461903,False,1.0,8.000:8.000|10.616:83.710|23.634:63.397|19.516:76.429|27.350:73.518|52.005:68.125|81.591:37.659|83.254:32.368|89.083:34.307|88.326:30.804|80.424:27.998|78.266:20.055|78.175:16.510|70.490:16.736|16.800:19.299|15.892:21.488|23.257:21.260|8.000:8.000,0-2-31-5-11-14-15-32-19-21-24-16-18-8-28-3-26-0,15.526899913093075
69,severe,cluttered,NearestNeighbor,32,23,0.71875,0.696969696969697,0.0,False,46.0,66.0,1921.2488304718415,1962.446073692833,-721.2488304718418,-801.2488304718418,True,120.59133878664797,False,True,0.088395211997297,0.0038024906701908,2.0,True,1.0,8.000:8.000|19.355:17.143|21.715:17.009|32.985:19.901|35.728:14.641|44.057:13.431|59.888:16.365|55.987:33.644|45.358:29.686|33.539:39.995|28.647:46.500|23.485:47.912|15.821:54.381|25.558:72.937|24.863:77.173|24.386:81.106|40.578:81.220|35.979:63.232|41.990:60.771|56.842:57.831|55.294:50.320|68.547:46.821|79.531:58.009|76.169:61.932|8.000:8.000,0-17-24-1-16-10-29-13-8-23-28-11-31-27-7-2-32-26-14-30-21-6-20-19-0,0.0018468659836798
69,severe,cluttered,ValuePerDistance,32,20,0.625,0.6893939393939394,0.0,False,45.5,66.0,2043.0305132805147,2009.1664872663143,-843.0305132805148,-923.0305132805148,True,115.52709884214109,False,True,0.1664365937997891,0.0082180099319897,2.0,True,1.0,8.000:8.000|19.355:17.143|21.715:17.009|22.065:31.688|33.539:39.995|23.485:47.912|15.821:54.381|28.647:46.500|35.979:63.232|41.990:60.771|54.777:68.586|56.842:57.831|55.294:50.320|68.547:46.821|79.531:58.009|76.169:61.932|89.402:59.432|94.148:67.432|95.512:51.002|76.110:20.806|90.675:16.119|8.000:8.000,0-17-24-18-23-11-31-28-26-14-15-30-21-6-20-19-3-5-12-22-4-0,0.0013528179842978
69,severe,cluttered,WindAwareGreedy,32,14,0.4375,0.5681818181818182,0.0,False,37.5,66.0,1595.225147115851,1554.8008260561833,-395.22514711585154,-475.22514711585154,True,88.4152072472224,False,True,0.1444321214200786,0.0097912336162985,2.0,True,1.0,8.000:8.000|19.355:17.143|21.715:17.009|22.065:31.688|33.539:39.995|23.485:47.912|15.821:54.381|35.979:63.232|54.777:68.586|79.531:58.009|89.402:59.432|95.512:51.002|76.110:20.806|59.888:16.365|45.358:29.686|8.000:8.000,0-17-24-18-23-11-31-26-15-20-3-12-22-29-8-0,0.0012207019608467
69,severe,cluttered,ReserveOnlyPlanner,32,9,0.28125,0.3560606060606061,0.3560606060606061,True,23.5,66.0,1084.1826428824622,1122.8791207911604,115.81735711753772,35.81735711753771,False,60.88753858651731,True,False,0.1387489066726579,0.0140260135990309,2.0,False,1.0,8.000:8.000|19.355:17.143|21.715:17.009|22.065:31.688|33.539:39.995|23.485:47.912|15.821:54.381|35.979:63.232|54.777:68.586|41.990:60.771|8.000:8.000,0-17-24-18-23-11-31-26-15-14-0,0.0009490309748798
69,severe,cluttered,FairRiskAwareGreedy,32,12,0.375,0.4621212121212121,0.4621212121212121,True,30.5,66.0,1091.9930407926083,1144.5716336149662,108.00695920739167,28.006959207391677,False,100.5384113686335,True,False,0.0017061297609901,0.0001313121671756,2.8284271247461903,False,1.0,8.000:8.000|19.355:17.143|21.715:17.009|33.539:39.995|22.065:31.688|76.110:20.806|15.821:54.381|23.485:47.912|35.979:63.232|59.888:16.365|45.358:29.686|32.985:19.901|44.057:13.431|8.000:8.000,0-17-24-23-18-22-31-11-26-29-8-1-10-0,0.0017244380433112
69,severe,cluttered,FairALNSPlanner,32,16,0.5,0.5909090909090909,0.5909090909090909,True,39.0,66.0,1046.3682624558564,1244.9639616153056,153.63173754414333,73.63173754414333,False,104.36037793723186,True,False,0.0298885851904822,0.0017766836247506,2.0,False,1.0,8.000:8.000|19.355:17.143|21.715:17.009|32.985:19.901|59.888:16.365|76.110:20.806|55.987:33.644|45.358:29.686|22.065:31.688|33.539:39.995|54.777:68.586|76.169:61.932|79.531:58.009|35.979:63.232|28.647:46.500|23.485:47.912|15.821:54.381|8.000:8.000,0-17-24-1-29-22-13-8-18-23-15-19-20-26-28-11-31-0,6.855884449090809
69,severe,cluttered,RAWA-RHP,32,21,0.65625,0.7196969696969697,0.7196969696969697,True,47.5,66.0,1041.4148505668425,1258.2706560071092,158.5851494331573,78.58514943315731,False,110.3622690113239,True,False,0.0428081753088617,0.0019733475958239,2.0,False,1.0,8.000:8.000|19.355:17.143|21.715:17.009|32.985:19.901|45.358:29.686|55.987:33.644|59.888:16.365|76.110:20.806|68.547:46.821|95.512:51.002|89.402:59.432|79.531:58.009|76.169:61.932|54.777:68.586|56.842:57.831|41.990:60.771|35.979:63.232|15.821:54.381|23.485:47.912|28.647:46.500|33.539:39.995|22.065:31.688|8.000:8.000,0-17-24-1-8-13-29-22-6-12-3-20-19-15-30-14-26-31-11-28-23-18-0,36.91095665912144
70,severe,sparse,NearestNeighbor,32,23,0.71875,0.7520661157024794,0.0,False,45.5,60.5,2053.637426065828,2060.633021755015,-853.6374260658282,-933.6374260658282,True,114.65836811596569,False,True,0.076929634086176,0.0032510974983424,2.0,True,1.0,8.000:8.000|34.210:11.475|34.472:35.585|38.390:38.678|42.468:52.370|45.909:52.064|50.762:56.511|47.901:59.322|44.088:64.670|37.647:65.814|39.718:75.678|32.297:81.675|40.655:94.442|43.516:92.654|50.186:83.148|62.262:97.147|72.401:86.763|71.319:67.182|65.041:64.403|64.240:59.795|61.891:60.624|65.868:57.315|79.305:62.534|80.388:60.342|8.000:8.000,0-13-20-18-26-31-24-3-19-17-8-6-2-4-21-11-1-28-27-7-12-25-15-5-0,0.0018327410798519
70,severe,sparse,ValuePerDistance,32,21,0.65625,0.71900826446281,0.0,False,43.5,60.5,2173.515747894586,2162.5528559094,-973.5157478945864,-1053.5157478945864,True,116.43391123527296,False,True,0.2282063064998789,0.0114422615892498,2.0,True,1.0,8.000:8.000|38.390:38.678|34.472:35.585|59.534:42.461|63.440:42.463|69.811:45.680|71.206:49.411|64.240:59.795|61.891:60.624|65.041:64.403|71.319:67.182|79.305:62.534|80.388:60.342|85.253:47.239|92.070:38.726|47.901:59.322|44.088:64.670|37.647:65.814|39.718:75.678|32.297:81.675|43.516:92.654|40.655:94.442|8.000:8.000,0-18-20-14-9-32-10-7-12-27-28-15-5-29-16-3-19-17-8-6-4-2-0,0.0014427960850298
70,severe,sparse,WindAwareGreedy,32,15,0.46875,0.5867768595041323,0.0,False,35.5,60.5,1992.780629690644,1964.520047791633,-792.7806296906438,-872.7806296906438,True,100.63996253069767,False,True,0.2571178457699922,0.0168087792870585,2.0,True,1.0,8.000:8.000|38.390:38.678|59.534:42.461|47.901:59.322|39.718:75.678|43.516:92.654|40.655:94.442|50.186:83.148|64.240:59.795|61.891:60.624|65.041:64.403|71.319:67.182|79.305:62.534|80.388:60.342|69.811:45.680|65.868:57.315|8.000:8.000,0-18-14-3-8-4-2-21-7-12-27-28-15-5-32-25-0,0.0013167450670152
70,severe,sparse,ReserveOnlyPlanner,32,9,0.28125,0.3057851239669421,0.3057851239669421,True,18.5,60.5,1100.505825025864,1196.9719921991737,99.49417497413629,19.49417497413629,False,56.999878053189455,True,False,0.0991286586823757,0.0101563592786913,2.0,False,1.0,8.000:8.000|38.390:38.678|47.901:59.322|39.718:75.678|37.647:65.814|44.088:64.670|45.909:52.064|42.468:52.370|34.472:35.585|34.210:11.475|8.000:8.000,0-18-3-8-17-19-31-26-20-13-0,0.0009267388377338
70,severe,sparse,FairRiskAwareGreedy,32,12,0.375,0.4628099173553719,0.4628099173553719,True,28.0,60.5,1021.5486881197588,1071.190039622727,178.45131188024106,98.45131188024106,False,92.53084444943566,True,False,0.0056700018934091,0.0004364361223507,2.0,False,1.0,8.000:8.000|38.390:38.678|64.240:59.795|39.718:75.678|37.647:65.814|61.891:60.624|43.516:92.654|40.655:94.442|50.186:83.148|71.319:67.182|69.811:45.680|60.031:20.666|34.210:11.475|8.000:8.000,0-18-7-8-17-12-4-2-21-28-32-22-13-0,0.001842426136136
70,severe,sparse,FairALNSPlanner,32,21,0.65625,0.7107438016528925,0.7107438016528925,True,43.0,60.5,1063.481908137302,1238.473344812207,136.5180918626979,56.5180918626979,False,109.76275392177868,True,False,0.0006535721780686,2.97161871544766e-05,2.8284271247461903,False,1.0,8.000:8.000|37.647:65.814|44.088:64.670|39.718:75.678|50.186:83.148|43.516:92.654|40.655:94.442|71.319:67.182|71.206:49.411|69.811:45.680|80.388:60.342|79.305:62.534|65.868:57.315|64.240:59.795|61.891:60.624|65.041:64.403|47.901:59.322|50.762:56.511|45.909:52.064|42.468:52.370|38.390:38.678|34.210:11.475|8.000:8.000,0-17-19-8-21-4-2-28-10-32-5-15-25-7-12-27-3-24-31-26-18-13-0,10.09280288987793
70,severe,sparse,RAWA-RHP,32,22,0.6875,0.7355371900826446,0.7355371900826446,True,44.5,60.5,1024.1480882077417,1210.5342205369527,175.8519117922582,95.8519117922582,False,110.33224598660716,True,False,0.0256885690851119,0.0011265041487126,2.0,False,1.0,8.000:8.000|37.647:65.814|44.088:64.670|39.718:75.678|50.186:83.148|43.516:92.654|40.655:94.442|65.041:64.403|71.319:67.182|79.305:62.534|80.388:60.342|65.868:57.315|64.240:59.795|61.891:60.624|50.762:56.511|47.901:59.322|42.468:52.370|45.909:52.064|55.223:48.588|59.534:42.461|38.390:38.678|34.472:35.585|34.210:11.475|8.000:8.000,0-17-19-8-21-4-2-27-28-15-5-25-7-12-24-3-26-31-23-14-18-20-13-0,28.953222513897344
69,severe,sparse,NearestNeighbor,32,26,0.8125,0.8064516129032258,0.0,False,50.0,62.0,1929.2152881890984,2013.4451190143852,-729.2152881890979,-809.2152881890979,True,126.6877024801624,False,True,0.281035342408555,0.0117340966441523,2.0,True,1.0,8.000:8.000|18.299:19.166|20.829:20.730|19.924:24.469|18.616:38.666|11.639:44.566|29.618:39.788|35.008:45.296|34.054:48.031|37.540:48.292|46.295:48.342|48.112:42.292|42.845:41.475|36.296:33.925|36.229:23.856|44.996:27.798|56.524:33.177|59.620:33.385|66.384:37.623|79.724:25.608|76.651:22.756|70.239:16.866|69.292:19.352|63.599:10.936|86.136:19.965|92.162:8.221|90.881:32.199|8.000:8.000,0-9-26-30-5-1-32-6-17-8-21-18-13-12-15-28-14-22-7-23-25-24-31-20-16-2-11-0,0.0019565038383007
69,severe,sparse,ValuePerDistance,32,19,0.59375,0.6693548387096774,0.0,False,41.5,62.0,1722.1835921931229,1704.4497298859394,-522.1835921931232,-602.1835921931232,True,107.94645075022684,False,True,0.1166831355180259,0.0057954820302576,2.0,True,1.0,8.000:8.000|18.299:19.166|20.829:20.730|19.924:24.469|18.616:38.666|11.639:44.566|11.504:75.106|40.079:68.154|37.540:48.292|35.008:45.296|34.054:48.031|24.686:51.984|29.618:39.788|44.996:27.798|36.296:33.925|48.112:42.292|42.845:41.475|66.384:37.623|59.620:33.385|56.524:33.177|8.000:8.000,0-9-26-30-5-1-4-29-8-6-17-10-32-28-12-18-13-7-22-14-0,0.001299318158999
69,severe,sparse,WindAwareGreedy,32,20,0.625,0.7338709677419355,0.0,False,45.5,62.0,2137.222160390832,2163.6066292140376,-937.2221603908316,-1017.2221603908316,True,117.66521770869544,False,True,0.1243500712713806,0.0061853354822297,2.0,True,1.0,8.000:8.000|18.299:19.166|20.829:20.730|19.924:24.469|18.616:38.666|44.996:27.798|66.384:37.623|59.620:33.385|48.112:42.292|37.540:48.292|35.008:45.296|34.054:48.031|24.686:51.984|40.079:68.154|63.657:57.675|79.724:25.608|86.136:19.965|76.651:22.756|69.292:19.352|70.239:16.866|92.162:8.221|8.000:8.000,0-9-26-30-5-28-7-22-18-8-6-17-10-29-27-23-16-25-31-24-2-0,0.0015205962117761
69,severe,sparse,ReserveOnlyPlanner,32,14,0.4375,0.5161290322580645,0.5161290322580645,True,32.0,62.0,1104.9487911373972,1237.2492090312314,95.05120886260272,15.05120886260272,False,69.63457426948109,True,False,0.0494200177586626,0.0032946962303071,2.0,False,1.0,8.000:8.000|18.299:19.166|20.829:20.730|19.924:24.469|18.616:38.666|44.996:27.798|66.384:37.623|59.620:33.385|56.524:33.177|48.112:42.292|37.540:48.292|35.008:45.296|34.054:48.031|24.686:51.984|29.618:39.788|8.000:8.000,0-9-26-30-5-28-7-22-14-18-8-6-17-10-32-0,0.0012824609875679
69,severe,sparse,FairRiskAwareGreedy,32,14,0.4375,0.5564516129032258,0.5564516129032258,True,34.5,62.0,920.537350891978,960.7054599637526,279.4626491080221,199.4626491080221,False,91.49158193020789,True,False,0.0016981709993119,0.0001132676143002,2.8284271247461903,False,1.0,8.000:8.000|18.299:19.166|20.829:20.730|18.616:38.666|19.924:24.469|44.996:27.798|66.384:37.623|59.620:33.385|29.545:14.590|48.112:42.292|37.540:48.292|35.008:45.296|24.686:51.984|11.504:75.106|11.639:44.566|8.000:8.000,0-9-26-5-30-28-7-22-19-18-8-6-10-4-1-0,0.0021144908387213
69,severe,sparse,FairALNSPlanner,32,23,0.71875,0.8064516129032258,0.8064516129032258,True,50.0,62.0,1027.8419903179165,1278.732550654726,172.1580096820839,92.1580096820839,False,114.64867053630677,True,False,0.0302230427803199,0.0012625236478827,2.0,False,1.0,8.000:8.000|29.545:14.590|36.229:23.856|36.296:33.925|59.620:33.385|66.384:37.623|79.724:25.608|76.651:22.756|86.136:19.965|69.292:19.352|44.996:27.798|48.112:42.292|46.295:48.342|40.079:68.154|11.504:75.106|24.686:51.984|34.054:48.031|37.540:48.292|35.008:45.296|29.618:39.788|18.616:38.666|19.924:24.469|20.829:20.730|18.299:19.166|8.000:8.000,0-19-15-12-22-7-23-25-16-31-28-18-21-29-4-10-17-8-6-32-5-30-26-9-0,13.128658889094368
69,severe,sparse,RAWA-RHP,32,24,0.75,0.8225806451612904,0.8225806451612904,True,51.0,62.0,1041.4971912921294,1297.8559677429687,158.50280870787066,78.50280870787066,False,116.80327293421172,True,False,0.030786188446896,0.0012352503736474,2.0,False,1.0,8.000:8.000|18.299:19.166|20.829:20.730|19.924:24.469|18.616:38.666|29.618:39.788|24.686:51.984|11.504:75.106|40.079:68.154|37.540:48.292|34.054:48.031|35.008:45.296|42.845:41.475|48.112:42.292|36.296:33.925|56.524:33.177|59.620:33.385|66.384:37.623|79.724:25.608|76.651:22.756|86.136:19.965|69.292:19.352|44.996:27.798|36.229:23.856|29.545:14.590|8.000:8.000,0-9-26-30-5-32-10-4-29-8-17-6-13-18-12-14-22-7-23-25-16-31-28-15-19-0,52.62854241905734
69,moderate,cluttered,NearestNeighbor,32,27,0.84375,0.8244274809160306,0.0,False,54.0,65.5,1514.6029059623525,1503.5792184445554,-314.60290596235234,-394.60290596235234,True,143.59187229130578,False,True,0.1808828017052576,0.0070014488431887,2.0,True,1.0,8.000:8.000|16.769:12.287|23.491:27.907|31.929:26.656|37.671:32.290|31.151:42.674|35.687:48.928|22.556:49.802|21.971:53.034|25.847:67.607|19.184:83.242|12.924:82.199|54.971:75.908|57.803:70.353|52.649:65.401|53.916:61.837|62.001:52.617|71.998:43.965|80.947:52.879|80.501:61.376|77.682:63.465|86.830:59.404|93.071:59.961|90.525:68.446|83.473:83.755|66.874:84.736|63.435:95.025|61.198:95.710|8.000:8.000,0-24-11-4-19-10-18-21-1-7-3-30-9-31-5-29-2-32-26-22-17-20-27-6-15-13-8-28-0,0.0020724260248243
69,moderate,cluttered,ValuePerDistance,32,26,0.8125,0.8549618320610687,0.0,False,56.0,65.5,1486.795293484179,1468.9811671382658,-286.7952934841793,-366.7952934841793,True,139.48457836896233,False,True,0.1195745972287131,0.0046526118782965,2.0,True,1.0,8.000:8.000|16.769:12.287|36.014:16.122|41.777:11.369|52.560:18.631|50.538:27.497|54.173:26.043|37.671:32.290|31.929:26.656|23.491:27.907|21.971:53.034|22.556:49.802|25.847:67.607|35.687:48.928|31.151:42.674|53.916:61.837|52.649:65.401|57.803:70.353|54.971:75.908|61.198:95.710|63.435:95.025|66.874:84.736|83.473:83.755|90.525:68.446|86.830:59.404|80.501:61.376|77.682:63.465|8.000:8.000,0-24-23-14-25-12-16-19-4-11-1-21-7-18-10-29-5-31-9-28-8-13-15-6-20-22-17-0,0.0016594850458204
69,moderate,cluttered,WindAwareGreedy,32,19,0.59375,0.7099236641221374,0.0,False,46.5,65.5,1612.301480241584,1593.4235223464884,-412.301480241584,-492.301480241584,True,130.38231851104845,False,True,0.0920717680649603,0.0047846568925708,2.0,True,1.0,8.000:8.000|16.769:12.287|36.014:16.122|37.671:32.290|21.971:53.034|25.847:67.607|53.916:61.837|57.803:70.353|61.198:95.710|63.435:95.025|66.874:84.736|54.971:75.908|35.687:48.928|50.538:27.497|52.560:18.631|41.777:11.369|31.929:26.656|31.151:42.674|22.556:49.802|12.924:82.199|8.000:8.000,0-24-23-19-1-7-29-31-28-8-13-9-18-12-25-14-4-10-21-30-0,0.0014931040350347
69,moderate,cluttered,ReserveOnlyPlanner,32,17,0.53125,0.6183206106870229,0.6183206106870229,True,40.5,65.5,1095.199380758064,1158.9183638432548,104.8006192419358,24.80061924193581,False,99.30833482700176,True,False,0.0620699836121804,0.0035339260028886,2.0,False,1.0,8.000:8.000|16.769:12.287|36.014:16.122|37.671:32.290|21.971:53.034|25.847:67.607|12.924:82.199|19.184:83.242|61.198:95.710|63.435:95.025|66.874:84.736|57.803:70.353|53.916:61.837|52.649:65.401|54.971:75.908|35.687:48.928|31.151:42.674|31.929:26.656|8.000:8.000,0-24-23-19-1-7-30-3-28-8-13-31-29-5-9-18-10-4-0,0.0015251250006258
69,moderate,cluttered,FairRiskAwareGreedy,32,16,0.5,0.549618320610687,0.549618320610687,True,36.0,65.5,967.9535221014615,1010.6567009581564,232.0464778985384,152.0464778985384,False,108.33734587542834,True,False,0.0079200524143879,0.0004666089853229,2.0,False,1.0,8.000:8.000|16.769:12.287|36.014:16.122|37.671:32.290|25.847:67.607|21.971:53.034|22.556:49.802|50.538:27.497|52.560:18.631|41.777:11.369|23.491:27.907|53.916:61.837|52.649:65.401|35.687:48.928|31.151:42.674|54.173:26.043|31.929:26.656|8.000:8.000,0-24-23-19-7-1-21-12-25-14-11-29-5-18-10-16-4-0,0.0018474380485713
69,moderate,cluttered,FairALNSPlanner,32,22,0.6875,0.7633587786259542,0.7633587786259542,True,50.0,65.5,1042.7800037699058,1183.2892393981112,157.21999623009407,77.21999623009407,False,122.85676679440893,True,False,0.0504370718044449,0.0022336471197966,2.0,False,1.0,8.000:8.000|41.777:11.369|36.014:16.122|31.929:26.656|50.538:27.497|54.173:26.043|52.560:18.631|37.671:32.290|53.916:61.837|52.649:65.401|54.971:75.908|57.803:70.353|66.874:84.736|63.435:95.025|61.198:95.710|19.184:83.242|12.924:82.199|35.687:48.928|25.847:67.607|21.971:53.034|22.556:49.802|23.491:27.907|16.769:12.287|8.000:8.000,0-14-23-4-12-16-25-19-29-5-9-31-13-8-28-3-30-18-7-1-21-11-24-0,11.826428055996075
69,moderate,cluttered,RAWA-RHP,32,25,0.78125,0.8320610687022901,0.8320610687022901,True,54.5,65.5,1059.7438795690018,1191.251067947842,140.25612043099812,60.25612043099812,False,132.74397442503778,True,False,0.0430767897716229,0.0016850394938328,2.0,False,1.0,8.000:8.000|16.769:12.287|31.929:26.656|37.671:32.290|35.687:48.928|31.151:42.674|22.556:49.802|21.971:53.034|19.184:83.242|12.924:82.199|25.847:67.607|57.803:70.353|77.682:63.465|80.501:61.376|63.435:95.025|61.198:95.710|66.874:84.736|54.971:75.908|52.649:65.401|53.916:61.837|50.538:27.497|54.173:26.043|52.560:18.631|41.777:11.369|36.014:16.122|23.491:27.907|8.000:8.000,0-24-4-19-18-10-21-1-3-30-7-31-17-22-8-28-13-9-5-29-12-16-25-14-23-11-0,83.89290782087483
70,moderate,cluttered,NearestNeighbor,32,20,0.625,0.6386554621848739,0.0,False,38.0,59.5,1302.37714186117,1272.8793075026538,-102.37714186117016,-182.37714186117017,True,114.92964645399417,False,True,0.0313071632051038,0.0015050583768113,2.0,True,1.0,8.000:8.000|22.841:41.357|26.702:38.829|31.797:44.897|41.975:45.283|39.226:36.057|38.080:31.205|51.446:24.753|61.300:19.359|76.327:11.106|80.404:20.606|81.633:34.407|76.578:34.021|85.808:38.442|95.619:33.912|93.476:22.282|88.036:10.351|90.003:52.358|87.500:51.431|74.652:57.318|54.391:64.069|8.000:8.000,0-6-8-3-31-18-22-10-14-19-32-12-30-24-20-25-16-17-15-5-27-0,0.0014438030775636
70,moderate,cluttered,ValuePerDistance,32,18,0.5625,0.6218487394957983,0.0,False,37.0,59.5,1374.4250332887132,1368.120476022101,-174.42503328871288,-254.42503328871288,True,115.27946949850684,False,True,0.0736854761617559,0.0039254368515404,2.0,True,1.0,8.000:8.000|22.841:41.357|26.702:38.829|31.797:44.897|39.226:36.057|38.080:31.205|74.652:57.318|90.003:52.358|87.500:51.431|85.808:38.442|76.578:34.021|81.633:34.407|80.404:20.606|76.327:11.106|88.036:10.351|93.476:22.282|95.619:33.912|86.153:75.926|89.399:74.623|8.000:8.000,0-6-8-3-18-22-5-17-15-24-30-12-32-19-16-25-20-1-4-0,0.0013880820479243
70,moderate,cluttered,WindAwareGreedy,32,18,0.5625,0.5882352941176471,0.0,False,35.0,59.5,1278.3195351470404,1283.628111689252,-78.31953514704006,-158.31953514704006,True,111.27439333304946,False,True,0.0638523681573827,0.0034055775027882,2.0,True,1.0,8.000:8.000|22.841:41.357|31.797:44.897|26.702:38.829|39.226:36.057|38.080:31.205|80.404:20.606|85.808:38.442|74.652:57.318|90.003:52.358|87.500:51.431|76.578:34.021|76.327:11.106|88.036:10.351|93.476:22.282|95.619:33.912|81.633:34.407|61.300:19.359|51.446:24.753|8.000:8.000,0-6-3-8-18-22-32-24-5-17-15-30-19-16-25-20-12-14-10-0,0.0014352069701999
70,moderate,cluttered,ReserveOnlyPlanner,32,14,0.4375,0.4621848739495798,0.4621848739495798,True,27.5,59.5,1108.357883100845,1162.8676585173616,91.64211689915506,11.642116899155056,False,92.9388482970738,True,False,0.0225115488656344,0.0015007786329293,2.0,False,1.0,8.000:8.000|22.841:41.357|31.797:44.897|26.702:38.829|39.226:36.057|38.080:31.205|51.446:24.753|80.404:20.606|76.327:11.106|88.036:10.351|85.808:38.442|76.578:34.021|74.652:57.318|54.391:64.069|41.975:45.283|8.000:8.000,0-6-3-8-18-22-10-32-19-16-24-30-5-27-31-0,0.001378518063575
70,moderate,cluttered,FairRiskAwareGreedy,32,14,0.4375,0.5210084033613446,0.5210084033613446,True,31.0,59.5,1063.5611176697605,1101.2962217562986,136.43888233023912,56.43888233023912,False,114.47159086884083,True,False,0.0013655394618484,9.103945883786048e-05,2.0,False,1.0,8.000:8.000|22.841:41.357|31.797:44.897|74.652:57.318|90.003:52.358|85.808:38.442|80.404:20.606|76.327:11.106|88.036:10.351|39.226:36.057|35.776:80.777|18.985:70.200|26.760:78.685|54.391:64.069|26.702:38.829|8.000:8.000,0-6-3-5-17-24-32-19-16-18-2-13-29-27-8-0,0.0020535450894385
70,moderate,cluttered,FairALNSPlanner,32,25,0.78125,0.8487394957983193,0.8487394957983193,True,50.5,59.5,1055.6524602217014,1188.0099044459646,144.34753977829854,64.34753977829854,False,131.95644477721913,True,False,0.0270103631837708,0.001039731422836,2.0,False,1.0,8.000:8.000|88.036:10.351|76.327:11.106|80.404:20.606|76.578:34.021|81.633:34.407|85.808:38.442|95.619:33.912|90.003:52.358|87.500:51.431|74.652:57.318|86.153:75.926|89.399:74.623|85.262:83.256|74.984:89.547|71.525:91.012|60.696:95.322|50.473:94.944|47.340:86.747|35.303:74.667|35.776:80.777|54.391:64.069|41.975:45.283|31.797:44.897|26.702:38.829|22.841:41.357|8.000:8.000,0-16-19-32-30-12-24-20-17-15-5-1-4-28-21-11-7-26-23-9-2-27-31-3-8-6-0,13.78481229301542
70,moderate,cluttered,RAWA-RHP,32,25,0.78125,0.8487394957983193,0.8487394957983193,True,50.5,59.5,1056.0166459240056,1188.0099044459646,143.98335407599396,63.98335407599396,False,131.95644477721913,True,False,0.0270103631837708,0.001039731422836,2.0,False,1.0,8.000:8.000|88.036:10.351|76.327:11.106|80.404:20.606|76.578:34.021|81.633:34.407|85.808:38.442|95.619:33.912|90.003:52.358|87.500:51.431|74.652:57.318|86.153:75.926|89.399:74.623|85.262:83.256|74.984:89.547|71.525:91.012|60.696:95.322|50.473:94.944|47.340:86.747|35.303:74.667|35.776:80.777|54.391:64.069|41.975:45.283|31.797:44.897|26.702:38.829|22.841:41.357|8.000:8.000,0-16-19-32-30-12-24-20-17-15-5-1-4-28-21-11-7-26-23-9-2-27-31-3-8-6-0,63.51871444401331
65,moderate,sparse,NearestNeighbor,32,30,0.9375,0.9444444444444444,0.0,False,59.5,63.0,1544.2415633658998,1539.0269068342964,-344.2415633658998,-424.2415633658998,True,151.84298378885865,False,True,0.0470736863615802,0.0015371462279639,2.0,True,1.0,8.000:8.000|15.074:15.355|22.679:17.147|24.421:25.540|29.069:31.549|28.983:39.555|26.722:39.385|28.515:42.372|37.826:19.510|40.694:8.985|73.519:37.037|76.817:34.077|74.082:41.812|75.590:43.573|75.076:46.434|71.957:47.464|67.342:47.500|61.162:55.580|56.163:57.168|56.513:59.465|65.022:66.989|67.583:64.634|58.214:77.942|44.810:83.727|44.313:86.935|37.807:95.427|35.612:93.922|19.496:90.701|88.087:48.938|92.243:43.508|94.769:38.873|8.000:8.000,0-27-12-21-10-26-19-15-24-14-32-31-11-22-28-4-16-30-8-7-1-23-29-17-13-5-2-25-18-6-9-0,0.0016205969732254
65,moderate,sparse,ValuePerDistance,32,29,0.90625,0.9126984126984128,0.0,False,57.5,63.0,1543.877000772162,1542.7775024792952,-343.87700077216186,-423.87700077216186,True,150.82530810747204,False,True,0.1109325568803487,0.0038441434812682,2.0,True,1.0,8.000:8.000|15.074:15.355|24.421:25.540|29.069:31.549|28.983:39.555|28.515:42.372|26.722:39.385|56.163:57.168|56.513:59.465|61.162:55.580|65.022:66.989|67.583:64.634|58.214:77.942|44.313:86.935|44.810:83.727|37.807:95.427|35.612:93.922|19.496:90.701|88.087:48.938|94.769:38.873|88.759:30.193|85.760:30.386|76.817:34.077|73.519:37.037|74.082:41.812|75.590:43.573|71.957:47.464|67.342:47.500|75.076:46.434|92.243:43.508|8.000:8.000,0-27-21-10-26-15-19-8-7-30-1-23-29-13-17-5-2-25-18-9-20-3-31-32-11-22-4-16-28-6-0,0.000938493059948
65,moderate,sparse,WindAwareGreedy,32,21,0.65625,0.746031746031746,0.0,False,47.0,63.0,1612.9757281003376,1584.6252105168307,-412.9757281003373,-492.9757281003373,True,140.18496820501193,False,True,0.1939893413001431,0.0095919685886898,2.0,True,1.0,8.000:8.000|24.421:25.540|28.983:39.555|28.515:42.372|56.163:57.168|65.022:66.989|67.583:64.634|88.087:48.938|88.759:30.193|76.817:34.077|71.957:47.464|67.342:47.500|61.162:55.580|56.513:59.465|58.214:77.942|44.313:86.935|19.496:90.701|37.807:95.427|35.612:93.922|44.810:83.727|74.082:41.812|94.769:38.873|8.000:8.000,0-21-26-15-8-1-23-18-20-31-4-16-30-7-29-13-25-5-2-17-11-9-0,0.0008456099312752
65,moderate,sparse,ReserveOnlyPlanner,32,16,0.5,0.5714285714285714,0.5714285714285714,True,36.0,63.0,1101.5051381091307,1175.6440858721244,98.49486189086952,18.494861890869515,False,97.46356338247952,True,False,0.0510687781907071,0.0030437802175802,2.0,False,1.0,8.000:8.000|24.421:25.540|28.983:39.555|28.515:42.372|56.163:57.168|65.022:66.989|67.583:64.634|58.214:77.942|44.313:86.935|37.807:95.427|19.496:90.701|35.612:93.922|44.810:83.727|56.513:59.465|61.162:55.580|67.342:47.500|71.957:47.464|8.000:8.000,0-21-26-15-8-1-23-29-13-5-25-2-17-7-30-16-4-0,0.0007733679376542
65,moderate,sparse,FairRiskAwareGreedy,32,14,0.4375,0.5158730158730159,0.5158730158730159,True,32.5,63.0,874.1899035296235,917.9524163935798,325.8100964703765,245.8100964703765,False,101.78521172409032,True,False,0.0004957711367694,3.305194786786074e-05,2.8284271247461903,False,1.0,8.000:8.000|24.421:25.540|28.983:39.555|40.694:8.985|56.163:57.168|65.022:66.989|88.087:48.938|67.583:64.634|56.513:59.465|61.162:55.580|15.074:15.355|29.069:31.549|28.515:42.372|26.722:39.385|22.679:17.147|8.000:8.000,0-21-26-14-8-1-18-23-7-30-27-10-15-19-12-0,0.0012088150251656
65,moderate,sparse,FairALNSPlanner,32,20,0.625,0.6904761904761905,0.6904761904761905,True,43.5,63.0,964.4967164639022,1111.8948330848548,235.5032835360978,155.5032835360978,False,117.83284414644744,True,False,0.0530462772296138,0.0025395635651881,2.0,False,1.0,8.000:8.000|40.694:8.985|37.826:19.510|67.342:47.500|71.957:47.464|88.087:48.938|85.760:30.386|94.769:38.873|88.759:30.193|24.421:25.540|56.163:57.168|56.513:59.465|65.022:66.989|67.583:64.634|61.162:55.580|28.515:42.372|26.722:39.385|28.983:39.555|29.069:31.549|22.679:17.147|15.074:15.355|8.000:8.000,0-14-24-16-4-18-3-9-20-21-8-7-1-23-30-15-19-26-10-12-27-0,7.127703216159716
65,moderate,sparse,RAWA-RHP,32,32,1.0,1.0,1.0,True,63.0,63.0,986.1005459335382,1130.1634160914325,213.89945406646157,133.89945406646154,False,137.01947605763908,True,False,0.0587265107745638,0.0018143681100786,2.0,False,1.0,8.000:8.000|15.074:15.355|22.679:17.147|24.421:25.540|29.069:31.549|28.983:39.555|26.722:39.385|28.515:42.372|19.496:90.701|35.612:93.922|37.807:95.427|44.313:86.935|44.810:83.727|58.214:77.942|67.583:64.634|65.022:66.989|56.513:59.465|56.163:57.168|61.162:55.580|67.342:47.500|71.957:47.464|75.076:46.434|75.590:43.573|74.082:41.812|88.087:48.938|92.243:43.508|94.769:38.873|88.759:30.193|85.760:30.386|76.817:34.077|73.519:37.037|37.826:19.510|40.694:8.985|8.000:8.000,0-27-12-21-10-26-19-15-25-2-5-13-17-29-23-1-7-8-30-16-4-28-22-11-18-6-9-20-3-31-32-24-14-0,197.42988190194592
70,moderate,sparse,NearestNeighbor,32,23,0.71875,0.7222222222222222,0.0,False,45.5,63.0,1267.2850663869256,1269.8070731184723,-67.28506638692585,-147.28506638692585,True,112.74757909389704,False,True,0.0321993723838014,0.0013416437669772,2.0,True,1.0,8.000:8.000|13.907:25.970|31.011:36.058|29.065:46.660|34.375:46.836|37.420:60.516|39.932:63.139|26.970:69.821|35.633:79.614|40.237:91.615|39.520:93.725|42.198:93.000|46.706:85.130|46.563:80.365|56.425:94.535|59.883:94.126|62.639:92.066|64.349:93.189|78.628:68.364|91.305:79.313|62.820:52.821|60.505:47.762|54.149:47.048|54.342:44.119|8.000:8.000,0-14-7-26-5-20-4-8-17-24-19-29-31-25-23-18-11-21-9-28-2-15-16-13-0,0.0018374670762568
70,moderate,sparse,ValuePerDistance,32,23,0.71875,0.7301587301587301,0.0,False,46.0,63.0,1274.0774959970945,1283.8974675265144,-74.07749599709469,-154.07749599709467,True,121.19559591049052,False,True,0.0609940317455058,0.0025784983165186,2.0,True,1.0,8.000:8.000|34.588:10.144|39.433:12.771|76.090:34.605|78.708:40.122|78.413:45.683|60.505:47.762|62.820:52.821|58.371:58.535|54.342:44.119|54.149:47.048|37.420:60.516|39.932:63.139|35.633:79.614|39.520:93.725|40.237:91.615|42.198:93.000|46.706:85.130|46.563:80.365|64.349:93.189|62.639:92.066|59.883:94.126|56.425:94.535|26.970:69.821|8.000:8.000,0-27-6-1-32-3-15-2-30-13-16-20-4-17-19-24-29-31-25-21-11-18-23-8-0,0.0015247829724103
70,moderate,sparse,WindAwareGreedy,32,18,0.5625,0.626984126984127,0.0,False,39.5,63.0,1282.506665508085,1283.3322901388112,-82.50666550808506,-162.50666550808506,True,111.08198064797335,False,True,0.1002161890081758,0.0054685914146932,2.0,True,1.0,8.000:8.000|34.588:10.144|39.433:12.771|76.090:34.605|54.342:44.119|60.505:47.762|29.065:46.660|19.967:59.407|31.011:36.058|34.375:46.836|37.420:60.516|39.932:63.139|35.633:79.614|39.520:93.725|40.237:91.615|42.198:93.000|46.706:85.130|46.563:80.365|58.371:58.535|8.000:8.000,0-27-6-1-13-15-26-12-7-5-20-4-17-19-24-29-31-25-30-0,0.0014518648386001
70,moderate,sparse,ReserveOnlyPlanner,32,11,0.34375,0.3492063492063492,0.3492063492063492,True,22.0,63.0,902.3157080231198,969.4463967019964,297.6842919768804,217.6842919768804,False,79.20500631183867,True,False,0.0702818796505562,0.0059755035994879,2.0,False,1.0,8.000:8.000|34.588:10.144|39.433:12.771|76.090:34.605|83.850:17.987|92.599:22.629|54.342:44.119|60.505:47.762|29.065:46.660|19.967:59.407|31.011:36.058|13.907:25.970|8.000:8.000,0-27-6-1-22-10-13-15-26-12-7-14-0,0.0011595729738473
70,moderate,sparse,FairRiskAwareGreedy,32,17,0.53125,0.6111111111111112,0.6111111111111112,True,38.5,63.0,1078.5497166313812,1136.3928561513203,121.45028336861874,41.45028336861874,False,124.76817272161436,True,False,1.8006340799514575e-06,1.0003526778539712e-07,2.8284271247461903,False,1.0,8.000:8.000|34.588:10.144|76.090:34.605|91.305:79.313|39.520:93.725|40.237:91.615|42.198:93.000|35.633:79.614|19.967:59.407|46.706:85.130|46.563:80.365|39.932:63.139|29.065:46.660|54.342:44.119|60.505:47.762|58.371:58.535|31.011:36.058|13.907:25.970|8.000:8.000,0-27-1-28-19-24-29-17-12-31-25-4-26-13-15-30-7-14-0,0.0023095589131116
70,moderate,sparse,FairALNSPlanner,32,23,0.71875,0.8015873015873016,0.8015873015873016,True,50.5,63.0,1058.8941162873678,1199.584650817743,141.10588371263205,61.10588371263205,False,129.61903479686697,True,False,0.0315503255486576,0.0013223528475346,2.0,False,1.0,8.000:8.000|34.588:10.144|39.433:12.771|83.850:17.987|92.599:22.629|76.090:34.605|54.342:44.119|37.420:60.516|39.932:63.139|58.371:58.535|91.305:79.313|64.349:93.189|62.639:92.066|59.883:94.126|56.425:94.535|46.706:85.130|46.563:80.365|42.198:93.000|40.237:91.615|39.520:93.725|35.633:79.614|26.970:69.821|19.967:59.407|31.011:36.058|8.000:8.000,0-27-6-22-10-1-13-20-4-30-28-21-11-18-23-31-25-29-24-19-17-8-12-7-0,14.299033704213798
70,moderate,sparse,RAWA-RHP,32,28,0.875,0.9047619047619048,0.9047619047619048,True,57.0,63.0,1057.023635863379,1214.6191561608118,142.97636413662107,62.97636413662107,False,137.27755846611527,True,False,0.0505420053577113,0.0017701795796851,2.0,False,1.0,8.000:8.000|34.588:10.144|39.433:12.771|83.850:17.987|92.599:22.629|76.090:34.605|54.342:44.119|54.149:47.048|60.505:47.762|62.820:52.821|58.371:58.535|78.628:68.364|91.305:79.313|64.349:93.189|62.639:92.066|59.883:94.126|56.425:94.535|46.706:85.130|46.563:80.365|42.198:93.000|40.237:91.615|39.520:93.725|35.633:79.614|26.970:69.821|37.420:60.516|39.932:63.139|34.375:46.836|29.065:46.660|13.907:25.970|8.000:8.000,0-27-6-22-10-1-13-16-15-2-30-9-28-21-11-18-23-31-25-29-24-19-17-8-20-4-5-26-14-0,76.75472787790932
67,moderate,sparse,NearestNeighbor,32,28,0.875,0.8790322580645161,0.0,False,54.5,62.0,1494.9047451400188,1486.6919365312829,-294.90474514001886,-374.90474514001886,True,134.67297882803368,False,True,0.1046611056554832,0.0037691048635507,2.0,True,1.0,8.000:8.000|16.547:25.533|10.407:30.219|16.712:33.907|25.602:25.377|31.126:37.041|30.047:45.829|25.417:45.518|21.869:53.217|36.386:58.895|43.166:57.538|47.765:63.239|44.681:66.596|42.746:70.232|50.872:73.516|53.936:75.100|49.000:78.249|39.372:82.555|35.184:77.380|25.639:72.590|20.116:78.525|19.274:81.130|19.070:83.335|45.739:49.159|59.924:56.972|60.675:65.003|67.471:58.781|74.606:56.560|76.947:66.060|8.000:8.000,0-14-20-26-11-1-22-15-25-6-13-23-7-2-31-3-17-21-27-9-10-12-8-24-32-30-19-4-18-0,0.0011618800926953
67,moderate,sparse,ValuePerDistance,32,24,0.75,0.7903225806451613,0.0,False,49.0,62.0,1413.245725053784,1448.733604456231,-213.2457250537841,-293.2457250537841,True,125.80434709136662,False,True,0.1448205395519529,0.0061622166328699,2.0,True,1.0,8.000:8.000|10.407:30.219|16.712:33.907|25.417:45.518|30.047:45.829|21.869:53.217|43.166:57.538|44.681:66.596|42.746:70.232|49.000:78.249|50.872:73.516|53.936:75.100|47.765:63.239|45.739:49.159|36.386:58.895|35.184:77.380|39.372:82.555|19.070:83.335|19.274:81.130|20.116:78.525|25.639:72.590|76.947:66.060|67.471:58.781|60.675:65.003|59.924:56.972|8.000:8.000,0-20-26-15-22-25-13-7-2-17-31-3-23-24-6-27-21-8-12-10-9-18-19-30-32-0,0.0008086930029094
67,moderate,sparse,WindAwareGreedy,32,19,0.59375,0.6693548387096774,0.0,False,41.5,62.0,1489.7014395319409,1490.242700682036,-289.7014395319406,-369.7014395319406,True,120.88254428486589,False,True,0.1355824830555319,0.0071343825577942,2.0,True,1.0,8.000:8.000|10.407:30.219|25.417:45.518|21.869:53.217|43.166:57.538|49.000:78.249|42.746:70.232|44.681:66.596|30.047:45.829|19.274:81.130|19.070:83.335|20.116:78.525|35.184:77.380|39.372:82.555|50.872:73.516|47.765:63.239|45.739:49.159|36.386:58.895|25.639:72.590|53.936:75.100|8.000:8.000,0-20-15-25-13-17-2-7-22-12-8-10-27-21-31-23-24-6-9-3-0,0.0007682631257921
67,moderate,sparse,ReserveOnlyPlanner,32,19,0.59375,0.6774193548387096,0.6774193548387096,True,42.0,62.0,1098.0788022286697,1179.7360715907537,101.9211977713306,21.9211977713306,False,94.57437397596358,True,False,0.1203123257773829,0.0062843168527304,2.0,False,1.0,8.000:8.000|10.407:30.219|25.417:45.518|21.869:53.217|30.047:45.829|43.166:57.538|44.681:66.596|42.746:70.232|49.000:78.249|39.372:82.555|19.070:83.335|19.274:81.130|20.116:78.525|25.639:72.590|35.184:77.380|50.872:73.516|47.765:63.239|36.386:58.895|31.126:37.041|25.602:25.377|8.000:8.000,0-20-15-25-22-13-7-2-17-21-8-12-10-9-27-31-23-6-1-11-0,0.0008416979108005
67,moderate,sparse,FairRiskAwareGreedy,32,14,0.4375,0.5403225806451613,0.5403225806451613,True,33.5,62.0,977.7791860628964,1006.7723581067312,222.2208139371037,142.22081393710374,False,109.17552915478916,True,False,0.0022595589216926,0.0001507477592734,2.8284271247461903,False,1.0,8.000:8.000|42.754:9.313|25.417:45.518|43.166:57.538|30.047:45.829|21.869:53.217|49.000:78.249|44.681:66.596|42.746:70.232|10.407:30.219|25.602:25.377|31.126:37.041|19.274:81.130|19.070:83.335|20.116:78.525|8.000:8.000,0-29-15-13-22-25-17-7-2-20-11-1-12-8-10-0,0.0011022719554603
67,moderate,sparse,FairALNSPlanner,32,26,0.8125,0.8629032258064516,0.8629032258064516,True,53.5,62.0,1032.420676886024,1181.497343782208,167.5793231139758,87.57932311397579,False,131.49572603174371,True,False,0.0487857396599833,0.0018388254390783,2.0,False,1.0,8.000:8.000|42.754:9.313|31.126:37.041|25.417:45.518|30.047:45.829|43.166:57.538|47.765:63.239|76.947:66.060|60.675:65.003|50.872:73.516|53.936:75.100|39.372:82.555|49.000:78.249|42.746:70.232|44.681:66.596|45.739:49.159|36.386:58.895|35.184:77.380|25.639:72.590|19.070:83.335|19.274:81.130|20.116:78.525|21.869:53.217|16.712:33.907|10.407:30.219|16.547:25.533|25.602:25.377|8.000:8.000,0-29-1-15-22-13-23-18-30-31-3-21-17-2-7-24-6-27-9-8-12-10-25-26-20-14-11-0,8.641865035053343
67,moderate,sparse,RAWA-RHP,32,30,0.9375,0.9435483870967742,0.9435483870967742,True,58.5,62.0,1044.917136321287,1214.9367205296228,155.08286367871284,75.08286367871284,False,138.2368393249947,True,False,0.0518140087346843,0.0017006880038466,2.0,False,1.0,8.000:8.000|42.754:9.313|25.602:25.377|31.126:37.041|25.417:45.518|30.047:45.829|36.386:58.895|45.739:49.159|43.166:57.538|42.746:70.232|44.681:66.596|47.765:63.239|60.675:65.003|76.947:66.060|74.606:56.560|76.454:46.512|67.471:58.781|59.924:56.972|50.872:73.516|53.936:75.100|49.000:78.249|39.372:82.555|35.184:77.380|25.639:72.590|20.116:78.525|19.274:81.130|19.070:83.335|21.869:53.217|16.712:33.907|10.407:30.219|16.547:25.533|8.000:8.000,0-29-11-1-15-22-6-24-13-2-7-23-30-18-4-28-19-32-31-3-17-21-27-9-10-12-8-25-26-20-14-0,172.39520844514482
68,moderate,sparse,NearestNeighbor,32,27,0.84375,0.796875,0.796875,True,51.0,64.0,1143.392757042786,1117.3191425668415,56.60724295721435,-23.392757042785647,True,120.11698483669896,True,False,0.0821033633829725,0.0030250758897523,2.0,False,1.0,8.000:8.000|14.936:19.956|16.871:33.375|22.052:39.683|29.711:50.301|33.352:54.049|38.729:47.514|47.812:51.743|42.040:61.201|44.841:67.623|36.602:72.529|38.272:80.143|57.344:81.857|53.906:77.760|61.390:75.960|59.882:71.616|54.886:68.785|68.536:77.976|68.693:65.020|67.432:62.299|62.950:49.549|70.787:42.037|59.795:31.028|50.309:34.547|47.633:28.107|46.572:25.108|49.973:17.454|35.214:31.661|8.000:8.000,0-29-32-6-7-16-13-27-8-28-30-17-12-20-9-4-3-25-23-19-11-5-21-10-31-15-24-18-0,0.0011603599414229
68,moderate,sparse,ValuePerDistance,32,25,0.78125,0.8046875,0.0,False,51.5,64.0,1329.5955918125542,1315.9626249012035,-129.59559181255418,-209.59559181255415,True,131.81962511339788,False,True,0.024777175204559,0.0009612645491093,2.0,True,1.0,8.000:8.000|14.936:19.956|35.214:31.661|46.572:25.108|47.633:28.107|50.309:34.547|59.795:31.028|49.973:17.454|38.729:47.514|33.352:54.049|29.711:50.301|22.052:39.683|16.871:33.375|44.841:67.623|36.602:72.529|38.272:80.143|56.969:87.992|60.243:90.568|57.344:81.857|53.906:77.760|59.882:71.616|61.390:75.960|68.693:65.020|67.432:62.299|62.950:49.549|70.787:42.037|8.000:8.000,0-29-18-15-31-10-21-24-13-16-7-6-32-28-30-17-14-2-12-20-4-9-23-19-11-5-0,0.0008623641915619
68,moderate,sparse,WindAwareGreedy,32,18,0.5625,0.6640625,0.0,False,42.5,64.0,1386.861634288956,1385.1095434796314,-186.8616342889565,-266.86163428895657,True,127.32163645517348,False,True,0.087945657484306,0.0047930266434231,2.0,True,1.0,8.000:8.000|14.936:19.956|46.572:25.108|49.973:17.454|35.214:31.661|50.309:34.547|59.795:31.028|62.950:49.549|33.352:54.049|38.729:47.514|22.052:39.683|16.871:33.375|47.633:28.107|44.841:67.623|36.602:72.529|19.942:89.054|56.969:87.992|60.243:90.568|59.882:71.616|8.000:8.000,0-29-15-24-18-10-21-11-16-13-6-32-31-28-30-1-14-2-4-0,0.000766322016716
68,moderate,sparse,ReserveOnlyPlanner,32,16,0.5,0.515625,0.515625,True,33.0,64.0,1099.7045053159627,1157.7362069878238,100.2954946840373,20.29549468403729,False,101.5856164431595,True,False,0.0578504470096234,0.0034792635838938,2.0,False,1.0,8.000:8.000|14.936:19.956|46.572:25.108|49.973:17.454|50.309:34.547|35.214:31.661|47.633:28.107|59.795:31.028|62.950:49.549|70.787:42.037|38.729:47.514|33.352:54.049|22.052:39.683|16.871:33.375|29.711:50.301|44.841:67.623|42.040:61.201|8.000:8.000,0-29-15-24-10-18-31-21-11-5-13-16-6-32-7-28-8-0,0.0007660649716854
68,moderate,sparse,FairRiskAwareGreedy,32,15,0.46875,0.578125,0.578125,True,37.0,64.0,1080.6716995026889,1129.3591157185024,119.32830049731086,39.32830049731086,False,119.8768206639162,True,False,0.000822162144529,5.139652721032617e-05,2.8284271247461903,False,1.0,8.000:8.000|14.936:19.956|46.572:25.108|49.973:17.454|35.214:31.661|50.309:34.547|19.942:89.054|33.352:54.049|36.602:72.529|56.969:87.992|60.243:90.568|44.841:67.623|38.729:47.514|22.052:39.683|47.633:28.107|47.812:51.743|8.000:8.000,0-29-15-24-18-10-1-16-30-14-2-28-13-6-31-27-0,0.0011838239151984
68,moderate,sparse,FairALNSPlanner,32,26,0.8125,0.8515625,0.8515625,True,54.5,64.0,1055.9608877476664,1214.3723982743368,144.03911225233372,64.03911225233372,False,132.96520135239876,True,False,0.0370503080440003,0.0013915154523678,2.0,False,1.0,8.000:8.000|14.936:19.956|22.052:39.683|19.942:89.054|36.602:72.529|44.841:67.623|53.906:77.760|59.882:71.616|61.390:75.960|67.432:62.299|68.693:65.020|68.536:77.976|79.190:91.037|60.243:90.568|56.969:87.992|57.344:81.857|54.886:68.785|42.040:61.201|33.352:54.049|29.711:50.301|38.729:47.514|50.309:34.547|59.795:31.028|49.973:17.454|46.572:25.108|47.633:28.107|35.214:31.661|8.000:8.000,0-29-6-1-30-28-20-4-9-19-23-25-22-2-14-12-3-8-16-7-13-10-21-24-15-31-18-0,10.62895255885087
68,moderate,sparse,RAWA-RHP,32,29,0.90625,0.9375,0.9375,True,60.0,64.0,1039.1097784814042,1205.6452370677912,160.89022151859572,80.89022151859572,False,136.99634047905826,True,False,0.0507751374043907,0.0017196239943229,2.0,False,1.0,8.000:8.000|14.936:19.956|16.871:33.375|22.052:39.683|35.214:31.661|38.729:47.514|29.711:50.301|33.352:54.049|19.942:89.054|36.602:72.529|42.040:61.201|44.841:67.623|54.886:68.785|59.882:71.616|61.390:75.960|53.906:77.760|57.344:81.857|56.969:87.992|60.243:90.568|79.190:91.037|78.762:72.209|68.693:65.020|67.432:62.299|62.950:49.549|70.787:42.037|59.795:31.028|50.309:34.547|47.633:28.107|46.572:25.108|49.973:17.454|8.000:8.000,0-29-32-6-18-13-7-16-1-30-8-28-3-4-9-20-12-14-2-22-26-23-19-11-5-21-10-31-15-24-0,155.82289183116518
71,severe,sparse,NearestNeighbor,32,11,0.34375,0.3644067796610169,0.0,False,21.5,59.0,1377.4146192206156,1360.080471027978,-177.4146192206161,-257.4146192206161,True,68.09675393038562,False,True,0.0554475275830759,0.0046628110447605,2.0,True,1.0,8.000:8.000|12.350:17.712|20.600:15.219|27.473:19.540|23.300:30.592|24.353:56.560|35.526:59.546|41.632:58.712|31.831:66.106|41.671:84.270|43.825:88.219|44.401:90.204|8.000:8.000,0-2-1-15-19-3-32-12-4-5-25-21-0,0.0011544639710336
71,severe,sparse,ValuePerDistance,32,11,0.34375,0.3813559322033898,0.0,False,22.5,59.0,1428.871549818011,1442.8638725656597,-228.8715498180115,-308.8715498180115,True,70.39617439745751,False,True,0.0167547047463374,0.0014026378384176,2.0,True,1.0,8.000:8.000|20.600:15.219|27.473:19.540|23.300:30.592|41.632:58.712|35.526:59.546|31.831:66.106|41.671:84.270|44.401:90.204|43.825:88.219|46.675:71.751|60.438:73.897|8.000:8.000,0-1-15-19-12-32-4-5-21-25-24-27-0,0.0008792490698397
71,severe,sparse,WindAwareGreedy,32,13,0.40625,0.4661016949152542,0.0,False,27.5,59.0,1352.2955988854164,1350.1635034429785,-152.29559888541638,-232.2955988854164,True,68.95817444751009,False,True,0.2613495098666996,0.0203238976458804,2.0,True,1.0,8.000:8.000|20.600:15.219|27.473:19.540|50.169:15.668|53.989:10.203|60.869:29.098|60.043:26.782|56.306:28.884|58.378:28.102|68.181:20.280|74.812:31.403|62.691:30.286|63.281:22.374|63.182:20.078|8.000:8.000,0-1-15-23-20-10-31-28-26-7-18-8-9-17-0,0.0011943159624934
71,severe,sparse,ReserveOnlyPlanner,32,11,0.34375,0.4067796610169492,0.4067796610169492,True,24.0,59.0,1072.941243698711,1153.1620015186734,127.05875630128884,47.05875630128884,False,56.26103255778226,True,False,0.0561691001297848,0.004723808100752,2.0,False,1.0,8.000:8.000|20.600:15.219|27.473:19.540|50.169:15.668|53.989:10.203|68.181:20.280|60.869:29.098|60.043:26.782|56.306:28.884|58.378:28.102|62.691:30.286|12.350:17.712|8.000:8.000,0-1-15-23-20-7-10-31-28-26-8-2-0,0.0010678770486265
71,severe,sparse,FairRiskAwareGreedy,32,11,0.34375,0.4322033898305085,0.4322033898305085,True,25.5,59.0,911.4693898466762,954.7900069751588,288.5306101533235,208.5306101533235,False,81.18580063328831,True,False,0.0006670547882433,5.5597472725932295e-05,4.0,False,1.0,8.000:8.000|20.600:15.219|27.473:19.540|60.869:29.098|60.043:26.782|56.306:28.884|41.632:58.712|50.169:15.668|23.300:30.592|58.378:28.102|62.691:30.286|12.350:17.712|8.000:8.000,0-1-15-10-31-28-12-23-19-26-8-2-0,0.0016135061159729
71,severe,sparse,FairALNSPlanner,32,17,0.53125,0.5847457627118644,0.5847457627118644,True,34.5,59.0,1058.844000738313,1231.145486390922,141.1559992616867,61.1559992616867,False,100.59636056532598,True,False,0.0468082966149917,0.0026535596709021,2.0,False,1.0,8.000:8.000|12.350:17.712|23.300:30.592|41.632:58.712|35.526:59.546|46.675:71.751|41.671:84.270|44.401:90.204|43.825:88.219|56.306:28.884|60.869:29.098|62.691:30.286|63.281:22.374|63.182:20.078|74.812:31.403|85.805:44.928|60.043:26.782|20.600:15.219|8.000:8.000,0-2-19-12-32-24-5-21-25-28-10-8-9-17-18-13-31-1-0,9.290425904095173
71,severe,sparse,RAWA-RHP,32,22,0.6875,0.7288135593220338,0.7288135593220338,True,43.0,59.0,1027.499985477698,1200.1429302727236,172.50001452230185,92.50001452230184,False,106.39738719593178,True,False,0.0303664258913795,0.0013365308704668,2.0,False,1.0,8.000:8.000|20.600:15.219|50.169:15.668|53.989:10.203|68.181:20.280|74.812:31.403|91.136:52.204|88.572:52.004|85.805:44.928|63.182:20.078|63.281:22.374|62.691:30.286|60.869:29.098|60.043:26.782|58.378:28.102|56.306:28.884|41.632:58.712|35.526:59.546|31.831:66.106|24.353:56.560|23.300:30.592|27.473:19.540|12.350:17.712|8.000:8.000,0-1-23-20-7-18-11-29-13-17-9-8-10-31-26-28-12-32-4-3-19-15-2-0,35.98376156389713
71,calm,sparse,NearestNeighbor,32,31,0.96875,0.9788732394366196,0.0,False,69.5,71.0,1269.27394853789,1266.891012611428,-69.27394853789033,-149.27394853789033,True,151.36741942428927,False,True,0.0321005029696777,0.0010156031582319,2.0,True,1.0,8.000:8.000|25.049:29.046|26.241:31.439|33.634:36.777|46.350:42.590|57.048:37.567|51.454:31.785|64.652:25.906|58.573:18.801|59.319:16.249|51.358:11.048|76.447:19.479|80.530:25.217|81.822:26.949|81.383:10.054|85.485:11.168|71.188:46.036|82.550:57.018|87.883:58.895|93.320:57.659|85.136:75.934|79.833:75.185|76.913:73.527|77.157:70.566|73.914:65.869|57.629:64.955|58.964:73.326|51.630:76.083|47.745:84.699|46.523:89.831|47.136:66.040|53.535:56.512|8.000:8.000,0-24-14-20-19-30-3-27-13-29-5-22-8-2-17-4-23-12-1-21-11-31-15-10-26-16-28-7-6-18-25-32-0,0.0020873439498245
71,calm,sparse,ValuePerDistance,32,31,0.96875,0.9788732394366196,0.0,False,69.5,71.0,1372.5435325198348,1373.9914944910845,-172.54353251983508,-252.54353251983508,True,160.5530255293168,False,True,0.0179272778859473,0.0005637516330203,2.0,True,1.0,8.000:8.000|25.049:29.046|26.241:31.439|33.634:36.777|46.350:42.590|57.048:37.567|51.454:31.785|64.652:25.906|59.319:16.249|58.573:18.801|51.358:11.048|85.485:11.168|81.383:10.054|76.447:19.479|80.530:25.217|81.822:26.949|87.883:58.895|93.320:57.659|82.550:57.018|77.157:70.566|76.913:73.527|79.833:75.185|85.136:75.934|58.964:73.326|51.630:76.083|47.745:84.699|46.523:89.831|53.535:56.512|57.629:64.955|47.136:66.040|73.914:65.869|71.188:46.036|8.000:8.000,0-24-14-20-19-30-3-27-29-13-5-4-17-22-8-2-1-21-12-10-15-31-11-28-7-6-18-32-16-25-26-23-0,0.0015532281249761
71,calm,sparse,WindAwareGreedy,32,24,0.75,0.8169014084507042,0.0,False,58.0,71.0,1355.2231832423088,1365.123146221634,-155.22318324230886,-235.2231832423089,True,150.92020988987423,False,True,0.0434821438012549,0.0017683460946966,2.0,True,1.0,8.000:8.000|51.358:11.048|59.319:16.249|57.048:37.567|46.350:42.590|53.535:56.512|58.964:73.326|51.630:76.083|47.745:84.699|85.136:75.934|87.883:58.895|93.320:57.659|82.550:57.018|85.485:11.168|81.383:10.054|76.447:19.479|80.530:25.217|64.652:25.906|58.573:18.801|51.454:31.785|33.634:36.777|26.241:31.439|25.049:29.046|13.833:36.618|47.136:66.040|8.000:8.000,0-5-29-30-19-32-28-7-6-11-1-21-12-4-17-22-8-27-13-3-20-14-24-9-25-0,0.0016765838954597
71,calm,sparse,ReserveOnlyPlanner,32,22,0.6875,0.7746478873239436,0.7746478873239436,True,55.0,71.0,1108.05760046713,1148.0244131544748,91.9423995328698,11.942399532869786,False,126.60177069472164,True,False,0.0397036647860483,0.0017509581495857,2.0,False,1.0,8.000:8.000|51.358:11.048|59.319:16.249|57.048:37.567|46.350:42.590|53.535:56.512|58.964:73.326|51.630:76.083|47.745:84.699|46.523:89.831|85.136:75.934|87.883:58.895|93.320:57.659|82.550:57.018|85.485:11.168|81.383:10.054|76.447:19.479|80.530:25.217|64.652:25.906|58.573:18.801|51.454:31.785|26.241:31.439|25.049:29.046|8.000:8.000,0-5-29-30-19-32-28-7-6-18-11-1-21-12-4-17-22-8-27-13-3-14-24-0,0.0017559849657118
71,calm,sparse,FairRiskAwareGreedy,32,17,0.53125,0.6126760563380281,0.6126760563380281,True,43.5,71.0,1101.9669402511215,1126.3911253242206,98.0330597488784,18.0330597488784,False,127.71866653106986,True,False,0.0110997571058877,0.0006190333081234,2.0,False,1.0,8.000:8.000|57.048:37.567|46.350:42.590|51.358:11.048|85.485:11.168|81.383:10.054|59.319:16.249|58.573:18.801|58.964:73.326|47.745:84.699|53.535:56.512|87.883:58.895|93.320:57.659|82.550:57.018|77.157:70.566|25.049:29.046|26.241:31.439|33.634:36.777|8.000:8.000,0-30-19-5-4-17-29-13-28-6-32-1-21-12-10-24-14-20-0,0.0026476890780031
71,calm,sparse,FairALNSPlanner,32,30,0.9375,0.971830985915493,0.971830985915493,True,69.0,71.0,1053.917265251941,1132.34029430257,146.0827347480594,66.08273474805941,False,142.91089553439113,True,False,0.017243330092465,0.0005599943251673,2.0,False,1.0,8.000:8.000|51.358:11.048|59.319:16.249|58.573:18.801|64.652:25.906|81.383:10.054|85.485:11.168|76.447:19.479|80.530:25.217|81.822:26.949|93.320:57.659|87.883:58.895|82.550:57.018|77.157:70.566|76.913:73.527|79.833:75.185|85.136:75.934|51.630:76.083|47.745:84.699|46.523:89.831|58.964:73.326|57.629:64.955|47.136:66.040|53.535:56.512|46.350:42.590|57.048:37.567|51.454:31.785|33.634:36.777|26.241:31.439|25.049:29.046|13.833:36.618|8.000:8.000,0-5-29-13-27-17-4-22-8-2-21-1-12-10-15-31-11-7-6-18-28-16-25-32-19-30-3-20-14-24-9-0,17.699157007038593
71,calm,sparse,RAWA-RHP,32,31,0.96875,0.9788732394366196,0.9788732394366196,True,69.5,71.0,1029.325325272319,1097.5090814639357,170.6746747276809,90.6746747276809,False,142.53810833540845,True,False,0.0165579165303679,0.000520714142975,2.0,False,1.0,8.000:8.000|25.049:29.046|26.241:31.439|33.634:36.777|51.454:31.785|57.048:37.567|46.350:42.590|53.535:56.512|47.136:66.040|57.629:64.955|51.630:76.083|47.745:84.699|46.523:89.831|58.964:73.326|73.914:65.869|77.157:70.566|76.913:73.527|79.833:75.185|85.136:75.934|93.320:57.659|87.883:58.895|82.550:57.018|71.188:46.036|81.822:26.949|80.530:25.217|76.447:19.479|85.485:11.168|81.383:10.054|64.652:25.906|58.573:18.801|59.319:16.249|51.358:11.048|8.000:8.000,0-24-14-20-3-30-19-32-25-16-7-6-18-28-26-10-15-31-11-21-1-12-23-2-8-22-4-17-27-13-29-5-0,60.93997121788561
71,moderate,cluttered,NearestNeighbor,32,24,0.75,0.7043478260869566,0.0,False,40.5,57.5,1342.7855309816389,1322.834107715276,-142.78553098163837,-222.78553098163837,True,115.27236898802114,False,True,0.1949041007656294,0.0085268144802797,2.0,True,1.0,8.000:8.000|28.277:11.416|30.792:17.002|30.386:25.618|26.969:28.309|40.892:40.317|49.934:36.752|59.774:32.016|61.977:30.347|67.699:30.623|70.320:27.488|73.777:30.707|79.372:31.696|81.862:34.407|76.648:49.710|66.281:47.141|85.864:61.872|84.731:73.093|71.342:70.136|68.899:72.281|60.473:81.423|50.198:85.430|33.979:86.987|34.159:79.359|27.283:74.832|8.000:8.000,0-7-30-6-11-24-17-14-12-29-15-20-8-26-3-16-13-5-10-18-19-21-25-28-32-0,0.0019290519412606
71,moderate,cluttered,ValuePerDistance,32,17,0.53125,0.5826086956521739,0.0,False,33.5,57.5,1273.2939540171176,1254.5657462549775,-73.29395401711764,-153.29395401711764,True,101.4274962723715,False,True,0.1144503237254245,0.0066282676887167,2.0,True,1.0,8.000:8.000|30.792:17.002|28.277:11.416|26.969:28.309|30.386:25.618|40.892:40.317|49.934:36.752|66.281:47.141|76.648:49.710|85.864:61.872|84.731:73.093|71.342:70.136|68.899:72.281|75.683:86.491|26.224:61.891|24.386:55.541|20.175:56.426|16.110:66.824|8.000:8.000,0-30-7-11-6-24-17-16-3-13-5-10-18-22-27-2-23-1-0,0.0012234209571033
71,moderate,cluttered,WindAwareGreedy,32,18,0.5625,0.6086956521739131,0.0,False,35.0,57.5,1481.2543744553875,1520.0541550960734,-281.25437445538785,-361.2543744553879,True,118.51507690212136,False,True,0.424762874319619,0.0279312692143525,2.0,True,1.0,8.000:8.000|30.792:17.002|28.277:11.416|72.910:9.930|70.320:27.488|66.281:47.141|49.934:36.752|40.892:40.317|26.224:61.891|24.386:55.541|20.175:56.426|26.969:28.309|30.386:25.618|73.777:30.707|81.862:34.407|67.699:30.623|61.977:30.347|59.774:32.016|79.372:31.696|8.000:8.000,0-30-7-9-15-16-17-24-27-2-23-11-6-20-26-29-12-14-8-0,0.0014267670921981
71,moderate,cluttered,ReserveOnlyPlanner,32,13,0.40625,0.4782608695652174,0.4782608695652174,True,27.5,57.5,1094.2739849484483,1153.0040660677396,105.72601505155184,25.72601505155185,False,83.7144086682388,True,False,0.1607854165690763,0.0123507030778921,2.0,False,1.0,8.000:8.000|30.792:17.002|28.277:11.416|72.910:9.930|70.320:27.488|73.777:30.707|81.862:34.407|66.281:47.141|49.934:36.752|40.892:40.317|26.969:28.309|30.386:25.618|24.386:55.541|20.175:56.426|8.000:8.000,0-30-7-9-15-20-26-16-17-24-11-6-2-23-0,0.0012371339835226
71,moderate,cluttered,FairRiskAwareGreedy,32,11,0.34375,0.3652173913043478,0.3652173913043478,True,21.0,57.5,1090.775433786282,1139.8918897566573,109.22456621371794,29.22456621371793,False,110.82099770448971,True,False,0.0099440516009797,0.0008308947722674,2.0,False,1.0,8.000:8.000|26.224:61.891|24.386:55.541|20.175:56.426|40.892:40.317|49.934:36.752|26.969:28.309|72.910:9.930|28.277:11.416|59.774:32.016|60.473:81.423|16.110:66.824|8.000:8.000,0-27-2-23-24-17-11-9-7-14-19-1-0,0.0012674231547862
71,moderate,cluttered,FairALNSPlanner,32,22,0.6875,0.7043478260869566,0.7043478260869566,True,40.5,57.5,1038.1061218530117,1177.204656119966,161.89387814698836,81.89387814698836,False,121.08196764244464,True,False,0.0271073982110969,0.0011903982057179,2.0,False,1.0,8.000:8.000|26.969:28.309|30.386:25.618|49.934:36.752|66.281:47.141|73.777:30.707|76.648:49.710|85.864:61.872|84.731:73.093|71.342:70.136|68.899:72.281|60.473:81.423|50.198:85.430|33.979:86.987|20.294:90.319|34.159:79.359|27.283:74.832|16.110:66.824|20.175:56.426|24.386:55.541|26.224:61.891|38.036:67.533|40.892:40.317|8.000:8.000,0-11-6-17-16-20-3-13-5-10-18-19-21-25-31-28-32-1-23-2-27-4-24-0,9.243075455073267
71,moderate,cluttered,RAWA-RHP,32,28,0.875,0.8608695652173913,0.8608695652173913,True,49.5,57.5,1019.3006865930728,1175.6047128179846,180.69931340692727,100.69931340692727,False,129.9070567808606,True,False,0.1409359239693089,0.0051692136101598,2.0,False,1.0,8.000:8.000|24.386:55.541|26.224:61.891|20.175:56.426|16.110:66.824|27.283:74.832|20.294:90.319|33.979:86.987|34.159:79.359|50.198:85.430|60.473:81.423|68.899:72.281|71.342:70.136|84.731:73.093|85.864:61.872|76.648:49.710|79.372:31.696|81.862:34.407|73.777:30.707|67.699:30.623|70.320:27.488|61.977:30.347|59.774:32.016|49.934:36.752|40.892:40.317|26.969:28.309|30.386:25.618|30.792:17.002|28.277:11.416|8.000:8.000,0-2-27-23-1-32-31-25-28-21-19-18-10-5-13-3-8-26-20-29-15-12-14-17-24-11-6-30-7-0,53.83312739804387
71,severe,cluttered,NearestNeighbor,32,14,0.4375,0.4264705882352941,0.0,False,29.0,68.0,1489.042601525331,1482.4424975204497,-289.04260152533107,-369.0426015253311,True,73.68567730670816,False,True,0.1407698286049471,0.0098913518287191,2.0,True,1.0,8.000:8.000|30.949:13.457|38.001:18.751|42.291:17.574|46.929:12.786|52.414:17.308|55.280:19.877|58.274:11.141|73.747:19.206|75.052:36.787|80.003:42.938|73.133:56.640|67.455:49.530|64.246:50.559|63.447:48.292|8.000:8.000,0-31-24-16-14-9-3-12-6-27-26-21-5-8-32-0,0.0013693538494408
71,severe,cluttered,ValuePerDistance,32,14,0.4375,0.4264705882352941,0.0,False,29.0,68.0,1500.9957769275152,1519.0223191657433,-300.99577692751524,-380.9957769275152,True,75.6547586784396,False,True,0.1554911000644165,0.0110281395455997,2.0,True,1.0,8.000:8.000|30.949:13.457|38.001:18.751|42.291:17.574|46.929:12.786|52.414:17.308|55.280:19.877|58.274:11.141|73.747:19.206|80.003:42.938|73.133:56.640|63.447:48.292|64.246:50.559|67.455:49.530|68.323:41.938|8.000:8.000,0-31-24-16-14-9-3-12-6-26-21-32-8-5-4-0,0.0010145460255444
71,severe,cluttered,WindAwareGreedy,32,10,0.3125,0.3382352941176471,0.0,False,23.0,68.0,1576.714994037439,1576.5310177320189,-376.7149940374388,-456.7149940374388,True,70.34949212025973,False,True,0.3557266444733131,0.0367414822179582,2.0,True,1.0,8.000:8.000|30.949:13.457|46.929:12.786|42.291:17.574|38.001:18.751|55.280:19.877|58.274:11.141|52.414:17.308|73.747:19.206|80.003:42.938|73.133:56.640|8.000:8.000,0-31-14-16-24-3-12-9-6-26-21-0,0.0009463569149374
71,severe,cluttered,ReserveOnlyPlanner,32,8,0.25,0.2647058823529412,0.2647058823529412,True,18.0,68.0,1093.0696170987146,1149.770028563864,106.9303829012855,26.930382901285498,False,52.87526837267094,True,False,0.2006474520618112,0.0225553742397918,2.0,False,1.0,8.000:8.000|30.949:13.457|46.929:12.786|42.291:17.574|38.001:18.751|55.280:19.877|58.274:11.141|52.414:17.308|73.747:19.206|8.000:8.000,0-31-14-16-24-3-12-9-6-0,0.000836546998471
71,severe,cluttered,FairRiskAwareGreedy,32,13,0.40625,0.4411764705882353,0.4411764705882353,True,30.0,68.0,1051.7358934315246,1090.139407818168,148.26410656847517,68.26410656847517,False,93.08546080633604,True,False,0.0086370757257587,0.0006185795483037,2.8284271247461903,False,1.0,8.000:8.000|46.929:12.786|30.949:13.457|42.291:17.574|38.001:18.751|55.280:19.877|58.274:11.141|35.785:48.494|10.216:50.256|9.312:56.640|20.113:59.886|41.445:68.351|39.183:49.485|56.359:51.405|8.000:8.000,0-14-31-16-24-3-12-19-22-29-30-13-20-18-0,0.0014578320551663
71,severe,cluttered,FairALNSPlanner,32,9,0.28125,0.3161764705882353,0.3161764705882353,True,21.5,68.0,751.7831082230441,826.7887907698295,448.216891776956,368.216891776956,False,64.15658161851805,True,False,0.027351285296105,0.0027613219825893,2.8284271247461903,False,1.0,8.000:8.000|30.949:13.457|38.001:18.751|42.291:17.574|46.929:12.786|58.274:11.141|52.414:17.308|55.280:19.877|35.785:48.494|51.600:75.439|8.000:8.000,0-31-24-16-14-12-9-3-19-2-0,6.510467246174812
71,severe,cluttered,RAWA-RHP,32,21,0.65625,0.7132352941176471,0.7132352941176471,True,48.5,68.0,1030.2245813649788,1199.9890273386,169.77541863502154,89.77541863502154,False,103.7624129552153,True,False,0.0584950100209743,0.0027185166636874,2.0,False,1.0,8.000:8.000|30.949:13.457|38.001:18.751|42.291:17.574|46.929:12.786|58.274:11.141|52.414:17.308|55.280:19.877|35.785:48.494|39.183:49.485|56.359:51.405|63.447:48.292|67.455:49.530|73.133:56.640|61.186:64.459|51.600:75.439|41.445:68.351|33.443:72.345|31.890:77.670|20.113:59.886|9.312:56.640|10.216:50.256|8.000:8.000,0-31-24-16-14-12-9-3-19-20-18-32-5-21-15-2-13-7-11-30-29-22-0,37.24805157096125
69,moderate,sparse,NearestNeighbor,32,32,1.0,1.0,0.0,False,58.5,58.5,1569.325020627829,1524.4643178208669,-369.3250206278292,-449.3250206278292,True,157.57245317677356,False,True,0.0701227628475434,0.0021720596240448,2.0,True,1.0,8.000:8.000|19.756:18.031|19.777:23.876|25.436:29.738|28.671:28.467|32.184:29.353|34.884:29.103|59.542:16.647|85.355:21.123|95.111:30.704|93.762:33.226|87.980:52.429|84.994:53.345|85.895:56.155|82.874:64.552|73.502:70.185|65.933:63.947|67.668:61.383|69.836:57.937|67.545:56.778|78.210:48.621|49.478:58.008|25.196:67.457|13.574:68.551|13.112:78.047|19.209:83.022|21.310:84.337|21.402:86.918|26.212:98.044|34.138:92.724|55.726:88.558|56.390:85.931|72.624:83.253|8.000:8.000,0-28-13-14-19-30-4-26-31-32-15-6-7-2-11-24-1-10-21-17-5-27-9-18-20-8-29-22-16-3-23-25-12-0,0.0021564080379903
69,moderate,sparse,ValuePerDistance,32,24,0.75,0.7692307692307693,0.0,False,45.0,58.5,1450.569650982234,1455.007528616804,-250.56965098223367,-330.5696509822337,True,134.6818853700765,False,True,0.1260700519263063,0.0052715622356492,2.0,True,1.0,8.000:8.000|19.777:23.876|25.436:29.738|32.184:29.353|34.884:29.103|28.671:28.467|19.756:18.031|59.542:16.647|67.545:56.778|69.836:57.937|67.668:61.383|65.933:63.947|73.502:70.185|72.624:83.253|56.390:85.931|55.726:88.558|34.138:92.724|21.402:86.918|21.310:84.337|19.209:83.022|25.196:67.457|13.574:68.551|13.112:78.047|26.212:98.044|49.478:58.008|8.000:8.000,0-13-14-30-4-19-28-26-17-21-10-1-24-12-25-23-3-22-29-8-9-18-20-16-27-0,0.0015174259897321
69,moderate,sparse,WindAwareGreedy,32,21,0.65625,0.7777777777777778,0.0,False,45.5,58.5,1514.8622438156176,1521.942926876408,-314.8622438156173,-394.8622438156173,True,135.89701732343946,False,True,0.1080824582338152,0.0051112824834312,2.0,True,1.0,8.000:8.000|19.777:23.876|25.436:29.738|32.184:29.353|67.545:56.778|65.933:63.947|67.668:61.383|56.390:85.931|55.726:88.558|25.196:67.457|13.574:68.551|19.209:83.022|21.310:84.337|21.402:86.918|34.138:92.724|72.624:83.253|73.502:70.185|85.895:56.155|78.210:48.621|93.762:33.226|87.980:52.429|82.874:64.552|8.000:8.000,0-13-14-30-17-1-10-25-23-9-18-8-29-22-3-12-24-2-5-15-6-11-0,0.001631102990359
69,moderate,sparse,ReserveOnlyPlanner,32,20,0.625,0.6752136752136753,0.6752136752136753,True,39.5,58.5,1112.985785383756,1172.5222283764383,87.01421461624403,7.014214616244033,False,107.06659895519678,True,False,0.0512585189681971,0.0024589478322145,2.0,False,1.0,8.000:8.000|19.777:23.876|25.436:29.738|32.184:29.353|28.671:28.467|25.196:67.457|13.574:68.551|19.209:83.022|21.310:84.337|21.402:86.918|34.138:92.724|56.390:85.931|55.726:88.558|65.933:63.947|67.545:56.778|67.668:61.383|73.502:70.185|72.624:83.253|49.478:58.008|34.884:29.103|19.756:18.031|8.000:8.000,0-13-14-30-19-9-18-8-29-22-3-25-23-1-17-10-24-12-27-4-28-0,0.0017124658916145
69,moderate,sparse,FairRiskAwareGreedy,32,16,0.5,0.5641025641025641,0.5641025641025641,True,33.0,58.5,1096.3283527926233,1143.360268540426,103.67164720737684,23.67164720737685,False,121.17974339422952,True,False,0.0084550080526971,0.0004985098534123,2.0,False,1.0,8.000:8.000|19.777:23.876|25.436:29.738|32.184:29.353|67.545:56.778|56.390:85.931|25.196:67.457|13.574:68.551|19.209:83.022|21.310:84.337|21.402:86.918|59.542:16.647|78.210:48.621|67.668:61.383|73.502:70.185|49.478:58.008|19.756:18.031|8.000:8.000,0-13-14-30-17-25-9-18-8-29-22-26-5-10-24-27-28-0,0.0022163360845297
69,moderate,sparse,FairALNSPlanner,32,24,0.75,0.8290598290598291,0.8290598290598291,True,48.5,58.5,1050.0438000279903,1200.9564099400636,149.95619997200947,69.95619997200947,False,133.210465679754,True,False,0.0278373728735291,0.001125059282253,2.0,False,1.0,8.000:8.000|19.756:18.031|19.777:23.876|25.436:29.738|28.671:28.467|32.184:29.353|34.884:29.103|59.542:16.647|69.836:57.937|67.668:61.383|65.933:63.947|73.502:70.185|72.624:83.253|85.895:56.155|84.994:53.345|93.762:33.226|78.210:48.621|67.545:56.778|56.390:85.931|55.726:88.558|25.196:67.457|21.402:86.918|21.310:84.337|19.209:83.022|13.574:68.551|8.000:8.000,0-28-13-14-19-30-4-26-21-10-1-24-12-2-7-15-5-17-25-23-9-22-29-8-18-0,15.199703380931169
69,moderate,sparse,RAWA-RHP,32,31,0.96875,0.9743589743589745,0.9743589743589745,True,57.0,58.5,1034.693866191012,1177.4379954688468,165.30613380898734,85.30613380898734,False,140.41181604091398,True,False,0.0605289305731917,0.0019201881632812,2.0,False,1.0,8.000:8.000|13.574:68.551|25.196:67.457|13.112:78.047|19.209:83.022|21.310:84.337|21.402:86.918|26.212:98.044|34.138:92.724|55.726:88.558|56.390:85.931|72.624:83.253|73.502:70.185|65.933:63.947|67.668:61.383|67.545:56.778|69.836:57.937|82.874:64.552|85.895:56.155|84.994:53.345|87.980:52.429|78.210:48.621|93.762:33.226|95.111:30.704|85.355:21.123|59.542:16.647|34.884:29.103|32.184:29.353|28.671:28.467|25.436:29.738|19.777:23.876|19.756:18.031|8.000:8.000,0-18-9-20-8-29-22-16-3-23-25-12-24-1-10-17-21-11-2-7-6-5-15-32-31-26-4-30-19-14-13-28-0,147.69584578997456
69,calm,sparse,NearestNeighbor,32,32,1.0,1.0,0.0,False,64.0,64.0,1241.3214319102744,1266.2291112335,-41.3214319102743,-121.3214319102743,True,155.68650294039614,False,True,0.0112957526022509,0.0003437883542871,2.0,True,1.0,8.000:8.000|21.192:17.896|27.737:38.308|38.046:33.911|35.463:31.566|33.689:50.384|24.199:63.363|21.350:65.113|18.567:63.754|13.305:69.824|12.708:74.757|16.102:73.987|18.567:79.191|21.125:78.387|23.715:80.008|18.991:88.080|37.873:84.558|47.627:77.667|51.508:78.483|53.668:78.119|57.707:72.816|62.767:80.164|69.431:85.904|69.549:76.796|86.010:84.497|80.635:92.527|51.804:94.305|60.380:51.930|64.139:46.197|66.987:47.838|79.380:37.703|87.286:33.358|56.397:37.717|8.000:8.000,0-7-5-4-10-25-26-17-2-30-3-13-32-31-21-14-9-22-11-27-1-15-12-16-29-19-8-6-28-18-23-20-24-0,0.0021192401181906
69,calm,sparse,ValuePerDistance,32,28,0.875,0.8984375,0.0,False,57.5,64.0,1324.4077301929128,1321.4424946729991,-124.40773019291252,-204.4077301929125,True,155.6139860011725,False,True,0.012798221380089,0.0004429145422743,2.0,True,1.0,8.000:8.000|21.192:17.896|27.737:38.308|33.689:50.384|24.199:63.363|21.350:65.113|18.567:63.754|13.305:69.824|16.102:73.987|18.567:79.191|21.125:78.387|23.715:80.008|18.991:88.080|12.708:74.757|57.707:72.816|53.668:78.119|51.508:78.483|47.627:77.667|69.431:85.904|69.549:76.796|60.380:51.930|66.987:47.838|64.139:46.197|79.380:37.703|87.286:33.358|56.397:37.717|38.046:33.911|35.463:31.566|37.873:84.558|8.000:8.000,0-7-5-25-26-17-2-30-13-32-31-21-14-3-1-27-11-22-12-16-6-18-28-23-20-24-4-10-9-0,0.0015722701791673
69,calm,sparse,WindAwareGreedy,32,21,0.65625,0.71875,0.0,False,46.0,64.0,1248.624903086008,1248.8826776385852,-48.62490308600813,-128.62490308600815,True,137.34390400690523,False,True,0.0097713310712754,0.0004453198007656,2.0,True,1.0,8.000:8.000|27.737:38.308|33.689:50.384|60.380:51.930|66.987:47.838|57.707:72.816|53.668:78.119|23.715:80.008|18.567:79.191|16.102:73.987|13.305:69.824|21.350:65.113|24.199:63.363|21.125:78.387|18.991:88.080|12.708:74.757|38.046:33.911|35.463:31.566|21.192:17.896|79.380:37.703|64.139:46.197|56.397:37.717|8.000:8.000,0-5-25-6-18-1-27-21-32-13-30-17-26-31-14-3-4-10-7-23-28-24-0,0.0015988699160516
69,calm,sparse,ReserveOnlyPlanner,32,23,0.71875,0.7734375,0.7734375,True,49.5,64.0,1095.5117154148177,1123.6920756834295,104.48828458518254,24.48828458518254,False,126.44128470756768,True,False,0.0041143504556571,0.0001715286962649,2.0,False,1.0,8.000:8.000|21.192:17.896|27.737:38.308|33.689:50.384|60.380:51.930|66.987:47.838|64.139:46.197|79.380:37.703|57.707:72.816|53.668:78.119|23.715:80.008|18.567:79.191|21.125:78.387|16.102:73.987|13.305:69.824|21.350:65.113|24.199:63.363|18.567:63.754|12.708:74.757|18.991:88.080|47.627:77.667|51.508:78.483|38.046:33.911|35.463:31.566|8.000:8.000,0-7-5-25-6-18-28-23-1-27-21-32-31-13-30-17-26-2-3-14-22-11-4-10-0,0.0018600160256028
69,calm,sparse,FairRiskAwareGreedy,32,14,0.4375,0.515625,0.515625,True,33.0,64.0,1098.7621737771774,1115.480194096032,101.2378262228226,21.237826222822605,False,123.97961698320373,True,False,0.0038136951240734,0.0002543254591721,2.0,False,1.0,8.000:8.000|27.737:38.308|60.380:51.930|57.707:72.816|23.715:80.008|18.567:79.191|33.689:50.384|66.987:47.838|79.380:37.703|38.046:33.911|35.463:31.566|21.192:17.896|21.350:65.113|24.199:63.363|53.668:78.119|8.000:8.000,0-5-6-1-21-32-25-18-23-4-10-7-17-26-27-0,0.0024435748346149
69,calm,sparse,FairALNSPlanner,32,30,0.9375,0.9609375,0.9609375,True,61.5,64.0,1041.8700282995533,1117.6315263755837,158.12997170044676,78.12997170044676,False,140.78232093765763,True,False,0.0173766752320713,0.0005640175359804,2.0,False,1.0,8.000:8.000|27.737:38.308|33.689:50.384|24.199:63.363|21.350:65.113|18.567:63.754|13.305:69.824|12.708:74.757|16.102:73.987|18.567:79.191|21.125:78.387|23.715:80.008|18.991:88.080|37.873:84.558|47.627:77.667|51.508:78.483|53.668:78.119|62.767:80.164|57.707:72.816|51.804:94.305|80.635:92.527|69.431:85.904|69.549:76.796|60.380:51.930|64.139:46.197|66.987:47.838|79.380:37.703|56.397:37.717|38.046:33.911|35.463:31.566|21.192:17.896|8.000:8.000,0-5-25-26-17-2-30-3-13-32-31-21-14-9-22-11-27-15-1-8-19-12-16-6-28-18-23-24-4-10-7-0,19.249828363070264
69,calm,sparse,RAWA-RHP,32,31,0.96875,0.984375,0.984375,True,63.0,64.0,1042.4854257437012,1122.3908223049832,157.51457425629923,77.51457425629923,False,142.81678244345835,True,False,0.0128972354787215,0.0004050558684233,2.0,False,1.0,8.000:8.000|27.737:38.308|33.689:50.384|24.199:63.363|21.350:65.113|18.567:63.754|13.305:69.824|12.708:74.757|16.102:73.987|18.567:79.191|21.125:78.387|23.715:80.008|18.991:88.080|37.873:84.558|51.804:94.305|80.635:92.527|86.010:84.497|69.549:76.796|69.431:85.904|62.767:80.164|53.668:78.119|47.627:77.667|51.508:78.483|57.707:72.816|60.380:51.930|64.139:46.197|66.987:47.838|79.380:37.703|56.397:37.717|38.046:33.911|35.463:31.566|21.192:17.896|8.000:8.000,0-5-25-26-17-2-30-3-13-32-31-21-14-9-8-19-29-16-12-15-27-22-11-1-6-28-18-23-24-4-10-7-0,159.04558363882825
69,calm,cluttered,NearestNeighbor,32,27,0.84375,0.8248175182481752,0.0,False,56.5,68.5,1238.3935788628942,1215.6163160488463,-38.39357886289434,-118.39357886289434,True,142.78358677570682,False,True,0.0059254642456384,0.000212084217192,2.0,True,1.0,8.000:8.000|30.065:23.676|31.833:35.374|28.978:44.037|25.794:44.482|29.294:48.802|43.980:56.437|52.858:48.708|51.426:45.805|58.632:50.989|67.452:50.419|66.398:60.362|58.786:64.330|52.647:74.805|39.863:76.623|44.346:83.573|45.188:88.384|38.001:92.850|35.824:94.298|31.593:77.783|29.233:70.192|57.770:88.373|71.496:75.197|96.541:87.656|62.485:38.731|59.181:31.145|49.166:29.207|46.344:34.904|8.000:8.000,0-22-13-3-15-20-10-11-32-6-14-4-5-16-12-8-19-21-29-2-1-28-9-18-24-17-25-30-0,0.0020395161118358
69,calm,cluttered,ValuePerDistance,32,28,0.875,0.9197080291970804,0.0,False,63.0,68.5,1239.0313848221765,1245.6055011534063,-39.031384822175966,-119.03138482217597,True,148.4494620642137,False,True,0.0381522674044024,0.0013368244837211,2.0,True,1.0,8.000:8.000|30.065:23.676|31.833:35.374|25.794:44.482|28.978:44.037|29.294:48.802|52.858:48.708|58.632:50.989|67.452:50.419|66.398:60.362|71.496:75.197|52.647:74.805|44.346:83.573|45.188:88.384|35.824:94.298|38.001:92.850|29.233:70.192|31.593:77.783|39.863:76.623|57.770:88.373|62.485:38.731|59.181:31.145|72.831:30.446|77.898:20.076|79.163:17.959|79.579:15.747|71.902:11.471|46.344:34.904|49.166:29.207|8.000:8.000,0-22-13-15-3-20-11-6-14-4-9-16-8-19-29-21-1-2-12-28-24-17-27-26-31-23-7-30-25-0,0.0016171729657799
69,calm,cluttered,WindAwareGreedy,32,23,0.71875,0.8175182481751825,0.0,False,56.0,68.5,1287.047032013383,1292.0723998523986,-87.04703201338322,-167.04703201338322,True,144.15626922012387,False,True,0.0312749773847853,0.0013208950620942,2.0,True,1.0,8.000:8.000|31.833:35.374|25.794:44.482|30.065:23.676|52.858:48.708|58.632:50.989|67.452:50.419|66.398:60.362|52.647:74.805|71.496:75.197|35.824:94.298|44.346:83.573|29.233:70.192|28.978:44.037|29.294:48.802|62.485:38.731|77.898:20.076|79.579:15.747|79.163:17.959|72.831:30.446|59.181:31.145|46.344:34.904|51.426:45.805|49.166:29.207|8.000:8.000,0-13-15-22-11-6-14-4-16-9-29-8-1-3-20-24-26-23-31-27-17-30-32-25-0,0.0016642899718135
69,calm,cluttered,ReserveOnlyPlanner,32,19,0.59375,0.7153284671532847,0.7153284671532847,True,49.0,68.5,1115.7343516129945,1155.082312930841,84.26564838700568,4.265648387005683,False,124.93090948642624,True,False,0.0226091591189731,0.001140486095149,2.0,False,1.0,8.000:8.000|31.833:35.374|25.794:44.482|30.065:23.676|52.858:48.708|58.632:50.989|67.452:50.419|66.398:60.362|52.647:74.805|71.496:75.197|44.346:83.573|35.824:94.298|29.233:70.192|28.978:44.037|29.294:48.802|43.980:56.437|62.485:38.731|77.898:20.076|79.579:15.747|71.902:11.471|8.000:8.000,0-13-15-22-11-6-14-4-16-9-8-29-1-3-20-10-24-26-23-7-0,0.0016061968635767
69,calm,cluttered,FairRiskAwareGreedy,32,17,0.53125,0.6642335766423357,0.6642335766423357,True,45.5,68.5,1101.1757816250638,1126.951716584617,98.82421837493617,18.82421837493615,False,127.58837748439358,True,False,0.0150762683227364,0.0008427209472175,2.0,False,1.0,8.000:8.000|31.833:35.374|25.794:44.482|30.065:23.676|52.858:48.708|58.632:50.989|67.452:50.419|66.398:60.362|52.647:74.805|71.496:75.197|79.579:15.747|77.898:20.076|79.163:17.959|72.831:30.446|28.978:44.037|35.824:94.298|29.233:70.192|29.294:48.802|8.000:8.000,0-13-15-22-11-6-14-4-16-9-23-26-31-27-3-29-1-20-0,0.0024710539728403
69,calm,cluttered,FairALNSPlanner,32,30,0.9375,0.9635036496350364,0.9635036496350364,True,66.0,68.5,1040.4203260820682,1109.3103753961518,159.57967391793198,79.57967391793198,False,141.1922809845934,True,False,0.0318586875687717,0.0010407311192757,2.0,False,1.0,8.000:8.000|30.065:23.676|31.833:35.374|28.978:44.037|25.794:44.482|29.294:48.802|29.233:70.192|31.593:77.783|35.824:94.298|38.001:92.850|45.188:88.384|44.346:83.573|39.863:76.623|52.647:74.805|57.770:88.373|71.496:75.197|66.398:60.362|67.452:50.419|58.632:50.989|43.980:56.437|52.858:48.708|51.426:45.805|46.344:34.904|49.166:29.207|59.181:31.145|62.485:38.731|72.831:30.446|77.898:20.076|79.163:17.959|79.579:15.747|71.902:11.471|8.000:8.000,0-22-13-3-15-20-1-2-29-21-19-8-12-16-28-9-4-14-6-10-11-32-30-25-17-24-27-26-31-23-7-0,18.659634112846103
69,calm,cluttered,RAWA-RHP,32,31,0.96875,0.978102189781022,0.978102189781022,True,67.0,68.5,1048.9916457361085,1124.0396353736958,151.00835426389187,71.00835426389187,False,143.83309055717862,True,False,0.01682497183195,0.000529384036087,2.0,False,1.0,8.000:8.000|30.065:23.676|31.833:35.374|28.978:44.037|25.794:44.482|29.294:48.802|29.233:70.192|31.593:77.783|39.863:76.623|44.346:83.573|45.188:88.384|35.824:94.298|38.001:92.850|57.770:88.373|71.496:75.197|52.647:74.805|58.786:64.330|66.398:60.362|67.452:50.419|58.632:50.989|43.980:56.437|52.858:48.708|51.426:45.805|46.344:34.904|49.166:29.207|59.181:31.145|62.485:38.731|72.831:30.446|77.898:20.076|79.163:17.959|79.579:15.747|71.902:11.471|8.000:8.000,0-22-13-3-15-20-1-2-12-8-19-29-21-28-9-16-5-4-14-6-10-11-32-30-25-17-24-27-26-31-23-7-0,155.29324751184322
70,calm,cluttered,NearestNeighbor,32,29,0.90625,0.875,0.0,False,52.5,60.0,1351.6900168472337,1361.3304728472024,-151.6900168472335,-231.6900168472335,True,158.95642964196264,False,True,0.0385697359653059,0.0013069488260615,2.0,True,1.0,8.000:8.000|17.564:26.511|29.581:23.205|31.735:20.776|28.990:15.698|51.501:12.253|63.225:30.338|72.409:39.438|64.008:42.260|60.665:45.104|58.619:51.667|56.114:54.071|61.514:56.928|62.494:59.649|67.643:54.240|69.708:56.925|56.702:67.833|43.520:62.823|42.332:58.353|34.197:68.160|44.383:76.205|43.505:86.419|30.082:91.816|15.608:73.835|12.552:60.123|15.917:55.864|8.717:42.369|83.983:43.355|91.398:32.921|86.716:16.007|8.000:8.000,0-14-21-7-13-28-18-26-17-9-6-12-29-2-31-20-10-19-5-23-1-32-15-16-8-11-22-24-3-27-0,0.0020556680392473
70,calm,cluttered,ValuePerDistance,32,28,0.875,0.925,0.0,False,55.5,60.0,1392.559048746193,1390.0319419120133,-192.55904874619256,-272.55904874619256,True,158.2138088223517,False,True,0.0247604809236766,0.000862969509705,2.0,True,1.0,8.000:8.000|17.564:26.511|29.581:23.205|31.735:20.776|28.990:15.698|8.717:42.369|15.917:55.864|12.552:60.123|15.608:73.835|34.197:68.160|42.332:58.353|43.520:62.823|44.383:76.205|43.505:86.419|30.082:91.816|56.702:67.833|61.514:56.928|62.494:59.649|67.643:54.240|69.708:56.925|56.114:54.071|58.619:51.667|60.665:45.104|64.008:42.260|72.409:39.438|63.225:30.338|95.876:57.766|93.756:73.527|85.375:71.208|8.000:8.000,0-14-21-7-13-22-11-8-16-23-5-19-1-32-15-10-29-2-31-20-12-6-9-17-26-18-25-30-4-0,0.0016020832117646
70,calm,cluttered,WindAwareGreedy,32,19,0.59375,0.7416666666666667,0.0,False,44.5,60.0,1335.0713778216757,1337.9877015445052,-135.07137782167518,-215.0713778216752,True,141.66540798582614,False,True,0.0419855824380019,0.002137374913766,2.0,True,1.0,8.000:8.000|8.717:42.369|15.917:55.864|42.332:58.353|43.505:86.419|44.383:76.205|34.197:68.160|15.608:73.835|17.564:26.511|29.581:23.205|31.735:20.776|28.990:15.698|64.008:42.260|72.409:39.438|63.225:30.338|95.876:57.766|93.756:73.527|61.514:56.928|56.114:54.071|56.702:67.833|8.000:8.000,0-22-11-5-32-1-23-16-14-21-7-13-17-26-18-25-30-29-12-10-0,0.0014821600634604
70,calm,cluttered,ReserveOnlyPlanner,32,18,0.5625,0.65,0.65,True,39.0,60.0,1106.238087132851,1148.0673949311863,93.76191286714928,13.761912867149276,False,120.453598572204,True,False,0.032828628963425,0.0017517480472494,2.0,False,1.0,8.000:8.000|17.564:26.511|8.717:42.369|15.917:55.864|42.332:58.353|43.505:86.419|44.383:76.205|34.197:68.160|15.608:73.835|12.552:60.123|29.581:23.205|31.735:20.776|28.990:15.698|64.008:42.260|72.409:39.438|63.225:30.338|56.114:54.071|61.514:56.928|60.665:45.104|8.000:8.000,0-14-22-11-5-32-1-23-16-8-21-7-13-17-26-18-12-29-9-0,0.0015055199619382
70,calm,cluttered,FairRiskAwareGreedy,32,17,0.53125,0.6583333333333333,0.6583333333333333,True,39.5,60.0,1097.269046298575,1114.1460707730917,102.73095370142514,22.730953701425136,False,127.21257506864312,True,False,0.0201720416523103,0.0011299956176213,2.0,False,1.0,8.000:8.000|8.717:42.369|42.332:58.353|43.505:86.419|44.383:76.205|15.917:55.864|17.564:26.511|31.735:20.776|28.990:15.698|29.581:23.205|64.008:42.260|72.409:39.438|95.876:57.766|93.756:73.527|61.514:56.928|56.114:54.071|63.225:30.338|51.501:12.253|8.000:8.000,0-22-5-32-1-11-14-7-13-21-17-26-25-30-29-12-18-28-0,0.0025760859716683
70,calm,cluttered,FairALNSPlanner,32,27,0.84375,0.8916666666666667,0.8916666666666667,True,53.5,60.0,1064.914118210068,1141.5725205460906,135.08588178993207,55.08588178993208,False,138.09747228905945,True,False,0.0355743017624486,0.0012892769005183,2.0,False,1.0,8.000:8.000|17.564:26.511|29.581:23.205|28.990:15.698|31.735:20.776|63.225:30.338|60.665:45.104|64.008:42.260|72.409:39.438|91.398:32.921|95.876:57.766|93.756:73.527|85.375:71.208|69.708:56.925|67.643:54.240|62.494:59.649|61.514:56.928|58.619:51.667|56.114:54.071|56.702:67.833|43.505:86.419|44.383:76.205|34.197:68.160|43.520:62.823|42.332:58.353|15.917:55.864|12.552:60.123|8.717:42.369|8.000:8.000,0-14-21-13-7-18-9-17-26-3-25-30-4-20-31-2-29-6-12-10-32-1-23-19-5-11-8-22-0,16.190441728103906
70,calm,cluttered,RAWA-RHP,32,28,0.875,0.925,0.925,True,55.5,60.0,1055.685734508783,1140.7400156457895,144.3142654912172,64.31426549121721,False,138.64910598689556,True,False,0.0335573110846295,0.0011716869586152,2.0,False,1.0,8.000:8.000|28.990:15.698|29.581:23.205|31.735:20.776|63.225:30.338|60.665:45.104|64.008:42.260|72.409:39.438|91.398:32.921|95.876:57.766|93.756:73.527|85.375:71.208|69.708:56.925|67.643:54.240|62.494:59.649|61.514:56.928|58.619:51.667|56.114:54.071|42.332:58.353|43.520:62.823|56.702:67.833|43.505:86.419|44.383:76.205|34.197:68.160|15.608:73.835|12.552:60.123|15.917:55.864|8.717:42.369|17.564:26.511|8.000:8.000,0-13-21-7-18-9-17-26-3-25-30-4-20-31-2-29-6-12-5-19-10-32-1-23-16-8-11-22-14-0,133.3026957619004
72,severe,cluttered,NearestNeighbor,32,18,0.5625,0.5846153846153846,0.0,False,38.0,65.0,1780.2493301550626,1747.8118781228206,-580.2493301550624,-660.2493301550624,True,96.61476436495568,False,True,0.3876176303376785,0.0247425854982814,2.0,True,1.0,8.000:8.000|19.668:14.952|13.336:20.746|35.250:25.067|30.186:35.835|20.460:46.285|14.289:59.111|31.602:69.699|38.832:76.122|25.105:81.391|51.140:69.598|50.372:75.386|50.339:61.402|54.231:63.034|60.142:60.256|59.618:51.689|50.459:49.222|45.126:47.411|40.667:51.747|8.000:8.000,0-1-7-3-12-8-31-14-15-24-19-32-30-25-23-5-2-17-16-0,0.0016386441420763
72,severe,cluttered,ValuePerDistance,32,18,0.5625,0.676923076923077,0.0,False,44.0,65.0,1970.26789036018,1970.065234916137,-770.2678903601796,-850.2678903601796,True,106.29225320880632,False,True,0.316294884543533,0.0192717606222134,2.0,True,1.0,8.000:8.000|13.336:20.746|19.668:14.952|35.250:25.067|46.962:18.502|50.722:24.285|45.126:47.411|40.667:51.747|50.339:61.402|54.231:63.034|51.140:69.598|50.372:75.386|66.407:70.880|86.714:82.701|86.790:88.169|76.941:94.315|53.244:90.959|25.105:81.391|38.832:76.122|8.000:8.000,0-7-1-3-28-11-17-16-30-25-19-32-20-22-26-9-27-24-15-0,0.0013143909163773
72,severe,cluttered,WindAwareGreedy,32,16,0.5,0.6153846153846154,0.0,False,40.0,65.0,1950.4218560466736,1964.0076212301149,-750.4218560466738,-830.4218560466738,True,102.69077252171118,False,True,0.2668928914505127,0.0176116133379796,2.0,True,1.0,8.000:8.000|13.336:20.746|19.668:14.952|46.962:18.502|50.722:24.285|45.126:47.411|50.339:61.402|50.372:75.386|51.140:69.598|66.407:70.880|86.714:82.701|86.790:88.169|76.941:94.315|53.244:90.959|25.105:81.391|31.602:69.699|38.832:76.122|8.000:8.000,0-7-1-28-11-17-30-32-19-20-22-26-9-27-24-14-15-0,0.0013398900628089
72,severe,cluttered,ReserveOnlyPlanner,32,8,0.25,0.2769230769230769,0.2769230769230769,True,18.0,65.0,1056.3938477598308,1148.424890433258,143.6061522401692,63.6061522401692,False,50.556438254728654,True,False,0.1986895320935303,0.0236965767384843,2.0,False,1.0,8.000:8.000|13.336:20.746|19.668:14.952|35.250:25.067|46.962:18.502|50.722:24.285|45.126:47.411|40.667:51.747|50.459:49.222|8.000:8.000,0-7-1-3-28-11-17-16-2-0,0.0008467629086226
72,severe,cluttered,FairRiskAwareGreedy,32,11,0.34375,0.4,0.4,True,26.0,65.0,1081.7530481048057,1122.592323420257,118.24695189519436,38.24695189519437,False,93.8782758710846,True,False,0.0001753694526906,1.4615092748831993e-05,2.8284271247461903,False,1.0,8.000:8.000|13.336:20.746|45.126:47.411|50.372:75.386|51.140:69.598|40.667:51.747|25.105:81.391|38.832:76.122|19.668:14.952|46.962:18.502|50.722:24.285|63.306:32.158|8.000:8.000,0-7-17-32-19-16-24-15-1-28-11-6-0,0.0013896501623094
72,severe,cluttered,FairALNSPlanner,32,16,0.5,0.5692307692307692,0.5692307692307692,True,37.0,65.0,1050.450228688658,1257.1291915798631,149.54977131134194,69.54977131134194,False,101.46634193836148,True,False,0.0016286397304484,9.585913377238086e-05,2.8284271247461903,False,1.0,8.000:8.000|13.336:20.746|20.460:46.285|14.289:59.111|25.105:81.391|40.667:51.747|51.140:69.598|50.372:75.386|50.339:61.402|54.231:63.034|45.126:47.411|66.407:70.880|74.900:44.265|74.212:41.056|50.722:24.285|46.962:18.502|19.668:14.952|8.000:8.000,0-7-8-31-24-16-19-32-30-25-17-20-13-10-11-28-1-0,4.9816480739973485
72,severe,cluttered,RAWA-RHP,32,21,0.65625,0.7307692307692307,0.7307692307692307,True,47.5,65.0,1040.6299112447834,1249.0503822951166,159.37008875521622,79.37008875521622,False,106.26455913490013,True,False,0.0433166853038525,0.0019753067780214,2.0,False,1.0,8.000:8.000|19.668:14.952|46.962:18.502|50.722:24.285|63.306:32.158|74.212:41.056|74.900:44.265|59.618:51.689|60.142:60.256|66.407:70.880|86.714:82.701|86.790:88.169|76.941:94.315|53.244:90.959|50.372:75.386|51.140:69.598|50.339:61.402|54.231:63.034|40.667:51.747|45.126:47.411|30.186:35.835|13.336:20.746|8.000:8.000,0-1-28-11-6-10-13-5-23-20-22-26-9-27-32-19-30-25-16-17-12-7-0,21.56461669993587
71,moderate,sparse,NearestNeighbor,32,23,0.71875,0.7086614173228346,0.0,False,45.0,63.5,1292.051725817977,1279.999313169306,-92.05172581797775,-172.05172581797777,True,111.60161576422526,False,True,0.1098840529926851,0.0047305768533168,2.0,True,1.0,8.000:8.000|18.758:12.161|38.237:31.124|42.985:22.593|61.628:23.218|65.142:26.334|65.941:31.538|78.635:44.296|90.010:49.401|77.582:59.971|75.001:69.901|85.600:86.018|83.000:88.747|81.130:89.596|75.642:93.945|63.951:85.440|50.220:75.368|48.014:72.036|36.201:65.516|32.931:69.823|32.761:56.463|29.434:57.001|31.773:51.413|43.630:40.983|8.000:8.000,0-17-11-3-29-2-20-18-9-10-12-30-25-19-28-32-22-24-14-4-8-31-5-13-0,0.0018458350095897
71,moderate,sparse,ValuePerDistance,32,21,0.65625,0.7322834645669292,0.0,False,46.5,63.5,1491.2647221609332,1481.7181569500613,-291.2647221609333,-371.2647221609333,True,123.45267427590332,False,True,0.052928750828442,0.0024507154737375,2.0,True,1.0,8.000:8.000|18.758:12.161|12.615:43.959|32.761:56.463|29.434:57.001|36.201:65.516|32.931:69.823|30.284:84.467|30.165:87.126|40.499:84.884|47.256:91.173|63.951:85.440|50.220:75.368|48.014:72.036|85.600:86.018|83.000:88.747|81.130:89.596|75.642:93.945|77.582:59.971|78.635:44.296|90.010:49.401|87.105:34.667|8.000:8.000,0-17-27-8-31-14-4-1-15-26-23-32-22-24-30-25-19-28-10-18-9-16-0,0.0015294670592993
71,moderate,sparse,WindAwareGreedy,32,17,0.53125,0.5905511811023622,0.0,False,37.5,63.5,1311.9071167064938,1344.6992246047778,-111.90711670649418,-191.90711670649415,True,108.89155316463938,False,True,0.0563284955628256,0.0031826640001719,2.0,True,1.0,8.000:8.000|18.758:12.161|42.985:22.593|65.142:26.334|65.941:31.538|61.628:23.218|32.761:56.463|36.201:65.516|32.931:69.823|12.615:43.959|31.773:51.413|50.220:75.368|48.014:72.036|40.499:84.884|30.284:84.467|30.165:87.126|13.956:68.463|29.434:57.001|8.000:8.000,0-17-3-2-20-29-8-14-4-27-5-22-24-26-1-15-7-31-0,0.0014094819780439
71,moderate,sparse,ReserveOnlyPlanner,32,13,0.40625,0.4566929133858268,0.4566929133858268,True,29.0,63.5,1044.4931557811997,1160.142564199957,155.50684421880027,75.50684421880027,False,85.04495480445667,True,False,0.0541726695349521,0.003927543791233,2.0,False,1.0,8.000:8.000|18.758:12.161|42.985:22.593|65.142:26.334|65.941:31.538|61.628:23.218|87.105:34.667|78.635:44.296|90.010:49.401|77.582:59.971|32.761:56.463|36.201:65.516|32.931:69.823|12.615:43.959|8.000:8.000,0-17-3-2-20-29-16-18-9-10-8-14-4-27-0,0.0013559989165514
71,moderate,sparse,FairRiskAwareGreedy,32,16,0.5,0.5748031496062992,0.5748031496062992,True,36.5,63.5,1080.1883779254067,1118.193491448087,119.81162207459327,39.81162207459329,False,117.6929046834212,True,False,0.0103527250764208,0.0006110872714292,2.0,False,1.0,8.000:8.000|18.758:12.161|12.615:43.959|32.761:56.463|36.201:65.516|30.284:84.467|40.499:84.884|50.220:75.368|48.014:72.036|13.956:68.463|16.231:85.998|42.985:22.593|65.142:26.334|65.941:31.538|78.635:44.296|90.010:49.401|61.628:23.218|8.000:8.000,0-17-27-8-14-1-26-22-24-7-21-3-2-20-18-9-29-0,0.0027168951928615
71,moderate,sparse,FairALNSPlanner,32,21,0.65625,0.7007874015748031,0.7007874015748031,True,44.5,63.5,1063.927271625152,1191.8370036201206,136.07272837484794,56.07272837484794,False,124.20408312844364,True,False,0.0203704860962951,0.00093290143025,2.0,False,1.0,8.000:8.000|12.615:43.959|29.434:57.001|32.761:56.463|36.201:65.516|32.931:69.823|48.014:72.036|81.130:89.596|75.642:93.945|83.000:88.747|85.600:86.018|50.220:75.368|63.951:85.440|75.001:69.901|47.256:91.173|40.499:84.884|30.284:84.467|30.165:87.126|13.956:68.463|31.773:51.413|38.237:31.124|18.758:12.161|8.000:8.000,0-27-31-8-14-4-24-19-28-25-30-22-32-12-23-26-1-15-7-5-11-17-0,12.131052707089111
71,moderate,sparse,RAWA-RHP,32,26,0.8125,0.84251968503937,0.84251968503937,True,53.5,63.5,1045.6637704948052,1193.0514421162916,154.33622950519484,74.33622950519484,False,131.06284094042,True,False,0.0558456303833484,0.0021031366175613,2.0,False,1.0,8.000:8.000|12.615:43.959|31.773:51.413|29.434:57.001|32.761:56.463|36.201:65.516|32.931:69.823|13.956:68.463|30.165:87.126|30.284:84.467|47.256:91.173|40.499:84.884|48.014:72.036|50.220:75.368|63.951:85.440|75.001:69.901|85.600:86.018|83.000:88.747|81.130:89.596|77.582:59.971|78.635:44.296|65.941:31.538|65.142:26.334|61.628:23.218|42.985:22.593|38.237:31.124|18.758:12.161|8.000:8.000,0-27-5-31-8-14-4-7-15-1-23-26-24-22-32-12-30-25-19-10-18-20-2-29-3-11-17-0,95.80310433008708
72,moderate,cluttered,NearestNeighbor,32,19,0.59375,0.5454545454545454,0.0,False,33.0,60.5,1305.9180161206114,1279.8718636977308,-105.91801612061172,-185.91801612061167,True,101.46712862342233,False,True,0.1688326524264173,0.0091033786060262,2.0,True,1.0,8.000:8.000|34.891:28.884|44.694:55.305|36.402:58.652|46.794:67.671|47.259:74.101|52.044:74.597|60.676:72.854|67.504:75.073|69.300:76.689|73.317:72.443|81.424:75.279|78.783:54.387|87.547:46.413|87.459:40.076|84.422:32.479|81.002:31.561|80.350:28.050|74.764:37.952|62.429:54.569|8.000:8.000,0-4-13-7-30-6-25-8-22-1-3-11-18-16-9-26-17-19-24-23-0,0.0016501180361956
72,moderate,cluttered,ValuePerDistance,32,16,0.5,0.5619834710743802,0.0,False,34.0,60.5,1227.85335923488,1244.697320872791,-27.85335923488026,-107.85335923488026,True,93.483169283227,False,True,0.1734126834023523,0.0109164928275306,2.0,True,1.0,8.000:8.000|34.891:28.884|62.429:54.569|69.300:76.689|67.504:75.073|69.024:84.308|61.614:95.152|50.902:95.685|47.577:90.785|38.978:78.166|34.077:79.011|31.324:80.332|31.531:86.205|31.577:92.279|25.825:74.659|36.402:58.652|44.694:55.305|8.000:8.000,0-4-23-1-22-27-15-31-28-5-12-14-10-2-32-7-13-0,0.0012163219507783
72,moderate,cluttered,WindAwareGreedy,32,13,0.40625,0.512396694214876,0.0,False,31.0,60.5,1315.3624604044678,1296.2439456126017,-115.36246040446773,-195.36246040446773,True,92.12916691109156,False,True,0.2465642950093169,0.019625544427474,2.0,True,1.0,8.000:8.000|34.891:28.884|62.429:54.569|36.402:58.652|25.825:74.659|34.077:79.011|31.324:80.332|38.978:78.166|46.794:67.671|52.044:74.597|69.300:76.689|69.024:84.308|61.614:95.152|47.577:90.785|8.000:8.000,0-4-23-7-32-12-14-5-30-25-1-27-15-28-0,0.0011909010354429
72,moderate,cluttered,ReserveOnlyPlanner,32,8,0.25,0.2727272727272727,0.2727272727272727,True,16.5,60.5,1085.3051677091405,1148.245938509765,114.6948322908595,34.694832290859495,False,72.15632399912153,True,False,0.2556969151405025,0.03193520180174,2.0,False,1.0,8.000:8.000|34.891:28.884|36.402:58.652|62.429:54.569|74.764:37.952|81.002:31.561|91.390:13.380|80.350:28.050|84.422:32.479|8.000:8.000,0-4-7-23-24-17-29-19-26-0,0.0009189608972519
72,moderate,cluttered,FairRiskAwareGreedy,32,13,0.40625,0.4958677685950413,0.4958677685950413,True,30.0,60.5,1064.930650029868,1103.768022960749,135.06934997013175,55.06934997013175,False,109.10609750992548,True,False,0.0020029449492605,0.0001430782155378,2.0,False,1.0,8.000:8.000|36.402:58.652|69.024:84.308|69.300:76.689|61.614:95.152|47.577:90.785|34.077:79.011|31.324:80.332|38.978:78.166|46.794:67.671|52.044:74.597|44.694:55.305|34.891:28.884|91.390:13.380|8.000:8.000,0-7-27-1-15-28-12-14-5-30-25-13-4-29-0,0.0014889838639646
72,moderate,cluttered,FairALNSPlanner,32,18,0.5625,0.6611570247933884,0.6611570247933884,True,40.0,60.5,1048.291414542364,1164.2667791233196,151.70858545763593,71.70858545763593,False,117.39323242804304,True,False,0.0170761772344322,0.0009039795305039,2.0,False,1.0,8.000:8.000|31.324:80.332|34.077:79.011|38.978:78.166|50.902:95.685|47.577:90.785|61.614:95.152|69.024:84.308|69.300:76.689|67.504:75.073|62.429:54.569|81.424:75.279|81.002:31.561|74.764:37.952|78.783:54.387|60.676:72.854|52.044:74.597|46.794:67.671|36.402:58.652|8.000:8.000,0-14-12-5-31-28-15-27-1-22-23-11-17-24-18-8-25-30-7-0,8.635223929071799
72,moderate,cluttered,RAWA-RHP,32,23,0.71875,0.8016528925619835,0.8016528925619835,True,48.5,60.5,1057.1207272334282,1191.725376560208,142.8792727665718,62.8792727665718,False,126.91220063959514,True,False,0.1021884528810613,0.0044073294846381,2.0,False,1.0,8.000:8.000|91.390:13.380|80.350:28.050|81.002:31.561|74.764:37.952|78.783:54.387|81.424:75.279|73.317:72.443|62.429:54.569|60.676:72.854|67.504:75.073|69.300:76.689|69.024:84.308|61.614:95.152|50.902:95.685|47.577:90.785|38.978:78.166|34.077:79.011|31.324:80.332|47.259:74.101|52.044:74.597|46.794:67.671|44.694:55.305|36.402:58.652|8.000:8.000,0-29-19-17-24-18-11-3-23-8-22-1-27-15-31-28-5-12-14-6-25-30-13-7-0,39.200703950133175
70,calm,sparse,NearestNeighbor,32,29,0.90625,0.8976377952755905,0.0,False,57.0,63.5,1361.959500337526,1356.6869483868777,-161.95950033752564,-241.95950033752564,True,156.9132928900343,False,True,0.01717814927203,0.0005751811146036,2.0,True,1.0,8.000:8.000|15.497:15.513|26.934:23.106|37.448:29.105|38.678:32.229|43.826:25.230|50.218:32.686|54.867:31.058|59.793:39.287|51.629:43.803|38.663:54.733|34.902:46.855|31.649:40.510|40.077:72.598|49.314:78.154|52.471:83.591|58.213:80.255|58.115:69.230|62.316:58.056|68.468:53.257|72.123:50.628|77.505:42.602|73.198:34.830|87.307:32.483|74.734:20.157|74.819:12.590|61.808:9.188|61.199:23.922|74.652:64.835|73.907:88.308|8.000:8.000,0-4-28-15-11-16-13-18-14-32-26-19-1-27-9-29-31-17-7-22-5-23-3-30-10-12-21-25-8-6-0,0.0020391601137816
70,calm,sparse,ValuePerDistance,32,28,0.875,0.905511811023622,0.0,False,57.5,63.5,1293.251462602409,1296.594773293818,-93.2514626024092,-173.2514626024092,True,152.31110279156368,False,True,0.0159702093471906,0.0005529078814582,2.0,True,1.0,8.000:8.000|15.497:15.513|38.678:32.229|37.448:29.105|43.826:25.230|50.218:32.686|51.629:43.803|59.793:39.287|61.199:23.922|61.808:9.188|74.819:12.590|74.734:20.157|73.198:34.830|72.123:50.628|68.468:53.257|62.316:58.056|49.314:78.154|52.471:83.591|58.213:80.255|39.296:93.625|30.924:78.339|28.935:79.381|40.077:72.598|38.663:54.733|34.902:46.855|31.649:40.510|26.934:23.106|54.867:31.058|77.505:42.602|8.000:8.000,0-4-11-15-16-13-32-14-25-21-12-10-3-5-22-7-9-29-31-20-24-2-27-26-19-1-28-18-23-0,0.0016198540106415
70,calm,sparse,WindAwareGreedy,32,19,0.59375,0.6771653543307087,0.0,False,43.0,63.5,1221.097413564492,1212.492384229891,-21.097413564491973,-101.09741356449196,True,130.70418453156685,False,True,0.0210357586687256,0.0010594874146334,2.0,True,1.0,8.000:8.000|15.497:15.513|38.678:32.229|51.629:43.803|59.793:39.287|38.663:54.733|49.314:78.154|39.296:93.625|30.924:78.339|72.123:50.628|62.316:58.056|61.199:23.922|61.808:9.188|74.819:12.590|50.218:32.686|43.826:25.230|37.448:29.105|31.649:40.510|26.934:23.106|34.902:46.855|8.000:8.000,0-4-11-32-14-26-9-20-24-5-7-25-21-12-13-16-15-1-28-19-0,0.0014959501568228
70,calm,sparse,ReserveOnlyPlanner,32,20,0.625,0.7480314960629921,0.7480314960629921,True,47.5,63.5,1096.7076561779097,1140.9698543839672,103.29234382209016,23.29234382209017,False,121.92128186071278,True,False,0.0114050713984028,0.0005448143633314,2.0,False,1.0,8.000:8.000|15.497:15.513|38.678:32.229|51.629:43.803|59.793:39.287|38.663:54.733|49.314:78.154|39.296:93.625|30.924:78.339|52.471:83.591|58.213:80.255|72.123:50.628|62.316:58.056|68.468:53.257|61.199:23.922|61.808:9.188|74.819:12.590|50.218:32.686|43.826:25.230|37.448:29.105|26.934:23.106|8.000:8.000,0-4-11-32-14-26-9-20-24-29-31-5-7-22-25-21-12-13-16-15-28-0,0.0016552950255572
70,calm,sparse,FairRiskAwareGreedy,32,14,0.4375,0.5748031496062992,0.5748031496062992,True,36.5,63.5,1098.1946180284945,1117.0107684447976,101.80538197150544,21.805381971505422,False,123.3080399678052,True,False,0.0011185552799013,7.457035202297716e-05,2.0,False,1.0,8.000:8.000|38.678:32.229|51.629:43.803|59.793:39.287|38.663:54.733|49.314:78.154|39.296:93.625|30.924:78.339|15.497:15.513|61.199:23.922|72.123:50.628|62.316:58.056|50.218:32.686|61.808:9.188|74.819:12.590|8.000:8.000,0-11-32-14-26-9-20-24-4-25-5-7-13-21-12-0,0.0023165461607277
70,calm,sparse,FairALNSPlanner,32,31,0.96875,0.984251968503937,0.984251968503937,True,62.5,63.5,1043.851228168337,1125.2723704703726,156.14877183166288,76.14877183166288,False,144.25859452918715,True,False,0.0149868085456182,0.000470239443904,2.0,False,1.0,8.000:8.000|15.497:15.513|26.934:23.106|37.448:29.105|38.678:32.229|43.826:25.230|50.218:32.686|51.629:43.803|59.793:39.287|54.867:31.058|61.199:23.922|61.808:9.188|74.819:12.590|74.734:20.157|87.307:32.483|73.198:34.830|77.505:42.602|72.123:50.628|68.468:53.257|62.316:58.056|74.652:64.835|73.907:88.308|58.213:80.255|52.471:83.591|49.314:78.154|39.296:93.625|28.935:79.381|30.924:78.339|40.077:72.598|38.663:54.733|34.902:46.855|31.649:40.510|8.000:8.000,0-4-28-15-11-16-13-32-14-18-25-21-12-10-30-3-23-5-22-7-8-6-31-29-9-20-2-24-27-26-19-1-0,16.30063602211885
70,calm,sparse,RAWA-RHP,32,31,0.96875,0.984251968503937,0.984251968503937,True,62.5,63.5,1047.610451352579,1125.2723704703726,152.38954864742072,72.38954864742072,False,144.25859452918715,True,False,0.0149868085456182,0.000470239443904,2.0,False,1.0,8.000:8.000|15.497:15.513|26.934:23.106|37.448:29.105|38.678:32.229|43.826:25.230|50.218:32.686|51.629:43.803|59.793:39.287|54.867:31.058|61.199:23.922|61.808:9.188|74.819:12.590|74.734:20.157|87.307:32.483|73.198:34.830|77.505:42.602|72.123:50.628|68.468:53.257|62.316:58.056|74.652:64.835|73.907:88.308|58.213:80.255|52.471:83.591|49.314:78.154|39.296:93.625|28.935:79.381|30.924:78.339|40.077:72.598|38.663:54.733|34.902:46.855|31.649:40.510|8.000:8.000,0-4-28-15-11-16-13-32-14-18-25-21-12-10-30-3-23-5-22-7-8-6-31-29-9-20-2-24-27-26-19-1-0,155.3275018101558
73,calm,cluttered,NearestNeighbor,32,32,1.0,1.0,0.0,False,70.5,70.5,1251.9699060686637,1250.7101036486629,-51.96990606866332,-131.9699060686633,True,156.16145851225852,False,True,0.006208933611309,0.0001885802520967,2.0,True,1.0,8.000:8.000|23.908:10.827|41.088:35.532|44.099:36.945|48.190:35.951|48.107:33.487|53.708:24.316|53.524:22.156|70.130:26.366|77.253:49.182|80.561:63.622|73.186:72.525|73.267:74.861|81.811:84.605|90.347:77.970|75.503:92.357|67.713:89.284|62.970:87.125|42.262:70.668|38.412:81.507|33.132:77.279|17.046:82.947|26.823:91.754|29.094:91.909|19.014:67.190|17.151:59.403|33.735:61.073|32.560:56.275|33.645:53.463|39.456:48.117|45.475:52.438|46.875:46.787|50.804:55.666|8.000:8.000,0-14-2-7-16-30-25-6-31-27-9-5-3-1-26-24-21-13-12-10-11-4-32-29-28-23-19-22-20-15-8-18-17-0,0.0021134500857442
73,calm,cluttered,ValuePerDistance,32,31,0.96875,0.9858156028368794,0.0,False,69.5,70.5,1377.4389724093548,1375.4543935451716,-177.43897240935476,-257.43897240935473,True,167.31206074834765,False,True,0.0046949784351258,0.0001469536269829,2.0,True,1.0,8.000:8.000|23.908:10.827|44.099:36.945|48.190:35.951|48.107:33.487|53.524:22.156|53.708:24.316|70.130:26.366|45.475:52.438|50.804:55.666|42.262:70.668|33.132:77.279|38.412:81.507|29.094:91.909|26.823:91.754|17.046:82.947|19.014:67.190|17.151:59.403|33.735:61.073|32.560:56.275|33.645:53.463|39.456:48.117|46.875:46.787|41.088:35.532|62.970:87.125|67.713:89.284|75.503:92.357|81.811:84.605|90.347:77.970|80.561:63.622|73.267:74.861|73.186:72.525|8.000:8.000,0-14-7-16-30-6-25-31-8-17-12-11-10-29-32-4-28-23-19-22-20-15-18-2-13-21-24-1-26-9-3-5-0,0.0016999619547277
73,calm,cluttered,WindAwareGreedy,32,25,0.78125,0.851063829787234,0.0,False,60.0,70.5,1352.35750860679,1353.002253014335,-152.35750860678962,-232.3575086067896,True,156.10608769391467,False,True,0.0101584092952132,0.0003923592575962,2.0,True,1.0,8.000:8.000|23.908:10.827|44.099:36.945|53.524:22.156|53.708:24.316|70.130:26.366|45.475:52.438|50.804:55.666|42.262:70.668|33.132:77.279|19.014:67.190|17.151:59.403|33.735:61.073|62.970:87.125|67.713:89.284|81.811:84.605|90.347:77.970|80.561:63.622|73.267:74.861|73.186:72.525|48.190:35.951|48.107:33.487|41.088:35.532|46.875:46.787|39.456:48.117|38.412:81.507|8.000:8.000,0-14-7-6-25-31-8-17-12-11-28-23-19-13-21-1-26-9-3-5-16-30-2-18-15-10-0,0.0017814449965953
73,calm,cluttered,ReserveOnlyPlanner,32,21,0.65625,0.7588652482269503,0.7588652482269503,True,53.5,70.5,1108.564870360368,1141.8594650386974,91.43512963963164,11.435129639631654,False,128.28733901852422,True,False,0.0091576533988826,0.0004177763805851,2.0,False,1.0,8.000:8.000|23.908:10.827|44.099:36.945|53.524:22.156|53.708:24.316|70.130:26.366|45.475:52.438|50.804:55.666|42.262:70.668|33.132:77.279|19.014:67.190|17.151:59.403|33.735:61.073|62.970:87.125|67.713:89.284|81.811:84.605|90.347:77.970|80.561:63.622|73.267:74.861|73.186:72.525|48.190:35.951|48.107:33.487|8.000:8.000,0-14-7-6-25-31-8-17-12-11-28-23-19-13-21-1-26-9-3-5-16-30-0,0.0016980418004095
73,calm,cluttered,FairRiskAwareGreedy,32,15,0.46875,0.5957446808510638,0.5957446808510638,True,42.0,70.5,996.4745945933234,1015.4593115687044,203.52540540667653,123.52540540667653,False,112.13922644044196,True,False,0.0067091812486526,0.0004203522345273,2.0,False,1.0,8.000:8.000|44.099:36.945|53.524:22.156|70.130:26.366|45.475:52.438|50.804:55.666|42.262:70.668|17.151:59.403|19.014:67.190|33.132:77.279|62.970:87.125|67.713:89.284|81.811:84.605|90.347:77.970|53.708:24.316|23.908:10.827|8.000:8.000,0-7-6-31-8-17-12-23-28-11-13-21-1-26-25-14-0,0.0027703761588782
73,calm,cluttered,FairALNSPlanner,32,27,0.84375,0.9078014184397164,0.9078014184397164,True,64.0,70.5,1044.8110169748263,1112.485747414589,155.18898302517323,75.18898302517323,False,134.4049451781204,True,False,0.0031524301997594,0.0001126987590438,2.0,False,1.0,8.000:8.000|17.151:59.403|19.014:67.190|17.046:82.947|26.823:91.754|29.094:91.909|38.412:81.507|33.132:77.279|42.262:70.668|62.970:87.125|67.713:89.284|75.503:92.357|81.811:84.605|90.347:77.970|73.267:74.861|73.186:72.525|80.561:63.622|50.804:55.666|45.475:52.438|46.875:46.787|44.099:36.945|41.088:35.532|48.190:35.951|48.107:33.487|70.130:26.366|53.708:24.316|53.524:22.156|23.908:10.827|8.000:8.000,0-23-28-4-32-29-10-11-12-13-21-24-1-26-3-5-9-17-8-18-7-2-16-30-31-25-6-14-0,16.257264303043485
73,calm,cluttered,RAWA-RHP,32,27,0.84375,0.8794326241134752,0.8794326241134752,True,62.0,70.5,1045.2136519544008,1102.4935386840848,154.78634804559903,74.78634804559903,False,134.61760225070574,True,False,0.0097850364053894,0.0003508206569997,2.0,False,1.0,8.000:8.000|41.088:35.532|44.099:36.945|45.475:52.438|50.804:55.666|73.186:72.525|73.267:74.861|90.347:77.970|81.811:84.605|75.503:92.357|67.713:89.284|62.970:87.125|38.412:81.507|33.132:77.279|42.262:70.668|19.014:67.190|17.151:59.403|33.735:61.073|32.560:56.275|33.645:53.463|39.456:48.117|46.875:46.787|48.190:35.951|48.107:33.487|70.130:26.366|53.708:24.316|53.524:22.156|23.908:10.827|8.000:8.000,0-2-7-8-17-5-3-26-1-24-21-13-10-11-12-28-23-19-22-20-15-18-16-30-31-25-6-14-0,30.64012606977485
73,severe,cluttered,NearestNeighbor,32,14,0.4375,0.4393939393939394,0.0,False,29.0,66.0,1603.432123334478,1608.4310175505022,-403.4321233344781,-483.4321233344781,True,79.79164345367734,False,True,0.1167214971279706,0.0080948132157399,2.0,True,1.0,8.000:8.000|37.349:25.116|46.687:13.207|57.644:17.150|65.982:24.603|72.182:27.930|70.570:32.271|57.133:43.196|53.069:34.050|36.094:47.246|31.786:47.332|26.401:48.357|28.976:41.092|19.264:59.320|11.227:67.062|8.000:8.000,0-16-32-6-27-23-2-30-20-3-21-5-11-12-26-0,0.00135128502734
73,severe,cluttered,ValuePerDistance,32,12,0.375,0.4318181818181818,0.0,False,28.5,66.0,1532.0447256612892,1522.8819141630706,-332.04472566128936,-412.04472566128936,True,80.27711935360878,False,True,0.2504397040953829,0.0213805612874391,2.0,True,1.0,8.000:8.000|28.976:41.092|31.786:47.332|36.094:47.246|26.401:48.357|19.264:59.320|11.227:67.062|10.454:72.204|15.720:81.498|28.847:87.279|52.651:79.592|45.576:77.635|59.385:84.926|8.000:8.000,0-11-21-3-5-12-26-1-13-28-8-24-9-0,0.0009693538304418
73,severe,cluttered,WindAwareGreedy,32,10,0.3125,0.3636363636363636,0.0,False,24.0,66.0,1520.9380807838988,1534.2175247558655,-320.93808078389907,-400.9380807838991,True,76.9937342311147,False,True,0.1548774886412414,0.0150848795692891,2.0,True,1.0,8.000:8.000|28.976:41.092|31.786:47.332|26.401:48.357|11.227:67.062|15.720:81.498|10.454:72.204|19.264:59.320|36.094:47.246|52.651:79.592|45.576:77.635|8.000:8.000,0-11-21-5-26-13-1-12-3-8-24-0,0.0009600119665265
73,severe,cluttered,ReserveOnlyPlanner,32,8,0.25,0.2651515151515151,0.2651515151515151,True,17.5,66.0,1076.173173317095,1164.1371003461743,123.82682668290522,43.82682668290522,False,57.09700999984685,True,False,0.1747819338102147,0.0202308126786331,2.0,False,1.0,8.000:8.000|28.976:41.092|31.786:47.332|26.401:48.357|11.227:67.062|10.454:72.204|15.720:81.498|28.847:87.279|30.267:63.719|8.000:8.000,0-11-21-5-26-1-13-28-31-0,0.000845206901431
73,severe,cluttered,FairRiskAwareGreedy,32,2,0.0625,0.0681818181818181,0.0681818181818181,True,4.5,66.0,370.1412327652864,390.4739145304934,829.8587672347137,749.8587672347137,False,30.23100035571528,True,False,0.0011377936409169,0.0003793819653589,4.0,False,1.0,8.000:8.000|11.227:67.062|10.454:72.204|8.000:8.000,0-26-1-0,0.0003992549609392
73,severe,cluttered,FairALNSPlanner,32,3,0.09375,0.0984848484848484,0.0984848484848484,True,6.5,66.0,541.5160290331436,589.15801417477,658.4839709668562,578.4839709668562,False,43.40923271827458,True,False,0.0097811923869043,0.0024524880938106,2.8284271247461903,False,1.0,8.000:8.000|10.454:72.204|28.847:87.279|11.227:67.062|8.000:8.000,0-1-28-26-0,0.07222701003775
73,severe,cluttered,RAWA-RHP,32,20,0.625,0.6666666666666666,0.6666666666666666,True,44.0,66.0,1041.7262887918878,1219.1320783768465,158.273711208112,78.27371120811199,False,104.08648426674208,True,False,0.0220666583397641,0.0010581687746013,2.0,False,1.0,8.000:8.000|46.687:13.207|57.644:17.150|65.982:24.603|57.133:43.196|75.067:54.796|79.516:54.897|83.232:47.796|84.626:50.733|87.023:52.144|81.104:63.664|69.905:73.990|57.646:65.501|45.576:77.635|52.651:79.592|30.267:63.719|19.264:59.320|26.401:48.357|31.786:47.332|36.094:47.246|28.976:41.092|8.000:8.000,0-32-6-27-30-25-7-15-17-18-10-29-19-24-8-31-12-5-21-3-11-0,21.62499011796899
72,severe,sparse,NearestNeighbor,32,25,0.78125,0.7795275590551181,0.0,False,49.5,63.5,2160.5106309257167,2231.2288941940387,-960.5106309257168,-1040.510630925717,True,128.15674377343515,False,True,0.3751040894355617,0.0175331888841972,2.0,True,1.0,8.000:8.000|13.331:47.463|15.599:47.194|22.751:67.074|32.299:57.524|42.215:52.533|55.602:61.327|58.009:64.314|58.540:57.178|58.158:47.779|65.095:38.187|75.397:47.854|75.258:52.027|68.816:54.976|71.875:60.771|72.745:66.691|73.885:70.427|68.214:71.362|65.201:67.335|62.747:72.966|55.053:76.064|60.843:87.158|66.072:87.924|71.977:75.952|83.106:77.077|85.544:87.278|8.000:8.000,0-32-3-2-15-8-4-13-30-27-31-7-22-23-6-14-29-17-24-11-9-25-18-20-12-5-0,0.0011417230125516
72,severe,sparse,ValuePerDistance,32,21,0.65625,0.7322834645669292,0.0,False,46.5,63.5,2087.1693288962038,2093.6448383378606,-887.1693288962035,-967.1693288962036,True,113.34849937838786,False,True,0.2742900992263939,0.0141074658148824,2.0,True,1.0,8.000:8.000|58.009:64.314|55.602:61.327|65.201:67.335|73.885:70.427|71.977:75.952|85.544:87.278|83.106:77.077|78.157:58.844|81.594:58.907|84.464:60.147|85.048:57.540|75.397:47.854|75.258:52.027|68.816:54.976|71.875:60.771|72.745:66.691|68.214:71.362|62.747:72.966|55.053:76.064|66.072:87.924|60.843:87.158|8.000:8.000,0-13-4-24-29-20-5-12-10-16-19-1-7-22-23-6-14-17-11-9-18-25-0,0.0007940679788589
72,severe,sparse,WindAwareGreedy,32,17,0.53125,0.6692913385826772,0.0,False,42.5,63.5,2154.282082487669,2130.62928419199,-954.2820824876688,-1034.282082487669,True,108.56673822861733,False,True,0.3666284272471568,0.024372159055002,2.0,True,1.0,8.000:8.000|15.599:47.194|22.751:67.074|58.009:64.314|55.602:61.327|73.885:70.427|71.977:75.952|85.544:87.278|83.106:77.077|78.157:58.844|81.594:58.907|75.397:47.854|75.258:52.027|68.816:54.976|65.201:67.335|55.053:76.064|71.875:60.771|72.745:66.691|8.000:8.000,0-3-2-13-4-29-20-5-12-10-16-7-22-23-24-9-6-14-0,0.0007988838478922
72,severe,sparse,ReserveOnlyPlanner,32,4,0.125,0.1181102362204724,0.1181102362204724,True,7.5,63.5,1079.330587740169,1135.6919454710603,120.66941225983088,40.66941225983089,False,43.31187689612397,True,False,0.0001068512816024,2.1370707468060247e-05,2.8284271247461903,False,1.0,8.000:8.000|15.599:47.194|22.751:67.074|55.602:61.327|58.540:57.178|8.000:8.000,0-3-2-4-30-0,0.0003121830523014
72,severe,sparse,FairRiskAwareGreedy,32,11,0.34375,0.3700787401574803,0.3700787401574803,True,23.5,63.5,1093.7491320289937,1146.4622901258688,106.25086797100651,26.250867971006528,False,97.677958766289,True,False,0.0002641775127391,2.2017241508974036e-05,2.8284271247461903,False,1.0,8.000:8.000|58.009:64.314|55.602:61.327|73.885:70.427|75.397:47.854|65.201:67.335|22.751:67.074|42.215:52.533|32.299:57.524|15.599:47.194|13.331:47.463|58.540:57.178|8.000:8.000,0-13-4-29-7-24-2-8-15-3-32-30-0,0.0008523981086909
72,severe,sparse,FairALNSPlanner,32,21,0.65625,0.7322834645669292,0.7322834645669292,True,46.5,63.5,1018.106423095584,1208.5707423784352,181.8935769044158,101.8935769044158,False,106.1573534251211,True,False,0.0002466689304047,1.1213369912908202e-05,2.8284271247461903,False,1.0,8.000:8.000|22.751:67.074|32.299:57.524|42.215:52.533|58.540:57.178|55.602:61.327|58.009:64.314|65.201:67.335|68.214:71.362|83.106:77.077|71.977:75.952|73.885:70.427|72.745:66.691|71.875:60.771|78.157:58.844|81.594:58.907|84.464:60.147|85.048:57.540|89.507:42.408|75.258:52.027|75.397:47.854|65.095:38.187|8.000:8.000,0-2-15-8-30-4-13-24-17-12-20-29-14-6-10-16-19-1-21-22-7-31-0,9.014812034089118
72,severe,sparse,RAWA-RHP,32,24,0.75,0.7952755905511811,0.7952755905511811,True,50.5,63.5,1038.6717212087594,1255.8686802356658,161.32827879124096,81.32827879124096,False,112.37744430377964,True,False,0.0506037468485542,0.002059491335363,2.0,False,1.0,8.000:8.000|65.095:38.187|75.397:47.854|75.258:52.027|68.816:54.976|89.507:42.408|85.048:57.540|84.464:60.147|81.594:58.907|78.157:58.844|71.875:60.771|72.745:66.691|73.885:70.427|71.977:75.952|68.214:71.362|62.747:72.966|65.201:67.335|58.009:64.314|55.602:61.327|58.540:57.178|42.215:52.533|32.299:57.524|22.751:67.074|15.599:47.194|13.331:47.463|8.000:8.000,0-31-7-22-23-21-1-19-16-10-6-14-29-20-17-11-24-13-4-30-8-15-2-3-32-0,44.40741758886725
73,calm,sparse,NearestNeighbor,32,30,0.9375,0.9603174603174603,0.0,False,60.5,63.0,1342.4432828138804,1343.546321949416,-142.44328281388044,-222.44328281388044,True,163.79216394035157,False,True,0.0101286798241828,0.0003176884662538,2.0,True,1.0,8.000:8.000|17.693:12.212|23.592:39.210|29.887:41.473|35.139:43.757|38.975:44.252|40.885:46.298|44.668:51.098|47.523:55.301|51.277:48.426|55.267:61.151|74.152:58.382|74.451:44.430|74.130:27.082|70.817:26.111|75.327:22.317|74.154:17.931|63.158:25.354|63.698:27.538|61.224:9.605|93.057:14.183|85.178:70.332|75.893:75.471|51.844:92.854|32.715:79.213|29.475:75.417|25.899:73.838|23.805:76.361|17.549:68.404|24.898:59.896|33.142:64.900|8.000:8.000,0-20-31-9-6-22-3-19-26-30-17-29-18-10-8-11-32-23-7-25-27-2-1-21-24-15-4-13-16-5-12-0,0.0012712478637695
73,calm,sparse,ValuePerDistance,32,30,0.9375,0.9682539682539684,0.0,False,61.0,63.0,1351.4477436662337,1354.1458779480126,-151.44774366623335,-231.44774366623332,True,165.09083601205242,False,True,0.008034424977695,0.0002599885260849,2.0,True,1.0,8.000:8.000|17.693:12.212|61.224:9.605|63.158:25.354|63.698:27.538|70.817:26.111|75.327:22.317|74.154:17.931|74.130:27.082|51.277:48.426|44.668:51.098|40.885:46.298|38.975:44.252|35.139:43.757|29.887:41.473|23.592:39.210|16.724:46.270|16.629:42.296|24.898:59.896|33.142:64.900|29.475:75.417|25.899:73.838|23.805:76.361|17.549:68.404|32.715:79.213|51.844:92.854|75.893:75.471|74.152:58.382|85.178:70.332|74.451:44.430|93.057:14.183|8.000:8.000,0-20-25-23-7-8-11-32-10-30-19-3-22-6-9-31-14-28-5-12-15-4-13-16-24-21-1-29-2-18-27-0,0.0009568280074745
73,calm,sparse,WindAwareGreedy,32,25,0.78125,0.873015873015873,0.0,False,55.0,63.0,1351.8150098294132,1355.4801691889934,-151.8150098294132,-231.8150098294132,True,155.09023992613072,False,True,0.0120699707339942,0.0004666593508924,2.0,True,1.0,8.000:8.000|17.693:12.212|61.224:9.605|63.158:25.354|51.277:48.426|33.142:64.900|29.475:75.417|25.899:73.838|24.898:59.896|40.885:46.298|44.668:51.098|38.975:44.252|35.139:43.757|29.887:41.473|23.592:39.210|16.724:46.270|17.549:68.404|23.805:76.361|51.844:92.854|74.152:58.382|75.893:75.471|85.178:70.332|75.327:22.317|74.154:17.931|70.817:26.111|74.130:27.082|8.000:8.000,0-20-25-23-30-12-15-4-5-3-19-22-6-9-31-14-16-13-21-29-1-2-11-32-8-10-0,0.0012073968537151
73,calm,sparse,ReserveOnlyPlanner,32,21,0.65625,0.7619047619047619,0.7619047619047619,True,48.0,63.0,1110.3767570597322,1155.900602298399,89.62324294026737,9.623242940267374,False,128.77630512312643,True,False,0.0085071925970509,0.0003880260248505,2.0,False,1.0,8.000:8.000|17.693:12.212|61.224:9.605|63.158:25.354|51.277:48.426|44.668:51.098|40.885:46.298|38.975:44.252|35.139:43.757|33.142:64.900|29.475:75.417|25.899:73.838|24.898:59.896|29.887:41.473|23.592:39.210|16.724:46.270|17.549:68.404|23.805:76.361|32.715:79.213|51.844:92.854|74.152:58.382|74.451:44.430|8.000:8.000,0-20-25-23-30-19-3-22-6-12-15-4-5-9-31-14-16-13-24-21-29-18-0,0.0011853359173983
73,calm,sparse,FairRiskAwareGreedy,32,19,0.59375,0.6984126984126984,0.6984126984126984,True,44.0,63.0,1085.449850177843,1101.9790621895352,114.55014982215698,34.55014982215698,False,126.06871772179484,True,False,0.0086620891104051,0.0004346211342428,2.0,False,1.0,8.000:8.000|17.693:12.212|61.224:9.605|63.158:25.354|51.277:48.426|33.142:64.900|29.475:75.417|25.899:73.838|24.898:59.896|40.885:46.298|44.668:51.098|38.975:44.252|35.139:43.757|29.887:41.473|23.592:39.210|17.549:68.404|74.152:58.382|75.893:75.471|55.267:61.151|47.523:55.301|8.000:8.000,0-20-25-23-30-12-15-4-5-3-19-22-6-9-31-16-29-1-17-26-0,0.0033454590011388
73,calm,sparse,FairALNSPlanner,32,28,0.875,0.9285714285714286,0.9285714285714286,True,58.5,63.0,1059.4561893217112,1134.3035800414636,140.5438106782886,60.543810678288594,False,140.23237244296604,True,False,0.0053696952564459,0.0001855304464883,2.0,False,1.0,8.000:8.000|17.693:12.212|16.724:46.270|17.549:68.404|23.805:76.361|25.899:73.838|29.475:75.417|32.715:79.213|33.142:64.900|24.898:59.896|29.887:41.473|23.592:39.210|35.139:43.757|38.975:44.252|40.885:46.298|44.668:51.098|51.277:48.426|55.267:61.151|51.844:92.854|75.893:75.471|85.178:70.332|74.152:58.382|63.158:25.354|63.698:27.538|70.817:26.111|74.130:27.082|75.327:22.317|74.154:17.931|61.224:9.605|8.000:8.000,0-20-14-16-13-4-15-24-12-5-9-31-6-22-3-19-30-17-21-1-2-29-23-7-8-10-11-32-25-0,17.158927123062313
73,calm,sparse,RAWA-RHP,32,30,0.9375,0.9523809523809524,0.9523809523809524,True,60.0,63.0,1051.8046514669204,1114.093803531861,148.1953485330792,68.1953485330792,False,139.8200702970406,True,False,0.0089935465916022,0.0002910810661701,2.0,False,1.0,8.000:8.000|17.693:12.212|61.224:9.605|63.158:25.354|63.698:27.538|70.817:26.111|74.130:27.082|75.327:22.317|74.451:44.430|74.152:58.382|85.178:70.332|75.893:75.471|51.844:92.854|32.715:79.213|29.475:75.417|25.899:73.838|23.805:76.361|17.549:68.404|24.898:59.896|33.142:64.900|55.267:61.151|47.523:55.301|51.277:48.426|44.668:51.098|40.885:46.298|38.975:44.252|35.139:43.757|29.887:41.473|23.592:39.210|16.724:46.270|16.629:42.296|8.000:8.000,0-20-25-23-7-8-10-11-18-29-2-1-21-24-15-4-13-16-5-12-17-26-30-19-3-22-6-9-31-14-28-0,42.27138747111894
71,calm,cluttered,NearestNeighbor,32,31,0.96875,0.9699248120300752,0.0,False,64.5,66.5,1295.7552345069084,1289.4499037436813,-95.75523450690858,-175.75523450690858,True,153.27522937942865,False,True,0.0110360017656424,0.0003459274633631,2.0,True,1.0,8.000:8.000|14.132:21.411|19.276:24.059|29.127:35.534|33.824:35.642|33.113:28.533|36.296:26.067|43.751:27.427|43.793:12.030|31.709:11.468|50.344:38.103|55.237:37.683|63.025:29.730|75.126:37.728|80.653:33.909|75.555:48.039|63.844:51.704|71.298:60.339|83.390:66.337|76.049:74.283|76.471:81.033|58.748:79.452|58.734:71.613|41.655:65.141|39.561:69.387|36.888:70.605|36.249:67.207|30.866:67.067|32.797:72.346|30.053:60.355|26.842:44.401|14.308:79.213|8.000:8.000,0-22-2-13-7-27-16-10-19-1-15-18-11-3-14-17-31-5-9-20-24-21-4-8-6-26-29-30-25-12-28-32-0,0.0020879479125142
71,calm,cluttered,ValuePerDistance,32,27,0.84375,0.8872180451127819,0.0,False,59.0,66.5,1212.3966181037915,1205.8483452641651,-12.39661810379161,-92.3966181037916,True,139.3607513842184,False,True,0.0209257028169733,0.0007528237831608,2.0,True,1.0,8.000:8.000|19.276:24.059|14.132:21.411|29.127:35.534|33.824:35.642|43.751:27.427|36.296:26.067|33.113:28.533|31.709:11.468|43.793:12.030|55.237:37.683|50.344:38.103|63.025:29.730|75.555:48.039|71.298:60.339|76.049:74.283|76.471:81.033|58.748:79.452|58.734:71.613|41.655:65.141|36.249:67.207|36.888:70.605|39.561:69.387|30.053:60.355|30.866:67.067|32.797:72.346|14.308:79.213|26.842:44.401|8.000:8.000,0-2-22-13-7-10-16-27-1-19-18-15-11-17-5-20-24-21-4-8-29-26-6-12-30-25-32-28-0,0.0015177358873188
71,calm,cluttered,WindAwareGreedy,32,23,0.71875,0.8195488721804511,0.0,False,54.5,66.5,1365.7218095085036,1351.4552033656305,-165.72180950850398,-245.721809508504,True,146.79425799983804,False,True,0.0096885450803265,0.0004042130175409,2.0,True,1.0,8.000:8.000|19.276:24.059|29.127:35.534|43.751:27.427|55.237:37.683|50.344:38.103|63.025:29.730|43.793:12.030|31.709:11.468|14.132:21.411|30.053:60.355|36.249:67.207|41.655:65.141|39.561:69.387|36.888:70.605|30.866:67.067|71.298:60.339|75.555:48.039|80.653:33.909|92.261:43.556|75.126:37.728|76.049:74.283|58.734:71.613|58.748:79.452|8.000:8.000,0-2-13-10-18-15-11-19-1-22-12-29-8-6-26-30-5-17-14-23-3-20-4-21-0,0.0016655810177326
71,calm,cluttered,ReserveOnlyPlanner,32,21,0.65625,0.7293233082706767,0.7293233082706767,True,48.5,66.5,1108.6253897672832,1145.692264526383,91.37461023271692,11.374610232716918,False,123.91436806670302,True,False,0.0060810990685629,0.0002767891681518,2.0,False,1.0,8.000:8.000|19.276:24.059|29.127:35.534|43.751:27.427|55.237:37.683|50.344:38.103|63.025:29.730|43.793:12.030|31.709:11.468|14.132:21.411|30.053:60.355|36.249:67.207|41.655:65.141|39.561:69.387|36.888:70.605|30.866:67.067|71.298:60.339|75.555:48.039|80.653:33.909|75.126:37.728|63.844:51.704|33.824:35.642|8.000:8.000,0-2-13-10-18-15-11-19-1-22-12-29-8-6-26-30-5-17-14-3-31-7-0,0.0017063559498637
71,calm,cluttered,FairRiskAwareGreedy,32,18,0.5625,0.6466165413533834,0.6466165413533834,True,43.0,66.5,1092.2819332689453,1112.3110738336436,107.71806673105492,27.71806673105493,False,125.77110663680004,True,False,0.0088904218838038,0.0004691405055093,2.0,False,1.0,8.000:8.000|19.276:24.059|29.127:35.534|43.751:27.427|55.237:37.683|50.344:38.103|30.053:60.355|36.249:67.207|41.655:65.141|63.025:29.730|31.709:11.468|43.793:12.030|14.132:21.411|33.113:28.533|36.296:26.067|75.555:48.039|71.298:60.339|58.734:71.613|33.824:35.642|8.000:8.000,0-2-13-10-18-15-12-29-8-11-1-19-22-27-16-17-5-4-7-0,0.0025889070238918
71,calm,cluttered,FairALNSPlanner,32,28,0.875,0.924812030075188,0.924812030075188,True,61.5,66.5,1063.1110494555655,1138.757040120908,136.88895054443418,56.88895054443418,False,140.0545933662638,True,False,0.0282947952054469,0.0009862976065536,2.0,False,1.0,8.000:8.000|31.709:11.468|43.793:12.030|33.113:28.533|33.824:35.642|29.127:35.534|26.842:44.401|14.308:79.213|30.053:60.355|30.866:67.067|36.249:67.207|36.888:70.605|39.561:69.387|41.655:65.141|58.734:71.613|58.748:79.452|76.471:81.033|76.049:74.283|83.390:66.337|71.298:60.339|75.555:48.039|92.261:43.556|80.653:33.909|63.025:29.730|55.237:37.683|50.344:38.103|43.751:27.427|19.276:24.059|14.132:21.411|8.000:8.000,0-1-19-27-7-13-28-32-12-30-29-26-6-8-4-21-24-20-9-5-17-23-14-11-18-15-10-2-22-0,18.31599216698669
71,calm,cluttered,RAWA-RHP,32,31,0.96875,0.9699248120300752,0.9699248120300752,True,64.5,66.5,1049.3374812329,1123.2189576182689,150.6625187670995,70.6625187670995,False,142.09661745832813,True,False,0.0301884485351877,0.000954272510144,2.0,False,1.0,8.000:8.000|14.132:21.411|19.276:24.059|26.842:44.401|29.127:35.534|33.824:35.642|30.053:60.355|30.866:67.067|32.797:72.346|36.888:70.605|39.561:69.387|36.249:67.207|41.655:65.141|58.734:71.613|58.748:79.452|76.471:81.033|76.049:74.283|83.390:66.337|71.298:60.339|63.844:51.704|75.555:48.039|92.261:43.556|80.653:33.909|75.126:37.728|63.025:29.730|55.237:37.683|50.344:38.103|43.751:27.427|36.296:26.067|33.113:28.533|43.793:12.030|31.709:11.468|8.000:8.000,0-22-2-28-13-7-12-30-25-26-6-29-8-4-21-24-20-9-5-31-17-23-14-3-11-18-15-10-16-27-19-1-0,128.28383780899458
74,calm,cluttered,NearestNeighbor,32,30,0.9375,0.91869918699187,0.0,False,56.5,61.5,1437.6097240032316,1435.8354914543138,-237.60972400323155,-317.6097240032316,True,167.87889128865717,False,True,0.0235347367696998,0.0007664623077933,2.0,True,1.0,8.000:8.000|16.912:25.125|19.748:24.743|32.522:22.576|36.524:29.930|45.943:31.821|58.379:16.685|62.445:19.098|64.447:19.595|69.092:17.071|75.374:23.332|72.620:26.243|73.522:8.250|87.777:34.208|90.066:34.487|56.654:51.782|51.221:65.615|59.385:69.384|56.335:83.162|41.734:85.938|39.384:84.818|37.615:82.902|25.513:88.206|21.466:87.819|17.535:71.785|20.744:66.360|30.557:72.258|32.687:56.804|20.421:50.168|74.903:79.333|74.603:81.390|8.000:8.000,0-6-30-13-14-29-23-3-25-19-26-18-15-21-5-17-32-16-22-11-28-24-2-9-7-27-4-31-12-1-20-0,0.0021019140258431
74,calm,cluttered,ValuePerDistance,32,29,0.90625,0.91869918699187,0.0,False,56.5,61.5,1451.2724960656578,1446.8100386691842,-251.2724960656571,-331.2724960656571,True,167.80680110894554,False,True,0.0194893020245813,0.0006546214653841,2.0,True,1.0,8.000:8.000|19.748:24.743|16.912:25.125|32.522:22.576|45.943:31.821|69.092:17.071|64.447:19.595|62.445:19.098|58.379:16.685|73.522:8.250|72.620:26.243|75.374:23.332|90.066:34.487|87.777:34.208|59.385:69.384|51.221:65.615|56.654:51.782|32.687:56.804|20.744:66.360|17.535:71.785|30.557:72.258|21.466:87.819|25.513:88.206|39.384:84.818|41.734:85.938|37.615:82.902|56.335:83.162|74.603:81.390|74.903:79.333|79.419:90.590|8.000:8.000,0-30-6-13-29-19-25-3-23-15-18-26-5-21-16-32-17-31-27-7-4-9-2-28-11-24-22-20-1-8-0,0.0016073219012469
74,calm,cluttered,WindAwareGreedy,32,20,0.625,0.7073170731707317,0.0,False,43.5,61.5,1389.5018364473235,1389.5396048224572,-189.50183644732357,-269.5018364473235,True,150.48836110600925,False,True,0.0094087195331251,0.0004495523954968,2.0,True,1.0,8.000:8.000|73.522:8.250|69.092:17.071|72.620:26.243|45.943:31.821|20.744:66.360|59.385:69.384|51.221:65.615|56.654:51.782|32.687:56.804|30.557:72.258|21.466:87.819|25.513:88.206|17.535:71.785|19.748:24.743|32.522:22.576|58.379:16.685|64.447:19.595|75.374:23.332|90.066:34.487|87.777:34.208|8.000:8.000,0-15-19-18-29-27-16-32-17-31-4-9-2-7-30-13-23-25-26-5-21-0,0.0015441430732607
74,calm,cluttered,ReserveOnlyPlanner,32,20,0.625,0.6910569105691057,0.6910569105691057,True,42.5,61.5,1101.5721036413704,1140.123165174938,98.42789635862962,18.427896358629624,False,124.3741360976586,True,False,0.0107717819147149,0.0005150805512411,2.0,False,1.0,8.000:8.000|19.748:24.743|45.943:31.821|69.092:17.071|73.522:8.250|72.620:26.243|75.374:23.332|64.447:19.595|58.379:16.685|62.445:19.098|90.066:34.487|87.777:34.208|59.385:69.384|51.221:65.615|20.744:66.360|32.687:56.804|30.557:72.258|21.466:87.819|25.513:88.206|17.535:71.785|16.912:25.125|8.000:8.000,0-30-29-19-15-18-26-25-23-3-5-21-16-32-27-31-4-9-2-7-6-0,0.0016508388798683
74,calm,cluttered,FairRiskAwareGreedy,32,14,0.4375,0.5040650406504065,0.5040650406504065,True,31.0,61.5,1016.7043249525498,1033.6662998964762,183.2956750474503,103.29567504745027,False,115.13900443704068,True,False,0.0119195870385515,0.0007984482778347,2.0,False,1.0,8.000:8.000|20.744:66.360|59.385:69.384|69.092:17.071|73.522:8.250|72.620:26.243|45.943:31.821|51.221:65.615|32.687:56.804|30.557:72.258|21.466:87.819|17.535:71.785|19.748:24.743|32.522:22.576|16.912:25.125|8.000:8.000,0-27-16-19-15-18-29-32-31-4-9-7-30-13-6-0,0.0023796330206096
74,calm,cluttered,FairALNSPlanner,32,19,0.59375,0.6747967479674797,0.6747967479674797,True,41.5,61.5,1062.9853890054846,1121.7067069568652,137.01461099451524,57.01461099451524,False,125.98567731054555,True,False,0.0147501285654327,0.0007414257704384,2.0,False,1.0,8.000:8.000|19.748:24.743|32.522:22.576|36.524:29.930|45.943:31.821|56.654:51.782|32.687:56.804|59.385:69.384|51.221:65.615|20.744:66.360|30.557:72.258|39.384:84.818|41.734:85.938|79.419:90.590|91.365:85.154|90.066:34.487|75.374:23.332|72.620:26.243|69.092:17.071|73.522:8.250|8.000:8.000,0-30-13-14-29-17-31-16-32-27-4-28-11-8-10-5-26-18-19-15-0,11.259939449839294
74,calm,cluttered,RAWA-RHP,32,25,0.78125,0.8130081300813008,0.8130081300813008,True,50.0,61.5,1053.3673814423385,1118.8986650082068,146.63261855766132,66.63261855766132,False,132.785863995941,True,False,0.0113492930314954,0.0004382093172784,2.0,False,1.0,8.000:8.000|73.522:8.250|69.092:17.071|72.620:26.243|64.447:19.595|62.445:19.098|75.374:23.332|87.777:34.208|90.066:34.487|91.365:85.154|79.419:90.590|74.603:81.390|74.903:79.333|59.385:69.384|51.221:65.615|41.734:85.938|39.384:84.818|37.615:82.902|30.557:72.258|20.744:66.360|32.687:56.804|45.943:31.821|36.524:29.930|32.522:22.576|19.748:24.743|16.912:25.125|8.000:8.000,0-15-19-18-25-3-26-21-5-10-8-20-1-16-32-11-28-24-4-27-31-29-14-13-30-6-0,20.733348079025745
73,severe,sparse,NearestNeighbor,32,17,0.53125,0.5423728813559322,0.0,False,32.0,59.0,1567.889244298727,1572.1533604069757,-367.8892442987265,-447.8892442987265,True,88.66584248260426,False,True,0.2521839461081417,0.0153937400344313,2.0,True,1.0,8.000:8.000|20.257:23.705|34.590:19.636|42.654:23.032|49.246:8.084|59.057:31.301|58.475:37.607|55.509:44.379|62.899:55.105|57.239:66.149|58.394:68.111|50.238:72.745|43.495:75.410|41.401:70.936|38.561:65.986|39.933:64.463|36.104:66.913|39.432:80.574|8.000:8.000,0-20-32-7-2-22-1-19-4-28-3-31-27-16-24-17-11-15-0,0.0014880979433655
73,severe,sparse,ValuePerDistance,32,14,0.4375,0.4745762711864407,0.0,False,28.0,59.0,1388.178394182642,1365.5303893087514,-188.178394182642,-268.178394182642,True,75.85637112992066,False,True,0.1432171502247901,0.0098022616638984,2.0,True,1.0,8.000:8.000|20.257:23.705|32.197:48.460|36.104:66.913|38.561:65.986|39.933:64.463|41.401:70.936|43.495:75.410|50.238:72.745|57.239:66.149|58.394:68.111|62.899:55.105|47.066:57.081|58.475:37.607|55.509:44.379|8.000:8.000,0-20-23-11-24-17-16-27-31-28-3-4-12-1-19-0,0.0010239379480481
73,severe,sparse,WindAwareGreedy,32,13,0.40625,0.4576271186440678,0.0,False,27.0,59.0,1456.9252078148263,1470.7785088754938,-256.9252078148264,-336.9252078148264,True,81.89373968866047,False,True,0.2497727654098788,0.0198048631534678,2.0,True,1.0,8.000:8.000|20.257:23.705|32.197:48.460|36.104:66.913|43.495:75.410|41.401:70.936|50.238:72.745|57.239:66.149|47.066:57.081|38.561:65.986|22.614:72.167|31.051:87.307|39.432:80.574|39.933:64.463|8.000:8.000,0-20-23-11-27-16-31-28-12-24-13-14-15-17-0,0.0011316300369799
73,severe,sparse,ReserveOnlyPlanner,32,8,0.25,0.2796610169491525,0.2796610169491525,True,16.5,59.0,1076.635928252869,1192.005526238594,123.36407174713128,43.36407174713128,False,56.83075630731801,True,False,0.0003784081855108,4.205053118813387e-05,2.8284271247461903,False,1.0,8.000:8.000|20.257:23.705|32.197:48.460|36.104:66.913|43.495:75.410|41.401:70.936|38.561:65.986|22.614:72.167|39.933:64.463|8.000:8.000,0-20-23-11-27-16-24-13-17-0,0.0008619190193712
73,severe,sparse,FairRiskAwareGreedy,32,12,0.375,0.4067796610169492,0.4067796610169492,True,24.0,59.0,1093.988731561325,1141.9374631263445,106.0112684386749,26.011268438674904,False,97.04781654830715,True,False,0.0060377209489597,0.0004646753712882,2.8284271247461903,False,1.0,8.000:8.000|20.257:23.705|32.197:48.460|43.495:75.410|36.104:66.913|41.401:70.936|49.246:8.084|34.590:19.636|47.066:57.081|62.899:55.105|55.509:44.379|57.239:66.149|58.394:68.111|8.000:8.000,0-20-23-27-11-16-2-32-12-4-19-28-3-0,0.0015037779230624
73,severe,sparse,FairALNSPlanner,32,15,0.46875,0.5254237288135594,0.5254237288135594,True,31.0,59.0,892.915904749781,1032.5167348678542,307.084095250219,227.08409525021895,False,89.98128988331086,True,False,0.0361971642033771,0.0022898882979784,2.0,False,1.0,8.000:8.000|20.257:23.705|32.197:48.460|39.933:64.463|38.561:65.986|36.104:66.913|41.401:70.936|39.432:80.574|43.495:75.410|66.133:75.330|82.840:75.630|87.981:75.337|64.204:93.361|59.074:79.774|58.394:68.111|50.238:72.745|8.000:8.000,0-20-23-17-24-11-16-15-27-18-6-21-8-25-3-31-0,7.359786693006754
73,severe,sparse,RAWA-RHP,32,23,0.71875,0.7711864406779662,0.7711864406779662,True,45.5,59.0,1039.268205502318,1218.4255733535238,160.7317944976819,80.7317944976819,False,109.38104836205908,True,False,0.0763707770912179,0.0032716278612146,2.0,False,1.0,8.000:8.000|20.257:23.705|32.197:48.460|39.933:64.463|38.561:65.986|36.104:66.913|41.401:70.936|43.495:75.410|50.238:72.745|59.074:79.774|64.204:93.361|87.981:75.337|82.840:75.630|66.133:75.330|68.157:70.167|58.394:68.111|57.239:66.149|47.066:57.081|62.899:55.105|55.509:44.379|58.475:37.607|59.057:31.301|42.654:23.032|34.590:19.636|8.000:8.000,0-20-23-17-24-11-16-27-31-25-8-21-6-18-9-3-28-12-4-19-1-22-7-32-0,48.09915093402378
74,severe,cluttered,NearestNeighbor,32,19,0.59375,0.5862068965517241,0.0,False,34.0,58.0,2081.4970613466758,2088.5935816580795,-881.4970613466752,-961.4970613466752,True,105.06840757477406,False,True,0.0369943933740908,0.0018751873397335,2.0,True,1.0,8.000:8.000|35.180:24.294|48.093:35.249|54.123:38.319|56.875:37.484|47.605:42.026|40.874:49.952|40.447:52.874|53.528:53.435|61.415:46.985|68.982:39.374|76.018:32.756|83.348:37.507|84.750:56.919|65.472:64.861|55.106:74.785|49.798:70.174|60.399:79.170|67.426:78.893|67.492:81.074|8.000:8.000,0-31-19-6-5-26-16-3-4-10-15-17-21-8-23-12-25-22-20-30-0,0.0016732779331505
74,severe,cluttered,ValuePerDistance,32,18,0.5625,0.5862068965517241,0.0,False,34.0,58.0,1982.035908200481,1984.726142915937,-782.0359082004811,-862.0359082004811,True,104.81591168005548,False,True,0.3751712229960804,0.0229322584104314,2.0,True,1.0,8.000:8.000|35.180:24.294|40.874:49.952|40.447:52.874|47.605:42.026|48.093:35.249|56.875:37.484|54.123:38.319|61.415:46.985|68.982:39.374|76.018:32.756|69.959:17.931|65.252:25.153|67.426:78.893|67.492:81.074|72.793:84.702|73.141:79.827|70.995:77.407|65.472:64.861|8.000:8.000,0-31-16-3-26-19-5-6-10-15-17-24-29-20-30-18-32-11-23-0,0.0012621798086911
74,severe,cluttered,WindAwareGreedy,32,17,0.53125,0.5862068965517241,0.0,False,34.0,58.0,2101.9169752685534,2078.049019652237,-901.9169752685534,-981.9169752685534,True,103.20963704540756,False,True,0.3703794857538184,0.0237640347566658,2.0,True,1.0,8.000:8.000|35.180:24.294|40.874:49.952|40.447:52.874|47.605:42.026|48.093:35.249|56.875:37.484|69.959:17.931|76.018:32.756|68.982:39.374|61.415:46.985|53.528:53.435|49.798:70.174|67.426:78.893|72.793:84.702|67.492:81.074|70.995:77.407|73.141:79.827|8.000:8.000,0-31-16-3-26-19-5-24-17-15-10-4-25-20-18-30-11-32-0,0.001342728966847
74,severe,cluttered,ReserveOnlyPlanner,32,8,0.25,0.2672413793103448,0.2672413793103448,True,15.5,58.0,997.144896327218,1128.8466553234375,202.8551036727822,122.8551036727822,False,54.8451458696759,True,False,0.216281999896123,0.0251525551532924,2.0,False,1.0,8.000:8.000|35.180:24.294|48.093:35.249|56.875:37.484|61.415:46.985|68.982:39.374|76.018:32.756|69.959:17.931|65.252:25.153|8.000:8.000,0-31-19-5-10-15-17-24-29-0,0.0008440599776804
74,severe,cluttered,FairRiskAwareGreedy,32,2,0.0625,0.0775862068965517,0.0775862068965517,True,4.5,58.0,375.2313272730476,398.8705637980278,824.7686727269524,744.7686727269524,False,31.479978880686183,True,False,7.915668120972441e-11,2.638556040324147e-11,4.0,False,1.0,8.000:8.000|35.180:24.294|69.959:17.931|8.000:8.000,0-31-24-0,0.0004382401239126
74,severe,cluttered,FairALNSPlanner,32,2,0.0625,0.0775862068965517,0.0775862068965517,True,4.5,58.0,375.63094867463,453.4102399760481,824.36905132537,744.36905132537,False,31.479978880686183,True,False,7.915668120972441e-11,2.638556040324147e-11,4.0,False,1.0,8.000:8.000|35.180:24.294|69.959:17.931|8.000:8.000,0-31-24-0,1.7486306368373334
74,severe,cluttered,RAWA-RHP,32,21,0.65625,0.7068965517241379,0.7068965517241379,True,41.0,58.0,1038.3570617726327,1217.3826634319744,161.64293822736738,81.64293822736738,False,107.29356532752756,True,False,0.0545369165842121,0.0025192664752059,2.0,False,1.0,8.000:8.000|35.180:24.294|48.093:35.249|47.605:42.026|40.874:49.952|40.447:52.874|53.528:53.435|49.798:70.174|55.106:74.785|60.399:79.170|67.492:81.074|72.793:84.702|73.141:79.827|70.995:77.407|67.426:78.893|65.472:64.861|57.441:90.951|37.533:90.948|15.845:88.005|18.332:88.100|18.047:85.847|16.347:72.291|8.000:8.000,0-31-19-26-16-3-4-25-12-22-30-18-32-11-20-23-14-2-7-27-1-13-0,25.48736786306836
74,calm,sparse,NearestNeighbor,32,32,1.0,1.0,0.0,False,70.0,70.0,1283.4213838464457,1288.901121036113,-83.42138384644555,-163.42138384644556,True,159.61418190123268,False,True,0.0011304846255011,3.425711705418839e-05,2.0,True,1.0,8.000:8.000|33.131:34.268|39.890:38.187|47.100:42.977|53.108:46.701|47.762:33.584|48.895:13.915|75.119:27.812|79.585:31.929|84.219:31.966|88.877:27.018|87.449:24.871|73.759:35.090|73.742:54.886|76.615:56.756|83.681:68.093|78.337:72.016|74.837:72.774|76.431:80.080|76.406:83.987|66.026:89.336|62.975:86.097|60.933:86.110|55.504:77.960|54.171:73.665|60.965:69.903|63.556:73.519|34.587:69.193|34.703:66.703|31.938:69.448|38.542:51.660|32.755:85.127|23.561:90.941|8.000:8.000,0-9-24-12-20-26-5-21-27-16-23-1-32-31-10-25-8-22-29-2-3-15-18-11-30-14-7-6-28-13-4-17-19-0,0.0021164391655474
74,calm,sparse,ValuePerDistance,32,27,0.84375,0.8785714285714286,0.0,False,61.5,70.0,1362.3159883324563,1367.2079197963558,-162.31598833245636,-242.3159883324564,True,159.25876843107838,False,True,0.0122464607825006,0.0004393553321842,2.0,True,1.0,8.000:8.000|48.895:13.915|47.762:33.584|47.100:42.977|53.108:46.701|38.542:51.660|33.131:34.268|39.890:38.187|60.965:69.903|63.556:73.519|74.837:72.774|78.337:72.016|83.681:68.093|76.615:56.756|73.742:54.886|79.585:31.929|73.759:35.090|84.219:31.966|88.877:27.018|87.449:24.871|75.119:27.812|66.026:89.336|62.975:86.097|60.933:86.110|76.406:83.987|76.431:80.080|32.755:85.127|23.561:90.941|8.000:8.000,0-5-26-12-20-4-9-24-14-7-22-8-25-10-31-27-32-16-23-1-21-3-15-18-2-29-17-19-0,0.001581392949447
74,calm,sparse,WindAwareGreedy,32,22,0.6875,0.7785714285714286,0.0,False,54.5,70.0,1332.311586352019,1324.2052225388554,-132.31158635201913,-212.31158635201916,True,147.7423576009827,False,True,0.0036677392025035,0.0001596337986526,2.0,True,1.0,8.000:8.000|48.895:13.915|33.131:34.268|47.100:42.977|53.108:46.701|79.585:31.929|73.759:35.090|60.965:69.903|63.556:73.519|62.975:86.097|66.026:89.336|32.755:85.127|38.542:51.660|47.762:33.584|73.742:54.886|76.615:56.756|83.681:68.093|76.406:83.987|74.837:72.774|78.337:72.016|76.431:80.080|34.587:69.193|31.938:69.448|8.000:8.000,0-5-9-12-20-27-32-14-7-15-3-17-4-26-31-10-25-2-22-8-29-6-13-0,0.0016230859328061
74,calm,sparse,ReserveOnlyPlanner,32,18,0.5625,0.6571428571428571,0.6571428571428571,True,46.0,70.0,1117.187533848225,1148.6552624010592,82.81246615177525,2.8124661517752543,False,123.5064448898676,True,False,0.0047801109629088,0.000252002313164,2.0,False,1.0,8.000:8.000|48.895:13.915|33.131:34.268|47.100:42.977|53.108:46.701|38.542:51.660|60.965:69.903|63.556:73.519|62.975:86.097|66.026:89.336|76.406:83.987|83.681:68.093|76.615:56.756|73.742:54.886|79.585:31.929|73.759:35.090|47.762:33.584|39.890:38.187|32.755:85.127|8.000:8.000,0-5-9-12-20-4-14-7-15-3-2-25-10-31-27-32-26-24-17-0,0.0015850618947297
74,calm,sparse,FairRiskAwareGreedy,32,16,0.5,0.5928571428571429,0.5928571428571429,True,41.5,70.0,1040.148872021878,1063.2931546420664,159.8511279781221,79.85112797812207,False,120.21995490491534,True,False,0.0029420761392497,0.0001731898565781,2.0,False,1.0,8.000:8.000|48.895:13.915|33.131:34.268|47.100:42.977|53.108:46.701|60.965:69.903|63.556:73.519|79.585:31.929|38.542:51.660|32.755:85.127|62.975:86.097|66.026:89.336|76.406:83.987|73.742:54.886|76.615:56.756|47.762:33.584|39.890:38.187|8.000:8.000,0-5-9-12-20-14-7-27-4-17-15-3-2-31-10-26-24-0,0.0027540388982743
74,calm,sparse,FairALNSPlanner,32,30,0.9375,0.9714285714285714,0.9714285714285714,True,68.0,70.0,1054.9567009867058,1129.4758861565276,145.0432990132944,65.04329901329439,False,142.5141114144255,True,False,0.0009380497434787,3.0266390551889336e-05,2.0,False,1.0,8.000:8.000|33.131:34.268|47.762:33.584|47.100:42.977|53.108:46.701|38.542:51.660|34.703:66.703|34.587:69.193|31.938:69.448|23.561:90.941|32.755:85.127|54.171:73.665|55.504:77.960|60.933:86.110|62.975:86.097|66.026:89.336|76.406:83.987|76.431:80.080|83.681:68.093|78.337:72.016|74.837:72.774|63.556:73.519|60.965:69.903|73.742:54.886|76.615:56.756|84.219:31.966|88.877:27.018|87.449:24.871|79.585:31.929|73.759:35.090|48.895:13.915|8.000:8.000,0-9-26-12-20-4-28-6-13-19-17-30-11-18-15-3-2-29-25-8-22-7-14-31-10-16-23-1-27-32-5-0,20.037468906026334
74,calm,sparse,RAWA-RHP,32,30,0.9375,0.9571428571428572,0.9571428571428572,True,67.0,70.0,1032.8429422351237,1102.4547310104729,167.15705776487616,87.15705776487616,False,138.38556358054356,True,False,0.0038827792754195,0.0001252509761153,2.0,False,1.0,8.000:8.000|48.895:13.915|73.759:35.090|79.585:31.929|87.449:24.871|88.877:27.018|84.219:31.966|76.615:56.756|73.742:54.886|83.681:68.093|78.337:72.016|74.837:72.774|76.431:80.080|76.406:83.987|66.026:89.336|62.975:86.097|60.933:86.110|55.504:77.960|60.965:69.903|63.556:73.519|54.171:73.665|32.755:85.127|34.587:69.193|31.938:69.448|34.703:66.703|38.542:51.660|53.108:46.701|47.100:42.977|47.762:33.584|39.890:38.187|33.131:34.268|8.000:8.000,0-5-32-27-1-23-16-10-31-25-8-22-29-2-3-15-18-11-14-7-30-17-6-13-28-4-20-12-26-24-9-0,40.10584046412259
72,moderate,sparse,NearestNeighbor,32,19,0.59375,0.5912408759124088,0.0,False,40.5,68.5,1320.4569938093275,1257.9543255247004,-120.45699380932795,-200.456993809328,True,101.66056294257388,False,True,0.0518636634249426,0.0026273451895329,2.0,True,1.0,8.000:8.000|16.592:14.531|31.745:14.386|35.809:12.842|43.258:22.937|31.526:33.736|34.954:40.613|33.873:54.711|42.808:53.282|50.653:47.909|50.263:62.581|52.420:66.632|56.791:77.157|70.240:79.051|76.747:84.760|81.194:84.123|83.634:83.157|75.118:88.823|62.438:58.161|76.437:45.979|8.000:8.000,0-14-31-4-8-29-30-17-16-10-7-26-21-3-19-27-9-15-28-2-0,0.0017138419207185
72,moderate,sparse,ValuePerDistance,32,19,0.59375,0.6496350364963503,0.0,False,44.5,68.5,1227.0395611987476,1227.8384454267834,-27.039561198747165,-107.03956119874717,True,98.96200894435962,False,True,0.0633169807348751,0.0032313592498608,2.0,True,1.0,8.000:8.000|16.592:14.531|31.745:14.386|35.809:12.842|43.258:22.937|31.526:33.736|34.954:40.613|42.808:53.282|50.263:62.581|52.420:66.632|56.791:77.157|70.240:79.051|76.747:84.760|75.118:88.823|83.634:83.157|81.194:84.123|33.293:88.295|36.887:83.790|22.053:69.087|22.699:38.919|8.000:8.000,0-14-31-4-8-29-30-16-7-26-21-3-19-15-9-27-23-13-20-5-0,0.0013103459496051
72,moderate,sparse,WindAwareGreedy,32,13,0.40625,0.4452554744525547,0.0,False,30.5,68.5,1202.476830103937,1180.6475663496133,-2.476830103936699,-82.47683010393669,True,86.58253783213948,False,True,0.0468819136795036,0.0033889717745897,2.0,True,1.0,8.000:8.000|31.745:14.386|35.809:12.842|43.258:22.937|31.526:33.736|22.699:38.919|16.592:14.531|63.831:16.577|75.150:16.336|70.565:21.510|80.109:21.867|50.263:62.581|42.808:53.282|34.954:40.613|8.000:8.000,0-31-4-8-29-5-14-32-1-12-24-7-16-30-0,0.0012083079200237
72,moderate,sparse,ReserveOnlyPlanner,32,14,0.4375,0.4671532846715328,0.4671532846715328,True,32.0,68.5,1086.549404153492,1193.7180761738484,113.4505958465081,33.450595846508094,False,83.35177815686276,True,False,0.0992738123177356,0.0068276379552,2.0,False,1.0,8.000:8.000|16.592:14.531|31.745:14.386|35.809:12.842|43.258:22.937|31.526:33.736|22.699:38.919|34.954:40.613|42.808:53.282|50.263:62.581|50.653:47.909|63.831:16.577|75.150:16.336|70.565:21.510|80.109:21.867|8.000:8.000,0-14-31-4-8-29-5-30-16-7-10-32-1-12-24-0,0.0013490698765963
72,moderate,sparse,FairRiskAwareGreedy,32,14,0.4375,0.4744525547445255,0.4744525547445255,True,32.5,68.5,1092.5324525130077,1136.6050359026704,107.46754748699256,27.46754748699257,False,116.52466913658031,True,False,4.0426964314943525e-05,2.6951408880870885e-06,2.8284271247461903,False,1.0,8.000:8.000|31.745:14.386|35.809:12.842|43.258:22.937|50.263:62.581|42.808:53.282|31.526:33.736|34.954:40.613|16.592:14.531|75.150:16.336|63.831:16.577|70.565:21.510|80.109:21.867|22.053:69.087|36.887:83.790|8.000:8.000,0-31-4-8-7-16-29-30-14-1-32-12-24-20-13-0,0.0018853731453418
72,moderate,sparse,FairALNSPlanner,32,19,0.59375,0.656934306569343,0.656934306569343,True,45.0,68.5,1067.587456469052,1185.3167658691914,132.41254353094814,52.41254353094814,False,116.86262820110085,True,False,0.0521948485513914,0.0026445115186969,2.0,False,1.0,8.000:8.000|22.699:38.919|31.526:33.736|34.954:40.613|50.263:62.581|52.420:66.632|56.791:77.157|70.240:79.051|36.887:83.790|33.293:88.295|75.118:88.823|76.747:84.760|81.194:84.123|83.634:83.157|42.808:53.282|70.565:21.510|75.150:16.336|63.831:16.577|31.745:14.386|16.592:14.531|8.000:8.000,0-5-29-30-7-26-21-3-13-23-15-19-27-9-16-12-1-32-31-14-0,13.218565264949577
72,moderate,sparse,RAWA-RHP,32,26,0.8125,0.8613138686131386,0.8613138686131386,True,59.0,68.5,1027.440976324519,1169.9063454228508,172.55902367548103,92.55902367548104,False,128.65551114932504,True,False,0.0698036961815128,0.0026524349326227,2.0,False,1.0,8.000:8.000|22.699:38.919|31.526:33.736|34.954:40.613|42.808:53.282|50.263:62.581|52.420:66.632|36.887:83.790|33.293:88.295|22.053:69.087|56.791:77.157|70.240:79.051|75.118:88.823|76.747:84.760|81.194:84.123|83.634:83.157|84.210:48.398|82.559:50.649|76.437:45.979|80.109:21.867|75.150:16.336|70.565:21.510|63.831:16.577|43.258:22.937|35.809:12.842|31.745:14.386|16.592:14.531|8.000:8.000,0-5-29-30-16-7-26-13-23-20-21-3-15-19-27-9-18-11-2-24-1-12-32-8-4-31-14-0,95.64872742514126
73,moderate,cluttered,NearestNeighbor,32,25,0.78125,0.7709923664122137,0.0,False,50.5,65.5,1345.3210030694495,1358.1459019787933,-145.32100306944943,-225.32100306944943,True,131.3343223521211,False,True,0.1060027431251027,0.0042543910723045,2.0,True,1.0,8.000:8.000|25.325:17.421|30.671:19.234|40.559:23.512|43.851:13.558|43.125:11.297|54.627:16.398|58.052:34.653|53.504:37.291|47.107:46.293|50.997:50.788|50.210:59.029|62.920:51.362|70.187:58.445|77.472:55.009|79.639:47.563|82.679:39.642|84.933:38.071|74.071:30.871|79.415:26.591|94.864:49.086|85.137:62.855|85.268:74.615|84.838:79.708|69.926:79.033|40.483:81.513|8.000:8.000,0-20-6-14-7-19-21-22-28-30-31-24-9-16-2-23-12-27-29-4-25-15-11-17-13-26-0,0.0018874381203204
73,moderate,cluttered,ValuePerDistance,32,21,0.65625,0.7480916030534351,0.0,False,49.0,65.5,1483.237705741994,1502.6898442661625,-283.23770574199386,-363.23770574199386,True,136.17938716461074,False,True,0.1131347698865842,0.0053621365180584,2.0,True,1.0,8.000:8.000|30.671:19.234|43.851:13.558|43.125:11.297|54.627:16.398|42.061:40.502|40.381:38.102|47.107:46.293|50.997:50.788|62.920:51.362|70.187:58.445|77.472:55.009|85.137:62.855|85.268:74.615|84.838:79.708|69.926:79.033|40.483:81.513|22.712:86.478|23.726:44.840|27.835:37.948|37.221:55.174|84.933:38.071|8.000:8.000,0-6-7-19-21-8-18-30-31-9-16-2-15-11-17-13-26-1-32-5-10-27-0,0.0014375299215316
73,moderate,cluttered,WindAwareGreedy,32,17,0.53125,0.6564885496183206,0.0,False,43.0,65.5,1359.002620955857,1383.4910553133668,-159.00262095585703,-239.00262095585703,True,118.0468398268259,False,True,0.0601769522692176,0.0033974911557226,2.0,True,1.0,8.000:8.000|30.671:19.234|43.851:13.558|54.627:16.398|84.933:38.071|94.864:49.086|85.137:62.855|85.268:74.615|77.472:55.009|82.679:39.642|79.415:26.591|74.071:30.871|40.381:38.102|42.061:40.502|23.726:44.840|47.107:46.293|37.221:55.174|40.483:81.513|8.000:8.000,0-6-7-21-27-25-15-11-2-12-4-29-18-8-32-30-10-26-0,0.0014395180623978
73,moderate,cluttered,ReserveOnlyPlanner,32,18,0.5625,0.6030534351145038,0.6030534351145038,True,39.5,65.5,1101.2292633307666,1197.9305473248648,98.7707366692335,18.7707366692335,False,103.97039092302764,True,False,0.0717747175679696,0.0038658514622843,2.0,False,1.0,8.000:8.000|30.671:19.234|43.851:13.558|43.125:11.297|54.627:16.398|84.933:38.071|94.864:49.086|82.679:39.642|79.415:26.591|74.071:30.871|77.472:55.009|85.137:62.855|85.268:74.615|84.838:79.708|69.926:79.033|70.187:58.445|62.920:51.362|53.504:37.291|40.559:23.512|8.000:8.000,0-6-7-19-21-27-25-12-4-29-2-15-11-17-13-16-9-28-14-0,0.0016017460729926
73,moderate,cluttered,FairRiskAwareGreedy,32,12,0.375,0.4580152671755725,0.4580152671755725,True,30.0,65.5,1059.690069436176,1096.180615789783,140.30993056382408,60.30993056382408,False,112.25920382824948,True,False,0.0044432768407977,0.0003422819743617,2.0,False,1.0,8.000:8.000|30.671:19.234|43.851:13.558|84.933:38.071|23.726:44.840|40.381:38.102|42.061:40.502|47.107:46.293|54.627:16.398|94.864:49.086|40.483:81.513|37.221:55.174|27.835:37.948|8.000:8.000,0-6-7-27-32-18-8-30-21-25-26-10-5-0,0.0017253039404749
73,moderate,cluttered,FairALNSPlanner,32,22,0.6875,0.7633587786259542,0.7633587786259542,True,50.0,65.5,1053.5698912821997,1167.1697365824584,146.43010871780032,66.43010871780032,False,125.76767684817128,True,False,0.0013524864251869,5.883278628241982e-05,2.8284271247461903,False,1.0,8.000:8.000|25.325:17.421|30.671:19.234|43.125:11.297|43.851:13.558|40.559:23.512|54.627:16.398|74.071:30.871|79.415:26.591|84.933:38.071|94.864:49.086|84.838:79.708|85.268:74.615|85.137:62.855|77.472:55.009|70.187:58.445|69.926:79.033|82.679:39.642|47.107:46.293|42.061:40.502|40.381:38.102|37.221:55.174|23.726:44.840|8.000:8.000,0-20-6-19-7-14-21-29-4-27-25-17-11-15-2-16-13-12-30-8-18-10-32-0,13.522809043060988
73,moderate,cluttered,RAWA-RHP,32,26,0.8125,0.8473282442748091,0.8473282442748091,True,55.5,65.5,1037.8336847357898,1174.7348102567662,162.16631526421062,82.16631526421062,False,130.5123728461912,True,False,0.0589324871337118,0.002227832389428,2.0,False,1.0,8.000:8.000|30.671:19.234|43.125:11.297|43.851:13.558|54.627:16.398|74.071:30.871|79.415:26.591|82.679:39.642|84.933:38.071|79.639:47.563|77.472:55.009|69.926:79.033|84.838:79.708|85.268:74.615|85.137:62.855|94.864:49.086|70.187:58.445|62.920:51.362|50.997:50.788|47.107:46.293|42.061:40.502|40.381:38.102|37.221:55.174|23.726:44.840|27.835:37.948|40.559:23.512|25.325:17.421|8.000:8.000,0-6-19-7-21-29-4-12-27-23-2-13-17-11-15-25-16-9-31-30-8-18-10-32-5-14-20-0,58.170047836145386
74,severe,sparse,NearestNeighbor,32,19,0.59375,0.592,0.0,False,37.0,62.5,2183.8661057795166,2238.1105559887774,-983.8661057795164,-1063.8661057795164,True,110.91722210688908,False,True,0.1812791307742346,0.0097664824481109,2.0,True,1.0,8.000:8.000|31.724:21.791|35.667:18.353|49.057:13.012|52.278:14.853|60.513:10.461|67.425:19.269|75.889:21.997|89.168:28.498|88.453:53.362|70.062:49.627|60.396:43.950|53.538:52.566|55.926:53.016|56.992:58.627|63.843:60.937|71.467:65.512|72.650:68.845|79.280:71.849|88.645:92.674|8.000:8.000,0-32-15-18-7-11-2-10-28-24-13-14-1-30-29-19-21-22-20-16-0,0.0016457070596516
74,severe,sparse,ValuePerDistance,32,18,0.5625,0.648,0.0,False,40.5,62.5,2078.615939075587,2077.518396413112,-878.6159390755869,-958.6159390755868,True,106.7635253951891,False,True,0.184510978592659,0.0104806027675064,2.0,True,1.0,8.000:8.000|35.667:18.353|31.724:21.791|46.565:32.282|37.815:49.965|37.586:54.003|37.330:60.962|48.065:73.102|51.163:70.784|63.672:76.928|57.830:81.723|71.467:65.512|72.650:68.845|70.062:49.627|53.538:52.566|55.926:53.016|56.992:58.627|63.843:60.937|88.453:53.362|8.000:8.000,0-15-32-31-8-25-12-3-17-5-9-21-22-13-1-30-29-19-24-0,0.0013159238733351
74,severe,sparse,WindAwareGreedy,32,13,0.40625,0.504,0.0,False,31.5,62.5,1579.3610107734353,1581.5400060082925,-379.3610107734354,-459.3610107734354,True,84.9442347253732,False,True,0.0836970736484102,0.0061692943904165,2.0,True,1.0,8.000:8.000|35.667:18.353|46.565:32.282|37.815:49.965|37.330:60.962|56.992:58.627|55.926:53.016|53.538:52.566|70.062:49.627|75.889:21.997|60.513:10.461|49.057:13.012|52.278:14.853|42.791:45.761|8.000:8.000,0-15-31-8-12-29-30-1-13-10-11-18-7-27-0,0.0011736492160707
74,severe,sparse,ReserveOnlyPlanner,32,7,0.21875,0.264,0.264,True,16.5,62.5,1108.6177343232323,1198.2996238092708,91.38226567676789,11.382265676767872,False,55.07195263986655,True,False,0.1141345065906761,0.0147843406089048,2.0,False,1.0,8.000:8.000|35.667:18.353|46.565:32.282|75.889:21.997|89.168:28.498|60.513:10.461|49.057:13.012|31.724:21.791|8.000:8.000,0-15-31-10-28-11-18-32-0,0.0007719539571553
74,severe,sparse,FairRiskAwareGreedy,32,11,0.34375,0.408,0.408,True,25.5,62.5,1035.218338250142,1070.7657787011156,164.7816617498578,84.78166174985779,False,91.12272810072876,True,False,0.0044283223375246,0.0003696133482842,2.8284271247461903,False,1.0,8.000:8.000|37.815:49.965|37.330:60.962|55.926:53.016|56.992:58.627|75.889:21.997|70.062:49.627|71.467:65.512|49.057:13.012|52.278:14.853|42.791:45.761|31.724:21.791|8.000:8.000,0-8-12-30-29-10-13-21-18-7-27-32-0,0.0015172080602496
74,severe,sparse,FairALNSPlanner,32,17,0.53125,0.648,0.648,True,40.5,62.5,1055.307839518944,1259.1497711839295,144.69216048105582,64.69216048105582,False,100.7088716722121,True,False,0.0480370473826914,0.0027111076777527,2.0,False,1.0,8.000:8.000|46.565:32.282|49.057:13.012|60.513:10.461|75.889:21.997|70.062:49.627|63.672:76.928|48.065:73.102|51.163:70.784|72.650:68.845|71.467:65.512|56.992:58.627|53.538:52.566|55.926:53.016|37.330:60.962|37.586:54.003|37.815:49.965|31.724:21.791|8.000:8.000,0-31-18-11-10-13-5-3-17-22-21-29-1-30-12-25-8-32-0,6.637746547115967
74,severe,sparse,RAWA-RHP,32,23,0.71875,0.792,0.792,True,49.5,62.5,1058.963492790896,1246.0588985035963,141.03650720910355,61.03650720910355,False,111.83357646846056,True,False,0.0901721384219902,0.0038954721504184,2.0,False,1.0,8.000:8.000|31.724:21.791|46.565:32.282|42.791:45.761|37.815:49.965|37.586:54.003|37.330:60.962|48.065:73.102|51.163:70.784|57.830:81.723|63.672:76.928|53.538:52.566|55.926:53.016|56.992:58.627|63.843:60.937|72.650:68.845|71.467:65.512|70.062:49.627|75.889:21.997|67.425:19.269|60.513:10.461|49.057:13.012|52.278:14.853|35.667:18.353|8.000:8.000,0-32-31-27-8-25-12-3-17-9-5-1-30-29-19-22-21-13-10-2-11-18-7-15-0,35.05960473092273
75,severe,cluttered,NearestNeighbor,32,10,0.3125,0.2926829268292683,0.0,False,18.0,61.5,1220.946722447623,1253.9960621607026,-20.94672244762292,-100.94672244762292,True,59.33363787072434,False,True,0.2560104264912586,0.0258088043148824,2.0,True,1.0,8.000:8.000|27.900:21.847|23.235:34.161|42.720:18.136|45.952:12.736|56.278:17.995|57.221:22.076|56.455:24.043|50.295:25.893|62.793:31.484|57.866:41.103|8.000:8.000,0-21-25-8-10-6-11-28-5-17-15-0,0.0010245640296489
75,severe,cluttered,ValuePerDistance,32,9,0.28125,0.2845528455284553,0.0,False,17.5,61.5,1265.347424726951,1265.091935282794,-65.34742472695119,-145.3474247269512,True,57.21032544733751,False,True,0.362614595780476,0.0428944147056943,2.0,True,1.0,8.000:8.000|27.900:21.847|42.720:18.136|45.952:12.736|56.278:17.995|56.455:24.043|57.221:22.076|66.506:16.062|72.715:10.197|57.866:41.103|8.000:8.000,0-21-8-10-6-28-11-3-18-15-0,0.0008544230367988
75,severe,cluttered,WindAwareGreedy,32,9,0.28125,0.2764227642276423,0.2764227642276423,True,17.0,61.5,1195.9621314510518,1189.2649410887234,4.037868548948225,-75.96213145105177,True,55.78411906916045,True,False,0.2650680683168627,0.0295627000251724,2.0,False,1.0,8.000:8.000|27.900:21.847|23.235:34.161|42.720:18.136|45.952:12.736|56.278:17.995|56.455:24.043|57.221:22.076|57.866:41.103|50.295:25.893|8.000:8.000,0-21-25-8-10-6-28-11-15-5-0,0.0012065290939062
75,severe,cluttered,ReserveOnlyPlanner,32,8,0.25,0.2357723577235772,0.2357723577235772,True,14.5,61.5,1012.4298562071432,1123.7343431467673,187.57014379285656,107.57014379285658,False,48.032446960914086,True,False,0.2899087620589055,0.0366026961464704,2.0,False,1.0,8.000:8.000|27.900:21.847|23.235:34.161|42.720:18.136|45.952:12.736|56.278:17.995|56.455:24.043|57.221:22.076|50.295:25.893|8.000:8.000,0-21-25-8-10-6-28-11-5-0,0.0008970650378614
75,severe,cluttered,FairRiskAwareGreedy,32,7,0.21875,0.2764227642276423,0.2764227642276423,True,17.0,61.5,890.8392548536224,940.9104757181572,309.1607451463778,229.1607451463778,False,75.02722349867908,True,False,0.0006580590613898,8.227158053025763e-05,2.8284271247461903,False,1.0,8.000:8.000|41.808:67.785|36.575:77.567|57.866:41.103|85.176:61.198|88.276:61.349|27.900:21.847|42.720:18.136|8.000:8.000,0-9-12-15-29-14-21-8-0,0.0009655940812081
75,severe,cluttered,FairALNSPlanner,32,16,0.5,0.5203252032520326,0.5203252032520326,True,32.0,61.5,1037.169226876768,1276.2150641508947,162.83077312323192,82.83077312323192,False,99.23348132788333,True,False,0.0165762123311761,0.0009796447814766,2.0,False,1.0,8.000:8.000|23.235:34.161|36.575:77.567|22.143:74.252|29.581:83.749|44.294:65.481|41.808:67.785|70.815:65.033|85.176:61.198|88.276:61.349|82.979:56.633|79.712:73.705|81.447:74.826|76.317:70.505|57.866:41.103|62.793:31.484|27.900:21.847|8.000:8.000,0-25-12-24-4-32-9-1-29-14-20-19-2-27-15-17-21-0,5.239279475994408
75,severe,cluttered,RAWA-RHP,32,17,0.53125,0.5609756097560976,0.5609756097560976,True,34.5,61.5,1042.4752023215524,1230.0708459850434,157.52479767844747,77.52479767844747,False,101.1478876207406,True,False,0.0648540472697215,0.0036532874348025,2.0,False,1.0,8.000:8.000|22.143:74.252|36.575:77.567|41.808:67.785|44.294:65.481|76.382:86.767|79.712:73.705|81.447:74.826|76.317:70.505|82.979:56.633|88.276:61.349|85.176:61.198|57.866:41.103|56.278:17.995|57.221:22.076|56.455:24.043|62.793:31.484|50.295:25.893|8.000:8.000,0-24-12-9-32-23-19-2-27-20-14-29-15-6-11-28-17-5-0,13.241606118157506
72,calm,cluttered,NearestNeighbor,32,30,0.9375,0.9477611940298508,0.0,False,63.5,67.0,1247.0713946534934,1245.2281138209412,-47.07139465349316,-127.07139465349316,True,148.31432291286677,False,True,0.0121106065981188,0.0003922907463648,2.0,True,1.0,8.000:8.000|15.871:19.131|13.637:23.209|19.453:27.237|21.025:39.723|32.222:29.377|42.888:29.733|48.462:36.339|55.160:30.941|50.640:24.761|69.696:31.559|71.686:28.178|69.910:20.954|78.070:39.476|83.573:50.084|63.395:57.806|63.515:61.494|60.735:62.977|53.423:67.823|53.726:73.491|64.799:78.637|69.067:87.868|75.035:70.431|85.957:77.391|88.305:84.553|47.314:60.505|41.913:52.296|35.235:50.059|33.960:65.810|34.722:68.562|19.239:57.304|8.000:8.000,0-16-12-8-22-24-11-29-17-26-27-6-20-21-18-32-15-30-7-3-28-19-23-5-9-2-14-1-4-13-25-0,0.0022368051577359
72,calm,cluttered,ValuePerDistance,32,28,0.875,0.8880597014925373,0.0,False,59.5,67.0,1373.6220147290414,1378.4328847465836,-173.6220147290414,-253.6220147290414,True,157.92631107119888,False,True,0.0308880698007973,0.0010778736007189,2.0,True,1.0,8.000:8.000|21.025:39.723|19.453:27.237|13.637:23.209|15.871:19.131|48.462:36.339|55.160:30.941|50.640:24.761|42.888:29.733|32.222:29.377|35.235:50.059|41.913:52.296|63.395:57.806|63.515:61.494|60.735:62.977|53.423:67.823|53.726:73.491|64.799:78.637|69.067:87.868|85.957:77.391|88.305:84.553|75.035:70.431|62.247:42.520|69.696:31.559|71.686:28.178|69.910:20.954|78.070:39.476|83.573:50.084|47.314:60.505|8.000:8.000,0-22-8-12-16-29-17-26-11-24-1-14-32-15-30-7-3-28-19-5-9-23-10-27-6-20-21-18-2-0,0.0016570521984249
72,calm,cluttered,WindAwareGreedy,32,23,0.71875,0.8134328358208955,0.0,False,54.5,67.0,1377.691023882951,1371.6657694952332,-177.6910238829505,-257.6910238829505,True,151.5446796495671,False,True,0.0539018862004763,0.0022970430278799,2.0,True,1.0,8.000:8.000|21.025:39.723|35.235:50.059|48.462:36.339|55.160:30.941|69.696:31.559|69.910:20.954|63.395:57.806|63.515:61.494|60.735:62.977|62.247:42.520|50.640:24.761|19.453:27.237|19.239:57.304|33.960:65.810|34.722:68.562|41.913:52.296|69.067:87.868|64.799:78.637|85.957:77.391|75.035:70.431|53.423:67.823|53.726:73.491|47.314:60.505|8.000:8.000,0-22-1-29-17-27-20-32-15-30-10-26-8-25-4-13-14-19-28-5-23-7-3-2-0,0.0017318399623036
72,calm,cluttered,ReserveOnlyPlanner,32,21,0.65625,0.7686567164179104,0.7686567164179104,True,51.5,67.0,1103.4666127775693,1140.649637793368,96.53338722243085,16.533387222430832,False,124.1695749669516,True,False,0.0303745615781159,0.0013978767393081,2.0,False,1.0,8.000:8.000|21.025:39.723|35.235:50.059|48.462:36.339|55.160:30.941|69.696:31.559|69.910:20.954|71.686:28.178|62.247:42.520|63.395:57.806|63.515:61.494|60.735:62.977|69.067:87.868|64.799:78.637|85.957:77.391|75.035:70.431|53.726:73.491|53.423:67.823|41.913:52.296|19.239:57.304|33.960:65.810|34.722:68.562|8.000:8.000,0-22-1-29-17-27-20-6-10-32-15-30-19-28-5-23-3-7-14-25-4-13-0,0.0023640748113393
72,calm,cluttered,FairRiskAwareGreedy,32,17,0.53125,0.6492537313432836,0.6492537313432836,True,43.5,67.0,1095.6867958876192,1115.7970237071747,104.31320411238104,24.313204112381044,False,126.35527370980508,True,False,0.0148018484968353,0.0008267218057898,2.0,False,1.0,8.000:8.000|21.025:39.723|48.462:36.339|55.160:30.941|63.395:57.806|35.235:50.059|19.239:57.304|62.247:42.520|69.696:31.559|69.910:20.954|71.686:28.178|63.515:61.494|60.735:62.977|69.067:87.868|64.799:78.637|85.957:77.391|75.035:70.431|41.913:52.296|8.000:8.000,0-22-29-17-32-1-25-10-27-20-6-15-30-19-28-5-23-14-0,0.0025813719257712
72,calm,cluttered,FairALNSPlanner,32,29,0.90625,0.9477611940298508,0.9477611940298508,True,63.5,67.0,1049.8003621613368,1131.9190011160456,150.19963783866314,70.19963783866314,False,139.93694018220506,True,False,0.0322843739504532,0.001088873733586,2.0,False,1.0,8.000:8.000|15.871:19.131|13.637:23.209|19.453:27.237|21.025:39.723|19.239:57.304|33.960:65.810|34.722:68.562|35.235:50.059|41.913:52.296|83.573:50.084|75.035:70.431|85.957:77.391|88.305:84.553|69.067:87.868|64.799:78.637|53.726:73.491|53.423:67.823|60.735:62.977|63.515:61.494|63.395:57.806|62.247:42.520|69.696:31.559|71.686:28.178|69.910:20.954|50.640:24.761|55.160:30.941|48.462:36.339|42.888:29.733|32.222:29.377|8.000:8.000,0-16-12-8-22-25-4-13-1-14-18-23-5-9-19-28-3-7-30-15-32-10-27-6-20-26-17-29-11-24-0,18.490022571058944
72,calm,cluttered,RAWA-RHP,32,30,0.9375,0.9626865671641792,0.9626865671641792,True,64.5,67.0,1053.6848876749436,1130.4155282666302,146.31511232505613,66.31511232505613,False,139.99517742156397,True,False,0.0419673854750523,0.0013768645674932,2.0,False,1.0,8.000:8.000|15.871:19.131|19.453:27.237|21.025:39.723|19.239:57.304|33.960:65.810|34.722:68.562|35.235:50.059|41.913:52.296|47.314:60.505|53.423:67.823|53.726:73.491|64.799:78.637|69.067:87.868|88.305:84.553|85.957:77.391|75.035:70.431|60.735:62.977|63.515:61.494|63.395:57.806|62.247:42.520|78.070:39.476|71.686:28.178|69.910:20.954|69.696:31.559|55.160:30.941|50.640:24.761|48.462:36.339|42.888:29.733|32.222:29.377|13.637:23.209|8.000:8.000,0-16-8-22-25-4-13-1-14-2-7-3-28-19-9-5-23-30-15-32-10-21-6-20-27-17-26-29-11-24-12-0,117.59816323802806
75,severe,sparse,NearestNeighbor,32,12,0.375,0.375,0.0,False,22.5,60.0,1346.7280251646057,1381.7055454265164,-146.7280251646054,-226.7280251646054,True,72.96795422150198,False,True,0.0073822053276845,0.0005680755953962,2.8284271247461903,True,1.0,8.000:8.000|16.867:24.699|15.047:41.194|28.882:55.925|26.924:58.524|33.163:50.404|43.241:56.977|41.998:61.120|50.241:48.784|60.386:38.695|71.934:48.471|74.253:48.530|81.232:30.135|8.000:8.000,0-8-25-31-3-24-9-27-17-32-18-15-20-0,0.001268683001399
75,severe,sparse,ValuePerDistance,32,12,0.375,0.4333333333333333,0.0,False,26.0,60.0,1355.8029442834331,1328.2177686044834,-155.80294428343325,-235.80294428343325,True,69.09364287554787,False,True,0.0001603995808172,1.233873887292074e-05,2.8284271247461903,True,1.0,8.000:8.000|16.867:24.699|15.047:41.194|26.924:58.524|28.882:55.925|33.163:50.404|43.241:56.977|41.998:61.120|45.780:83.721|24.051:82.031|17.427:82.095|20.447:81.812|11.081:77.773|8.000:8.000,0-8-25-3-31-24-9-27-1-11-19-2-29-0,0.0009560429025441
75,severe,sparse,WindAwareGreedy,32,11,0.34375,0.4,0.0,False,24.0,60.0,1253.486516570198,1281.07172190008,-53.4865165701981,-133.4865165701981,True,66.99505888527607,False,True,0.1833177421578948,0.0159509224110912,2.0,True,1.0,8.000:8.000|16.867:24.699|15.047:41.194|26.924:58.524|28.882:55.925|17.156:66.695|17.427:82.095|24.051:82.031|29.214:73.634|43.241:56.977|33.163:50.404|41.019:21.169|8.000:8.000,0-8-25-3-31-26-19-11-7-9-24-23-0,0.0010309370700269
75,severe,sparse,ReserveOnlyPlanner,32,8,0.25,0.275,0.275,True,16.5,60.0,1065.456839428502,1123.3353590656711,134.5431605714981,54.543160571498106,False,54.10167349805633,True,False,0.1418174631635764,0.0158660658447767,2.0,False,1.0,8.000:8.000|16.867:24.699|15.047:41.194|26.924:58.524|28.882:55.925|33.163:50.404|17.156:66.695|17.427:82.095|11.081:77.773|8.000:8.000,0-8-25-3-31-24-26-19-29-0,0.0008608379866927
75,severe,sparse,FairRiskAwareGreedy,32,10,0.3125,0.4166666666666667,0.4166666666666667,True,25.0,60.0,1096.2349357551382,1150.409164448052,103.76506424486168,23.76506424486169,False,93.19977102608529,True,False,0.0002669551001706,2.427076433775266e-05,2.8284271247461903,False,1.0,8.000:8.000|26.924:58.524|28.882:55.925|45.780:83.721|17.427:82.095|43.241:56.977|60.386:38.695|54.919:10.904|46.492:9.420|81.232:30.135|84.077:30.656|8.000:8.000,0-3-31-1-19-9-32-6-12-20-10-0,0.0013525281101465
75,severe,sparse,FairALNSPlanner,32,21,0.65625,0.7,0.7,True,42.0,60.0,1022.0854860158364,1196.528819139626,177.91451398416348,97.91451398416348,False,103.82947021467103,True,False,0.0080119192598135,0.0003645212107306,2.8284271247461903,False,1.0,8.000:8.000|46.492:9.420|54.919:10.904|53.643:19.770|60.386:38.695|50.241:48.784|43.241:56.977|41.998:61.120|44.076:76.096|45.780:83.721|24.051:82.031|17.427:82.095|11.081:77.773|20.447:81.812|27.842:77.526|29.214:73.634|28.882:55.925|33.163:50.404|26.924:58.524|17.156:66.695|15.047:41.194|16.867:24.699|8.000:8.000,0-12-6-13-32-17-9-27-28-1-11-19-29-2-14-7-31-24-3-26-25-8-0,10.446971137076616
75,severe,sparse,RAWA-RHP,32,23,0.71875,0.75,0.75,True,45.0,60.0,1041.6874567609116,1214.7798030913225,158.3125432390883,78.31254323908831,False,110.64902796595727,True,False,0.0313035257684954,0.0013058474745673,2.0,False,1.0,8.000:8.000|16.867:24.699|15.047:41.194|33.163:50.404|28.882:55.925|26.924:58.524|17.156:66.695|29.214:73.634|27.842:77.526|20.447:81.812|17.427:82.095|24.051:82.031|45.780:83.721|44.076:76.096|41.998:61.120|43.241:56.977|50.241:48.784|71.934:48.471|74.253:48.530|84.077:30.656|81.232:30.135|53.643:19.770|54.919:10.904|46.492:9.420|8.000:8.000,0-8-25-24-31-3-26-7-14-2-19-11-1-28-27-9-17-18-15-10-20-13-6-12-0,22.5692737668287
72,calm,sparse,NearestNeighbor,32,30,0.9375,0.9523809523809524,0.0,False,60.0,63.0,1350.0294446998255,1359.6215685833236,-150.02944469982572,-230.0294446998257,True,162.26712506873042,False,True,0.007808901287916,0.0002523935605887,2.0,True,1.0,8.000:8.000|25.157:19.790|26.067:17.710|31.653:28.358|30.335:30.894|39.757:39.469|46.789:47.306|44.363:48.807|44.887:53.621|43.117:57.054|52.236:75.453|64.928:75.164|71.892:80.014|82.636:81.170|89.986:90.724|82.691:58.690|69.924:57.707|69.593:55.456|66.484:57.055|61.168:39.586|64.371:35.739|69.885:37.264|64.381:26.373|54.620:30.530|76.446:14.650|82.770:25.460|83.946:29.541|16.949:26.900|14.994:27.511|18.885:49.665|8.895:80.625|8.000:8.000,0-12-3-18-30-23-17-6-15-24-22-1-21-7-2-25-20-4-31-8-9-32-11-16-10-13-28-5-27-19-29-0,0.0020970760378986
72,calm,sparse,ValuePerDistance,32,29,0.90625,0.9285714285714286,0.0,False,58.5,63.0,1282.9728547483332,1285.0150602469944,-82.97285474833305,-162.97285474833305,True,151.9884189668739,False,True,0.0176755614180577,0.0005916912869381,2.0,True,1.0,8.000:8.000|16.949:26.900|14.994:27.511|26.067:17.710|25.157:19.790|31.653:28.358|30.335:30.894|39.757:39.469|44.887:53.621|43.117:57.054|44.363:48.807|46.789:47.306|66.484:57.055|69.593:55.456|69.924:57.707|82.691:58.690|83.946:29.541|82.770:25.460|76.446:14.650|64.371:35.739|61.168:39.586|54.620:30.530|64.381:26.373|69.885:37.264|71.892:80.014|64.928:75.164|52.236:75.453|8.895:80.625|20.474:84.282|18.885:49.665|8.000:8.000,0-5-27-3-12-18-30-23-15-24-6-17-31-4-20-25-28-13-10-9-8-16-11-32-21-1-22-29-26-19-0,0.0016287930775433
72,calm,sparse,WindAwareGreedy,32,23,0.71875,0.7936507936507936,0.0,False,50.0,63.0,1388.4429861163278,1388.7053195688409,-188.442986116328,-268.442986116328,True,153.73350132000084,False,True,0.0055026934314422,0.0002297006533521,2.0,True,1.0,8.000:8.000|16.949:26.900|26.067:17.710|31.653:28.358|44.887:53.621|43.117:57.054|66.484:57.055|69.593:55.456|82.691:58.690|83.946:29.541|82.770:25.460|64.371:35.739|61.168:39.586|30.335:30.894|18.885:49.665|8.895:80.625|20.474:84.282|14.994:27.511|25.157:19.790|39.757:39.469|46.789:47.306|44.363:48.807|69.924:57.707|69.885:37.264|8.000:8.000,0-5-3-18-15-24-31-4-25-28-13-9-8-30-19-29-26-27-12-23-17-6-20-32-0,0.0016529378481209
72,calm,sparse,ReserveOnlyPlanner,32,21,0.65625,0.746031746031746,0.746031746031746,True,47.0,63.0,1079.5355049939355,1128.700965990738,120.46449500606468,40.46449500606468,False,124.2319687581274,True,False,0.007432466566372,0.0003386170643469,2.0,False,1.0,8.000:8.000|16.949:26.900|26.067:17.710|31.653:28.358|30.335:30.894|44.887:53.621|43.117:57.054|66.484:57.055|69.593:55.456|82.691:58.690|83.946:29.541|82.770:25.460|76.446:14.650|64.371:35.739|61.168:39.586|54.620:30.530|39.757:39.469|18.885:49.665|8.895:80.625|20.474:84.282|14.994:27.511|25.157:19.790|8.000:8.000,0-5-3-18-30-15-24-31-4-25-28-13-10-9-8-16-23-19-29-26-27-12-0,0.0017052181065082
72,calm,sparse,FairRiskAwareGreedy,32,18,0.5625,0.6587301587301587,0.6587301587301587,True,41.5,63.0,1099.2474348222288,1119.7249846190873,100.7525651777712,20.75256517777119,False,127.56410684661348,True,False,0.0054098360859325,0.0002851725214564,2.0,False,1.0,8.000:8.000|16.949:26.900|26.067:17.710|31.653:28.358|44.887:53.621|8.895:80.625|18.885:49.665|14.994:27.511|30.335:30.894|25.157:19.790|82.770:25.460|83.946:29.541|69.593:55.456|66.484:57.055|82.691:58.690|61.168:39.586|64.371:35.739|54.620:30.530|39.757:39.469|8.000:8.000,0-5-3-18-15-29-19-27-30-12-13-28-4-31-25-8-9-16-23-0,0.0029053748585283
72,calm,sparse,FairALNSPlanner,32,28,0.875,0.9206349206349206,0.9206349206349206,True,58.0,63.0,1049.8768336848218,1115.7610850954447,150.12316631517828,70.12316631517828,False,138.58346706361692,True,False,0.0121069618825273,0.0004174814546022,2.0,False,1.0,8.000:8.000|26.067:17.710|25.157:19.790|31.653:28.358|30.335:30.894|39.757:39.469|54.620:30.530|61.168:39.586|64.371:35.739|69.885:37.264|83.946:29.541|82.770:25.460|82.691:58.690|82.636:81.170|89.986:90.724|71.892:80.014|64.928:75.164|69.924:57.707|69.593:55.456|66.484:57.055|46.789:47.306|44.363:48.807|44.887:53.621|43.117:57.054|20.474:84.282|8.895:80.625|18.885:49.665|16.949:26.900|14.994:27.511|8.000:8.000,0-3-12-18-30-23-16-8-9-32-28-13-25-7-2-21-1-20-4-31-17-6-15-24-26-29-19-5-27-0,17.91031517391093
72,calm,sparse,RAWA-RHP,32,28,0.875,0.9206349206349206,0.9206349206349206,True,58.0,63.0,1042.2070450543692,1107.549081061157,157.79295494563053,77.79295494563053,False,138.58346706361695,True,False,0.0121069618825274,0.0004174814546022,2.0,False,1.0,8.000:8.000|14.994:27.511|16.949:26.900|18.885:49.665|8.895:80.625|20.474:84.282|43.117:57.054|44.887:53.621|44.363:48.807|46.789:47.306|66.484:57.055|69.593:55.456|69.924:57.707|64.928:75.164|71.892:80.014|89.986:90.724|82.636:81.170|82.691:58.690|82.770:25.460|83.946:29.541|69.885:37.264|64.371:35.739|61.168:39.586|54.620:30.530|39.757:39.469|30.335:30.894|31.653:28.358|25.157:19.790|26.067:17.710|8.000:8.000,0-27-5-19-29-26-24-15-6-17-31-4-20-1-21-2-7-25-13-28-32-9-8-16-23-30-18-12-3-0,131.61983881797642
75,moderate,cluttered,NearestNeighbor,32,19,0.59375,0.5641025641025641,0.0,False,33.0,58.5,1377.515110570356,1382.6276738484366,-177.51511057035628,-257.5151105703563,True,110.0010992063367,False,True,0.0599882945769628,0.0030602024185046,2.0,True,1.0,8.000:8.000|13.860:38.042|34.501:31.954|36.437:27.653|33.697:25.464|35.222:23.686|36.374:40.378|44.186:45.259|41.477:58.464|36.308:65.104|35.712:73.946|36.384:77.236|21.195:70.065|8.418:86.567|33.358:52.945|57.471:68.363|59.462:69.714|62.009:61.088|62.859:58.977|69.728:53.422|8.000:8.000,0-10-24-6-27-8-28-20-12-25-31-19-2-18-1-22-32-7-13-9-0,0.0017057908698916
75,moderate,cluttered,ValuePerDistance,32,20,0.625,0.6666666666666666,0.0,False,39.0,58.5,1432.785551098652,1467.1695212219258,-232.78555109865212,-312.7855510986521,True,114.77688141907632,False,True,0.1306672130952135,0.0065185014833352,2.0,True,1.0,8.000:8.000|33.697:25.464|35.222:23.686|36.437:27.653|34.501:31.954|44.186:45.259|57.518:30.103|56.945:26.179|68.586:32.185|80.644:34.669|76.389:43.285|77.382:36.546|78.682:26.166|93.108:16.995|55.308:82.561|59.829:82.994|64.258:83.161|59.462:69.714|57.471:68.363|62.009:61.088|62.859:58.977|8.000:8.000,0-27-8-6-24-20-3-14-30-29-15-5-4-26-16-23-17-32-22-7-13-0,0.0014030260499566
75,moderate,cluttered,WindAwareGreedy,32,14,0.4375,0.5128205128205128,0.0,False,30.0,58.5,1392.072662463539,1400.846422358697,-192.0726624635389,-272.0726624635389,True,103.03584752315754,False,True,0.1559478907062124,0.0110593958949271,2.0,True,1.0,8.000:8.000|33.697:25.464|44.186:45.259|57.518:30.103|56.945:26.179|68.586:32.185|76.389:43.285|55.308:82.561|35.712:73.946|36.384:77.236|36.308:65.104|21.195:70.065|8.418:86.567|33.358:52.945|41.477:58.464|8.000:8.000,0-27-20-3-14-30-15-16-31-19-25-2-18-1-12-0,0.0012211299035698
75,moderate,cluttered,ReserveOnlyPlanner,32,10,0.3125,0.3247863247863248,0.3247863247863248,True,19.0,58.5,1106.8172467390289,1160.5740275077278,93.18275326097108,13.182753260971085,False,80.39944462835855,True,False,0.0070262263228632,0.0006399464505431,2.0,False,1.0,8.000:8.000|13.860:38.042|21.195:70.065|8.418:86.567|35.712:73.946|36.384:77.236|36.308:65.104|44.186:45.259|33.358:52.945|41.477:58.464|57.471:68.363|8.000:8.000,0-10-2-18-31-19-25-20-1-12-22-0,0.0010533600579947
75,moderate,cluttered,FairRiskAwareGreedy,32,9,0.28125,0.358974358974359,0.358974358974359,True,21.0,58.5,1025.7841169359972,1054.1486717461323,174.21588306400292,94.21588306400292,False,101.58041601482908,True,False,0.0082985257275357,0.0008325078319453,2.0,False,1.0,8.000:8.000|57.518:30.103|56.945:26.179|35.712:73.946|55.308:82.561|8.418:86.567|21.195:70.065|57.471:68.363|93.108:16.995|78.682:26.166|8.000:8.000,0-3-14-31-16-18-2-22-26-4-0,0.0012619860935956
75,moderate,cluttered,FairALNSPlanner,32,20,0.625,0.6666666666666666,0.6666666666666666,True,39.0,58.5,1035.1393058814538,1174.819280449845,164.86069411854618,84.86069411854618,False,117.90884356693115,True,False,0.0819981223479813,0.0040227401314172,2.0,False,1.0,8.000:8.000|68.586:32.185|78.682:26.166|57.518:30.103|56.945:26.179|61.141:38.087|44.186:45.259|41.477:58.464|36.308:65.104|62.859:58.977|62.009:61.088|57.471:68.363|59.462:69.714|64.258:83.161|59.829:82.994|55.308:82.561|35.712:73.946|36.384:77.236|8.418:86.567|21.195:70.065|13.860:38.042|8.000:8.000,0-30-4-3-14-11-20-12-25-13-7-22-32-17-23-16-31-19-18-2-10-0,9.573936610948294
75,moderate,cluttered,RAWA-RHP,32,27,0.84375,0.8717948717948718,0.8717948717948718,True,51.0,58.5,1049.741469777081,1198.7063098997032,150.25853022291906,70.25853022291906,False,129.9564341171741,True,False,0.0461909474992444,0.0016765927622622,2.0,False,1.0,8.000:8.000|56.945:26.179|57.518:30.103|68.586:32.185|78.682:26.166|93.108:16.995|80.644:34.669|76.389:43.285|69.728:53.422|62.859:58.977|62.009:61.088|57.471:68.363|59.462:69.714|55.308:82.561|59.829:82.994|64.258:83.161|36.384:77.236|35.712:73.946|36.308:65.104|21.195:70.065|33.358:52.945|41.477:58.464|44.186:45.259|36.374:40.378|34.501:31.954|36.437:27.653|33.697:25.464|35.222:23.686|8.000:8.000,0-14-3-30-4-26-29-15-9-13-7-22-32-16-23-17-19-31-25-2-1-12-20-28-24-6-27-8-0,49.455317090963945
76,severe,cluttered,NearestNeighbor,32,21,0.65625,0.6557377049180327,0.0,False,40.0,61.0,2192.068837350428,2191.1060891041225,-992.0688373504278,-1072.0688373504277,True,109.61666713470196,False,True,0.2910273369066646,0.0150459168075331,2.0,True,1.0,8.000:8.000|18.243:24.585|25.416:23.456|29.693:30.752|31.306:28.978|36.919:52.699|48.696:67.406|51.960:62.810|60.490:52.947|65.613:59.136|74.706:63.330|79.568:69.084|76.285:72.854|74.607:78.325|88.312:79.616|92.129:81.146|95.806:71.872|89.555:62.271|87.934:60.113|78.954:57.201|98.154:55.027|92.066:40.129|8.000:8.000,0-25-30-7-6-29-13-12-26-15-20-1-17-21-2-28-10-27-31-24-32-4-0,0.0016638040542602
76,severe,cluttered,ValuePerDistance,32,21,0.65625,0.7049180327868853,0.0,False,43.0,61.0,2249.2437380253723,2236.7766888444808,-1049.2437380253727,-1129.2437380253727,True,112.17473585068068,False,True,0.1515550753395245,0.0073699404031975,2.0,True,1.0,8.000:8.000|18.243:24.585|25.416:23.456|29.693:30.752|31.306:28.978|55.205:38.898|74.585:30.701|86.859:26.917|84.851:28.094|92.866:31.262|92.066:40.129|98.154:55.027|89.555:62.271|87.934:60.113|78.954:57.201|74.706:63.330|79.568:69.084|76.285:72.854|74.607:78.325|92.129:81.146|88.312:79.616|95.806:71.872|8.000:8.000,0-25-30-7-6-19-16-5-9-8-4-32-27-31-24-20-1-17-21-28-2-10-0,0.0013280808925628
76,severe,cluttered,WindAwareGreedy,32,16,0.5,0.5819672131147541,0.0,False,35.5,61.0,2205.8289866040973,2259.7388838844813,-1005.8289866040972,-1085.8289866040973,True,105.9938856353547,False,True,0.3553877567793838,0.0247390987218992,2.0,True,1.0,8.000:8.000|18.243:24.585|29.693:30.752|25.416:23.456|31.306:28.978|55.205:38.898|74.585:30.701|86.859:26.917|84.851:28.094|92.866:31.262|89.555:62.271|87.934:60.113|74.607:78.325|92.129:81.146|95.806:71.872|98.154:55.027|79.568:69.084|8.000:8.000,0-25-7-30-6-19-16-5-9-8-27-31-21-28-10-32-1-0,0.00128945405595
76,severe,cluttered,ReserveOnlyPlanner,32,6,0.1875,0.180327868852459,0.180327868852459,True,11.0,61.0,1074.014708235572,1108.5339170982843,125.98529176442788,45.98529176442787,False,46.1563076789716,True,False,0.080885116631086,0.0118677173041897,2.0,False,1.0,8.000:8.000|18.243:24.585|29.693:30.752|31.306:28.978|55.205:38.898|74.585:30.701|66.106:33.799|8.000:8.000,0-25-7-6-19-16-18-0,0.0006823330186307
76,severe,cluttered,FairRiskAwareGreedy,32,2,0.0625,0.0573770491803278,0.0573770491803278,True,3.5,61.0,167.32600221003173,178.49300913825516,1032.6739977899683,952.6739977899684,False,14.506090478347472,True,False,1.6746057429628536e-08,5.5820191432095125e-09,4.0,False,1.0,8.000:8.000|18.243:24.585|25.416:23.456|8.000:8.000,0-25-30-0,0.0004061099607497
76,severe,cluttered,FairALNSPlanner,32,3,0.09375,0.0983606557377049,0.0983606557377049,True,6.0,61.0,370.5091123837503,442.802088713461,829.4908876162498,749.4908876162498,False,30.9302128000741,True,False,0.0582913124143811,0.01484528761928,2.0,False,1.0,8.000:8.000|25.416:23.456|29.693:30.752|55.205:38.898|8.000:8.000,0-30-7-19-0,2.364931927062571
76,severe,cluttered,RAWA-RHP,32,20,0.625,0.6557377049180327,0.6557377049180327,True,40.0,61.0,1012.0160400449196,1233.924935973616,187.9839599550804,107.98395995508042,False,101.96537577255548,True,False,0.1012333711291372,0.0050100591994141,2.0,False,1.0,8.000:8.000|25.416:23.456|55.205:38.898|66.106:33.799|74.585:30.701|78.954:57.201|87.934:60.113|89.555:62.271|95.806:71.872|92.129:81.146|88.312:79.616|74.607:78.325|76.285:72.854|79.568:69.084|74.706:63.330|60.490:52.947|51.960:62.810|48.696:67.406|36.919:52.699|29.693:30.752|18.243:24.585|8.000:8.000,0-30-19-18-16-24-31-27-10-28-2-21-17-1-20-26-12-13-29-7-25-0,19.19307669112459
76,severe,sparse,NearestNeighbor,32,20,0.625,0.6290322580645161,0.0,False,39.0,62.0,1865.022517500416,1825.3213386045325,-665.0225175004163,-745.0225175004163,True,100.0494916762606,False,True,0.223343741192176,0.0117128386587187,2.0,True,1.0,8.000:8.000|29.617:22.740|28.066:32.525|28.938:42.104|23.267:48.033|20.179:54.077|29.344:60.158|34.122:55.420|34.794:71.215|24.688:77.965|19.795:69.804|20.196:67.684|34.186:89.135|66.449:65.962|74.015:62.457|76.656:61.634|73.212:59.999|68.717:53.280|66.433:53.837|63.567:47.771|56.378:47.808|8.000:8.000,0-25-13-4-18-28-7-1-31-23-20-22-10-19-15-17-27-21-14-6-16-0,0.0017002809327095
76,severe,sparse,ValuePerDistance,32,25,0.78125,0.8064516129032258,0.0,False,50.0,62.0,2205.6461799405674,2198.383750658506,-1005.6461799405674,-1085.6461799405674,True,120.4977255606453,False,True,0.2227567324071725,0.0094475043464855,2.0,True,1.0,8.000:8.000|29.617:22.740|28.066:32.525|28.938:42.104|23.267:48.033|20.179:54.077|29.344:60.158|34.122:55.420|50.661:55.252|53.434:53.313|56.378:47.808|49.918:47.828|50.982:39.442|52.108:36.291|55.311:30.232|61.227:30.327|65.868:39.300|68.717:53.280|66.433:53.837|73.212:59.999|74.015:62.457|76.656:61.634|66.449:65.962|74.840:74.808|76.584:72.649|79.234:93.342|8.000:8.000,0-25-13-4-18-28-7-1-2-29-16-8-3-32-24-5-30-21-14-27-15-17-19-26-12-9-0,0.0015222518704831
76,severe,sparse,WindAwareGreedy,32,18,0.5625,0.6532258064516129,0.0,False,40.5,62.0,2169.0705795468366,2148.426985779264,-969.070579546837,-1049.070579546837,True,105.20545048886822,False,True,0.1327067159077151,0.0073441904196025,2.0,True,1.0,8.000:8.000|29.617:22.740|55.311:30.232|50.982:39.442|52.108:36.291|50.661:55.252|56.378:47.808|49.918:47.828|29.344:60.158|34.122:55.420|20.179:54.077|23.267:48.033|20.196:67.684|19.795:69.804|24.688:77.965|34.794:71.215|66.449:65.962|74.015:62.457|76.656:61.634|8.000:8.000,0-25-24-3-32-2-16-8-7-1-28-18-22-20-23-31-19-15-17-0,0.001451529096812
76,severe,sparse,ReserveOnlyPlanner,32,6,0.1875,0.2258064516129032,0.2258064516129032,True,14.0,62.0,1075.6225990488697,1130.8288631904877,124.37740095113033,44.37740095113031,False,48.255441874208266,True,False,0.0002434012285051,3.4772828430372294e-05,2.8284271247461903,False,1.0,8.000:8.000|29.617:22.740|50.982:39.442|52.108:36.291|55.311:30.232|72.466:9.868|61.227:30.327|8.000:8.000,0-25-3-32-24-11-5-0,0.0007303908932954
76,severe,sparse,FairRiskAwareGreedy,32,15,0.46875,0.5645161290322581,0.5645161290322581,True,35.0,62.0,1067.7440978638087,1112.4953926962237,132.2559021361914,52.2559021361914,False,98.11635346330132,True,False,0.0007524688612463,4.704242886494764e-05,2.8284271247461903,False,1.0,8.000:8.000|29.617:22.740|23.267:48.033|29.344:60.158|20.179:54.077|20.196:67.684|19.795:69.804|24.688:77.965|50.982:39.442|55.311:30.232|72.466:9.868|52.108:36.291|50.661:55.252|49.918:47.828|56.378:47.808|28.938:42.104|8.000:8.000,0-25-18-7-28-22-20-23-3-24-11-32-2-8-16-4-0,0.0020015428308397
76,severe,sparse,FairALNSPlanner,32,21,0.65625,0.75,0.75,True,46.5,62.0,1042.2916943011571,1252.6564985308935,157.7083056988428,77.70830569884279,False,107.18110008423584,True,False,0.0107884894855928,0.0004919785178128,2.0,False,1.0,8.000:8.000|29.617:22.740|23.267:48.033|19.795:69.804|20.196:67.684|20.179:54.077|29.344:60.158|34.122:55.420|50.661:55.252|66.449:65.962|66.433:53.837|73.212:59.999|74.015:62.457|68.717:53.280|63.567:47.771|56.378:47.808|49.918:47.828|50.982:39.442|52.108:36.291|55.311:30.232|61.227:30.327|72.466:9.868|8.000:8.000,0-25-18-20-22-28-7-1-2-19-14-27-15-21-6-16-8-3-32-24-5-11-0,8.79240868985653
76,severe,sparse,RAWA-RHP,32,24,0.75,0.7983870967741935,0.7983870967741935,True,49.5,62.0,1057.0291509199492,1277.3037237483948,142.97084908005036,62.97084908005036,False,111.23720077531452,True,False,0.0771877875083906,0.0031649502308163,2.0,False,1.0,8.000:8.000|29.617:22.740|23.267:48.033|19.795:69.804|20.196:67.684|20.179:54.077|29.344:60.158|34.122:55.420|50.661:55.252|66.449:65.962|66.433:53.837|73.212:59.999|74.015:62.457|76.656:61.634|68.717:53.280|63.567:47.771|65.868:39.300|61.227:30.327|55.311:30.232|52.108:36.291|50.982:39.442|56.378:47.808|49.918:47.828|28.938:42.104|28.066:32.525|8.000:8.000,0-25-18-20-22-28-7-1-2-19-14-27-15-17-21-6-30-5-24-32-3-16-8-4-13-0,35.2058166959323
75,moderate,sparse,NearestNeighbor,32,27,0.84375,0.855072463768116,0.0,False,59.0,69.0,1543.328948196579,1556.773803472864,-343.3289481965789,-423.32894819657895,True,134.5221810329046,False,True,0.0493117331510346,0.001794726655219,2.0,True,1.0,8.000:8.000|19.154:30.277|29.961:36.554|37.761:36.372|41.536:34.187|43.976:35.293|47.885:42.449|52.570:51.058|62.228:49.471|70.886:47.955|78.958:42.356|73.120:37.941|70.294:37.468|67.258:26.119|63.679:21.301|59.090:14.458|80.414:21.778|84.159:26.762|77.848:74.825|66.142:75.321|64.630:79.991|56.553:67.810|53.647:67.792|43.978:61.040|35.282:74.495|29.912:79.065|22.251:78.011|14.277:79.213|8.000:8.000,0-25-8-11-10-2-19-23-6-21-14-32-22-26-31-1-29-27-5-20-28-3-15-4-24-17-30-7-0,0.0020095189101994
75,moderate,sparse,ValuePerDistance,32,19,0.59375,0.6884057971014492,0.0,False,47.5,69.0,1544.0030762546717,1568.6470782379702,-344.0030762546714,-424.0030762546714,True,122.75704839842146,False,True,0.1885027623458461,0.0100402550092934,2.0,True,1.0,8.000:8.000|37.761:36.372|41.536:34.187|43.976:35.293|47.885:42.449|70.294:37.468|73.120:37.941|78.958:42.356|70.886:47.955|62.228:49.471|67.258:26.119|63.679:21.301|59.090:14.458|84.159:26.762|80.414:21.778|66.142:75.321|77.848:74.825|53.647:67.792|56.553:67.810|52.134:89.802|8.000:8.000,0-11-10-2-19-22-32-14-21-6-26-31-1-27-29-20-5-15-3-13-0,0.0012822360731661
75,moderate,sparse,WindAwareGreedy,32,16,0.5,0.5434782608695652,0.0,False,37.5,69.0,1411.6769645672653,1387.034592276823,-211.6769645672656,-291.6769645672656,True,105.93166486026172,False,True,0.0634327510379006,0.0037974577080914,2.0,True,1.0,8.000:8.000|37.761:36.372|41.536:34.187|43.976:35.293|29.961:36.554|47.885:42.449|22.251:78.011|36.384:92.548|34.963:86.503|30.641:96.381|21.488:88.000|35.282:74.495|53.647:67.792|66.142:75.321|77.848:74.825|56.553:67.810|43.978:61.040|8.000:8.000,0-11-10-2-8-19-30-16-12-18-9-24-15-20-5-3-4-0,0.001362879993394
75,moderate,sparse,ReserveOnlyPlanner,32,13,0.40625,0.3985507246376811,0.3985507246376811,True,27.5,69.0,1033.2572270648975,1097.3677684289737,166.74277293510232,86.74277293510232,False,80.67829812751226,True,False,0.0014175766454097,0.0001012557901105,2.8284271247461903,False,1.0,8.000:8.000|37.761:36.372|41.536:34.187|43.976:35.293|29.961:36.554|19.154:30.277|22.251:78.011|21.488:88.000|30.641:96.381|36.384:92.548|34.963:86.503|35.282:74.495|29.912:79.065|14.277:79.213|8.000:8.000,0-11-10-2-8-25-30-9-18-16-12-24-17-7-0,0.0012369251344352
75,moderate,sparse,FairRiskAwareGreedy,32,14,0.4375,0.5217391304347826,0.5217391304347826,True,36.0,69.0,1097.2198920342548,1128.599217790476,102.78010796574527,22.780107965745277,False,114.36641039701104,True,False,0.0028527219386496,0.000190365371883,2.8284271247461903,False,1.0,8.000:8.000|37.761:36.372|41.536:34.187|43.976:35.293|29.961:36.554|70.294:37.468|47.885:42.449|22.251:78.011|53.647:67.792|66.142:75.321|84.159:26.762|59.090:14.458|63.679:21.301|62.228:49.471|19.154:30.277|8.000:8.000,0-11-10-2-8-22-19-30-15-20-27-1-31-6-25-0,0.0019338889978826
75,moderate,sparse,FairALNSPlanner,32,21,0.65625,0.7536231884057971,0.7536231884057971,True,52.0,69.0,1043.78094686198,1172.9716683408951,156.21905313801966,76.21905313801966,False,120.2086723247492,True,False,0.0168545716801301,0.0007688369791385,2.0,False,1.0,8.000:8.000|47.885:42.449|22.251:78.011|34.963:86.503|36.384:92.548|52.134:89.802|77.848:74.825|66.142:75.321|56.553:67.810|53.647:67.792|62.228:49.471|70.886:47.955|84.159:26.762|80.414:21.778|63.679:21.301|67.258:26.119|70.294:37.468|43.976:35.293|41.536:34.187|37.761:36.372|29.961:36.554|19.154:30.277|8.000:8.000,0-19-30-12-16-13-5-20-3-15-6-21-27-29-31-26-22-2-10-11-8-25-0,10.15369078121148
75,moderate,sparse,RAWA-RHP,32,26,0.8125,0.8623188405797102,0.8623188405797102,True,59.5,69.0,1044.2383025006245,1187.009025256472,155.76169749937634,75.76169749937634,False,128.58637951207362,True,False,0.0464456406153457,0.0017484199596087,2.0,False,1.0,8.000:8.000|29.961:36.554|37.761:36.372|41.536:34.187|43.976:35.293|47.885:42.449|63.679:21.301|67.258:26.119|70.294:37.468|73.120:37.941|84.159:26.762|78.958:42.356|70.886:47.955|62.228:49.471|52.570:51.058|53.647:67.792|56.553:67.810|66.142:75.321|64.630:79.991|52.134:89.802|36.384:92.548|30.641:96.381|34.963:86.503|35.282:74.495|29.912:79.065|22.251:78.011|19.154:30.277|8.000:8.000,0-8-11-10-2-19-31-26-22-32-27-14-21-6-23-15-3-20-28-13-16-18-12-24-17-30-25-0,86.51429886603728
75,calm,cluttered,NearestNeighbor,32,27,0.84375,0.8487394957983193,0.0,False,50.5,59.5,1336.6493292819007,1334.7322576762597,-136.6493292819005,-216.6493292819005,True,148.2628200335419,False,True,0.0394431183163075,0.0014255603851307,2.0,True,1.0,8.000:8.000|19.025:15.580|36.591:20.020|25.790:40.964|24.972:44.148|44.988:55.633|36.654:65.960|33.226:72.998|43.916:78.895|45.456:68.910|56.375:65.800|60.327:64.783|67.298:70.494|66.320:81.437|77.783:66.984|77.894:62.496|71.534:58.213|69.420:48.119|62.147:43.458|54.360:42.790|52.482:38.049|63.509:23.060|87.742:32.254|85.743:40.264|80.567:43.555|86.411:57.755|94.964:69.980|89.279:76.651|8.000:8.000,0-30-21-9-2-31-8-11-10-22-28-12-1-15-27-5-23-7-3-16-13-29-4-18-19-32-6-25-0,0.0020113009959459
75,calm,cluttered,ValuePerDistance,32,26,0.8125,0.8571428571428571,0.0,False,51.0,59.5,1378.3559103694995,1380.583469827841,-178.35591036949978,-258.3559103694998,True,149.32562898406783,False,True,0.0351688506948862,0.0013180806165846,2.0,True,1.0,8.000:8.000|19.025:15.580|24.972:44.148|25.790:40.964|36.654:65.960|33.226:72.998|43.916:78.895|45.456:68.910|56.375:65.800|60.327:64.783|71.534:58.213|77.894:62.496|77.783:66.984|89.279:76.651|94.964:69.980|80.567:43.555|85.743:40.264|87.742:32.254|89.194:17.897|86.939:17.651|63.509:23.060|54.360:42.790|62.147:43.458|69.420:48.119|67.298:70.494|66.320:81.437|45.701:92.359|8.000:8.000,0-30-2-9-8-11-10-22-28-12-23-5-27-25-6-19-18-4-26-24-29-16-3-7-1-15-14-0,0.0015584819484502
75,calm,cluttered,WindAwareGreedy,32,21,0.65625,0.7478991596638656,0.0,False,44.5,59.5,1349.993203778255,1358.9877599274666,-149.99320377825475,-229.99320377825475,True,142.56740734937725,False,True,0.0794644373553813,0.003741310232422,2.0,True,1.0,8.000:8.000|19.025:15.580|24.972:44.148|25.790:40.964|36.591:20.020|63.509:23.060|54.360:42.790|36.654:65.960|33.226:72.998|43.916:78.895|60.327:64.783|71.534:58.213|77.894:62.496|77.783:66.984|56.375:65.800|45.456:68.910|45.701:92.359|25.055:83.474|44.988:55.633|62.147:43.458|80.567:43.555|85.743:40.264|8.000:8.000,0-30-2-9-21-29-16-8-11-10-12-23-5-27-28-22-14-17-31-3-19-18-0,0.0015793100465089
75,calm,cluttered,ReserveOnlyPlanner,32,19,0.59375,0.680672268907563,0.680672268907563,True,40.5,59.5,1059.7525842254329,1103.5128352443376,140.24741577456743,60.24741577456743,False,114.9419927821393,True,False,0.0422006639470141,0.0021396944388164,2.0,False,1.0,8.000:8.000|19.025:15.580|24.972:44.148|25.790:40.964|36.591:20.020|63.509:23.060|54.360:42.790|36.654:65.960|33.226:72.998|43.916:78.895|45.456:68.910|60.327:64.783|56.375:65.800|71.534:58.213|77.894:62.496|77.783:66.984|80.567:43.555|85.743:40.264|89.194:17.897|86.939:17.651|8.000:8.000,0-30-2-9-21-29-16-8-11-10-22-12-28-23-5-27-19-18-26-24-0,0.0016281169373542
75,calm,cluttered,FairRiskAwareGreedy,32,17,0.53125,0.6134453781512605,0.6134453781512605,True,36.5,59.5,1078.6438478331704,1099.0568444730416,121.35615216682956,41.35615216682957,False,123.35477570861006,True,False,0.0142099662839572,0.0007932355378946,2.0,False,1.0,8.000:8.000|19.025:15.580|24.972:44.148|36.654:65.960|33.226:72.998|43.916:78.895|60.327:64.783|56.375:65.800|45.456:68.910|45.701:92.359|77.894:62.496|71.534:58.213|63.509:23.060|54.360:42.790|36.591:20.020|25.790:40.964|44.988:55.633|52.482:38.049|8.000:8.000,0-30-2-8-11-10-12-28-22-14-5-23-29-16-21-9-31-13-0,0.0022385059855878
75,calm,cluttered,FairALNSPlanner,32,23,0.71875,0.7815126050420168,0.7815126050420168,True,46.5,59.5,1063.35346382992,1132.9464970733095,136.64653617008,56.64653617008,False,132.88627633438347,True,False,0.0176188465094105,0.0007368275697077,2.0,False,1.0,8.000:8.000|19.025:15.580|25.790:40.964|24.972:44.148|36.654:65.960|45.456:68.910|56.375:65.800|60.327:64.783|71.534:58.213|77.894:62.496|77.783:66.984|89.279:76.651|67.298:70.494|45.701:92.359|35.953:85.041|25.055:83.474|43.916:78.895|33.226:72.998|52.482:38.049|54.360:42.790|62.147:43.458|80.567:43.555|85.743:40.264|63.509:23.060|8.000:8.000,0-30-9-2-8-22-28-12-23-5-27-25-1-14-20-17-10-11-13-16-3-19-18-29-0,13.604635457973927
75,calm,cluttered,RAWA-RHP,32,26,0.8125,0.865546218487395,0.865546218487395,True,51.5,59.5,1049.2331467742754,1117.4217133430202,150.76685322572416,70.76685322572416,False,134.6895564311448,True,False,0.0335772008101031,0.0012600254960866,2.0,False,1.0,8.000:8.000|36.591:20.020|63.509:23.060|52.482:38.049|54.360:42.790|62.147:43.458|80.567:43.555|85.743:40.264|71.534:58.213|77.894:62.496|77.783:66.984|94.964:69.980|89.279:76.651|67.298:70.494|60.327:64.783|56.375:65.800|45.456:68.910|43.916:78.895|45.701:92.359|35.953:85.041|25.055:83.474|33.226:72.998|36.654:65.960|44.988:55.633|24.972:44.148|25.790:40.964|19.025:15.580|8.000:8.000,0-21-29-13-16-3-19-18-23-5-27-6-25-1-12-28-22-10-14-20-17-11-8-31-2-9-30-0,92.1679937071167
74,moderate,sparse,NearestNeighbor,32,26,0.8125,0.7898550724637681,0.0,False,54.5,69.0,1602.032619732463,1618.0056219176015,-402.0326197324629,-482.0326197324629,True,151.018250816801,False,True,0.1253987915336444,0.004901449478839,2.0,True,1.0,8.000:8.000|14.216:30.528|20.165:37.977|27.643:29.974|27.727:25.366|34.663:34.545|48.770:18.813|46.523:9.399|66.395:17.247|81.336:17.856|87.646:23.580|87.224:26.069|90.695:25.678|89.098:38.698|79.002:31.442|82.473:50.327|96.255:52.656|66.402:62.455|51.282:46.878|55.543:37.928|31.320:67.280|26.268:73.758|23.739:75.864|18.243:80.481|13.493:87.118|27.342:93.840|45.133:91.000|8.000:8.000,0-30-22-21-14-10-32-29-23-12-11-18-16-27-19-31-28-24-8-13-1-3-15-5-26-4-2-0,0.0012339670211076
74,moderate,sparse,ValuePerDistance,32,22,0.6875,0.6811594202898551,0.0,False,47.0,69.0,1475.811999699598,1480.2482223406414,-275.81199969959823,-355.81199969959823,True,128.25930538571,False,True,0.1248961034332035,0.0057101739308132,2.0,True,1.0,8.000:8.000|27.727:25.366|27.643:29.974|34.663:34.545|20.165:37.977|14.216:30.528|31.320:67.280|26.268:73.758|23.739:75.864|18.243:80.481|13.493:87.118|27.342:93.840|38.504:80.967|33.964:81.787|51.571:85.922|51.243:83.749|57.733:87.002|48.679:91.489|45.133:91.000|66.402:62.455|82.473:50.327|96.255:52.656|89.098:38.698|8.000:8.000,0-14-21-10-22-30-1-3-15-5-26-4-25-6-9-20-7-17-2-24-31-28-27-0,0.0009177569299936
74,moderate,sparse,WindAwareGreedy,32,18,0.5625,0.6304347826086957,0.0,False,43.5,69.0,1458.8757076695892,1469.3770210809373,-258.87570766958913,-338.87570766958913,True,126.30670694039776,False,True,0.0918548815636307,0.0049993808771401,2.0,True,1.0,8.000:8.000|27.727:25.366|27.643:29.974|31.320:67.280|38.504:80.967|33.964:81.787|51.571:85.922|57.733:87.002|48.679:91.489|27.342:93.840|18.243:80.481|26.268:73.758|20.165:37.977|34.663:34.545|55.543:37.928|51.282:46.878|48.770:18.813|46.523:9.399|87.646:23.580|8.000:8.000,0-14-21-1-25-6-9-7-17-4-5-3-22-10-13-8-32-29-11-0,0.0009979479946196
74,moderate,sparse,ReserveOnlyPlanner,32,17,0.53125,0.5289855072463768,0.5289855072463768,True,36.5,69.0,1062.1141464790985,1133.1986188438646,137.88585352090172,57.88585352090172,False,97.47857700618812,True,False,0.0515286569512045,0.0029198144015421,2.0,False,1.0,8.000:8.000|27.727:25.366|27.643:29.974|20.165:37.977|31.320:67.280|38.504:80.967|33.964:81.787|27.342:93.840|51.571:85.922|57.733:87.002|48.679:91.489|45.133:91.000|51.243:83.749|26.268:73.758|18.243:80.481|13.493:87.118|23.739:75.864|14.216:30.528|8.000:8.000,0-14-21-22-1-25-6-4-9-7-17-2-20-3-5-26-15-30-0,0.0010848559904843
74,moderate,sparse,FairRiskAwareGreedy,32,14,0.4375,0.4855072463768116,0.4855072463768116,True,33.5,69.0,1065.2109538403834,1113.7934318495709,134.78904615961653,54.78904615961653,False,116.74786164873956,True,False,0.000840235912906,5.601574448996782e-05,2.0,False,1.0,8.000:8.000|46.523:9.399|27.727:25.366|31.320:67.280|38.504:80.967|33.964:81.787|48.770:18.813|55.543:37.928|34.663:34.545|27.643:29.974|20.165:37.977|51.571:85.922|57.733:87.002|51.282:46.878|14.216:30.528|8.000:8.000,0-29-14-1-25-6-32-13-10-21-22-9-7-8-30-0,0.0021005680318921
74,moderate,sparse,FairALNSPlanner,32,18,0.5625,0.6376811594202898,0.6376811594202898,True,44.0,69.0,1063.6518024691777,1181.3414719759476,136.34819753082263,56.34819753082263,False,121.75940441225691,True,False,0.0299436304316773,0.0015885970045812,2.0,False,1.0,8.000:8.000|46.523:9.399|66.395:17.247|90.695:25.678|96.255:52.656|89.098:38.698|87.224:26.069|87.646:23.580|81.336:17.856|48.770:18.813|55.543:37.928|51.282:46.878|38.504:80.967|33.964:81.787|31.320:67.280|57.733:87.002|51.571:85.922|34.663:34.545|27.727:25.366|8.000:8.000,0-29-23-16-28-27-18-11-12-32-13-8-25-6-1-7-9-10-14-0,9.652710026828572
74,moderate,sparse,RAWA-RHP,32,27,0.84375,0.8913043478260869,0.8913043478260869,True,61.5,69.0,1033.1627556848664,1186.6762442099075,166.83724431513346,86.83724431513346,False,134.2489655050295,True,False,0.0686892496872477,0.0025225193280914,2.0,False,1.0,8.000:8.000|46.523:9.399|48.770:18.813|66.395:17.247|81.336:17.856|87.646:23.580|87.224:26.069|90.695:25.678|89.098:38.698|96.255:52.656|66.402:62.455|57.733:87.002|51.243:83.749|51.571:85.922|48.679:91.489|45.133:91.000|27.342:93.840|38.504:80.967|33.964:81.787|26.268:73.758|31.320:67.280|51.282:46.878|55.543:37.928|34.663:34.545|27.727:25.366|27.643:29.974|20.165:37.977|14.216:30.528|8.000:8.000,0-29-32-23-12-11-18-16-27-28-24-7-20-9-17-2-4-25-6-3-1-8-13-10-14-21-22-30-0,121.16432781610638
74,moderate,cluttered,NearestNeighbor,32,29,0.90625,0.9022556390977444,0.0,False,60.0,66.5,1570.0109359978271,1583.3203820360718,-370.01093599782735,-450.01093599782735,True,148.06378741917712,False,True,0.0361943592882929,0.0012179509997579,2.0,True,1.0,8.000:8.000|27.841:28.377|30.659:42.351|39.473:49.566|38.889:53.998|45.076:57.856|52.722:48.975|48.239:35.702|43.282:36.355|42.193:30.629|42.604:24.648|42.197:21.321|46.351:15.715|49.863:14.840|61.307:24.963|70.920:30.710|73.873:31.822|82.876:24.657|82.767:16.709|84.029:54.487|74.654:50.156|81.231:64.874|81.556:75.764|70.696:70.756|60.232:62.765|58.846:77.030|54.903:85.802|56.796:89.339|67.250:83.709|69.955:84.590|8.000:8.000,0-24-28-23-6-14-32-25-17-21-3-9-8-30-19-29-11-15-26-13-7-2-27-18-10-5-12-16-1-20-0,0.0021165960934013
74,moderate,cluttered,ValuePerDistance,32,24,0.75,0.7819548872180451,0.0,False,52.0,66.5,1404.4601608872522,1401.8973829478675,-204.46016088725213,-284.46016088725213,True,132.19571288936865,False,True,0.0561381074161232,0.0022872828919712,2.0,True,1.0,8.000:8.000|27.841:28.377|30.659:42.351|42.193:30.629|42.604:24.648|42.197:21.321|46.351:15.715|49.863:14.840|61.307:24.963|70.920:30.710|73.873:31.822|82.876:24.657|82.767:16.709|74.654:50.156|84.029:54.487|81.556:75.764|81.231:64.874|70.696:70.756|60.232:62.765|58.846:77.030|67.250:83.709|69.955:84.590|39.619:72.180|38.937:85.826|26.555:75.065|8.000:8.000,0-24-28-21-3-9-8-30-19-29-11-15-26-7-13-27-2-18-10-5-1-20-22-31-4-0,0.0014956349041312
74,moderate,cluttered,WindAwareGreedy,32,18,0.5625,0.6541353383458647,0.0,False,43.5,66.5,1303.7088544951666,1320.1457997426908,-103.70885449516656,-183.70885449516655,True,112.57298137098208,False,True,0.2208553525932257,0.0128390495870763,2.0,True,1.0,8.000:8.000|42.193:30.629|42.604:24.648|30.659:42.351|38.889:53.998|39.619:72.180|38.937:85.826|58.846:77.030|67.250:83.709|81.556:75.764|74.654:50.156|60.232:62.765|45.076:57.856|39.473:49.566|43.282:36.355|48.239:35.702|70.920:30.710|61.307:24.963|42.197:21.321|8.000:8.000,0-21-3-28-6-22-31-5-1-27-7-10-14-23-17-25-29-19-9-0,0.0014832192100584
74,moderate,cluttered,ReserveOnlyPlanner,32,17,0.53125,0.5864661654135338,0.5864661654135338,True,39.0,66.5,1085.087872165438,1188.910255193731,114.91212783456196,34.91212783456197,False,100.44741063872112,True,False,0.102394053165528,0.0059180431769385,2.0,False,1.0,8.000:8.000|27.841:28.377|30.659:42.351|38.889:53.998|39.619:72.180|38.937:85.826|26.555:75.065|58.846:77.030|67.250:83.709|69.955:84.590|81.556:75.764|60.232:62.765|45.076:57.856|39.473:49.566|42.193:30.629|42.604:24.648|42.197:21.321|43.282:36.355|8.000:8.000,0-24-28-6-22-31-4-5-1-20-27-10-14-23-21-3-9-17-0,0.0015978477895259
74,moderate,cluttered,FairRiskAwareGreedy,32,12,0.375,0.4661654135338345,0.4661654135338345,True,31.0,66.5,1101.1726529016123,1129.6460545149316,98.8273470983871,18.827347098387094,False,114.03226684673986,True,False,0.0007485696159919,5.759108460263899e-05,2.8284271247461903,False,1.0,8.000:8.000|42.604:24.648|42.193:30.629|30.659:42.351|70.920:30.710|82.767:16.709|81.556:75.764|74.654:50.156|43.282:36.355|27.841:28.377|39.619:72.180|58.846:77.030|38.889:53.998|8.000:8.000,0-3-21-28-29-26-27-7-17-24-22-5-6-0,0.0016864009667187
74,moderate,cluttered,FairALNSPlanner,32,23,0.71875,0.7969924812030075,0.7969924812030075,True,53.0,66.5,1050.3802656279183,1199.4208740431525,149.61973437208135,69.61973437208135,False,125.27645143636953,True,False,0.0838574810935457,0.0036128568649445,2.0,False,1.0,8.000:8.000|27.841:28.377|30.659:42.351|39.473:49.566|38.889:53.998|45.076:57.856|39.619:72.180|38.937:85.826|52.722:48.975|70.920:30.710|60.232:62.765|58.846:77.030|67.250:83.709|69.955:84.590|81.556:75.764|81.231:64.874|84.029:54.487|74.654:50.156|48.239:35.702|43.282:36.355|42.193:30.629|42.604:24.648|42.197:21.321|46.351:15.715|8.000:8.000,0-24-28-23-6-14-22-31-32-29-10-5-1-20-27-2-13-7-25-17-21-3-9-8-0,13.164774682139978
74,moderate,cluttered,RAWA-RHP,32,26,0.8125,0.849624060150376,0.849624060150376,True,56.5,66.5,1047.6416915591851,1184.3317265625362,152.3583084408148,72.3583084408148,False,131.88341714408233,True,False,0.0189435665243662,0.0007050297026772,2.0,False,1.0,8.000:8.000|46.351:15.715|49.863:14.840|61.307:24.963|70.920:30.710|82.767:16.709|82.876:24.657|84.029:54.487|74.654:50.156|81.231:64.874|81.556:75.764|70.696:70.756|60.232:62.765|58.846:77.030|54.903:85.802|67.250:83.709|69.955:84.590|39.619:72.180|45.076:57.856|38.889:53.998|39.473:49.566|43.282:36.355|48.239:35.702|42.193:30.629|42.604:24.648|42.197:21.321|27.841:28.377|8.000:8.000,0-8-30-19-29-26-15-13-7-2-27-18-10-5-12-1-20-22-14-6-23-17-25-21-3-9-24-0,115.55500389519148
77,severe,cluttered,NearestNeighbor,32,11,0.34375,0.3142857142857143,0.0,False,22.0,70.0,1349.001323525371,1357.461706182102,-149.0013235253711,-229.0013235253711,True,68.72690805877608,False,True,0.106123216351302,0.0090549883177291,2.0,True,1.0,8.000:8.000|11.782:21.753|17.242:22.851|40.046:20.321|45.498:35.306|54.685:42.422|62.985:43.955|64.978:32.988|56.564:24.456|71.210:17.526|77.125:26.960|83.937:31.228|8.000:8.000,0-23-12-27-22-6-17-30-28-3-15-2-0,0.0007008840329945
77,severe,cluttered,ValuePerDistance,32,11,0.34375,0.3642857142857142,0.0,False,25.5,70.0,1331.5912224003575,1371.7456027642156,-131.59122240035765,-211.59122240035765,True,71.28542827084433,False,True,0.1377601490706119,0.0114974246860964,2.0,True,1.0,8.000:8.000|17.242:22.851|11.782:21.753|16.202:59.477|24.443:70.322|33.859:74.215|41.238:81.023|57.182:65.746|52.324:67.333|51.967:70.278|62.314:71.969|65.395:58.033|8.000:8.000,0-12-23-29-11-25-19-14-26-24-32-16-0,0.0005383810494095
77,severe,cluttered,WindAwareGreedy,32,9,0.28125,0.2642857142857143,0.0,False,18.5,70.0,1201.9864266590475,1200.47261170128,-1.986426659047737,-81.98642665904774,True,62.3475464089841,False,True,0.1043490010164107,0.0106399834665421,2.0,True,1.0,8.000:8.000|17.242:22.851|11.782:21.753|16.202:59.477|24.443:70.322|9.386:71.029|33.859:74.215|46.616:55.363|45.498:35.306|40.046:20.321|8.000:8.000,0-12-23-29-11-20-25-21-22-27-0,0.000485295895487
77,severe,cluttered,ReserveOnlyPlanner,32,8,0.25,0.25,0.25,True,17.5,70.0,1085.7591403292577,1199.365327310944,114.24085967074244,34.24085967074245,False,54.64750133229704,True,False,0.2820736500666463,0.0350791123946326,2.0,False,1.0,8.000:8.000|11.782:21.753|17.242:22.851|40.046:20.321|45.498:35.306|56.564:24.456|71.210:17.526|77.125:26.960|64.978:32.988|8.000:8.000,0-23-12-27-22-28-3-15-30-0,0.000466336030513
77,severe,cluttered,FairRiskAwareGreedy,32,14,0.4375,0.5142857142857142,0.5142857142857142,True,36.0,70.0,1083.977711129058,1152.4752978915965,116.02228887094184,36.02228887094185,False,101.62445542989484,True,False,0.0013135591560583,8.758710928531421e-05,2.8284271247461903,False,1.0,8.000:8.000|17.242:22.851|11.782:21.753|16.202:59.477|24.443:70.322|45.498:35.306|57.182:65.746|52.324:67.333|62.314:71.969|84.021:78.100|76.455:66.577|83.726:55.914|77.125:26.960|71.210:17.526|85.384:14.490|8.000:8.000,0-12-23-29-11-22-14-26-32-9-4-5-15-3-31-0,0.0009695990011096
77,severe,cluttered,FairALNSPlanner,32,15,0.46875,0.5142857142857142,0.5142857142857142,True,36.0,70.0,1039.6614618977185,1217.9180506900866,160.33853810228146,80.33853810228146,False,98.27863035923292,True,False,0.0016625098183404,0.0001039745838344,2.8284271247461903,False,1.0,8.000:8.000|11.782:21.753|17.242:22.851|65.395:58.033|76.455:66.577|84.021:78.100|83.726:55.914|88.325:55.734|79.848:42.221|62.985:43.955|54.685:42.422|64.978:32.988|77.125:26.960|71.210:17.526|91.211:12.793|85.384:14.490|8.000:8.000,0-23-12-16-4-9-5-13-7-17-6-30-15-3-1-31-0,3.483281545108184
77,severe,cluttered,RAWA-RHP,32,20,0.625,0.6571428571428571,0.6571428571428571,True,46.0,70.0,1046.1618053625757,1244.501161015669,153.83819463742412,73.83819463742412,False,106.47818729832332,True,False,0.0363218859254438,0.0017442184251991,2.0,False,1.0,8.000:8.000|11.782:21.753|17.242:22.851|46.616:55.363|52.324:67.333|51.967:70.278|57.182:65.746|62.314:71.969|84.021:78.100|89.776:82.612|76.455:66.577|88.325:55.734|83.726:55.914|79.848:42.221|71.210:17.526|77.125:26.960|64.978:32.988|62.985:43.955|54.685:42.422|45.498:35.306|40.046:20.321|8.000:8.000,0-23-12-21-26-24-14-32-9-10-4-13-5-7-3-15-30-17-6-22-27-0,14.745115170953795
77,moderate,cluttered,NearestNeighbor,32,22,0.6875,0.6984126984126984,0.0,False,44.0,63.0,1428.0663537175876,1437.32190028163,-228.06635371758728,-308.0663537175873,True,118.07551558373736,False,True,0.1267433656771791,0.0058055516891956,2.0,True,1.0,8.000:8.000|36.095:10.154|39.707:21.220|49.794:28.845|60.447:35.176|63.910:41.069|67.282:25.249|77.094:29.011|78.352:21.853|87.780:31.204|91.546:52.059|89.108:59.613|84.765:62.614|85.775:64.392|81.842:83.474|89.835:95.680|70.271:82.905|69.531:76.432|54.508:64.093|46.723:69.001|48.398:77.326|37.934:59.071|42.336:55.872|8.000:8.000,0-25-16-10-11-14-1-31-32-20-4-8-2-7-22-19-23-13-21-15-3-29-17-0,0.0018002931028604
77,moderate,cluttered,ValuePerDistance,32,19,0.59375,0.6904761904761905,0.0,False,43.5,63.0,1684.8714882476734,1666.6896030292032,-484.87148824767326,-564.8714882476733,True,121.47674885238042,False,True,0.2078013620330117,0.0113560546822143,2.0,True,1.0,8.000:8.000|49.794:28.845|63.910:41.069|60.447:35.176|67.282:25.249|63.853:13.117|77.094:29.011|78.352:21.853|91.546:52.059|85.775:64.392|84.765:62.614|89.108:59.613|81.842:83.474|70.271:82.905|69.531:76.432|54.508:64.093|46.723:69.001|48.398:77.326|27.941:67.726|10.868:83.102|8.000:8.000,0-10-14-11-1-27-31-32-4-7-2-8-22-23-13-21-15-3-26-6-0,0.0012713551986962
77,moderate,cluttered,WindAwareGreedy,32,14,0.4375,0.5555555555555556,0.0,False,35.0,63.0,1485.800254559983,1464.2834911109417,-285.8002545599831,-365.8002545599831,True,109.31521796812645,False,True,0.1468416718616065,0.0102565792743084,2.0,True,1.0,8.000:8.000|49.794:28.845|54.508:64.093|46.723:69.001|27.941:67.726|10.045:90.617|10.868:83.102|48.398:77.326|85.775:64.392|84.765:62.614|81.842:83.474|70.271:82.905|69.531:76.432|42.336:55.872|37.934:59.071|8.000:8.000,0-10-21-15-26-12-6-3-7-2-22-23-13-17-29-0,0.0012484749313443
77,moderate,cluttered,ReserveOnlyPlanner,32,12,0.375,0.3968253968253968,0.3968253968253968,True,25.0,63.0,1044.540646012119,1139.6835886638935,155.45935398788117,75.45935398788117,False,80.91622209591483,True,False,0.0225002972623049,0.0017340484341692,2.0,False,1.0,8.000:8.000|27.941:67.726|46.723:69.001|54.508:64.093|48.398:77.326|10.045:90.617|10.868:83.102|18.984:78.698|9.757:55.909|13.084:56.340|15.541:45.135|29.661:34.244|35.005:35.691|8.000:8.000,0-26-15-21-3-12-6-18-24-30-28-5-9-0,0.0012065630871802
77,moderate,cluttered,FairRiskAwareGreedy,32,15,0.46875,0.492063492063492,0.492063492063492,True,31.0,63.0,1087.7639993558882,1134.6796388580708,112.23600064411173,32.236000644111726,False,115.46714547900216,True,False,0.0032133331273437,0.0002010036227343,2.0,False,1.0,8.000:8.000|49.794:28.845|54.508:64.093|46.723:69.001|48.398:77.326|10.045:90.617|10.868:83.102|9.757:55.909|39.707:21.220|63.853:13.117|36.095:10.154|29.661:34.244|35.005:35.691|42.336:55.872|37.934:59.071|15.541:45.135|8.000:8.000,0-10-21-15-3-12-6-24-16-27-25-5-9-17-29-28-0,0.0018147230148315
77,moderate,cluttered,FairALNSPlanner,32,17,0.53125,0.6349206349206349,0.6349206349206349,True,40.0,63.0,1061.8179459201513,1181.6160294676165,138.18205407984888,58.18205407984888,False,117.25298456808164,True,False,0.0421294342353186,0.0023746000028724,2.0,False,1.0,8.000:8.000|36.095:10.154|39.707:21.220|49.794:28.845|10.868:83.102|10.045:90.617|18.984:78.698|27.941:67.726|46.723:69.001|48.398:77.326|54.508:64.093|84.765:62.614|89.108:59.613|91.546:52.059|81.842:83.474|85.775:64.392|35.005:35.691|29.661:34.244|8.000:8.000,0-25-16-10-6-12-18-26-15-3-21-2-8-4-22-7-9-5-0,6.715007817139849
77,moderate,cluttered,RAWA-RHP,32,22,0.6875,0.753968253968254,0.753968253968254,True,47.5,63.0,1047.46760967721,1188.2405070078592,152.5323903227899,72.53239032278987,False,125.51071931025896,True,False,0.0553744208945535,0.0024570683112193,2.0,False,1.0,8.000:8.000|9.757:55.909|10.868:83.102|10.045:90.617|18.984:78.698|27.941:67.726|46.723:69.001|48.398:77.326|54.508:64.093|84.765:62.614|85.775:64.392|89.108:59.613|91.546:52.059|77.094:29.011|63.910:41.069|60.447:35.176|67.282:25.249|78.352:21.853|63.853:13.117|49.794:28.845|39.707:21.220|35.005:35.691|29.661:34.244|8.000:8.000,0-24-6-12-18-26-15-3-21-2-7-8-4-31-14-11-1-32-27-10-16-9-5-0,32.29177095298655
76,moderate,cluttered,NearestNeighbor,32,27,0.84375,0.8382352941176471,0.0,False,57.0,68.0,1401.1601435030802,1377.5325526487854,-201.1601435030805,-281.1601435030805,True,137.1916298882083,False,True,0.1667963359234601,0.0063221145911431,2.0,True,1.0,8.000:8.000|24.055:17.296|21.527:52.282|28.020:56.176|33.393:63.113|32.057:64.662|32.089:68.742|43.009:66.233|48.086:60.040|39.623:56.057|38.970:53.467|36.397:47.992|42.658:43.774|54.484:37.611|59.639:31.984|60.910:28.930|63.148:23.330|73.413:31.209|88.844:37.067|92.451:25.795|92.731:20.442|89.404:17.308|80.542:45.826|66.945:55.255|73.907:66.232|77.611:71.678|62.339:78.301|54.966:82.781|8.000:8.000,0-2-15-19-14-18-6-21-28-8-11-3-7-26-29-1-17-24-16-20-22-25-10-9-13-4-5-12-0,0.0020377039909362
76,moderate,cluttered,ValuePerDistance,32,27,0.84375,0.8382352941176471,0.0,False,57.0,68.0,1631.6205756877514,1621.878464405199,-431.6205756877514,-511.6205756877514,True,146.93286314812207,False,True,0.1424042598516171,0.0053909563504937,2.0,True,1.0,8.000:8.000|24.055:17.296|63.148:23.330|73.413:31.209|54.484:37.611|59.639:31.984|60.910:28.930|42.658:43.774|36.397:47.992|38.970:53.467|39.623:56.057|48.086:60.040|43.009:66.233|32.089:68.742|32.057:64.662|33.393:63.113|28.020:56.176|21.527:52.282|19.948:79.344|15.297:81.534|31.066:84.098|37.034:84.562|54.966:82.781|77.611:71.678|73.907:66.232|66.945:55.255|80.542:45.826|88.844:37.067|8.000:8.000,0-2-17-24-26-29-1-7-3-11-8-28-21-6-18-14-19-15-27-32-31-30-12-4-13-9-10-16-0,0.001649074954912
76,moderate,cluttered,WindAwareGreedy,32,17,0.53125,0.6397058823529411,0.0,False,43.5,68.0,1386.8590406777307,1396.765980005166,-186.85904067773072,-266.8590406777307,True,125.51667871399422,False,True,0.1110261378636987,0.0064720090377774,2.0,True,1.0,8.000:8.000|24.055:17.296|63.148:23.330|73.413:31.209|89.404:17.308|92.731:20.442|92.451:25.795|77.611:71.678|38.970:53.467|36.397:47.992|42.658:43.774|54.484:37.611|66.945:55.255|54.966:82.781|43.009:66.233|39.623:56.057|21.527:52.282|32.089:68.742|8.000:8.000,0-2-17-24-25-22-20-4-11-3-7-26-9-12-21-8-15-6-0,0.0014539170078933
76,moderate,cluttered,ReserveOnlyPlanner,32,15,0.46875,0.5514705882352942,0.5514705882352942,True,37.5,68.0,1091.6362167866896,1174.841543356374,108.36378321331055,28.36378321331057,False,95.32136862785303,True,False,0.0463656986464922,0.0029501156164145,2.0,False,1.0,8.000:8.000|24.055:17.296|63.148:23.330|73.413:31.209|89.404:17.308|92.731:20.442|92.451:25.795|80.542:45.826|77.611:71.678|66.945:55.255|38.970:53.467|36.397:47.992|42.658:43.774|54.484:37.611|59.639:31.984|60.910:28.930|8.000:8.000,0-2-17-24-25-22-20-10-4-9-11-3-7-26-29-1-0,0.0014294569846242
76,moderate,cluttered,FairRiskAwareGreedy,32,16,0.5,0.5367647058823529,0.5367647058823529,True,36.5,68.0,1042.012610734999,1091.5703068930131,157.98738926500116,77.98738926500116,False,115.9773028740754,True,False,0.0174212720427554,0.0010316520265234,2.0,False,1.0,8.000:8.000|24.055:17.296|63.148:23.330|73.413:31.209|54.484:37.611|42.658:43.774|38.970:53.467|39.623:56.057|28.020:56.176|32.089:68.742|54.966:82.781|48.086:60.040|37.034:84.562|19.948:79.344|15.297:81.534|21.527:52.282|60.910:28.930|8.000:8.000,0-2-17-24-26-7-11-8-19-6-12-28-30-27-32-15-1-0,0.0018584199715405
76,moderate,cluttered,FairALNSPlanner,32,11,0.34375,0.3602941176470588,0.3602941176470588,True,24.5,68.0,589.6524112054844,651.0213746941929,610.3475887945156,530.3475887945156,False,65.78329869659255,True,False,0.0073511391371174,0.000613031062243,2.0,False,1.0,8.000:8.000|42.658:43.774|36.397:47.992|38.970:53.467|39.623:56.057|33.393:63.113|32.057:64.662|32.089:68.742|31.066:84.098|37.034:84.562|15.297:81.534|19.948:79.344|8.000:8.000,0-7-3-11-8-14-18-6-31-30-32-27-0,10.317716218996791
76,moderate,cluttered,RAWA-RHP,32,25,0.78125,0.8382352941176471,0.8382352941176471,True,57.0,68.0,1040.397114035483,1199.6420907554966,159.60288596451724,79.60288596451724,False,129.61612155929683,True,False,0.0759720909080519,0.0029986845242683,2.0,False,1.0,8.000:8.000|24.055:17.296|63.148:23.330|89.404:17.308|92.731:20.442|92.451:25.795|73.413:31.209|59.639:31.984|54.484:37.611|42.658:43.774|36.397:47.992|38.970:53.467|39.623:56.057|33.393:63.113|32.057:64.662|32.089:68.742|28.020:56.176|43.009:66.233|48.086:60.040|54.966:82.781|37.034:84.562|31.066:84.098|19.948:79.344|15.297:81.534|18.065:66.362|21.527:52.282|8.000:8.000,0-2-17-25-22-20-24-29-26-7-3-11-8-14-18-6-19-21-28-12-30-31-27-32-23-15-0,70.9797187091317
77,calm,sparse,NearestNeighbor,32,30,0.9375,0.937984496124031,0.0,False,60.5,64.5,1249.2325332941757,1247.0277274252735,-49.2325332941758,-129.2325332941758,True,149.9155171751617,False,True,0.0014169832480698,4.570932786575377e-05,2.0,True,1.0,8.000:8.000|30.123:24.208|34.103:24.440|41.897:20.957|46.428:34.658|54.169:23.507|55.839:21.943|63.028:28.467|68.224:31.742|65.212:41.426|76.898:42.932|70.829:52.418|75.746:62.636|73.715:70.367|74.442:74.454|78.126:78.638|74.204:88.595|91.528:65.398|88.980:40.153|87.704:38.413|73.591:21.539|71.051:15.362|73.750:13.981|50.118:57.439|50.794:64.478|52.981:64.107|43.060:75.425|35.340:77.338|32.415:68.038|25.631:59.283|34.486:56.297|8.000:8.000,0-16-17-28-19-26-5-13-23-12-9-30-32-4-31-22-15-29-18-25-3-8-20-10-21-7-14-1-6-24-27-0,0.0020928881131112
77,calm,sparse,ValuePerDistance,32,28,0.875,0.9069767441860463,0.0,False,58.5,64.5,1446.8536781214982,1446.4405511117868,-246.853678121498,-326.853678121498,True,164.95646982304467,False,True,0.0039571223568053,0.0001365766729515,2.0,True,1.0,8.000:8.000|41.897:20.957|34.103:24.440|30.123:24.208|63.028:28.467|73.591:21.539|71.051:15.362|73.750:13.981|87.704:38.413|88.980:40.153|91.528:65.398|78.126:78.638|74.442:74.454|73.715:70.367|75.746:62.636|70.829:52.418|76.898:42.932|65.212:41.426|50.118:57.439|50.794:64.478|52.981:64.107|43.060:75.425|35.340:77.338|32.415:68.038|25.631:59.283|34.486:56.297|27.379:87.000|21.522:88.531|74.204:88.595|8.000:8.000,0-28-17-16-13-3-8-20-25-18-29-22-31-4-32-30-9-12-10-21-7-14-1-6-24-27-2-11-15-0,0.0017116200178861
77,calm,sparse,WindAwareGreedy,32,20,0.625,0.7286821705426356,0.0,False,47.0,64.5,1402.9193327884711,1400.9085300284532,-202.91933278847156,-282.91933278847154,True,150.7638566396815,False,True,0.0027865841519524,0.0001327233856524,2.0,True,1.0,8.000:8.000|41.897:20.957|63.028:28.467|70.829:52.418|91.528:65.398|78.126:78.638|35.340:77.338|27.379:87.000|50.118:57.439|50.794:64.478|43.060:75.425|32.415:68.038|34.486:56.297|73.591:21.539|71.051:15.362|87.704:38.413|88.980:40.153|75.746:62.636|73.715:70.367|74.442:74.454|74.204:88.595|8.000:8.000,0-28-13-30-29-22-1-2-10-21-14-6-27-3-8-25-18-32-4-31-15-0,0.001576896989718
77,calm,sparse,ReserveOnlyPlanner,32,20,0.625,0.7131782945736435,0.7131782945736435,True,46.0,64.5,1105.9699205972202,1148.5986647646648,94.03007940277952,14.030079402779537,False,124.22074455581412,True,False,0.0135070218137888,0.000645672842599,2.0,False,1.0,8.000:8.000|41.897:20.957|63.028:28.467|73.591:21.539|71.051:15.362|73.750:13.981|70.829:52.418|91.528:65.398|78.126:78.638|74.442:74.454|73.715:70.367|75.746:62.636|87.704:38.413|88.980:40.153|76.898:42.932|50.118:57.439|50.794:64.478|35.340:77.338|27.379:87.000|32.415:68.038|34.486:56.297|8.000:8.000,0-28-13-3-8-20-30-29-22-31-4-32-25-18-9-10-21-1-2-6-27-0,0.0016935351304709
77,calm,sparse,FairRiskAwareGreedy,32,15,0.46875,0.5503875968992248,0.5503875968992248,True,35.5,64.5,1062.0430640299237,1079.3300947268344,137.95693597007596,57.95693597007596,False,119.58711133372692,True,False,0.0088590535231187,0.0005553025158881,2.0,False,1.0,8.000:8.000|41.897:20.957|63.028:28.467|70.829:52.418|78.126:78.638|35.340:77.338|50.118:57.439|91.528:65.398|73.591:21.539|71.051:15.362|87.704:38.413|88.980:40.153|55.839:21.943|54.169:23.507|34.103:24.440|30.123:24.208|8.000:8.000,0-28-13-30-22-1-10-29-3-8-25-18-5-26-17-16-0,0.0026803892105817
77,calm,sparse,FairALNSPlanner,32,27,0.84375,0.8992248062015504,0.8992248062015504,True,58.0,64.5,1062.0771060613738,1138.476757648415,137.9228939386263,57.92289393862629,False,138.46213791862328,True,False,5.302755102021273e-06,1.893844564226921e-07,2.8284271247461903,False,1.0,8.000:8.000|55.839:21.943|54.169:23.507|63.028:28.467|71.051:15.362|73.750:13.981|73.591:21.539|87.704:38.413|88.980:40.153|91.528:65.398|74.204:88.595|78.126:78.638|74.442:74.454|73.715:70.367|75.746:62.636|70.829:52.418|50.118:57.439|50.794:64.478|43.060:75.425|27.379:87.000|35.340:77.338|32.415:68.038|25.631:59.283|34.486:56.297|46.428:34.658|41.897:20.957|34.103:24.440|30.123:24.208|8.000:8.000,0-5-26-13-8-20-3-25-18-29-15-22-31-4-32-30-10-21-14-2-1-6-24-27-19-28-17-16-0,17.226525030098855
77,calm,sparse,RAWA-RHP,32,28,0.875,0.9069767441860463,0.9069767441860463,True,58.5,64.5,1052.7203920608035,1134.0709143250456,147.27960793919658,67.27960793919658,False,138.1741409769374,True,False,0.0029188635149119,0.0001006508802557,2.0,False,1.0,8.000:8.000|30.123:24.208|34.103:24.440|41.897:20.957|55.839:21.943|54.169:23.507|63.028:28.467|68.224:31.742|71.051:15.362|73.750:13.981|73.591:21.539|87.704:38.413|88.980:40.153|91.528:65.398|74.204:88.595|78.126:78.638|74.442:74.454|73.715:70.367|75.746:62.636|70.829:52.418|50.118:57.439|50.794:64.478|52.981:64.107|43.060:75.425|27.379:87.000|35.340:77.338|32.415:68.038|34.486:56.297|25.631:59.283|8.000:8.000,0-16-17-28-5-26-13-23-8-20-3-25-18-29-15-22-31-4-32-30-10-21-7-14-2-1-6-27-24-0,44.77254237700254
77,severe,sparse,NearestNeighbor,32,12,0.375,0.3543307086614173,0.0,False,22.5,63.5,1222.411059254959,1238.8204797271223,-22.411059254958914,-102.41105925495891,True,67.26889923176567,False,True,0.0775068284661379,0.0060475501537514,2.0,True,1.0,8.000:8.000|21.142:16.210|12.121:22.824|26.575:33.771|34.823:46.240|36.057:43.122|45.891:41.146|55.227:35.521|52.741:31.889|46.512:27.797|57.677:20.732|61.676:30.807|74.396:30.440|8.000:8.000,0-7-27-17-24-22-14-23-31-21-19-8-20-0,0.0012026471085846
77,severe,sparse,ValuePerDistance,32,12,0.375,0.4330708661417323,0.0,False,27.5,63.5,1381.7854596837092,1394.3638346064326,-181.78545968370904,-261.78545968370906,True,75.29478591314984,False,True,0.1031341715069441,0.0080367488884025,2.0,True,1.0,8.000:8.000|21.142:16.210|26.575:33.771|36.057:43.122|34.823:46.240|45.891:41.146|51.060:52.193|36.824:75.717|27.315:70.065|24.058:67.842|25.756:83.978|30.941:93.381|34.299:79.767|8.000:8.000,0-7-17-22-24-14-32-16-29-12-9-11-5-0,0.0009387710597366
77,severe,sparse,WindAwareGreedy,32,11,0.34375,0.3700787401574803,0.0,False,23.5,63.5,1361.834638956965,1345.6310707018836,-161.8346389569649,-241.8346389569649,True,70.81220769442626,False,True,0.1413176380065566,0.0122198716757903,2.0,True,1.0,8.000:8.000|21.142:16.210|12.121:22.824|26.575:33.771|36.057:43.122|34.823:46.240|46.512:27.797|57.677:20.732|52.741:31.889|45.891:41.146|24.058:67.842|27.315:70.065|8.000:8.000,0-7-27-17-22-24-21-19-31-14-12-29-0,0.0010011198464781
77,severe,sparse,ReserveOnlyPlanner,32,9,0.28125,0.2913385826771653,0.2913385826771653,True,18.5,63.5,1049.3972244505546,1101.5641648479216,150.60277554944545,70.60277554944543,False,53.91891043956697,True,False,0.2066743601217774,0.0218679135543818,2.0,False,1.0,8.000:8.000|21.142:16.210|12.121:22.824|26.575:33.771|36.057:43.122|34.823:46.240|45.891:41.146|46.512:27.797|57.677:20.732|52.741:31.889|8.000:8.000,0-7-27-17-22-24-14-21-19-31-0,0.0009076099377125
77,severe,sparse,FairRiskAwareGreedy,32,11,0.34375,0.4251968503937008,0.4251968503937008,True,27.0,63.5,1019.2157140758952,1073.8424245056017,180.7842859241048,100.7842859241048,False,90.17069137359658,True,False,0.0100810204916758,0.0008424423193489,2.8284271247461903,False,1.0,8.000:8.000|21.142:16.210|46.512:27.797|57.677:20.732|88.137:57.765|91.811:64.794|92.480:19.174|36.824:75.717|36.057:43.122|34.823:46.240|26.575:33.771|12.121:22.824|8.000:8.000,0-7-21-19-18-28-2-16-22-24-17-27-0,0.0017315410077571
77,severe,sparse,FairALNSPlanner,32,15,0.46875,0.5433070866141733,0.5433070866141733,True,34.5,63.5,1017.4285147126624,1211.462087500682,182.57148528733796,102.57148528733794,False,99.4989137401143,True,False,0.0186282762658525,0.0011679843829455,2.0,False,1.0,8.000:8.000|26.575:33.771|24.058:67.842|27.315:70.065|36.824:75.717|34.299:79.767|25.756:83.978|30.941:93.381|42.886:89.960|77.189:69.097|51.060:52.193|45.891:41.146|36.057:43.122|34.823:46.240|21.142:16.210|46.512:27.797|8.000:8.000,0-17-12-29-16-5-9-11-30-6-32-14-22-24-7-21-0,5.8269260509405285
77,severe,sparse,RAWA-RHP,32,24,0.75,0.7637795275590551,0.7637795275590551,True,48.5,63.5,1051.6334995282398,1271.8710100060664,148.3665004717602,68.36650047176019,False,115.9043315370408,True,False,0.0232645858695629,0.0009365990414674,2.0,False,1.0,8.000:8.000|12.121:22.824|26.575:33.771|36.057:43.122|34.823:46.240|24.058:67.842|27.315:70.065|36.824:75.717|34.299:79.767|30.941:93.381|42.886:89.960|77.189:69.097|81.268:74.112|85.943:74.211|89.563:71.954|95.125:66.189|91.811:64.794|88.137:57.765|87.403:53.555|61.676:30.807|55.227:35.521|52.741:31.889|57.677:20.732|46.512:27.797|21.142:16.210|8.000:8.000,0-27-17-22-24-12-29-16-5-11-30-6-1-13-3-15-28-18-25-8-23-31-19-21-7-0,23.54239608696662
76,moderate,sparse,NearestNeighbor,32,27,0.84375,0.8396946564885496,0.0,False,55.0,65.5,1478.7842129516507,1467.351631782069,-278.78421295165106,-358.78421295165106,True,134.91560785885144,False,True,0.0958876649638261,0.003536359241526,2.0,True,1.0,8.000:8.000|30.641:27.376|33.003:33.012|36.370:32.470|30.040:38.357|25.831:36.035|33.619:50.112|40.520:50.511|35.749:59.316|36.246:75.879|32.330:75.081|30.387:73.755|10.484:73.384|67.668:84.286|76.655:74.667|82.742:64.730|78.206:49.835|74.543:49.813|70.449:47.158|67.664:49.807|65.833:32.878|74.292:23.432|76.741:24.016|88.597:18.136|78.248:11.936|62.816:14.385|60.004:14.534|59.422:21.660|8.000:8.000,0-4-27-26-1-3-31-19-17-32-14-28-9-16-12-8-30-23-15-25-20-7-18-29-2-11-21-10-0,0.0011878670193254
76,moderate,sparse,ValuePerDistance,32,24,0.75,0.7862595419847328,0.0,False,51.5,65.5,1450.727892566819,1468.1049231571485,-250.7278925668187,-330.7278925668187,True,137.6967898134612,False,True,0.04883624170144,0.0019544982832562,2.0,True,1.0,8.000:8.000|30.040:38.357|25.831:36.035|33.003:33.012|36.370:32.470|30.641:27.376|50.497:26.586|59.422:21.660|60.004:14.534|62.816:14.385|78.248:11.936|88.597:18.136|74.292:23.432|76.741:24.016|65.833:32.878|70.449:47.158|67.664:49.807|78.206:49.835|74.543:49.813|82.742:64.730|95.275:42.664|95.735:40.386|93.873:85.695|67.668:84.286|76.655:74.667|8.000:8.000,0-1-3-27-26-4-22-10-21-11-2-29-7-18-20-15-25-30-23-8-13-6-5-16-12-0,0.0008802600204944
76,moderate,sparse,WindAwareGreedy,32,20,0.625,0.6946564885496184,0.0,False,45.5,65.5,1657.3716519668983,1663.0286830487184,-457.37165196689887,-537.3716519668989,True,141.43577514980348,False,True,0.1076536105736931,0.005193871740961,2.0,True,1.0,8.000:8.000|30.040:38.357|36.370:32.470|59.422:21.660|78.248:11.936|78.206:49.835|70.449:47.158|67.664:49.807|95.275:42.664|95.735:40.386|82.742:64.730|93.873:85.695|67.668:84.286|25.831:36.035|33.003:33.012|30.641:27.376|50.497:26.586|65.833:32.878|74.292:23.432|76.741:24.016|88.597:18.136|8.000:8.000,0-1-26-10-2-30-15-25-13-6-8-5-16-3-27-4-22-20-7-18-29-0,0.0008168770000338
76,moderate,sparse,ReserveOnlyPlanner,32,16,0.5,0.5801526717557252,0.5801526717557252,True,38.0,65.5,1114.4985273578382,1169.8034962501708,85.50147264216218,5.5014726421621845,False,101.0675459281917,True,False,0.0637682792134776,0.0037814095588985,2.0,False,1.0,8.000:8.000|30.040:38.357|36.370:32.470|59.422:21.660|78.248:11.936|95.275:42.664|95.735:40.386|78.206:49.835|70.449:47.158|67.664:49.807|82.742:64.730|76.655:74.667|67.668:84.286|35.749:59.316|25.831:36.035|33.003:33.012|30.641:27.376|8.000:8.000,0-1-26-10-2-13-6-30-15-25-8-12-16-17-3-27-4-0,0.0008196830749511
76,moderate,sparse,FairRiskAwareGreedy,32,17,0.53125,0.6259541984732825,0.6259541984732825,True,41.0,65.5,1093.0212349085866,1134.6973971850305,106.9787650914134,26.978765091413408,False,121.1496704519645,True,False,0.0063398874852554,0.0003522312772003,2.0,False,1.0,8.000:8.000|30.040:38.357|25.831:36.035|36.370:32.470|33.003:33.012|78.206:49.835|70.449:47.158|67.664:49.807|82.742:64.730|95.275:42.664|78.248:11.936|62.816:14.385|60.004:14.534|50.497:26.586|65.833:32.878|74.292:23.432|35.749:59.316|10.484:73.384|8.000:8.000,0-1-3-26-27-30-15-25-8-13-2-11-21-22-20-7-17-9-0,0.0014286180958151
76,moderate,sparse,FairALNSPlanner,32,24,0.75,0.8091603053435115,0.8091603053435115,True,53.0,65.5,1049.1214032757866,1209.4695386283624,150.8785967242132,70.8785967242132,False,133.17272376754568,True,False,0.0755724354006123,0.0030901851765965,2.0,False,1.0,8.000:8.000|51.810:10.843|60.004:14.534|62.816:14.385|78.248:11.936|59.422:21.660|50.497:26.586|40.520:50.511|35.749:59.316|36.246:75.879|32.330:75.081|30.387:73.755|30.040:38.357|25.831:36.035|33.003:33.012|65.833:32.878|95.735:40.386|95.275:42.664|82.742:64.730|78.206:49.835|74.543:49.813|70.449:47.158|67.664:49.807|36.370:32.470|30.641:27.376|8.000:8.000,0-24-21-11-2-10-22-19-17-32-14-28-1-3-27-20-6-13-8-30-23-15-25-26-4-0,15.024125039111825
76,moderate,sparse,RAWA-RHP,32,27,0.84375,0.8854961832061069,0.8854961832061069,True,58.0,65.5,1041.224024475445,1193.1669144955358,158.77597552455484,78.77597552455484,False,135.17680100061645,True,False,0.0520470432705973,0.0018682771237367,2.0,False,1.0,8.000:8.000|30.641:27.376|33.003:33.012|36.370:32.470|50.497:26.586|59.422:21.660|62.816:14.385|60.004:14.534|78.248:11.936|76.741:24.016|74.292:23.432|65.833:32.878|95.735:40.386|95.275:42.664|82.742:64.730|78.206:49.835|74.543:49.813|70.449:47.158|67.664:49.807|36.246:75.879|32.330:75.081|30.387:73.755|10.484:73.384|35.749:59.316|40.520:50.511|33.619:50.112|25.831:36.035|30.040:38.357|8.000:8.000,0-4-27-26-22-10-11-21-2-18-7-20-6-13-8-30-23-15-25-32-14-28-9-17-19-31-3-1-0,97.7077379799448
73,moderate,sparse,NearestNeighbor,32,30,0.9375,0.905511811023622,0.0,False,57.5,63.5,1393.60582249777,1392.3958472455538,-193.60582249777025,-273.60582249777025,True,139.42981001739383,False,True,0.1443565463313362,0.0049577534901377,2.0,True,1.0,8.000:8.000|16.921:28.931|13.837:34.007|13.577:36.261|10.562:38.862|23.910:37.204|32.304:18.782|43.678:21.583|45.032:19.895|49.035:21.559|52.297:19.675|49.980:37.848|46.713:38.105|45.831:41.278|48.592:41.073|50.894:46.091|46.404:52.081|56.512:63.015|57.610:61.331|67.956:55.170|74.006:61.275|76.647:57.902|73.826:65.787|90.468:81.066|83.163:47.868|77.964:39.874|82.351:37.012|87.647:31.073|85.091:26.504|72.457:33.801|67.805:21.901|8.000:8.000,0-15-4-6-32-1-27-3-20-12-29-7-28-24-16-30-22-13-10-11-14-31-8-5-9-21-17-25-26-2-18-0,0.001890922896564
73,moderate,sparse,ValuePerDistance,32,25,0.78125,0.8188976377952756,0.0,False,52.0,63.5,1436.1748607430284,1417.49028973577,-236.1748607430284,-316.1748607430284,True,133.10381300011983,False,True,0.1400230045516324,0.005726404764372,2.0,True,1.0,8.000:8.000|16.921:28.931|13.837:34.007|13.577:36.261|10.562:38.862|23.910:37.204|46.713:38.105|45.831:41.278|48.592:41.073|49.980:37.848|50.894:46.091|46.404:52.081|46.960:71.125|50.885:73.747|57.610:61.331|56.512:63.015|73.826:65.787|74.006:61.275|76.647:57.902|77.964:39.874|87.647:31.073|85.091:26.504|72.457:33.801|82.351:37.012|83.163:47.868|90.468:81.066|8.000:8.000,0-15-4-6-32-1-28-24-16-7-30-22-19-23-10-13-8-14-31-21-25-26-2-17-9-5-0,0.0016282510478049
73,moderate,sparse,WindAwareGreedy,32,19,0.59375,0.7244094488188977,0.0,False,46.0,63.5,1453.875747665295,1449.2975181296283,-253.875747665295,-333.87574766529497,True,124.27033994798536,False,True,0.1131184349805859,0.0058851530882838,2.0,True,1.0,8.000:8.000|16.921:28.931|32.304:18.782|46.713:38.105|46.404:52.081|46.960:71.125|50.885:73.747|73.826:65.787|77.964:39.874|87.647:31.073|49.035:21.559|43.678:21.583|45.032:19.895|23.910:37.204|45.831:41.278|48.592:41.073|50.894:46.091|74.006:61.275|76.647:57.902|72.457:33.801|8.000:8.000,0-15-27-28-22-19-23-8-21-25-12-3-20-1-24-16-30-14-31-2-0,0.0011949108447879
73,moderate,sparse,ReserveOnlyPlanner,32,17,0.53125,0.6535433070866141,0.6535433070866141,True,41.5,63.5,1095.084271384657,1161.8969294836943,104.91572861534296,24.91572861534297,False,99.51529315876851,True,False,0.1332486267606226,0.0078534984282947,2.0,False,1.0,8.000:8.000|32.304:18.782|49.035:21.559|43.678:21.583|46.713:38.105|48.592:41.073|45.831:41.278|46.404:52.081|50.894:46.091|77.964:39.874|87.647:31.073|85.091:26.504|72.457:33.801|73.826:65.787|74.006:61.275|50.885:73.747|46.960:71.125|23.910:37.204|8.000:8.000,0-27-12-3-28-16-24-22-30-21-25-26-2-8-14-23-19-1-0,0.0009182798676192
73,moderate,sparse,FairRiskAwareGreedy,32,16,0.5,0.5905511811023622,0.5905511811023622,True,37.5,63.5,1095.4758142207745,1144.3048331532268,104.52418577922543,24.524185779225437,False,119.53412124605843,True,False,0.0035906957325186,0.0002114993482936,2.0,False,1.0,8.000:8.000|16.921:28.931|32.304:18.782|46.713:38.105|77.964:39.874|46.404:52.081|46.960:71.125|50.885:73.747|73.826:65.787|74.006:61.275|49.035:21.559|43.678:21.583|45.032:19.895|13.837:34.007|10.562:38.862|13.577:36.261|57.610:61.331|8.000:8.000,0-15-27-28-21-22-19-23-8-14-12-3-20-4-32-6-10-0,0.0012279050424695
73,moderate,sparse,FairALNSPlanner,32,25,0.78125,0.8740157480314961,0.8740157480314961,True,55.5,63.5,1049.198812489856,1178.136779967938,150.8011875101443,70.8011875101443,False,130.34343695244667,True,False,0.0513038944739263,0.0020044653451171,2.0,False,1.0,8.000:8.000|16.921:28.931|13.837:34.007|13.577:36.261|49.035:21.559|45.032:19.895|43.678:21.583|46.713:38.105|45.831:41.278|48.592:41.073|49.980:37.848|50.894:46.091|46.404:52.081|57.610:61.331|56.512:63.015|46.960:71.125|50.885:73.747|73.826:65.787|74.006:61.275|90.468:81.066|87.647:31.073|82.351:37.012|77.964:39.874|72.457:33.801|23.910:37.204|32.304:18.782|8.000:8.000,0-15-4-6-12-20-3-28-24-16-7-30-22-10-13-19-23-8-14-5-25-17-21-2-1-27-0,15.08040160103701
73,moderate,sparse,RAWA-RHP,32,30,0.9375,0.968503937007874,0.968503937007874,True,61.5,63.5,1034.066129735278,1175.3001663383022,165.9338702647218,85.9338702647218,False,134.53177077188724,True,False,0.069203436927118,0.0022861345187909,2.0,False,1.0,8.000:8.000|10.562:38.862|13.577:36.261|13.837:34.007|16.921:28.931|23.910:37.204|49.980:37.848|46.713:38.105|45.831:41.278|48.592:41.073|50.894:46.091|46.404:52.081|57.610:61.331|56.512:63.015|46.960:71.125|50.885:73.747|90.468:81.066|73.826:65.787|74.006:61.275|76.647:57.902|67.956:55.170|83.163:47.868|87.647:31.073|82.351:37.012|77.964:39.874|72.457:33.801|52.297:19.675|49.035:21.559|43.678:21.583|45.032:19.895|32.304:18.782|8.000:8.000,0-32-6-4-15-1-7-28-24-16-30-22-10-13-19-23-5-8-14-31-11-9-25-17-21-2-29-12-3-20-27-0,186.6794833599124
78,severe,cluttered,NearestNeighbor,32,16,0.5,0.423728813559322,0.0,False,25.0,59.0,1292.526536274952,1254.5781463822411,-92.5265362749518,-172.5265362749518,True,81.66102870857021,False,True,0.3141316334472441,0.0210538888270409,2.0,True,1.0,8.000:8.000|20.375:14.358|17.186:25.914|28.972:23.923|36.964:33.268|46.048:39.309|54.166:36.459|50.403:47.736|58.137:48.052|47.410:60.779|40.139:61.263|38.692:62.717|33.647:72.871|34.821:77.498|33.190:80.522|27.201:83.863|24.084:66.475|8.000:8.000,0-30-2-21-3-23-12-24-27-19-5-16-6-15-14-8-26-0,0.0014848550781607
78,severe,cluttered,ValuePerDistance,32,16,0.5,0.5677966101694916,0.0,False,33.5,59.0,1247.1001431187071,1268.195504632201,-47.10014311870741,-127.1001431187074,True,84.75163963906877,False,True,0.187189891109742,0.0117794427835109,2.0,True,1.0,8.000:8.000|17.186:25.914|28.972:23.923|46.073:24.497|49.958:24.750|47.261:11.434|62.248:8.507|76.556:29.637|73.570:27.289|72.815:22.431|58.137:48.052|50.403:47.736|47.410:60.779|40.139:61.263|38.692:62.717|35.668:46.030|36.964:33.268|8.000:8.000,0-2-21-29-9-7-25-10-31-11-27-24-19-5-16-13-3-0,0.0011785288807004
78,severe,cluttered,WindAwareGreedy,32,11,0.34375,0.4152542372881356,0.0,False,24.5,59.0,1287.9244078424829,1307.7995965763023,-87.92440784248299,-167.924407842483,True,76.6032666088169,False,True,0.3150485472865648,0.0296837726831734,2.0,True,1.0,8.000:8.000|17.186:25.914|47.261:11.434|62.248:8.507|49.958:24.750|46.073:24.497|28.972:23.923|20.375:14.358|35.668:46.030|47.410:60.779|40.139:61.263|38.692:62.717|8.000:8.000,0-2-7-25-9-29-21-30-13-19-5-16-0,0.0010367501527071
78,severe,cluttered,ReserveOnlyPlanner,32,9,0.28125,0.3389830508474576,0.3389830508474576,True,20.0,59.0,817.2400536235804,943.7796711064968,382.7599463764199,302.75994637641986,False,55.17809613405543,True,False,0.1699805269501163,0.0179690053323215,2.0,False,1.0,8.000:8.000|17.186:25.914|28.972:23.923|47.261:11.434|62.248:8.507|49.958:24.750|46.073:24.497|35.668:46.030|36.964:33.268|20.375:14.358|8.000:8.000,0-2-21-7-25-9-29-13-3-30-0,0.0009611598215997
78,severe,cluttered,FairRiskAwareGreedy,32,5,0.15625,0.1949152542372881,0.1949152542372881,True,11.5,59.0,457.6098204886412,486.62758043942506,742.3901795113588,662.3901795113588,False,44.9075604484752,True,False,3.18741311182702e-05,5.312410822281659e-06,2.8284271247461903,False,1.0,8.000:8.000|47.261:11.434|62.248:8.507|76.556:29.637|72.815:22.431|73.570:27.289|8.000:8.000,0-7-25-10-11-31-0,0.0006961449980735
78,severe,cluttered,FairALNSPlanner,32,16,0.5,0.5677966101694916,0.5677966101694916,True,33.5,59.0,1006.4926286140246,1218.9674938381463,193.5073713859755,113.50737138597547,False,105.60808611845744,True,False,0.0092565123836907,0.0005457523144257,2.8284271247461903,False,1.0,8.000:8.000|47.261:11.434|76.556:29.637|73.570:27.289|72.815:22.431|62.248:8.507|28.972:23.923|46.073:24.497|49.958:24.750|58.137:48.052|50.403:47.736|71.079:74.208|64.963:80.692|47.410:60.779|40.139:61.263|38.692:62.717|24.084:66.475|8.000:8.000,0-7-10-31-11-25-21-29-9-27-24-32-4-19-5-16-26-0,4.630316282156855
78,severe,cluttered,RAWA-RHP,32,20,0.625,0.652542372881356,0.652542372881356,True,38.5,59.0,1047.3159822848654,1251.2914989043566,152.68401771513473,72.68401771513473,False,113.38215926057865,True,False,0.0429556951836912,0.0020651108890498,2.0,False,1.0,8.000:8.000|47.261:11.434|76.556:29.637|73.570:27.289|72.815:22.431|62.248:8.507|28.972:23.923|46.073:24.497|49.958:24.750|54.166:36.459|58.137:48.052|75.502:58.092|80.860:59.431|82.747:62.747|71.079:74.208|64.963:80.692|47.410:60.779|50.403:47.736|46.048:39.309|36.964:33.268|20.375:14.358|8.000:8.000,0-7-10-31-11-25-21-29-9-12-27-22-18-28-32-4-19-24-23-3-30-0,19.238659346010536
76,calm,sparse,NearestNeighbor,32,31,0.96875,0.9758064516129032,0.0,False,60.5,62.0,1229.6887213893067,1229.913866735851,-29.68872138930646,-109.68872138930648,True,151.0606695141987,False,True,0.0208379654845183,0.0006570786024868,2.0,True,1.0,8.000:8.000|18.173:31.897|23.874:33.507|25.820:34.127|31.133:37.762|29.598:49.496|34.866:50.065|44.476:39.730|46.633:38.877|51.342:44.923|64.927:47.067|74.797:53.650|76.822:55.477|75.428:64.022|77.704:71.321|62.208:88.927|47.769:92.875|36.834:87.581|35.757:81.821|35.189:76.896|37.251:75.416|47.070:78.099|60.029:67.232|82.074:46.070|81.603:39.305|86.407:32.453|93.133:43.248|96.144:43.205|88.307:49.979|54.717:28.802|48.163:19.606|13.813:37.163|8.000:8.000,0-20-12-2-17-25-18-15-8-13-26-7-16-21-27-3-14-5-24-30-28-29-4-31-22-9-1-19-10-32-6-23-0,0.002222754061222
76,calm,sparse,ValuePerDistance,32,29,0.90625,0.935483870967742,0.0,False,58.0,62.0,1315.7997309669215,1321.3756483637237,-115.79973096692116,-195.7997309669212,True,155.63921578574286,False,True,0.0220156752229262,0.0007406475203685,2.0,True,1.0,8.000:8.000|18.173:31.897|23.874:33.507|25.820:34.127|31.133:37.762|29.598:49.496|34.866:50.065|46.633:38.877|44.476:39.730|51.342:44.923|64.927:47.067|74.797:53.650|76.822:55.477|75.428:64.022|77.704:71.321|96.144:43.205|93.133:43.248|88.307:49.979|82.074:46.070|86.407:32.453|81.603:39.305|54.717:28.802|48.163:19.606|36.834:87.581|35.757:81.821|35.189:76.896|37.251:75.416|47.070:78.099|62.208:88.927|60.029:67.232|8.000:8.000,0-20-12-2-17-25-18-8-15-13-26-7-16-21-27-19-1-10-31-9-22-32-6-5-24-30-28-29-3-4-0,0.0016724639572203
76,calm,sparse,WindAwareGreedy,32,22,0.6875,0.7741935483870968,0.0,False,48.0,62.0,1273.921341707107,1278.9137660390652,-73.92134170710749,-153.9213417071075,True,141.89286172294112,False,True,0.0332671701832654,0.0014663360555973,2.0,True,1.0,8.000:8.000|18.173:31.897|23.874:33.507|29.598:49.496|46.633:38.877|44.476:39.730|74.797:53.650|75.428:64.022|77.704:71.321|76.822:55.477|96.144:43.205|86.407:32.453|54.717:28.802|64.927:47.067|36.834:87.581|35.757:81.821|35.189:76.896|34.866:50.065|23.294:57.037|13.813:37.163|25.820:34.127|31.133:37.762|51.342:44.923|8.000:8.000,0-20-12-25-8-15-7-21-27-16-19-9-32-26-5-24-30-18-11-23-2-17-13-0,0.0016330890357494
76,calm,sparse,ReserveOnlyPlanner,32,20,0.625,0.6935483870967742,0.6935483870967742,True,43.0,62.0,1018.8638827209426,1042.7952112006335,181.13611727905723,101.13611727905725,False,114.83628120168026,True,False,0.0396579949476942,0.0019218118908244,2.0,False,1.0,8.000:8.000|18.173:31.897|23.874:33.507|29.598:49.496|34.866:50.065|46.633:38.877|44.476:39.730|54.717:28.802|74.797:53.650|75.428:64.022|77.704:71.321|76.822:55.477|96.144:43.205|86.407:32.453|93.133:43.248|88.307:49.979|64.927:47.067|51.342:44.923|31.133:37.762|13.813:37.163|25.820:34.127|8.000:8.000,0-20-12-25-18-8-15-32-7-21-27-16-19-9-1-10-26-13-17-23-2-0,0.0016871688421815
76,calm,sparse,FairRiskAwareGreedy,32,16,0.5,0.6370967741935484,0.6370967741935484,True,39.5,62.0,1099.5248496233733,1120.169710134462,100.47515037662647,20.475150376626477,False,124.6203070262706,True,False,0.0134575037942562,0.0007951718844189,2.0,False,1.0,8.000:8.000|46.633:38.877|29.598:49.496|36.834:87.581|35.757:81.821|74.797:53.650|75.428:64.022|77.704:71.321|96.144:43.205|86.407:32.453|76.822:55.477|64.927:47.067|44.476:39.730|23.874:33.507|18.173:31.897|34.866:50.065|54.717:28.802|8.000:8.000,0-8-25-5-24-7-21-27-19-9-16-26-15-12-20-18-32-0,0.0025776550173759
76,calm,sparse,FairALNSPlanner,32,28,0.875,0.9274193548387096,0.9274193548387096,True,57.5,62.0,1044.5453526020672,1122.924298201183,155.45464739793263,75.45464739793263,False,139.33725545839872,True,False,0.0224611824827657,0.0007815676476336,2.0,False,1.0,8.000:8.000|48.163:19.606|54.717:28.802|86.407:32.453|96.144:43.205|93.133:43.248|88.307:49.979|76.822:55.477|77.704:71.321|75.428:64.022|74.797:53.650|64.927:47.067|51.342:44.923|46.633:38.877|44.476:39.730|60.029:67.232|62.208:88.927|36.834:87.581|35.757:81.821|35.189:76.896|37.251:75.416|23.294:57.037|29.598:49.496|34.866:50.065|31.133:37.762|25.820:34.127|23.874:33.507|18.173:31.897|13.813:37.163|8.000:8.000,0-6-32-9-19-1-10-16-27-21-7-26-13-8-15-4-3-5-24-30-28-11-25-18-17-2-12-20-23-0,18.03584705479443
76,calm,sparse,RAWA-RHP,32,29,0.90625,0.9516129032258064,0.9516129032258064,True,59.0,62.0,1060.8844636252113,1130.2391516546706,139.1155363747891,59.11553637478909,False,140.3479970887905,True,False,0.0269183339217771,0.0009070470942352,2.0,False,1.0,8.000:8.000|48.163:19.606|54.717:28.802|64.927:47.067|86.407:32.453|96.144:43.205|93.133:43.248|88.307:49.979|76.822:55.477|74.797:53.650|75.428:64.022|77.704:71.321|62.208:88.927|60.029:67.232|47.070:78.099|36.834:87.581|35.757:81.821|35.189:76.896|37.251:75.416|23.294:57.037|29.598:49.496|34.866:50.065|51.342:44.923|46.633:38.877|44.476:39.730|31.133:37.762|25.820:34.127|23.874:33.507|18.173:31.897|13.813:37.163|8.000:8.000,0-6-32-26-9-19-1-10-16-7-21-27-3-4-29-5-24-30-28-11-25-18-13-8-15-17-2-12-20-23-0,103.5894288138952
78,calm,cluttered,NearestNeighbor,32,30,0.9375,0.9302325581395348,0.0,False,60.0,64.5,1257.9117467310627,1268.1021880577937,-57.91174673106259,-137.91174673106258,True,153.00164804021384,False,True,0.0248261168857909,0.0008094330471785,2.0,True,1.0,8.000:8.000|11.268:25.539|37.290:35.776|50.636:31.523|56.587:28.762|64.010:30.536|70.828:24.798|81.947:21.382|86.688:32.062|83.861:37.843|90.062:40.919|91.030:51.562|91.844:62.275|83.513:67.251|83.929:69.354|74.185:64.173|74.556:59.889|60.003:70.580|57.172:71.108|55.391:81.256|64.175:83.265|65.785:95.125|42.511:97.097|35.276:91.754|42.185:62.844|41.108:55.556|50.700:60.344|58.961:48.399|58.526:19.415|49.102:17.312|65.250:9.119|8.000:8.000,0-16-14-24-15-8-25-7-6-29-12-4-2-3-13-22-18-17-20-23-32-19-5-9-10-30-31-11-28-21-27-0,0.0021094940602779
78,calm,cluttered,ValuePerDistance,32,27,0.84375,0.8682170542635659,0.0,False,56.0,64.5,1370.4131036171211,1372.599257798724,-170.41310361712084,-250.41310361712084,True,155.89971156417005,False,True,0.0269442729072179,0.0009735840998836,2.0,True,1.0,8.000:8.000|11.268:25.539|37.290:35.776|50.636:31.523|56.587:28.762|64.010:30.536|70.828:24.798|83.861:37.843|90.062:40.919|91.030:51.562|91.844:62.275|83.513:67.251|83.929:69.354|74.185:64.173|74.556:59.889|58.961:48.399|50.700:60.344|42.185:62.844|41.108:55.556|22.286:61.853|8.462:74.201|35.276:91.754|42.511:97.097|64.175:83.265|55.391:81.256|57.172:71.108|60.003:70.580|65.785:95.125|8.000:8.000,0-16-14-24-15-8-25-29-12-4-2-3-13-22-18-11-31-10-30-26-1-9-5-32-23-20-17-19-0,0.0015793330967426
78,calm,cluttered,WindAwareGreedy,32,20,0.625,0.7286821705426356,0.0,False,47.0,64.5,1469.9310141726305,1477.14323677835,-269.9310141726305,-349.9310141726305,True,156.21003451600552,False,True,0.0407381594102418,0.0019742265723289,2.0,True,1.0,8.000:8.000|58.961:48.399|70.828:24.798|83.861:37.843|91.844:62.275|83.513:67.251|83.929:69.354|64.175:83.265|50.700:60.344|22.286:61.853|50.636:31.523|56.587:28.762|49.102:17.312|65.250:9.119|81.947:21.382|90.062:40.919|91.030:51.562|74.185:64.173|57.172:71.108|35.276:91.754|42.511:97.097|8.000:8.000,0-11-25-29-2-3-13-32-31-26-24-15-21-27-7-12-4-22-20-9-5-0,0.0015869690105319
78,calm,cluttered,ReserveOnlyPlanner,32,17,0.53125,0.6434108527131783,0.6434108527131783,True,41.5,64.5,1099.8316048022468,1133.6827519162537,100.16839519775326,20.168395197753256,False,118.81714293259854,True,False,0.0333743416232192,0.0018818718768598,2.0,False,1.0,8.000:8.000|37.290:35.776|58.961:48.399|50.700:60.344|22.286:61.853|8.462:74.201|35.276:91.754|64.175:83.265|91.844:62.275|83.513:67.251|83.929:69.354|74.185:64.173|83.861:37.843|70.828:24.798|56.587:28.762|50.636:31.523|49.102:17.312|58.526:19.415|8.000:8.000,0-14-11-31-26-1-9-32-2-3-13-22-29-25-15-24-21-28-0,0.0015731970779597
78,calm,cluttered,FairRiskAwareGreedy,32,12,0.375,0.4651162790697674,0.4651162790697674,True,30.0,64.5,1099.0252920079574,1117.0559446002428,100.97470799204254,20.97470799204254,False,121.11246091239622,True,False,0.0105380849962138,0.0008133455297227,2.0,False,1.0,8.000:8.000|58.961:48.399|56.587:28.762|83.861:37.843|70.828:24.798|65.250:9.119|49.102:17.312|22.286:61.853|37.290:35.776|35.276:91.754|64.175:83.265|83.929:69.354|83.513:67.251|8.000:8.000,0-11-15-29-25-27-21-26-14-9-32-13-3-0,0.0019979318603873
78,calm,cluttered,FairALNSPlanner,32,25,0.78125,0.8294573643410853,0.8294573643410853,True,53.5,64.5,1055.8745277773317,1122.5901865608532,144.12547222266818,64.12547222266818,False,134.4039859772343,True,False,0.0276488376383251,0.0010759421434862,2.0,False,1.0,8.000:8.000|11.268:25.539|22.286:61.853|35.276:91.754|42.185:62.844|50.700:60.344|58.961:48.399|60.003:70.580|57.172:71.108|55.391:81.256|64.175:83.265|74.185:64.173|83.513:67.251|83.929:69.354|91.844:62.275|91.030:51.562|90.062:40.919|83.861:37.843|86.688:32.062|81.947:21.382|70.828:24.798|65.250:9.119|58.526:19.415|56.587:28.762|50.636:31.523|37.290:35.776|8.000:8.000,0-16-26-9-10-31-11-17-20-23-32-22-3-13-2-4-12-29-6-7-25-27-28-15-24-14-0,14.197144695091993
78,calm,cluttered,RAWA-RHP,32,27,0.84375,0.8682170542635659,0.8682170542635659,True,56.0,64.5,1058.4261120313656,1140.554831626864,141.57388796863418,61.57388796863418,False,136.7560226026607,True,False,0.0194852984924996,0.0007009862684188,2.0,False,1.0,8.000:8.000|37.290:35.776|50.636:31.523|56.587:28.762|64.010:30.536|70.828:24.798|81.947:21.382|86.688:32.062|83.861:37.843|90.062:40.919|91.030:51.562|91.844:62.275|83.929:69.354|83.513:67.251|74.185:64.173|74.556:59.889|58.961:48.399|50.700:60.344|57.172:71.108|60.003:70.580|64.175:83.265|55.391:81.256|42.511:97.097|35.276:91.754|42.185:62.844|41.108:55.556|22.286:61.853|11.268:25.539|8.000:8.000,0-14-24-15-8-25-7-6-29-12-4-2-13-3-22-18-11-31-20-17-32-23-5-9-10-30-26-16-0,33.70543658011593
77,calm,cluttered,NearestNeighbor,32,29,0.90625,0.95,0.0,False,57.0,60.0,1387.5136389669,1384.8515859969364,-187.51363896689955,-267.5136389668995,True,156.84965613477675,False,True,0.0372486767186734,0.0012625544181176,2.0,True,1.0,8.000:8.000|13.101:20.580|21.174:15.175|23.748:20.842|26.322:20.302|35.519:19.266|49.421:35.515|44.494:41.628|44.880:45.859|38.167:42.763|31.136:38.679|20.703:53.655|25.881:62.900|15.916:68.722|21.468:76.762|31.083:81.608|45.817:75.066|42.140:65.087|44.504:55.119|55.589:55.278|57.973:49.389|58.174:35.374|67.927:33.534|71.228:39.148|83.588:47.124|85.607:34.351|84.823:14.113|75.499:21.205|55.388:63.109|50.892:86.539|8.000:8.000,0-21-26-28-31-7-11-8-27-22-20-15-1-25-13-10-17-23-16-4-24-9-18-32-19-29-6-14-2-5-0,0.0020696120336651
77,calm,cluttered,ValuePerDistance,32,27,0.84375,0.9166666666666666,0.0,False,55.0,60.0,1387.8998525616462,1400.032097987653,-187.899852561646,-267.899852561646,True,158.64883833742016,False,True,0.0335301540539766,0.0012149080636284,2.0,True,1.0,8.000:8.000|21.174:15.175|23.748:20.842|26.322:20.302|35.519:19.266|44.880:45.859|44.504:55.119|55.388:63.109|42.140:65.087|25.881:62.900|20.703:53.655|31.136:38.679|38.167:42.763|44.494:41.628|49.421:35.515|58.174:35.374|67.927:33.534|71.228:39.148|85.607:34.351|75.499:21.205|84.823:14.113|83.588:47.124|50.892:86.539|45.817:75.066|31.083:81.608|21.468:76.762|15.916:68.722|55.589:55.278|8.000:8.000,0-26-28-31-7-27-16-2-23-1-15-20-22-8-11-9-18-32-29-14-6-19-5-17-10-13-25-4-0,0.0016111531294882
77,calm,cluttered,WindAwareGreedy,32,21,0.65625,0.7833333333333333,0.0,False,47.0,60.0,1217.923877151608,1204.7998965313395,-17.92387715160781,-97.9238771516078,True,130.47802633773307,False,True,0.0557949252511689,0.0025980426391744,2.0,True,1.0,8.000:8.000|21.174:15.175|20.703:53.655|25.881:62.900|44.504:55.119|44.880:45.859|31.136:38.679|38.167:42.763|55.388:63.109|50.892:86.539|45.817:75.066|42.140:65.087|15.916:68.722|21.468:76.762|71.228:39.148|75.499:21.205|67.927:33.534|49.421:35.515|35.519:19.266|23.748:20.842|26.322:20.302|13.101:20.580|8.000:8.000,0-26-15-1-16-27-20-22-2-5-17-23-25-13-32-14-18-11-7-28-31-21-0,0.0016166891437023
77,calm,cluttered,ReserveOnlyPlanner,32,20,0.625,0.7666666666666667,0.7666666666666667,True,46.0,60.0,1115.7670937212094,1152.7151663286952,84.23290627879021,4.23290627879021,False,121.479828570471,True,False,0.045891461349735,0.0022295443920627,2.0,False,1.0,8.000:8.000|21.174:15.175|23.748:20.842|31.136:38.679|44.880:45.859|44.504:55.119|55.388:63.109|25.881:62.900|20.703:53.655|15.916:68.722|21.468:76.762|50.892:86.539|45.817:75.066|42.140:65.087|71.228:39.148|67.927:33.534|75.499:21.205|85.607:34.351|49.421:35.515|35.519:19.266|26.322:20.302|8.000:8.000,0-26-28-20-27-16-2-1-15-25-13-5-17-23-32-18-14-29-11-7-31-0,0.0016679810360074
77,calm,cluttered,FairRiskAwareGreedy,32,16,0.5,0.6,0.6,True,36.0,60.0,1038.6377316565763,1056.4789200126745,161.36226834342347,81.36226834342347,False,119.7138854125472,True,False,0.0146498491324306,0.0008664307615917,2.0,False,1.0,8.000:8.000|20.703:53.655|25.881:62.900|44.504:55.119|55.388:63.109|50.892:86.539|31.136:38.679|15.916:68.722|21.468:76.762|71.228:39.148|67.927:33.534|75.499:21.205|21.174:15.175|23.748:20.842|35.519:19.266|26.322:20.302|13.101:20.580|8.000:8.000,0-15-1-16-2-5-20-25-13-32-18-14-26-28-7-31-21-0,0.0022508879192173
77,calm,cluttered,FairALNSPlanner,32,25,0.78125,0.875,0.875,True,52.5,60.0,1065.3769904359488,1139.081344729672,134.62300956405164,54.62300956405164,False,134.53369957024373,True,False,0.0328782785844619,0.0012826827208466,2.0,False,1.0,8.000:8.000|13.101:20.580|20.703:53.655|25.881:62.900|15.916:68.722|21.468:76.762|31.083:81.608|50.892:86.539|45.817:75.066|42.140:65.087|55.388:63.109|55.589:55.278|44.504:55.119|57.973:49.389|71.228:39.148|31.136:38.679|38.167:42.763|44.880:45.859|49.421:35.515|67.927:33.534|85.607:34.351|75.499:21.205|35.519:19.266|26.322:20.302|23.748:20.842|21.174:15.175|8.000:8.000,0-21-15-1-25-13-10-5-17-23-2-4-16-24-32-20-22-27-11-18-29-14-7-31-28-26-0,16.462066566105932
77,calm,cluttered,RAWA-RHP,32,29,0.90625,0.95,0.95,True,57.0,60.0,1045.2016496146512,1110.8043428271533,154.79835038534847,74.79835038534847,False,138.9806210032607,True,False,0.0313053026155242,0.001058367390812,2.0,False,1.0,8.000:8.000|21.174:15.175|23.748:20.842|26.322:20.302|35.519:19.266|75.499:21.205|84.823:14.113|85.607:34.351|83.588:47.124|71.228:39.148|67.927:33.534|58.174:35.374|49.421:35.515|44.494:41.628|44.880:45.859|44.504:55.119|57.973:49.389|55.589:55.278|55.388:63.109|42.140:65.087|45.817:75.066|50.892:86.539|31.083:81.608|21.468:76.762|15.916:68.722|25.881:62.900|20.703:53.655|38.167:42.763|31.136:38.679|13.101:20.580|8.000:8.000,0-26-28-31-7-14-6-29-19-32-18-9-11-8-27-16-24-4-2-23-17-5-10-13-25-1-15-22-20-21-0,82.83070534607396
77,moderate,sparse,NearestNeighbor,32,26,0.8125,0.8103448275862069,0.0,False,47.0,58.0,1369.155022156783,1371.610651953171,-169.15502215678305,-249.15502215678305,True,127.04151750349996,False,True,0.0850507977631194,0.0032333815531067,2.0,True,1.0,8.000:8.000|20.252:36.921|12.498:43.170|23.876:47.048|16.317:64.078|21.981:69.088|25.122:68.624|27.428:70.057|25.904:72.188|32.410:79.217|29.439:81.960|24.928:87.486|22.576:86.827|15.038:83.774|8.510:72.228|39.173:60.322|42.266:60.082|47.405:58.600|43.355:66.610|50.355:72.393|51.306:74.321|60.321:80.652|46.590:88.493|56.694:60.013|64.311:64.627|68.727:58.393|54.184:48.730|8.000:8.000,0-17-4-31-32-26-1-18-30-14-28-7-16-19-25-11-8-21-27-12-24-15-10-6-9-29-5-0,0.0018399429973214
77,moderate,sparse,ValuePerDistance,32,24,0.75,0.8103448275862069,0.0,False,47.0,58.0,1571.2962375558486,1603.840572722951,-371.2962375558485,-451.2962375558485,True,135.83759981428278,False,True,0.1398979883070317,0.0059165444936164,2.0,True,1.0,8.000:8.000|20.252:36.921|12.498:43.170|16.317:64.078|8.510:72.228|22.576:86.827|24.928:87.486|29.439:81.960|32.410:79.217|25.904:72.188|27.428:70.057|25.122:68.624|21.981:69.088|39.173:60.322|42.266:60.082|47.405:58.600|56.694:60.013|68.727:58.393|64.311:64.627|54.184:48.730|73.031:42.657|80.721:46.494|80.137:25.599|50.864:20.069|51.306:74.321|8.000:8.000,0-17-4-32-25-16-7-28-14-30-18-1-26-11-8-21-6-29-9-5-3-2-20-22-24-0,0.0014306230004876
77,moderate,sparse,WindAwareGreedy,32,20,0.625,0.7241379310344828,0.0,False,42.0,58.0,1475.6515553109907,1493.2944254207205,-275.6515553109908,-355.6515553109908,True,123.64864877815587,False,True,0.1290999734835288,0.0064613654491801,2.0,True,1.0,8.000:8.000|20.252:36.921|16.317:64.078|8.510:72.228|22.576:86.827|29.439:81.960|46.590:88.493|51.306:74.321|68.727:58.393|56.694:60.013|47.405:58.600|42.266:60.082|39.173:60.322|27.428:70.057|25.904:72.188|24.928:87.486|32.410:79.217|50.355:72.393|54.184:48.730|73.031:42.657|80.721:46.494|8.000:8.000,0-17-32-25-16-28-10-24-29-6-21-8-11-18-30-7-14-12-5-3-2-0,0.0015423218719661
77,moderate,sparse,ReserveOnlyPlanner,32,16,0.5,0.6120689655172413,0.6120689655172413,True,35.5,58.0,1068.693422179223,1166.3450962545503,131.30657782077694,51.30657782077694,False,93.27274840195028,True,False,0.0396810691138238,0.0023355627940792,2.0,False,1.0,8.000:8.000|20.252:36.921|16.317:64.078|8.510:72.228|22.576:86.827|29.439:81.960|24.928:87.486|46.590:88.493|51.306:74.321|50.355:72.393|39.173:60.322|42.266:60.082|47.405:58.600|68.727:58.393|56.694:60.013|54.184:48.730|50.864:20.069|8.000:8.000,0-17-32-25-16-28-7-10-24-12-11-8-21-29-6-5-22-0,0.0014299519825726
77,moderate,sparse,FairRiskAwareGreedy,32,17,0.53125,0.603448275862069,0.603448275862069,True,35.0,58.0,1078.6779735307969,1121.153888897193,121.32202646920322,41.32202646920322,False,117.68373852334372,True,False,0.0014378952008342,7.992068615672278e-05,2.8284271247461903,False,1.0,8.000:8.000|20.252:36.921|50.864:20.069|68.727:58.393|54.184:48.730|29.439:81.960|16.317:64.078|22.576:86.827|46.590:88.493|39.173:60.322|42.266:60.082|47.405:58.600|56.694:60.013|27.428:70.057|25.904:72.188|25.122:68.624|21.981:69.088|12.498:43.170|8.000:8.000,0-17-22-29-5-28-32-16-10-11-8-21-6-18-30-1-26-4-0,0.0022730440832674
77,moderate,sparse,FairALNSPlanner,32,20,0.625,0.6896551724137931,0.6896551724137931,True,40.0,58.0,1056.8627761648909,1178.8916548861205,143.13722383510927,63.13722383510927,False,119.92829042233936,True,False,0.0329329979053124,0.0015819473032024,2.0,False,1.0,8.000:8.000|20.252:36.921|54.184:48.730|47.405:58.600|42.266:60.082|39.173:60.322|27.428:70.057|25.904:72.188|29.439:81.960|24.928:87.486|22.576:86.827|51.306:74.321|50.355:72.393|56.694:60.013|68.727:58.393|80.721:46.494|64.311:64.627|23.876:47.048|16.317:64.078|8.510:72.228|12.498:43.170|8.000:8.000,0-17-5-21-8-11-18-30-28-7-16-24-12-6-29-2-9-31-32-25-4-0,11.71806926606223
77,moderate,sparse,RAWA-RHP,32,26,0.8125,0.8879310344827587,0.8879310344827587,True,51.5,58.0,1061.6406764443318,1185.066485555305,138.3593235556679,58.35932355566791,False,130.9691745224165,True,False,0.0729060880610461,0.0027548582150496,2.0,False,1.0,8.000:8.000|20.252:36.921|12.498:43.170|16.317:64.078|8.510:72.228|25.904:72.188|25.122:68.624|27.428:70.057|29.439:81.960|24.928:87.486|22.576:86.827|46.590:88.493|51.306:74.321|50.355:72.393|43.355:66.610|39.173:60.322|42.266:60.082|47.405:58.600|54.184:48.730|56.694:60.013|64.311:64.627|68.727:58.393|80.721:46.494|80.137:25.599|73.031:42.657|50.864:20.069|54.374:10.600|8.000:8.000,0-17-4-32-25-30-1-18-28-7-16-10-24-12-27-11-8-21-5-6-9-29-2-20-3-22-13-0,88.64806939614937
78,severe,sparse,NearestNeighbor,32,10,0.3125,0.2676056338028169,0.0,False,19.0,71.0,1318.8192075649886,1276.5025428718927,-118.81920756498856,-198.81920756498852,True,66.44316825278172,False,True,0.2085002234687529,0.0203702904169454,2.0,True,1.0,8.000:8.000|23.598:20.155|14.574:43.878|30.063:44.992|35.488:59.373|28.625:63.043|25.224:62.331|17.259:71.007|34.882:71.789|32.915:74.531|39.037:83.283|8.000:8.000,0-6-12-3-2-8-26-11-32-28-29-0,0.0010643650311976
78,severe,sparse,ValuePerDistance,32,10,0.3125,0.3098591549295774,0.0,False,22.0,71.0,1340.6356946051253,1346.2306054491153,-140.63569460512537,-220.63569460512537,True,70.4922804828237,False,True,0.0380948356716854,0.0034797582190494,2.0,True,1.0,8.000:8.000|23.598:20.155|30.063:44.992|35.488:59.373|28.625:63.043|25.224:62.331|34.882:71.789|32.915:74.531|39.037:83.283|76.980:84.786|69.508:78.143|8.000:8.000,0-6-3-2-8-26-32-28-29-1-7-0,0.0008059428073465
78,severe,sparse,WindAwareGreedy,32,11,0.34375,0.4084507042253521,0.0,False,29.0,71.0,1273.652412028605,1319.6303356573756,-73.65241202860511,-153.6524120286051,True,74.44051093240475,False,True,0.0844431870073054,0.0070381955427898,2.0,True,1.0,8.000:8.000|23.598:20.155|30.063:44.992|44.767:44.932|64.648:31.565|72.669:20.340|76.715:13.285|68.652:41.342|64.215:49.083|75.661:47.898|79.426:48.502|64.325:39.983|8.000:8.000,0-6-3-23-9-20-25-16-24-30-4-22-0,0.0010769688524305
78,severe,sparse,ReserveOnlyPlanner,32,8,0.25,0.2183098591549295,0.2183098591549295,True,15.5,71.0,1011.1473712215194,1119.0297929617432,188.85262877848032,108.85262877848032,False,52.77651610088812,True,False,0.0001917981552052,2.1312241135218457e-05,2.8284271247461903,False,1.0,8.000:8.000|23.598:20.155|30.063:44.992|14.574:43.878|25.224:62.331|28.625:63.043|35.488:59.373|44.767:44.932|42.397:51.050|8.000:8.000,0-6-3-12-26-8-2-23-19-0,0.0008539580740034
78,severe,sparse,FairRiskAwareGreedy,32,14,0.4375,0.5422535211267606,0.5422535211267606,True,38.5,71.0,1076.562827707555,1146.139445296249,123.4371722924449,43.4371722924449,False,106.80441299609632,True,False,0.0004093308944731,2.7292875641419612e-05,2.8284271247461903,False,1.0,8.000:8.000|23.598:20.155|64.648:31.565|72.669:20.340|68.652:41.342|75.661:47.898|79.426:48.502|83.972:55.060|76.146:64.321|86.505:34.947|76.715:13.285|64.215:49.083|76.980:84.786|69.508:78.143|44.767:44.932|8.000:8.000,0-6-9-20-16-30-4-15-10-27-25-24-1-7-23-0,0.0020218761637806
78,severe,sparse,FairALNSPlanner,32,15,0.46875,0.5352112676056338,0.5352112676056338,True,38.0,71.0,1041.812550748698,1224.512526762334,158.18744925130224,78.18744925130224,False,104.42238361498006,True,False,0.0002219026063166,1.3869779455874531e-05,2.8284271247461903,False,1.0,8.000:8.000|76.715:13.285|72.669:20.340|86.505:34.947|76.146:64.321|78.933:64.489|61.099:64.749|59.312:65.919|39.037:83.283|76.980:84.786|69.508:78.143|68.652:41.342|75.661:47.898|64.325:39.983|64.648:31.565|23.598:20.155|8.000:8.000,0-25-20-27-10-14-13-17-29-1-7-16-30-22-9-6-0,8.402296697022393
78,severe,sparse,RAWA-RHP,32,26,0.8125,0.8380281690140845,0.8380281690140845,True,59.5,71.0,1020.795536139384,1302.7633528066904,179.20446386061602,99.20446386061602,False,121.98289790319212,True,False,0.0679441540208468,0.0025670763521931,2.0,False,1.0,8.000:8.000|76.715:13.285|72.669:20.340|86.505:34.947|72.949:31.406|68.320:30.742|64.648:31.565|64.325:39.983|68.652:41.342|64.215:49.083|75.661:47.898|79.426:48.502|83.972:55.060|78.933:64.489|76.146:64.321|66.351:59.813|61.099:64.749|59.312:65.919|39.037:83.283|32.915:74.531|34.882:71.789|28.625:63.043|25.224:62.331|35.488:59.373|42.397:51.050|44.767:44.932|23.598:20.155|8.000:8.000,0-25-20-27-18-21-9-22-16-24-30-4-15-14-10-5-13-17-29-28-32-8-26-2-19-23-6-0,33.959729419089854
79,calm,cluttered,NearestNeighbor,32,27,0.84375,0.8088235294117647,0.0,False,55.0,68.0,1283.158613168434,1282.8203703225292,-83.15861316843443,-163.15861316843444,True,150.30555871800652,False,True,0.0132602350897447,0.0004757176695065,2.0,True,1.0,8.000:8.000|27.048:17.813|25.373:27.335|34.721:26.424|41.279:22.088|53.959:34.348|58.748:35.453|64.101:34.718|69.905:40.007|73.048:43.108|84.394:38.178|80.505:23.494|85.491:20.862|86.151:12.893|59.407:13.180|50.961:8.067|44.502:44.883|53.937:47.884|40.158:67.828|38.769:74.025|33.702:78.251|44.423:87.159|61.280:71.491|73.833:65.166|86.837:76.606|89.514:79.464|85.146:81.464|88.957:90.776|8.000:8.000,0-2-4-27-9-5-1-29-24-22-31-25-23-32-16-26-14-10-20-21-12-28-7-6-17-18-13-8-0,0.0020258659496903
79,calm,cluttered,ValuePerDistance,32,25,0.78125,0.8235294117647058,0.0,False,56.0,68.0,1243.3190933337537,1250.0861160352772,-43.31909333375326,-123.31909333375326,True,143.95285651191804,False,True,0.0311381477187856,0.0012127801492635,2.0,True,1.0,8.000:8.000|27.048:17.813|34.721:26.424|41.279:22.088|50.961:8.067|59.407:13.180|80.505:23.494|85.491:20.862|86.151:12.893|84.394:38.178|69.905:40.007|73.048:43.108|53.937:47.884|44.502:44.883|53.959:34.348|58.748:35.453|64.101:34.718|31.448:57.649|24.242:50.472|26.029:67.728|33.702:78.251|38.769:74.025|40.158:67.828|44.423:87.159|20.771:95.746|10.901:87.519|8.000:8.000,0-2-27-9-26-16-25-23-32-31-24-22-10-14-5-1-29-3-30-15-12-21-20-28-19-11-0,0.0015064601320773
79,calm,cluttered,WindAwareGreedy,32,20,0.625,0.6764705882352942,0.0,False,46.0,68.0,1339.3853132896036,1332.7052956833436,-139.3853132896035,-219.3853132896035,True,143.2795587539959,False,True,0.0473392885081142,0.002298870278312,2.0,True,1.0,8.000:8.000|27.048:17.813|50.961:8.067|41.279:22.088|34.721:26.424|26.029:67.728|33.702:78.251|40.158:67.828|31.448:57.649|24.242:50.472|53.937:47.884|53.959:34.348|80.505:23.494|86.151:12.893|59.407:13.180|69.905:40.007|84.394:38.178|73.048:43.108|58.748:35.453|44.502:44.883|38.769:74.025|8.000:8.000,0-2-26-9-27-15-12-20-3-30-10-5-25-32-16-24-31-22-1-14-21-0,0.0015440739225596
79,calm,cluttered,ReserveOnlyPlanner,32,16,0.5,0.5808823529411765,0.5808823529411765,True,39.5,68.0,1107.7594265042796,1139.0797916388,92.2405734957204,12.240573495720398,False,117.59149428890916,True,False,0.0217591072343001,0.0012907168293856,2.0,False,1.0,8.000:8.000|27.048:17.813|50.961:8.067|41.279:22.088|34.721:26.424|53.937:47.884|24.242:50.472|26.029:67.728|31.448:57.649|40.158:67.828|33.702:78.251|44.423:87.159|38.769:74.025|10.901:87.519|20.771:95.746|61.280:71.491|53.959:34.348|8.000:8.000,0-2-26-9-27-10-30-15-3-20-12-28-21-11-19-7-5-0,0.0014624488539993
79,calm,cluttered,FairRiskAwareGreedy,32,18,0.5625,0.6102941176470589,0.6102941176470589,True,41.5,68.0,1091.9444475639175,1115.4549643317623,108.05555243608264,28.05555243608265,False,126.43273762031316,True,False,0.0145382023825416,0.0007692756107452,2.0,False,1.0,8.000:8.000|50.961:8.067|27.048:17.813|34.721:26.424|41.279:22.088|80.505:23.494|86.151:12.893|59.407:13.180|24.242:50.472|26.029:67.728|33.702:78.251|40.158:67.828|31.448:57.649|53.937:47.884|53.959:34.348|69.905:40.007|58.748:35.453|44.502:44.883|25.373:27.335|8.000:8.000,0-26-2-27-9-25-32-16-30-15-12-20-3-10-5-24-1-14-4-0,0.0026659630239009
79,calm,cluttered,FairALNSPlanner,32,25,0.78125,0.8235294117647058,0.8235294117647058,True,56.0,68.0,1059.7277222109092,1141.4379540915363,140.27227778909116,60.27227778909116,False,134.48251234873388,True,False,0.0208513089361659,0.0008086273117348,2.0,False,1.0,8.000:8.000|27.048:17.813|34.721:26.424|41.279:22.088|44.502:44.883|24.242:50.472|31.448:57.649|40.158:67.828|38.769:74.025|33.702:78.251|44.423:87.159|20.771:95.746|10.901:87.519|26.029:67.728|53.937:47.884|53.959:34.348|58.748:35.453|64.101:34.718|69.905:40.007|73.048:43.108|84.394:38.178|80.505:23.494|85.491:20.862|86.151:12.893|59.407:13.180|50.961:8.067|8.000:8.000,0-2-27-9-14-30-3-20-21-12-28-19-11-15-10-5-1-29-24-22-31-25-23-32-16-26-0,15.497639605076984
79,calm,cluttered,RAWA-RHP,32,26,0.8125,0.8455882352941176,0.8455882352941176,True,57.5,68.0,1053.4037200475611,1124.7093560862802,146.59627995243886,66.59627995243886,False,134.6039581947333,True,False,0.0208513084766485,0.0007786781346593,2.0,False,1.0,8.000:8.000|24.242:50.472|31.448:57.649|26.029:67.728|10.901:87.519|20.771:95.746|44.423:87.159|33.702:78.251|38.769:74.025|40.158:67.828|61.280:71.491|53.937:47.884|53.959:34.348|58.748:35.453|64.101:34.718|69.905:40.007|73.048:43.108|84.394:38.178|80.505:23.494|85.491:20.862|86.151:12.893|59.407:13.180|50.961:8.067|41.279:22.088|34.721:26.424|25.373:27.335|27.048:17.813|8.000:8.000,0-30-3-15-11-19-28-12-21-20-7-10-5-1-29-24-22-31-25-23-32-16-26-9-27-4-2-0,33.18373747984879
79,calm,sparse,NearestNeighbor,32,32,1.0,1.0,0.0,False,70.5,70.5,1239.694563158742,1246.1684388112196,-39.69456315874197,-119.69456315874196,True,153.73402294463938,False,True,0.0109253218557791,0.0003323424465595,2.0,True,1.0,8.000:8.000|36.956:24.687|38.232:26.732|41.277:18.606|51.504:35.462|61.017:30.401|65.797:35.365|75.638:20.901|73.255:16.050|81.800:7.594|92.473:13.183|91.029:19.778|84.590:23.514|80.967:63.646|83.062:72.002|78.552:73.194|89.196:77.985|88.185:84.216|83.952:87.683|84.033:91.499|79.821:89.745|69.617:82.840|66.550:70.867|54.407:68.656|45.756:71.657|48.881:79.336|36.138:63.472|30.969:67.019|24.757:76.100|42.979:48.673|48.872:48.783|37.252:43.785|37.752:39.800|8.000:8.000,0-28-3-12-30-13-21-8-4-25-7-10-17-9-32-22-14-15-2-31-19-5-29-1-20-6-27-11-18-23-26-16-24-0,0.0021299940999597
79,calm,sparse,ValuePerDistance,32,29,0.90625,0.900709219858156,0.0,False,63.5,70.5,1385.8732261358402,1384.0112267226111,-185.87322613583987,-265.8732261358399,True,161.69784854505497,False,True,0.0212863380099664,0.000715899609472,2.0,True,1.0,8.000:8.000|41.277:18.606|36.956:24.687|38.232:26.732|37.752:39.800|37.252:43.785|42.979:48.673|48.872:48.783|51.504:35.462|65.797:35.365|61.017:30.401|75.638:20.901|73.255:16.050|81.800:7.594|92.473:13.183|91.029:19.778|84.590:23.514|80.967:63.646|83.062:72.002|78.552:73.194|66.550:70.867|54.407:68.656|48.881:79.336|45.756:71.657|36.138:63.472|30.969:67.019|24.757:76.100|84.033:91.499|79.821:89.745|83.952:87.683|8.000:8.000,0-12-28-3-24-16-23-26-30-21-13-8-4-25-7-10-17-9-32-22-29-1-6-20-27-11-18-31-19-2-0,0.0016515629831701
79,calm,sparse,WindAwareGreedy,32,23,0.71875,0.8014184397163121,0.0,False,56.5,70.5,1351.961999767405,1355.8484864649424,-151.9619997674051,-231.9619997674051,True,151.82781896851984,False,True,0.0153509123160777,0.0006432445854537,2.0,True,1.0,8.000:8.000|41.277:18.606|36.956:24.687|37.752:39.800|37.252:43.785|66.550:70.867|48.881:79.336|45.756:71.657|54.407:68.656|75.638:20.901|73.255:16.050|92.473:13.183|91.029:19.778|84.590:23.514|65.797:35.365|61.017:30.401|51.504:35.462|38.232:26.732|80.967:63.646|83.062:72.002|84.033:91.499|88.185:84.216|89.196:77.985|78.552:73.194|8.000:8.000,0-12-28-24-16-29-6-20-1-8-4-7-10-17-21-13-30-3-9-32-31-15-14-22-0,0.0016568088904023
79,calm,sparse,ReserveOnlyPlanner,32,20,0.625,0.6737588652482269,0.6737588652482269,True,47.5,70.5,1116.0748369860394,1145.068990090563,83.92516301396087,3.925163013960869,False,124.75516696609206,True,False,0.0201869246894881,0.0009688871292934,2.0,False,1.0,8.000:8.000|41.277:18.606|36.956:24.687|38.232:26.732|37.752:39.800|37.252:43.785|51.504:35.462|65.797:35.365|75.638:20.901|73.255:16.050|92.473:13.183|91.029:19.778|84.590:23.514|61.017:30.401|66.550:70.867|48.881:79.336|45.756:71.657|54.407:68.656|80.967:63.646|83.062:72.002|42.979:48.673|8.000:8.000,0-12-28-3-24-16-30-21-8-4-7-10-17-13-29-6-20-1-9-32-23-0,0.001638347050175
79,calm,sparse,FairRiskAwareGreedy,32,19,0.59375,0.6879432624113475,0.6879432624113475,True,48.5,70.5,1009.7003326799507,1034.5061019770285,190.2996673200492,110.2996673200492,False,121.96973953082669,True,False,0.0114151908183904,0.0005732746564645,2.0,False,1.0,8.000:8.000|41.277:18.606|36.956:24.687|75.638:20.901|73.255:16.050|91.029:19.778|92.473:13.183|84.590:23.514|65.797:35.365|66.550:70.867|48.881:79.336|84.033:91.499|88.185:84.216|89.196:77.985|83.062:72.002|80.967:63.646|51.504:35.462|37.752:39.800|37.252:43.785|38.232:26.732|8.000:8.000,0-12-28-8-4-10-7-17-21-29-6-31-15-14-32-9-30-24-16-3-0,0.0029887778218835
79,calm,sparse,FairALNSPlanner,32,28,0.875,0.9148936170212766,0.9148936170212766,True,64.5,70.5,1051.0398370958685,1134.8480307698403,148.9601629041315,68.9601629041315,False,139.69574619556136,True,False,0.0140441771104408,0.0004869894055504,2.0,False,1.0,8.000:8.000|36.956:24.687|38.232:26.732|41.277:18.606|73.255:16.050|75.638:20.901|84.590:23.514|91.029:19.778|92.473:13.183|81.800:7.594|61.017:30.401|65.797:35.365|66.550:70.867|69.617:82.840|79.821:89.745|84.033:91.499|83.952:87.683|88.185:84.216|89.196:77.985|83.062:72.002|80.967:63.646|78.552:73.194|54.407:68.656|48.881:79.336|45.756:71.657|36.138:63.472|42.979:48.673|37.252:43.785|37.752:39.800|8.000:8.000,0-28-3-12-4-8-17-10-7-25-13-21-29-5-19-31-2-15-14-32-9-22-1-6-20-27-23-16-24-0,18.118115226039663
79,calm,sparse,RAWA-RHP,32,28,0.875,0.9148936170212766,0.9148936170212766,True,64.5,70.5,1050.796131467368,1139.560541483711,149.20386853263227,69.20386853263227,False,138.88356237822302,True,False,0.0186860232628888,0.0006493391229171,2.0,False,1.0,8.000:8.000|41.277:18.606|73.255:16.050|81.800:7.594|92.473:13.183|91.029:19.778|84.590:23.514|75.638:20.901|61.017:30.401|65.797:35.365|66.550:70.867|69.617:82.840|79.821:89.745|84.033:91.499|83.952:87.683|88.185:84.216|89.196:77.985|83.062:72.002|80.967:63.646|78.552:73.194|54.407:68.656|48.881:79.336|45.756:71.657|36.138:63.472|42.979:48.673|37.252:43.785|37.752:39.800|38.232:26.732|36.956:24.687|8.000:8.000,0-12-4-25-7-10-17-8-13-21-29-5-19-31-2-15-14-32-9-22-1-6-20-27-23-16-24-3-28-0,35.11894398415461
76,calm,cluttered,NearestNeighbor,32,30,0.9375,0.9343065693430656,0.9343065693430656,True,64.0,68.5,1086.134741328959,1085.0708451066089,113.86525867104068,33.86525867104069,False,137.0285221559288,True,False,0.0211883656999808,0.0006893181497911,2.0,False,1.0,8.000:8.000|16.217:34.903|21.284:35.823|25.211:44.918|24.339:52.656|16.358:57.581|12.741:49.524|26.556:62.514|36.526:68.010|26.796:79.226|38.517:93.392|46.307:87.955|46.985:82.457|47.356:78.162|49.621:78.448|49.872:75.417|52.673:70.756|53.372:60.476|59.495:50.037|68.015:55.594|68.503:62.046|78.534:68.380|79.716:70.604|85.471:60.164|77.412:52.075|86.182:42.517|68.173:25.671|62.469:24.248|53.851:28.305|50.900:27.163|51.356:13.022|8.000:8.000,0-16-32-1-4-18-31-29-10-28-3-14-30-22-8-26-19-15-13-21-23-6-11-7-9-27-24-20-17-2-5-0,0.0020722930785268
76,calm,cluttered,ValuePerDistance,32,30,0.9375,0.9562043795620438,0.0,False,65.5,68.5,1250.8696742425757,1264.1125020928066,-50.86967424257612,-130.8696742425761,True,152.18129160195792,False,True,0.024463647585337,0.0007973739915337,2.0,True,1.0,8.000:8.000|16.217:34.903|21.284:35.823|25.211:44.918|24.339:52.656|16.358:57.581|12.741:49.524|36.526:68.010|47.356:78.162|49.621:78.448|49.872:75.417|52.673:70.756|53.372:60.476|68.503:62.046|68.015:55.594|77.412:52.075|85.471:60.164|78.534:68.380|79.716:70.604|64.483:87.259|59.013:93.336|46.307:87.955|46.985:82.457|38.517:93.392|26.796:79.226|26.556:62.514|50.900:27.163|53.851:28.305|62.469:24.248|68.173:25.671|51.356:13.022|8.000:8.000,0-16-32-1-4-18-31-10-22-8-26-19-15-23-21-9-7-6-11-12-25-14-30-3-28-29-2-17-20-24-5-0,0.0016012380365282
76,calm,cluttered,WindAwareGreedy,32,22,0.6875,0.7518248175182481,0.0,False,51.5,68.5,1321.4577046371307,1326.3866498153766,-121.45770463713104,-201.45770463713103,True,144.0317786395966,False,True,0.0384653338877973,0.0016999242716881,2.0,True,1.0,8.000:8.000|16.217:34.903|21.284:35.823|25.211:44.918|36.526:68.010|47.356:78.162|49.872:75.417|49.621:78.448|53.372:60.476|68.503:62.046|85.471:60.164|68.173:25.671|51.356:13.022|50.900:27.163|53.851:28.305|62.469:24.248|77.412:52.075|52.673:70.756|24.339:52.656|16.358:57.581|12.741:49.524|26.556:62.514|26.796:79.226|8.000:8.000,0-16-32-1-10-22-26-8-15-23-7-24-5-2-17-20-9-19-4-18-31-29-28-0,0.0015448189806193
76,calm,cluttered,ReserveOnlyPlanner,32,21,0.65625,0.7299270072992701,0.7299270072992701,True,50.0,68.5,1089.577476787045,1128.2866008771396,110.42252321295489,30.42252321295489,False,122.47822903280876,True,False,0.0358913249604015,0.0016562345020704,2.0,False,1.0,8.000:8.000|16.217:34.903|21.284:35.823|25.211:44.918|24.339:52.656|36.526:68.010|47.356:78.162|49.621:78.448|49.872:75.417|53.372:60.476|68.503:62.046|85.471:60.164|77.412:52.075|68.173:25.671|51.356:13.022|50.900:27.163|53.851:28.305|62.469:24.248|59.495:50.037|52.673:70.756|16.358:57.581|12.741:49.524|8.000:8.000,0-16-32-1-4-10-22-8-26-15-23-7-9-24-5-2-17-20-13-19-18-31-0,0.0016689710319042
76,calm,cluttered,FairRiskAwareGreedy,32,17,0.53125,0.6058394160583942,0.6058394160583942,True,41.5,68.5,1051.5865763966383,1068.3385434224665,148.41342360336162,68.41342360336162,False,123.23660652091677,True,False,0.016337579090608,0.000913443332191,2.0,False,1.0,8.000:8.000|16.217:34.903|21.284:35.823|36.526:68.010|47.356:78.162|49.621:78.448|49.872:75.417|53.372:60.476|68.503:62.046|50.900:27.163|53.851:28.305|85.471:60.164|51.356:13.022|25.211:44.918|24.339:52.656|16.358:57.581|12.741:49.524|26.556:62.514|8.000:8.000,0-16-32-10-22-8-26-15-23-2-17-7-5-1-4-18-31-29-0,0.0025185581762343
76,calm,cluttered,FairALNSPlanner,32,23,0.71875,0.781021897810219,0.781021897810219,True,53.5,68.5,959.1647056792532,1025.126251098123,240.8352943207471,160.8352943207471,False,121.48889595101754,True,False,0.0286265576307809,0.0012067021439036,2.0,False,1.0,8.000:8.000|16.217:34.903|21.284:35.823|25.211:44.918|24.339:52.656|12.741:49.524|16.358:57.581|26.556:62.514|36.526:68.010|47.356:78.162|49.621:78.448|46.307:87.955|38.517:93.392|59.013:93.336|64.483:87.259|78.534:68.380|85.471:60.164|77.412:52.075|68.503:62.046|49.872:75.417|52.673:70.756|53.372:60.476|53.851:28.305|50.900:27.163|8.000:8.000,0-16-32-1-4-31-18-29-10-22-8-14-3-25-12-6-7-9-23-26-19-15-17-2-0,17.007843524916098
76,calm,cluttered,RAWA-RHP,32,29,0.90625,0.9343065693430656,0.9343065693430656,True,64.0,68.5,1036.8237834021922,1109.6660915959333,163.1762165978082,83.1762165978082,False,137.7023553379293,True,False,0.0267193413850577,0.0008997604699201,2.0,False,1.0,8.000:8.000|51.356:13.022|50.900:27.163|53.851:28.305|62.469:24.248|68.173:25.671|86.182:42.517|77.412:52.075|85.471:60.164|79.716:70.604|78.534:68.380|68.503:62.046|53.372:60.476|52.673:70.756|64.483:87.259|59.013:93.336|38.517:93.392|46.307:87.955|46.985:82.457|47.356:78.162|49.621:78.448|49.872:75.417|36.526:68.010|26.556:62.514|16.358:57.581|12.741:49.524|24.339:52.656|25.211:44.918|21.284:35.823|16.217:34.903|8.000:8.000,0-5-2-17-20-24-27-9-7-11-6-23-15-19-12-25-3-14-30-22-8-26-10-29-18-31-4-1-32-16-0,128.08919064886868
79,severe,cluttered,NearestNeighbor,32,11,0.34375,0.3582089552238806,0.0,False,24.0,67.0,1602.0882459716315,1561.6653236213483,-402.08824597163135,-482.08824597163135,True,76.92299168455435,False,True,0.2310663721928595,0.0207071825912897,2.0,True,1.0,8.000:8.000|31.441:22.655|49.461:24.373|64.794:28.519|70.250:40.521|78.570:45.393|88.091:45.573|88.461:35.553|83.702:21.389|72.682:19.476|64.517:13.347|52.014:55.751|8.000:8.000,0-15-19-1-25-26-28-10-20-7-13-22-0,0.0011623371392488
79,severe,cluttered,ValuePerDistance,32,12,0.375,0.4253731343283582,0.0,False,28.5,67.0,1533.5135367206994,1558.023410820311,-333.51353672069973,-413.5135367206997,True,78.57085803574648,False,True,0.2346457669662998,0.0194713677950564,2.0,True,1.0,8.000:8.000|31.441:22.655|49.461:24.373|70.250:40.521|78.570:45.393|88.461:35.553|83.702:21.389|72.682:19.476|64.517:13.347|64.794:28.519|52.014:55.751|47.336:56.186|43.452:56.791|8.000:8.000,0-15-19-25-26-10-20-7-13-1-22-21-9-0,0.0009135920554399
79,severe,cluttered,WindAwareGreedy,32,12,0.375,0.3955223880597014,0.0,False,26.5,67.0,1731.2110037983805,1722.4688426395564,-531.2110037983805,-611.2110037983805,True,85.61411555097342,False,True,0.2242389301968652,0.0186442015416809,2.0,True,1.0,8.000:8.000|31.441:22.655|49.461:24.373|70.250:40.521|72.682:19.476|64.517:13.347|83.702:21.389|88.461:35.553|78.570:45.393|85.575:60.511|87.753:60.607|68.003:60.864|63.517:62.293|8.000:8.000,0-15-19-25-7-13-20-10-26-4-32-30-12-0,0.0010854869615286
79,severe,cluttered,ReserveOnlyPlanner,32,5,0.15625,0.1865671641791045,0.1865671641791045,True,12.5,67.0,1030.7018542962303,1132.057423941265,169.2981457037696,89.29814570376959,False,43.66945102450103,True,False,0.0106335249778245,0.0017728902551542,2.8284271247461903,False,1.0,8.000:8.000|31.441:22.655|49.461:24.373|70.250:40.521|72.682:19.476|64.517:13.347|8.000:8.000,0-15-19-25-7-13-0,0.0006261400412768
79,severe,cluttered,FairRiskAwareGreedy,32,10,0.3125,0.3432835820895522,0.3432835820895522,True,23.0,67.0,1030.477241380269,1078.3681155894449,169.52275861973078,89.52275861973078,False,90.11223573839555,True,False,0.0091928126398761,0.000837960979829,2.8284271247461903,False,1.0,8.000:8.000|49.461:24.373|70.250:40.521|31.441:22.655|43.452:56.791|30.463:53.841|19.678:66.987|16.367:67.665|16.982:48.282|24.941:81.471|42.099:60.063|8.000:8.000,0-19-25-15-9-8-24-17-5-2-14-0,0.0011241489555686
79,severe,cluttered,FairALNSPlanner,32,15,0.46875,0.5298507462686567,0.5298507462686567,True,35.5,67.0,1058.5153879197444,1258.9772044134968,141.48461208025577,61.48461208025577,False,99.790425393853,True,False,0.0240341132296175,0.0015138930023782,2.0,False,1.0,8.000:8.000|31.441:22.655|49.461:24.373|70.250:40.521|83.702:21.389|72.682:19.476|64.794:28.519|52.014:55.751|47.336:56.186|43.452:56.791|30.463:53.841|24.941:81.471|53.165:74.794|19.678:66.987|16.367:67.665|16.982:48.282|8.000:8.000,0-15-19-25-20-7-1-22-21-9-8-2-27-24-17-5-0,5.832475144183263
79,severe,cluttered,RAWA-RHP,32,20,0.625,0.6417910447761194,0.6417910447761194,True,43.0,67.0,1005.0432294755996,1228.2836414314684,194.9567705244007,114.9567705244007,False,103.38371989137444,True,False,0.0796761225249191,0.0039095334844801,2.0,False,1.0,8.000:8.000|30.463:53.841|19.678:66.987|16.367:67.665|42.099:60.063|43.452:56.791|47.336:56.186|52.014:55.751|55.453:61.995|60.828:64.760|63.517:62.293|68.003:60.864|78.570:45.393|88.091:45.573|88.461:35.553|83.702:21.389|72.682:19.476|70.250:40.521|64.794:28.519|49.461:24.373|31.441:22.655|8.000:8.000,0-8-24-17-14-9-21-22-31-18-12-30-26-28-10-20-7-25-1-19-15-0,16.295350373955444
75,calm,sparse,NearestNeighbor,32,30,0.9375,0.9272727272727272,0.0,False,51.0,55.0,1332.041706783832,1336.5136611510106,-132.04170678383227,-212.04170678383227,True,154.44649543230355,False,True,0.0420907118350423,0.001382562338807,2.0,True,1.0,8.000:8.000|15.926:16.578|16.350:19.097|22.771:19.827|27.160:30.103|21.865:51.676|37.509:58.500|40.998:63.610|45.106:62.845|47.936:64.941|38.921:75.725|38.191:78.027|47.112:81.124|54.018:80.772|62.458:84.019|68.834:79.451|70.436:75.698|74.371:76.214|84.738:76.977|87.116:77.000|93.857:62.953|75.727:55.333|72.732:58.594|73.431:63.396|62.932:72.643|45.778:88.915|31.841:86.759|28.259:77.840|11.667:72.150|11.326:85.493|73.018:43.906|8.000:8.000,0-8-14-17-10-4-2-16-18-6-24-7-12-11-27-29-13-3-1-9-31-23-30-32-21-20-28-15-19-22-5-0,0.0020939968526363
75,calm,sparse,ValuePerDistance,32,28,0.875,0.9272727272727272,0.0,False,51.0,55.0,1326.9657386312776,1318.2487079340065,-126.96573863127772,-206.9657386312777,True,150.1835191965852,False,True,0.0374393144813212,0.0013101964852499,2.0,True,1.0,8.000:8.000|15.926:16.578|16.350:19.097|22.771:19.827|27.160:30.103|37.509:58.500|40.998:63.610|45.106:62.845|47.936:64.941|38.921:75.725|38.191:78.027|31.841:86.759|11.326:85.493|11.667:72.150|28.259:77.840|73.431:63.396|72.732:58.594|75.727:55.333|73.018:43.906|79.409:42.309|70.436:75.698|74.371:76.214|84.738:76.977|87.116:77.000|62.458:84.019|54.018:80.772|47.112:81.124|45.778:88.915|62.932:72.643|8.000:8.000,0-8-14-17-10-2-16-18-6-24-7-28-22-19-15-32-30-23-5-25-13-3-1-9-27-11-12-20-21-0,0.0016025691293179
75,calm,sparse,WindAwareGreedy,32,22,0.6875,0.8090909090909091,0.0,False,44.5,55.0,1363.342242345425,1358.2986196697989,-163.34224234542458,-243.34224234542455,True,145.2562546538557,False,True,0.0584217193870958,0.0026043298609923,2.0,True,1.0,8.000:8.000|15.926:16.578|27.160:30.103|22.771:19.827|16.350:19.097|73.018:43.906|79.409:42.309|73.431:63.396|70.436:75.698|62.458:84.019|11.667:72.150|11.326:85.493|31.841:86.759|38.921:75.725|40.998:63.610|37.509:58.500|45.106:62.845|72.732:58.594|75.727:55.333|74.371:76.214|84.738:76.977|87.116:77.000|68.834:79.451|8.000:8.000,0-8-10-17-14-5-25-32-13-27-19-22-28-24-16-2-18-30-23-3-1-9-29-0,0.0016386869829148
75,calm,sparse,ReserveOnlyPlanner,32,21,0.65625,0.7727272727272727,0.7727272727272727,True,42.5,55.0,1113.0035395331934,1152.575627760271,86.99646046680677,6.996460466806767,False,123.18989579382848,True,False,0.0509552454398964,0.002368237885101,2.0,False,1.0,8.000:8.000|15.926:16.578|27.160:30.103|22.771:19.827|16.350:19.097|11.667:72.150|11.326:85.493|31.841:86.759|38.921:75.725|40.998:63.610|37.509:58.500|45.106:62.845|73.431:63.396|73.018:43.906|79.409:42.309|72.732:58.594|70.436:75.698|62.458:84.019|54.018:80.772|47.112:81.124|38.191:78.027|21.865:51.676|8.000:8.000,0-8-10-17-14-19-22-28-24-16-2-18-32-5-25-30-13-27-11-12-7-4-0,0.001713354839012
75,calm,sparse,FairRiskAwareGreedy,32,15,0.46875,0.6181818181818182,0.6181818181818182,True,34.0,55.0,1097.5938230582838,1117.9815439273325,102.40617694171624,22.40617694171624,False,128.04650673537125,True,False,0.0068868907748029,0.0004312025609388,2.0,False,1.0,8.000:8.000|15.926:16.578|73.018:43.906|79.409:42.309|73.431:63.396|27.160:30.103|11.667:72.150|11.326:85.493|37.509:58.500|40.998:63.610|70.436:75.698|45.106:62.845|38.921:75.725|62.458:84.019|54.018:80.772|47.112:81.124|8.000:8.000,0-8-5-25-32-10-19-22-2-16-13-18-24-27-11-12-0,0.0023644471075385
75,calm,sparse,FairALNSPlanner,32,31,0.96875,0.9818181818181818,0.9818181818181818,True,54.0,55.0,1049.416175580493,1133.5499136557466,150.58382441950704,70.58382441950704,False,144.79944956319247,True,False,0.0194380032669906,0.0006117467804108,2.0,False,1.0,8.000:8.000|15.926:16.578|16.350:19.097|22.771:19.827|27.160:30.103|73.018:43.906|79.409:42.309|75.727:55.333|72.732:58.594|73.431:63.396|93.857:62.953|87.116:77.000|84.738:76.977|74.371:76.214|70.436:75.698|62.932:72.643|68.834:79.451|62.458:84.019|54.018:80.772|45.778:88.915|47.112:81.124|47.936:64.941|45.106:62.845|40.998:63.610|37.509:58.500|38.921:75.725|38.191:78.027|28.259:77.840|31.841:86.759|11.326:85.493|11.667:72.150|21.865:51.676|8.000:8.000,0-8-14-17-10-5-25-23-30-32-31-9-1-3-13-21-29-27-11-20-12-6-18-16-2-24-7-15-28-22-19-4-0,18.71659088181332
75,calm,sparse,RAWA-RHP,32,31,0.96875,0.9818181818181818,0.9818181818181818,True,54.0,55.0,1025.2882949115535,1112.0722932816943,174.71170508844654,94.71170508844654,False,143.4866099064512,True,False,0.0262331737785145,0.000828305324585,2.0,False,1.0,8.000:8.000|15.926:16.578|16.350:19.097|22.771:19.827|27.160:30.103|73.018:43.906|79.409:42.309|75.727:55.333|72.732:58.594|73.431:63.396|93.857:62.953|87.116:77.000|84.738:76.977|74.371:76.214|70.436:75.698|62.932:72.643|68.834:79.451|62.458:84.019|54.018:80.772|47.112:81.124|45.778:88.915|31.841:86.759|11.326:85.493|11.667:72.150|28.259:77.840|38.191:78.027|38.921:75.725|47.936:64.941|45.106:62.845|40.998:63.610|37.509:58.500|21.865:51.676|8.000:8.000,0-8-14-17-10-5-25-23-30-32-31-9-1-3-13-21-29-27-11-12-20-28-22-19-15-7-24-6-18-16-2-4-0,173.03227536007762
79,severe,sparse,NearestNeighbor,32,19,0.59375,0.5813953488372093,0.0,False,37.5,64.5,1648.131111981837,1674.5580675855344,-448.1311119818369,-528.131111981837,True,94.95849716523216,False,True,0.2941177644660444,0.0164097704428893,2.0,True,1.0,8.000:8.000|22.986:9.464|43.577:25.543|46.610:26.676|47.149:23.975|46.812:18.587|54.973:25.598|57.300:23.218|60.096:22.573|64.555:16.196|64.811:13.585|79.936:19.602|86.102:10.714|96.058:18.477|90.443:38.408|82.130:53.070|83.696:56.552|77.055:57.365|71.980:51.485|63.964:59.810|8.000:8.000,0-26-16-19-17-12-11-3-23-21-30-13-10-32-14-9-6-15-24-5-0,0.0016769529320299
79,severe,sparse,ValuePerDistance,32,18,0.5625,0.5736434108527132,0.0,False,37.0,64.5,1791.8693624084076,1797.518116729742,-591.8693624084076,-671.8693624084076,True,96.80405222599644,False,True,0.2256535295164727,0.0129675890509273,2.0,True,1.0,8.000:8.000|22.986:9.464|46.812:18.587|47.149:23.975|46.610:26.676|43.577:25.543|54.973:25.598|60.096:22.573|57.300:23.218|64.811:13.585|64.555:16.196|79.936:19.602|86.102:10.714|96.058:18.477|90.443:38.408|81.377:63.750|77.055:57.365|82.130:53.070|83.696:56.552|8.000:8.000,0-26-12-17-19-16-11-23-3-30-21-13-10-32-14-4-15-9-6-0,0.0012012738734483
79,severe,sparse,WindAwareGreedy,32,15,0.46875,0.5116279069767442,0.0,False,33.0,64.5,1837.794098926971,1810.054887339134,-637.7940989269708,-717.7940989269708,True,93.26567847019275,False,True,0.1663679854347668,0.0110496049684848,2.0,True,1.0,8.000:8.000|22.986:9.464|46.812:18.587|54.973:25.598|52.009:37.206|50.441:35.252|64.811:13.585|64.555:16.196|60.096:22.573|47.149:23.975|43.577:25.543|35.672:37.894|20.594:57.021|26.587:52.612|63.964:59.810|71.980:51.485|8.000:8.000,0-26-12-11-18-20-30-21-23-17-16-28-27-2-5-24-0,0.0013006690423935
79,severe,sparse,ReserveOnlyPlanner,32,12,0.375,0.3798449612403101,0.3798449612403101,True,24.5,64.5,1085.6529945492248,1178.8421443434238,114.3470054507752,34.347005450775214,False,58.605744417609614,True,False,0.1161236868000582,0.0091440798196732,2.0,False,1.0,8.000:8.000|22.986:9.464|46.812:18.587|54.973:25.598|64.811:13.585|64.555:16.196|60.096:22.573|57.300:23.218|52.009:37.206|50.441:35.252|47.149:23.975|43.577:25.543|46.610:26.676|8.000:8.000,0-26-12-11-30-21-23-3-18-20-17-16-19-0,0.0011234488338232
79,severe,sparse,FairRiskAwareGreedy,32,13,0.40625,0.4573643410852713,0.4573643410852713,True,29.5,64.5,1087.6883734580165,1137.1407181234472,112.31162654198364,32.31162654198363,False,96.8173889238318,True,False,0.0001088174596682,7.772878105692462e-06,4.0,False,1.0,8.000:8.000|22.986:9.464|64.811:13.585|46.812:18.587|52.009:37.206|50.441:35.252|54.973:25.598|20.594:57.021|35.672:37.894|26.587:52.612|63.964:59.810|47.149:23.975|43.577:25.543|46.610:26.676|8.000:8.000,0-26-30-12-18-20-11-27-28-2-5-17-16-19-0,0.0015991339460015
79,severe,sparse,FairALNSPlanner,32,5,0.15625,0.1782945736434108,0.1782945736434108,True,11.5,64.5,545.4833202404425,635.1458991223499,654.5166797595575,574.5166797595575,False,44.438686324486994,True,False,0.0231836331266622,0.0038883785022286,2.0,False,1.0,8.000:8.000|22.986:9.464|86.102:10.714|79.936:19.602|64.811:13.585|64.555:16.196|8.000:8.000,0-26-10-13-30-21-0,4.9225303020793945
79,severe,sparse,RAWA-RHP,32,24,0.75,0.7286821705426356,0.7286821705426356,True,47.0,64.5,1029.598820603629,1215.4653016290924,170.40117939637088,90.40117939637088,False,112.6481251773792,True,False,0.0177106036458891,0.000712703216157,2.0,False,1.0,8.000:8.000|35.672:37.894|26.587:52.612|23.491:70.387|20.594:57.021|63.964:59.810|72.869:72.880|72.475:69.607|80.155:73.121|81.377:63.750|83.696:56.552|82.130:53.070|77.055:57.365|71.980:51.485|52.009:37.206|50.441:35.252|55.725:30.453|54.973:25.598|57.300:23.218|60.096:22.573|46.812:18.587|47.149:23.975|46.610:26.676|43.577:25.543|22.986:9.464|8.000:8.000,0-28-2-22-27-5-25-7-1-4-6-9-15-24-18-20-8-11-3-23-12-17-19-16-26-0,30.319438653066754
79,moderate,sparse,NearestNeighbor,32,24,0.75,0.788135593220339,0.0,False,46.5,59.0,1233.4765763431883,1244.9743745492024,-33.4765763431883,-113.4765763431883,True,119.31016957759005,False,True,0.0015355378790171,6.143938093897017e-05,2.8284271247461903,True,1.0,8.000:8.000|17.720:17.736|33.636:29.873|43.125:41.988|46.130:46.772|47.519:49.008|50.094:48.387|52.136:52.138|54.676:57.434|54.006:60.240|51.455:69.913|55.734:72.621|61.386:79.246|61.216:84.576|74.059:73.708|80.918:71.503|84.021:71.499|90.723:82.437|88.767:37.191|79.170:26.239|72.501:31.668|62.321:42.980|59.650:50.086|55.432:31.705|68.841:12.953|8.000:8.000,0-17-8-31-26-1-21-29-30-15-28-6-11-16-23-5-14-24-3-9-2-7-19-10-20-0,0.001905346987769
79,moderate,sparse,ValuePerDistance,32,24,0.75,0.8220338983050848,0.0,False,48.5,59.0,1427.9121185505574,1420.898350613834,-227.91211855055727,-307.9121185505573,True,126.85132225169748,False,True,0.0313715581528852,0.0012595535964424,2.0,True,1.0,8.000:8.000|17.720:17.736|33.636:29.873|43.125:41.988|46.130:46.772|50.094:48.387|47.519:49.008|54.006:60.240|54.676:57.434|51.455:69.913|55.734:72.621|61.386:79.246|61.216:84.576|74.059:73.708|80.918:71.503|84.021:71.499|90.723:82.437|43.114:68.730|36.846:60.292|37.987:54.453|62.321:42.980|59.650:50.086|52.136:52.138|55.432:31.705|68.841:12.953|8.000:8.000,0-17-8-31-26-21-1-15-30-28-6-11-16-23-5-14-24-32-13-12-7-19-29-10-20-0,0.0014554650988429
79,moderate,sparse,WindAwareGreedy,32,15,0.46875,0.6101694915254238,0.0,False,36.0,59.0,1393.3264072977177,1387.379491531713,-193.32640729771757,-273.32640729771754,True,112.17076458790773,False,True,0.057766164909574,0.0036185790573197,2.0,True,1.0,8.000:8.000|33.636:29.873|17.720:17.736|68.841:12.953|79.170:26.239|62.321:42.980|54.006:60.240|51.455:69.913|43.114:68.730|50.094:48.387|46.130:46.772|43.125:41.988|55.432:31.705|72.501:31.668|74.059:73.708|55.734:72.621|8.000:8.000,0-8-17-20-9-7-15-28-32-21-26-31-10-2-23-6-0,0.0012928170617669
79,moderate,sparse,ReserveOnlyPlanner,32,16,0.5,0.6271186440677966,0.6271186440677966,True,37.0,59.0,1087.0922236415167,1164.712479329458,112.90777635848312,32.90777635848312,False,96.26616551935284,True,False,0.0005738723158804,3.375720447121801e-05,2.8284271247461903,False,1.0,8.000:8.000|17.720:17.736|33.636:29.873|43.125:41.988|50.094:48.387|54.006:60.240|51.455:69.913|43.114:68.730|55.734:72.621|74.059:73.708|62.321:42.980|55.432:31.705|68.841:12.953|79.170:26.239|72.501:31.668|46.130:46.772|47.519:49.008|8.000:8.000,0-17-8-31-21-15-28-32-6-23-7-10-20-9-2-26-1-0,0.0014141658321022
79,moderate,sparse,FairRiskAwareGreedy,32,15,0.46875,0.5677966101694916,0.5677966101694916,True,33.5,59.0,1102.6470813611904,1138.327773094974,97.35291863880944,17.352918638809427,False,118.7859794125301,True,False,0.003463204825051,0.000216682931558,2.0,False,1.0,8.000:8.000|33.636:29.873|54.006:60.240|43.114:68.730|55.734:72.621|50.094:48.387|62.321:42.980|68.841:12.953|17.720:17.736|43.125:41.988|46.130:46.772|37.987:54.453|55.432:31.705|79.170:26.239|72.501:31.668|47.519:49.008|8.000:8.000,0-8-15-32-6-21-7-20-17-31-26-12-10-9-2-1-0,0.0024264580570161
79,moderate,sparse,FairALNSPlanner,32,26,0.8125,0.8813559322033898,0.8813559322033898,True,52.0,59.0,1036.7621507218605,1161.5561909607168,163.2378492781393,83.23784927813927,False,128.62304682567887,True,False,0.0560519056619042,0.002082556949985,2.0,False,1.0,8.000:8.000|17.720:17.736|33.636:29.873|43.125:41.988|46.130:46.772|52.136:52.138|74.059:73.708|80.918:71.503|84.021:71.499|90.723:82.437|61.216:84.576|61.386:79.246|55.734:72.621|54.006:60.240|54.676:57.434|51.455:69.913|43.114:68.730|36.846:60.292|37.987:54.453|47.519:49.008|50.094:48.387|59.650:50.086|62.321:42.980|55.432:31.705|72.501:31.668|79.170:26.239|68.841:12.953|8.000:8.000,0-17-8-31-26-29-23-5-14-24-16-11-6-15-30-28-32-13-12-1-21-19-7-10-2-9-20-0,16.37627402204089
79,moderate,sparse,RAWA-RHP,32,26,0.8125,0.8813559322033898,0.8813559322033898,True,52.0,59.0,990.616258207453,1119.824567435668,209.38374179254728,129.38374179254726,False,125.64494996151548,True,False,0.0034180703651984,0.0001267397635265,2.0,False,1.0,8.000:8.000|17.720:17.736|43.125:41.988|46.130:46.772|47.519:49.008|50.094:48.387|37.987:54.453|36.846:60.292|43.114:68.730|51.455:69.913|55.734:72.621|61.386:79.246|61.216:84.576|74.059:73.708|80.918:71.503|84.021:71.499|90.723:82.437|54.006:60.240|54.676:57.434|52.136:52.138|59.650:50.086|62.321:42.980|72.501:31.668|79.170:26.239|68.841:12.953|55.432:31.705|33.636:29.873|8.000:8.000,0-17-31-26-1-21-12-13-32-28-6-11-16-23-5-14-24-15-30-29-19-7-2-9-20-10-8-0,48.6051663858816
80,severe,cluttered,NearestNeighbor,32,13,0.40625,0.421875,0.0,False,27.0,64.0,1263.1373902925925,1262.2321369346416,-63.13739029259237,-143.1373902925924,True,74.12565598427621,False,True,0.2021525389582257,0.0156745099930501,2.0,True,1.0,8.000:8.000|33.316:20.088|33.292:36.840|15.076:40.671|9.678:42.119|20.211:64.508|24.517:63.640|27.180:65.124|35.844:58.579|31.900:73.500|36.484:71.578|24.473:75.530|21.522:77.515|9.890:73.484|8.000:8.000,0-6-1-16-11-20-8-29-31-30-5-17-12-32-0,0.0009988930542021
80,severe,cluttered,ValuePerDistance,32,16,0.5,0.515625,0.0,False,33.0,64.0,1475.4085024432302,1404.918812867175,-275.40850244323013,-355.40850244323013,True,87.41166460854002,False,True,0.277042954634868,0.0179534751773715,2.0,True,1.0,8.000:8.000|33.316:20.088|44.855:17.688|50.737:28.231|59.321:32.670|59.377:23.406|69.961:27.671|73.092:34.936|64.323:54.813|66.938:55.360|83.828:54.982|89.136:47.923|87.437:46.082|85.342:25.033|87.296:22.403|84.016:19.170|79.641:16.621|8.000:8.000,0-6-26-10-27-13-7-22-2-19-24-3-18-25-28-14-9-0,0.0011680640745908
80,severe,cluttered,WindAwareGreedy,32,13,0.40625,0.4765625,0.0,False,30.5,64.0,1380.636080798074,1415.923564356819,-180.63608079807383,-260.63608079807386,True,82.81259643172623,False,True,0.2824605405574888,0.0228748290850985,2.0,True,1.0,8.000:8.000|33.316:20.088|44.855:17.688|59.321:32.670|69.961:27.671|73.092:34.936|59.377:23.406|50.737:28.231|33.292:36.840|15.076:40.671|9.678:42.119|20.211:64.508|24.517:63.640|27.180:65.124|8.000:8.000,0-6-26-27-7-22-13-10-1-16-11-20-8-29-0,0.0011500809341669
80,severe,cluttered,ReserveOnlyPlanner,32,10,0.3125,0.390625,0.390625,True,25.0,64.0,1060.548964817353,1197.827579941904,139.45103518264722,59.45103518264722,False,62.08554348899636,True,False,0.1316642037778432,0.0123744613685218,2.0,False,1.0,8.000:8.000|33.316:20.088|44.855:17.688|59.321:32.670|69.961:27.671|73.092:34.936|59.377:23.406|50.737:28.231|33.292:36.840|15.076:40.671|9.678:42.119|8.000:8.000,0-6-26-27-7-22-13-10-1-16-11-0,0.0006982618942856
80,severe,cluttered,FairRiskAwareGreedy,32,13,0.40625,0.4140625,0.4140625,True,26.5,64.0,1081.7740562886302,1128.2138608284622,118.22594371136988,38.225943711369865,False,103.03213036390152,True,False,0.0067555994386064,0.0004834303655838,2.8284271247461903,False,1.0,8.000:8.000|33.316:20.088|9.678:42.119|15.076:40.671|33.292:36.840|35.844:58.579|73.092:34.936|59.321:32.670|50.737:28.231|59.377:23.406|87.437:46.082|87.296:22.403|85.342:25.033|89.136:47.923|8.000:8.000,0-6-11-16-1-31-22-27-10-13-18-28-25-3-0,0.0007346789352595
80,severe,cluttered,FairALNSPlanner,32,18,0.5625,0.59375,0.59375,True,38.0,64.0,1004.0514229497718,1175.0816036673052,195.9485770502283,115.9485770502283,False,105.3708979290254,True,False,0.0131068148890909,0.0006900811062847,2.8284271247461903,False,1.0,8.000:8.000|9.678:42.119|15.076:40.671|33.316:20.088|33.292:36.840|35.844:58.579|64.323:54.813|86.390:73.005|83.828:54.982|89.136:47.923|87.437:46.082|87.296:22.403|84.016:19.170|85.342:25.033|73.092:34.936|69.961:27.671|59.377:23.406|59.321:32.670|50.737:28.231|8.000:8.000,0-11-16-6-1-31-2-4-24-3-18-28-14-25-22-7-13-27-10-0,7.366648398106918
80,severe,cluttered,RAWA-RHP,32,17,0.53125,0.578125,0.578125,True,37.0,64.0,1024.9999936809788,1210.668595988478,175.000006319021,95.000006319021,False,106.09686133997953,True,False,0.0557585246759361,0.0031639327976024,2.0,False,1.0,8.000:8.000|33.316:20.088|33.292:36.840|64.323:54.813|66.938:55.360|73.092:34.936|69.961:27.671|59.377:23.406|89.136:47.923|83.828:54.982|87.437:46.082|87.296:22.403|85.342:25.033|59.321:32.670|50.737:28.231|44.855:17.688|15.076:40.671|9.678:42.119|8.000:8.000,0-6-1-2-19-22-7-13-3-24-18-28-25-27-10-26-16-11-0,12.089916599914432
79,moderate,cluttered,NearestNeighbor,32,24,0.75,0.782258064516129,0.0,False,48.5,62.0,1394.8367032078863,1390.102162648427,-194.8367032078864,-274.8367032078864,True,125.54150835861849,False,True,0.1590013612577649,0.0068144333306691,2.0,True,1.0,8.000:8.000|24.620:41.519|34.867:57.451|36.769:66.384|43.507:73.875|42.891:78.676|33.579:82.926|38.011:94.241|50.799:87.304|54.674:92.573|79.905:92.430|79.658:77.497|87.842:76.251|78.992:62.854|76.362:59.039|70.347:49.118|74.369:38.511|73.895:35.859|83.162:36.767|87.792:45.271|81.243:14.762|77.867:9.200|69.526:13.938|64.827:23.527|60.875:24.209|8.000:8.000,0-29-32-13-17-4-1-25-11-22-2-16-30-31-7-26-23-9-12-3-27-15-24-18-19-0,0.0018867109902203
79,moderate,cluttered,ValuePerDistance,32,19,0.59375,0.6854838709677419,0.0,False,42.5,62.0,1311.3631560474398,1296.7122284867426,-111.36315604743984,-191.36315604743984,True,109.2982120555826,False,True,0.2256254263468837,0.0125234755238323,2.0,True,1.0,8.000:8.000|55.584:10.956|60.875:24.209|64.827:23.527|73.895:35.859|74.369:38.511|70.347:49.118|76.362:59.039|78.992:62.854|79.658:77.497|87.842:76.251|79.905:92.430|54.674:92.573|50.799:87.304|33.579:82.926|43.507:73.875|42.891:78.676|36.769:66.384|34.867:57.451|25.373:66.242|8.000:8.000,0-14-19-18-9-23-26-7-31-16-30-2-22-11-1-17-4-13-32-10-0,0.0013588771689683
79,moderate,cluttered,WindAwareGreedy,32,15,0.46875,0.5403225806451613,0.0,False,33.5,62.0,1375.3740249927987,1357.7691908918637,-175.37402499279864,-255.37402499279864,True,109.89539631160886,False,True,0.2320322311989118,0.0161948605571548,2.0,True,1.0,8.000:8.000|55.584:10.956|60.875:24.209|73.895:35.859|76.362:59.039|87.792:45.271|77.867:9.200|81.243:14.762|64.827:23.527|70.347:49.118|55.483:45.458|48.290:46.434|34.867:57.451|36.769:66.384|33.579:82.926|43.507:73.875|8.000:8.000,0-14-19-9-7-3-15-27-18-26-6-28-32-13-1-17-0,0.0013271188363432
79,moderate,cluttered,ReserveOnlyPlanner,32,16,0.5,0.5483870967741935,0.5483870967741935,True,34.0,62.0,1082.4597986187096,1190.8334069498069,117.54020138129042,37.540201381290416,False,93.9285600130358,True,False,0.1827090076686907,0.011650508369601,2.0,False,1.0,8.000:8.000|55.584:10.956|60.875:24.209|64.827:23.527|73.895:35.859|74.369:38.511|87.792:45.271|76.362:59.039|78.992:62.854|70.347:49.118|55.483:45.458|48.290:46.434|34.867:57.451|36.769:66.384|43.507:73.875|42.891:78.676|24.620:41.519|8.000:8.000,0-14-19-18-9-23-3-7-31-26-6-28-32-13-17-4-29-0,0.0014418570790439
79,moderate,cluttered,FairRiskAwareGreedy,32,13,0.40625,0.4596774193548387,0.4596774193548387,True,28.5,62.0,1086.2907043788578,1124.3596307255436,113.70929562114242,33.70929562114242,False,111.9098763412756,True,False,0.0057033656694491,0.0004082809351423,2.0,False,1.0,8.000:8.000|55.584:10.956|73.895:35.859|60.875:24.209|76.362:59.039|33.579:82.926|25.373:66.242|34.867:57.451|79.658:77.497|87.792:45.271|83.162:36.767|74.369:38.511|52.536:26.109|47.392:17.908|8.000:8.000,0-14-9-19-7-1-10-32-16-3-12-23-21-8-0,0.0016350110527127
79,moderate,cluttered,FairALNSPlanner,32,20,0.625,0.717741935483871,0.717741935483871,True,44.5,62.0,1051.674361913741,1168.9108021215266,148.32563808625912,68.32563808625912,False,119.45483582828916,True,False,0.0047939778312261,0.0002286680950994,2.0,False,1.0,8.000:8.000|55.584:10.956|73.895:35.859|74.369:38.511|60.875:24.209|55.483:45.458|70.347:49.118|76.362:59.039|78.992:62.854|87.792:45.271|87.842:76.251|79.658:77.497|54.674:92.573|50.799:87.304|42.891:78.676|43.507:73.875|33.579:82.926|25.092:70.330|25.373:66.242|34.867:57.451|24.620:41.519|8.000:8.000,0-14-9-23-19-6-26-7-31-3-30-16-22-11-4-17-1-5-10-32-29-0,7.821382754016668
79,moderate,cluttered,RAWA-RHP,32,25,0.78125,0.8387096774193549,0.8387096774193549,True,52.0,62.0,1058.9247521328662,1213.6878849570276,141.07524786713395,61.07524786713395,False,130.408636243032,True,False,0.0593454321856642,0.0023202416485718,2.0,False,1.0,8.000:8.000|24.620:41.519|34.867:57.451|25.373:66.242|25.092:70.330|33.579:82.926|43.507:73.875|42.891:78.676|50.799:87.304|54.674:92.573|79.905:92.430|79.658:77.497|87.842:76.251|78.992:62.854|76.362:59.039|87.792:45.271|83.162:36.767|73.895:35.859|74.369:38.511|70.347:49.118|55.483:45.458|48.290:46.434|60.875:24.209|64.827:23.527|55.584:10.956|47.392:17.908|8.000:8.000,0-29-32-10-5-1-17-4-11-22-2-16-30-31-7-3-12-9-23-26-6-28-19-18-14-8-0,52.1986487780232
80,calm,cluttered,NearestNeighbor,32,31,0.96875,0.9824561403508772,0.0,False,56.0,57.0,1218.508410369701,1205.8405080335235,-18.508410369701,-98.508410369701,True,149.22713740718123,False,True,0.014050484172587,0.0004415919528982,2.0,True,1.0,8.000:8.000|17.591:20.801|33.703:19.370|42.353:13.631|51.702:21.316|55.693:32.035|64.731:36.572|65.799:23.155|72.981:15.099|76.273:18.274|80.614:17.883|77.509:34.433|92.109:53.276|92.966:58.310|84.785:82.246|67.498:67.938|67.860:63.834|63.107:81.019|59.951:81.199|58.298:83.518|67.512:82.923|68.784:88.355|58.483:95.509|46.906:81.778|47.512:74.424|43.187:63.525|41.662:54.527|36.829:56.661|26.188:53.607|38.465:45.147|43.095:40.928|47.826:42.649|8.000:8.000,0-8-18-22-3-27-26-9-28-12-23-20-32-6-15-10-2-30-29-13-7-16-31-5-11-4-21-17-14-25-1-19-0,0.0012614610604941
80,calm,cluttered,ValuePerDistance,32,28,0.875,0.9210526315789472,0.0,False,52.5,57.0,1296.3316976763451,1293.4808369788632,-96.331697676345,-176.331697676345,True,152.79382695206309,False,True,0.020412972080597,0.0007085878488947,2.0,True,1.0,8.000:8.000|17.591:20.801|42.353:13.631|33.703:19.370|47.826:42.649|43.095:40.928|38.465:45.147|41.662:54.527|36.829:56.661|43.187:63.525|47.512:74.424|46.906:81.778|58.298:83.518|59.951:81.199|63.107:81.019|67.512:82.923|68.784:88.355|84.785:82.246|92.109:53.276|92.966:58.310|77.509:34.433|65.799:23.155|80.614:17.883|76.273:18.274|72.981:15.099|55.693:32.035|64.731:36.572|67.498:67.938|67.860:63.834|8.000:8.000,0-8-22-18-19-1-25-21-17-4-11-5-13-29-30-7-16-15-32-6-20-9-23-12-28-27-26-10-2-0,0.0010403848718851
80,calm,cluttered,WindAwareGreedy,32,19,0.59375,0.7368421052631579,0.0,False,42.0,57.0,1288.2977350793835,1300.641539927558,-88.2977350793837,-168.2977350793837,True,140.230089370166,False,True,0.0143186425172702,0.00072016302152,2.0,True,1.0,8.000:8.000|17.591:20.801|42.353:13.631|65.799:23.155|80.614:17.883|77.509:34.433|92.109:53.276|84.785:82.246|47.826:42.649|41.662:54.527|47.512:74.424|58.298:83.518|46.906:81.778|67.512:82.923|67.498:67.938|55.693:32.035|38.465:45.147|26.188:53.607|43.187:63.525|36.829:56.661|8.000:8.000,0-8-22-9-23-20-32-15-19-21-11-13-5-7-10-27-25-14-4-17-0,0.0008448490407317
80,calm,cluttered,ReserveOnlyPlanner,32,19,0.59375,0.7017543859649122,0.7017543859649122,True,40.0,57.0,1100.8698434355776,1136.689067317134,99.13015656442226,19.130156564422265,False,122.47732526313426,True,False,0.0239247555021669,0.0012059019327017,2.0,False,1.0,8.000:8.000|17.591:20.801|42.353:13.631|65.799:23.155|80.614:17.883|77.509:34.433|92.109:53.276|92.966:58.310|84.785:82.246|58.298:83.518|47.512:74.424|41.662:54.527|47.826:42.649|55.693:32.035|38.465:45.147|26.188:53.607|36.829:56.661|43.187:63.525|43.095:40.928|33.703:19.370|8.000:8.000,0-8-22-9-23-20-32-6-15-13-11-21-19-27-25-14-17-4-1-18-0,0.0017703750636428
80,calm,cluttered,FairRiskAwareGreedy,32,16,0.5,0.6140350877192983,0.6140350877192983,True,35.0,57.0,1098.1838945782094,1123.4657311921462,101.81610542179077,21.816105421790752,False,122.99616969930284,True,False,0.015876204346241,0.0009398346876247,2.0,False,1.0,8.000:8.000|17.591:20.801|42.353:13.631|47.826:42.649|41.662:54.527|47.512:74.424|58.298:83.518|92.109:53.276|77.509:34.433|65.799:23.155|80.614:17.883|55.693:32.035|38.465:45.147|26.188:53.607|46.906:81.778|43.187:63.525|36.829:56.661|8.000:8.000,0-8-22-19-21-11-13-32-20-9-23-27-25-14-5-4-17-0,0.001519750105217
80,calm,cluttered,FairALNSPlanner,32,22,0.6875,0.8070175438596491,0.8070175438596491,True,46.0,57.0,1055.5786622046685,1123.906284179032,144.42133779533134,64.42133779533134,False,129.23328780375053,True,False,0.0201875237140143,0.0008837457744042,2.0,False,1.0,8.000:8.000|42.353:13.631|51.702:21.316|55.693:32.035|47.826:42.649|38.465:45.147|26.188:53.607|36.829:56.661|41.662:54.527|43.187:63.525|65.799:23.155|72.981:15.099|80.614:17.883|77.509:34.433|92.109:53.276|92.966:58.310|84.785:82.246|68.784:88.355|67.512:82.923|58.298:83.518|46.906:81.778|47.512:74.424|17.591:20.801|8.000:8.000,0-22-3-27-19-25-14-17-21-4-9-28-23-20-32-6-15-16-7-13-5-11-8-0,13.945430452004077
80,calm,cluttered,RAWA-RHP,32,29,0.90625,0.9473684210526316,0.9473684210526316,True,54.0,57.0,1056.097302288796,1132.3601399550412,143.90269771120427,63.90269771120427,False,139.78077911341796,True,False,0.0105534749863864,0.0003533680468509,2.0,False,1.0,8.000:8.000|17.591:20.801|26.188:53.607|36.829:56.661|41.662:54.527|38.465:45.147|43.095:40.928|47.826:42.649|43.187:63.525|47.512:74.424|46.906:81.778|58.298:83.518|59.951:81.199|63.107:81.019|68.784:88.355|67.512:82.923|67.498:67.938|67.860:63.834|84.785:82.246|92.966:58.310|92.109:53.276|77.509:34.433|80.614:17.883|76.273:18.274|72.981:15.099|65.799:23.155|64.731:36.572|55.693:32.035|51.702:21.316|42.353:13.631|8.000:8.000,0-8-14-17-21-25-1-19-4-11-5-13-29-30-16-7-10-2-15-6-32-20-23-12-28-9-26-27-3-22-0,48.68890620302409
81,severe,sparse,NearestNeighbor,32,8,0.25,0.2100840336134453,0.0,False,12.5,59.5,1329.7806200268928,1303.9757799010538,-129.7806200268931,-209.7806200268931,True,56.22838496340135,False,True,0.0499643406748089,0.0055517668695502,2.0,True,1.0,8.000:8.000|29.110:52.159|42.277:54.430|51.890:61.620|58.938:60.007|64.182:60.292|66.571:60.687|62.159:66.928|64.587:72.175|8.000:8.000,0-32-31-3-20-19-16-28-13-0,0.0009202209766954
81,severe,sparse,ValuePerDistance,32,8,0.25,0.2941176470588235,0.0,False,17.5,59.5,1346.2020655019596,1324.8039355508458,-146.2020655019595,-226.2020655019595,True,59.25335547529983,False,True,9.57857436817422e-05,1.0643192352000064e-05,2.8284271247461903,True,1.0,8.000:8.000|29.110:52.159|42.277:54.430|41.699:69.093|44.231:67.189|52.363:78.339|53.663:76.728|43.659:84.255|24.104:78.213|8.000:8.000,0-32-31-10-8-14-30-26-18-0,0.0007052139844745
81,severe,sparse,WindAwareGreedy,32,8,0.25,0.2941176470588235,0.0,False,17.5,59.5,1321.9775119848105,1324.8039355508458,-121.97751198481043,-201.97751198481043,True,59.25335547529983,False,True,9.57857436817422e-05,1.0643192352000064e-05,2.8284271247461903,True,1.0,8.000:8.000|29.110:52.159|42.277:54.430|41.699:69.093|44.231:67.189|52.363:78.339|53.663:76.728|43.659:84.255|24.104:78.213|8.000:8.000,0-32-31-10-8-14-30-26-18-0,0.0008018380030989
81,severe,sparse,ReserveOnlyPlanner,32,4,0.125,0.1512605042016806,0.1512605042016806,True,9.0,59.5,1065.9279411883665,1105.474583669818,134.0720588116336,54.07205881163361,False,40.10525038773812,True,False,1.0506846503943732e-09,2.1013693007887468e-10,6.0,False,1.0,8.000:8.000|29.110:52.159|42.277:54.430|41.699:69.093|44.231:67.189|8.000:8.000,0-32-31-10-8-0,0.0005164921749383
81,severe,sparse,FairRiskAwareGreedy,32,13,0.40625,0.4957983193277311,0.4957983193277311,True,29.5,59.5,1079.3695320627908,1145.9147246585408,120.63046793720936,40.63046793720935,False,97.67057775059698,True,False,0.0002119540564879,1.514038617494202e-05,2.8284271247461903,False,1.0,8.000:8.000|29.110:52.159|41.699:69.093|52.363:78.339|53.663:76.728|44.231:67.189|42.277:54.430|66.775:22.140|82.984:36.767|80.060:38.065|76.022:44.720|65.973:41.624|72.469:52.956|64.239:82.703|8.000:8.000,0-32-10-14-30-8-31-22-23-9-17-1-24-29-0,0.001535024959594
81,severe,sparse,FairALNSPlanner,32,17,0.53125,0.6134453781512605,0.6134453781512605,True,36.5,59.5,1045.3600350289703,1239.2227932004776,154.63996497102994,74.63996497102994,False,103.87839165684996,True,False,0.0002220496369474,1.233641056261028e-05,2.8284271247461903,False,1.0,8.000:8.000|66.775:22.140|82.984:36.767|80.060:38.065|79.761:42.437|76.022:44.720|65.973:41.624|65.234:46.025|29.110:52.159|44.231:67.189|64.239:82.703|79.831:83.427|83.378:84.938|75.248:77.726|53.663:76.728|52.363:78.339|41.699:69.093|42.277:54.430|8.000:8.000,0-22-23-9-21-17-1-2-32-8-29-4-12-15-30-14-10-31-0,7.526108667021617
81,severe,sparse,RAWA-RHP,32,22,0.6875,0.7478991596638656,0.7478991596638656,True,44.5,59.5,1041.1232044284195,1248.0203283502444,158.87679557158071,78.87679557158071,False,110.40457635268638,True,False,0.0060825172785893,0.0002645415960597,2.8284271247461903,False,1.0,8.000:8.000|66.775:22.140|82.984:36.767|80.060:38.065|79.761:42.437|76.022:44.720|65.973:41.624|65.234:46.025|72.469:52.956|66.571:60.687|64.587:72.175|75.248:77.726|83.378:84.938|79.831:83.427|64.239:82.703|53.663:76.728|52.363:78.339|41.699:69.093|44.231:67.189|58.938:60.007|51.890:61.620|42.277:54.430|29.110:52.159|8.000:8.000,0-22-23-9-21-17-1-2-24-16-13-15-12-4-29-30-14-10-8-20-3-31-32-0,16.111032631946728
81,severe,cluttered,NearestNeighbor,32,11,0.34375,0.3492063492063492,0.0,False,22.0,63.0,1259.6646281487997,1285.7829568422007,-59.66462814879976,-139.66462814879975,True,61.66602681084999,False,True,0.1175353559895497,0.0098421420117238,2.0,True,1.0,8.000:8.000|17.656:42.331|35.091:47.391|42.909:49.339|47.034:49.066|52.674:53.443|57.300:56.233|55.257:67.227|46.424:69.099|44.455:70.336|33.860:72.023|26.931:64.505|8.000:8.000,0-5-21-32-7-25-13-17-14-15-31-2-0,0.0011080019176006
81,severe,cluttered,ValuePerDistance,32,10,0.3125,0.3492063492063492,0.0,False,22.0,63.0,1375.748064609145,1375.1312144656272,-175.74806460914493,-255.74806460914493,True,65.95510539002512,False,True,0.1159780360373208,0.0108098275582681,2.0,True,1.0,8.000:8.000|47.431:13.138|48.606:24.919|38.667:24.497|53.680:29.935|65.276:45.844|57.300:56.233|55.257:67.227|46.424:69.099|44.455:70.336|33.860:72.023|8.000:8.000,0-30-19-24-16-18-13-17-14-15-31-0,0.0008489610627293
81,severe,cluttered,WindAwareGreedy,32,7,0.21875,0.2698412698412698,0.0,False,17.0,63.0,1379.9187839997144,1359.983649526612,-179.91878399971426,-259.91878399971426,True,62.698404539333,False,True,0.2221016087296481,0.0291422451307953,2.0,True,1.0,8.000:8.000|47.431:13.138|38.667:24.497|48.606:24.919|61.085:9.820|71.434:8.941|87.529:30.526|95.924:28.044|8.000:8.000,0-30-24-19-12-9-26-22-0,0.0007712128572165
81,severe,cluttered,ReserveOnlyPlanner,32,6,0.1875,0.2063492063492063,0.2063492063492063,True,13.0,63.0,1062.5884603100808,1163.7525451819547,137.4115396899191,57.411539689919096,False,50.55046308060846,True,False,0.2703379705546435,0.0419053671226224,2.0,False,1.0,8.000:8.000|47.431:13.138|38.667:24.497|48.606:24.919|61.085:9.820|71.434:8.941|53.680:29.935|8.000:8.000,0-30-24-19-12-9-16-0,0.0006883728783577
81,severe,cluttered,FairRiskAwareGreedy,32,12,0.375,0.4285714285714285,0.4285714285714285,True,27.0,63.0,1051.2645162867516,1122.2211368728722,148.7354837132484,68.73548371324839,False,94.00163832062216,True,False,0.0071738790992013,0.0005525331596779,2.8284271247461903,False,1.0,8.000:8.000|47.431:13.138|38.667:24.497|48.606:24.919|42.909:49.339|47.034:49.066|65.276:45.844|87.529:30.526|61.085:9.820|71.434:8.941|55.257:67.227|57.300:56.233|35.091:47.391|8.000:8.000,0-30-24-19-32-7-18-26-12-9-17-13-21-0,0.0014990188647061
81,severe,cluttered,FairALNSPlanner,32,20,0.625,0.6507936507936508,0.6507936507936508,True,41.0,63.0,1051.4197603797077,1247.508734817671,148.58023962029242,68.58023962029242,False,105.76626848810469,True,False,0.0061823088372759,0.0002948018679314,2.8284271247461903,False,1.0,8.000:8.000|47.431:13.138|48.606:24.919|38.667:24.497|42.909:49.339|47.034:49.066|52.674:53.443|57.300:56.233|46.424:69.099|44.455:70.336|55.257:67.227|66.566:67.362|75.465:68.156|76.815:69.859|82.354:69.949|80.835:68.220|65.276:45.844|70.496:34.398|87.529:30.526|71.434:8.941|61.085:9.820|8.000:8.000,0-30-19-24-32-7-25-13-14-15-17-27-1-11-29-20-18-6-26-9-12-0,5.931353620951995
81,severe,cluttered,RAWA-RHP,32,19,0.59375,0.6428571428571429,0.6428571428571429,True,40.5,63.0,1046.2492086367995,1210.6061155633672,153.75079136320073,73.75079136320073,False,104.8785801968628,True,False,0.0713677119187177,0.0036314256894345,2.0,False,1.0,8.000:8.000|61.085:9.820|71.434:8.941|95.924:28.044|87.529:30.526|70.496:34.398|65.276:45.844|80.835:68.220|76.815:69.859|75.465:68.156|66.566:67.362|46.424:69.099|44.455:70.336|55.257:67.227|57.300:56.233|52.674:53.443|47.034:49.066|42.909:49.339|48.606:24.919|47.431:13.138|8.000:8.000,0-12-9-22-26-6-18-20-11-1-27-14-15-17-13-25-7-32-19-30-0,17.168844190891832
80,severe,sparse,NearestNeighbor,32,15,0.46875,0.4836065573770491,0.0,False,29.5,61.0,1429.4179748263375,1392.8555393103898,-229.41797482633805,-309.4179748263381,True,85.60121082782415,False,True,0.0840613981764378,0.0053103868607847,2.0,True,1.0,8.000:8.000|28.822:29.051|32.583:37.800|32.842:40.253|38.317:38.469|47.791:52.187|50.021:58.857|58.234:61.187|56.938:67.444|67.750:69.856|73.374:81.687|85.205:76.790|90.562:81.918|91.548:86.365|71.927:48.798|67.527:53.701|8.000:8.000,0-21-3-28-32-11-10-23-20-29-14-5-19-24-25-12-0,0.0014028609730303
80,severe,sparse,ValuePerDistance,32,15,0.46875,0.5081967213114754,0.0,False,31.0,61.0,1629.2057856849033,1640.073472847407,-429.2057856849037,-509.2057856849037,True,93.06510871144656,False,True,0.2438137930330529,0.0168388583033065,2.0,True,1.0,8.000:8.000|37.903:19.292|34.174:21.390|28.822:29.051|32.583:37.800|32.842:40.253|38.317:38.469|47.791:52.187|58.234:61.187|67.527:53.701|71.927:48.798|62.645:53.930|67.750:69.856|73.374:81.687|90.562:81.918|91.548:86.365|8.000:8.000,0-18-17-21-3-28-32-11-23-12-25-31-29-14-19-24-0,0.0010800459422171
80,severe,sparse,WindAwareGreedy,32,11,0.34375,0.3524590163934426,0.0,False,21.5,61.0,1425.7103567223453,1469.7785105060798,-225.71035672234564,-305.71035672234564,True,79.61318087202933,False,True,0.1375893664010924,0.0120268067299789,2.0,True,1.0,8.000:8.000|37.903:19.292|34.174:21.390|28.822:29.051|32.583:37.800|32.842:40.253|38.317:38.469|67.527:53.701|71.927:48.798|85.428:21.892|47.791:52.187|58.234:61.187|8.000:8.000,0-18-17-21-3-28-32-12-25-4-11-23-0,0.0010759790893644
80,severe,sparse,ReserveOnlyPlanner,32,9,0.28125,0.2786885245901639,0.2786885245901639,True,17.0,61.0,1071.033710755274,1179.540519910286,128.96628924472606,48.966289244726056,False,63.92899984886067,True,False,0.1060807541935632,0.0108687507150202,2.0,False,1.0,8.000:8.000|37.903:19.292|34.174:21.390|28.822:29.051|32.583:37.800|32.842:40.253|38.317:38.469|67.527:53.701|71.927:48.798|85.428:21.892|8.000:8.000,0-18-17-21-3-28-32-12-25-4-0,0.0009696390479803
80,severe,sparse,FairRiskAwareGreedy,32,6,0.1875,0.2459016393442623,0.2459016393442623,True,15.0,61.0,722.3253695210291,765.5682157693547,477.67463047897087,397.67463047897087,False,66.92766878683236,True,False,9.673317351777122e-05,1.3819366065703775e-05,4.0,False,1.0,8.000:8.000|37.903:19.292|67.527:53.701|71.927:48.798|90.562:81.918|85.428:21.892|34.174:21.390|8.000:8.000,0-18-12-25-19-4-17-0,0.0008637129794806
80,severe,sparse,FairALNSPlanner,32,21,0.65625,0.7459016393442623,0.7459016393442623,True,45.5,61.0,1040.7019121854953,1239.9786830004628,159.29808781450478,79.29808781450478,False,110.01667216376688,True,False,0.0192312433827412,0.0008800006518458,2.0,False,1.0,8.000:8.000|34.174:21.390|37.903:19.292|67.527:53.701|71.927:48.798|62.645:53.930|58.234:61.187|67.750:69.856|91.548:86.365|90.562:81.918|85.205:76.790|73.374:81.687|46.553:75.620|38.382:70.386|38.609:77.654|39.584:79.562|34.168:84.000|30.471:81.777|28.974:83.552|19.992:79.964|24.201:72.214|15.875:71.994|8.000:8.000,0-17-18-12-25-31-23-29-24-19-5-14-16-2-7-9-15-1-8-22-26-30-0,8.837284931214526
80,severe,sparse,RAWA-RHP,32,24,0.75,0.7950819672131147,0.7950819672131147,True,48.5,61.0,1043.4645296773238,1239.1027167749296,156.5354703226764,76.53547032267639,False,116.87159076854635,True,False,0.0556487339525793,0.0022492673162224,2.0,False,1.0,8.000:8.000|15.875:71.994|28.974:83.552|30.471:81.777|34.168:84.000|39.584:79.562|38.609:77.654|46.553:75.620|56.938:67.444|67.750:69.856|73.374:81.687|85.205:76.790|91.548:86.365|90.562:81.918|71.927:48.798|67.527:53.701|62.645:53.930|58.234:61.187|50.021:58.857|47.791:52.187|32.842:40.253|32.583:37.800|38.317:38.469|37.903:19.292|34.174:21.390|8.000:8.000,0-30-8-1-15-9-7-16-20-29-14-5-24-19-25-12-31-23-10-11-28-3-32-18-17-0,44.447613299125805
80,calm,sparse,NearestNeighbor,32,32,1.0,1.0,0.0,False,63.0,63.0,1280.5106566116042,1271.4505445557536,-80.51065661160428,-160.51065661160428,True,158.88039409627038,False,True,0.0115212029151429,0.0003504511531846,2.0,True,1.0,8.000:8.000|18.219:17.074|23.607:14.399|18.093:28.028|15.787:28.415|22.427:32.199|24.716:33.335|30.768:38.459|32.137:26.151|44.579:16.470|53.205:24.080|61.819:17.353|66.719:21.662|48.697:38.652|39.136:47.519|40.678:49.237|42.634:53.232|32.379:56.817|24.701:53.177|22.196:49.498|9.384:37.709|43.045:75.425|42.661:80.669|46.588:90.764|50.508:90.277|54.360:82.935|56.796:81.148|66.083:91.894|74.169:71.004|81.740:63.327|64.811:56.844|53.423:61.620|47.969:68.827|8.000:8.000,0-6-29-26-23-24-2-22-14-28-19-21-13-17-3-4-27-15-18-32-31-5-1-12-16-30-7-25-10-20-11-8-9-0,0.0021091201342642
80,calm,sparse,ValuePerDistance,32,31,0.96875,0.984126984126984,0.0,False,62.0,63.0,1334.7693060966533,1339.8023036873872,-134.76930609665342,-214.76930609665345,True,163.3183827873071,False,True,0.0102586443969705,0.0003215596626199,2.0,True,1.0,8.000:8.000|23.607:14.399|18.219:17.074|18.093:28.028|15.787:28.415|22.427:32.199|24.716:33.335|30.768:38.459|40.678:49.237|42.634:53.232|32.379:56.817|24.701:53.177|22.196:49.498|9.384:37.709|32.137:26.151|53.205:24.080|61.819:17.353|66.719:21.662|48.697:38.652|39.136:47.519|42.661:80.669|43.045:75.425|47.969:68.827|56.796:81.148|54.360:82.935|50.508:90.277|46.588:90.764|66.083:91.894|64.811:56.844|81.740:63.327|74.169:71.004|53.423:61.620|8.000:8.000,0-29-6-26-23-24-2-22-4-27-15-18-32-31-14-19-21-13-17-3-1-5-9-7-30-16-12-25-11-20-10-8-0,0.0016386150382459
80,calm,sparse,WindAwareGreedy,32,25,0.78125,0.8571428571428571,0.0,False,54.0,63.0,1287.4313753055394,1288.4364796965322,-87.43137530553958,-167.43137530553958,True,149.35211228839796,False,True,0.0129178023620953,0.0004993661725841,2.0,True,1.0,8.000:8.000|23.607:14.399|40.678:49.237|42.634:53.232|32.379:56.817|24.701:53.177|22.196:49.498|9.384:37.709|22.427:32.199|24.716:33.335|30.768:38.459|53.205:24.080|61.819:17.353|48.697:38.652|42.661:80.669|43.045:75.425|56.796:81.148|66.083:91.894|54.360:82.935|47.969:68.827|64.811:56.844|32.137:26.151|18.093:28.028|15.787:28.415|18.219:17.074|44.579:16.470|8.000:8.000,0-29-4-27-15-18-32-31-24-2-22-19-21-17-1-5-7-25-30-9-11-14-26-23-6-28-0,0.0017225800547748
80,calm,sparse,ReserveOnlyPlanner,32,23,0.71875,0.746031746031746,0.746031746031746,True,47.0,63.0,1110.067329363863,1141.2164179912434,89.93267063613688,9.932670636136876,False,131.03556410631896,True,False,0.0014777805655584,6.158819045828008e-05,2.0,False,1.0,8.000:8.000|23.607:14.399|18.219:17.074|22.427:32.199|24.716:33.335|40.678:49.237|42.634:53.232|32.379:56.817|24.701:53.177|22.196:49.498|9.384:37.709|18.093:28.028|15.787:28.415|30.768:38.459|53.205:24.080|61.819:17.353|48.697:38.652|32.137:26.151|44.579:16.470|42.661:80.669|43.045:75.425|47.969:68.827|53.423:61.620|39.136:47.519|8.000:8.000,0-29-6-24-2-4-27-15-18-32-31-26-23-22-19-21-17-14-28-1-5-9-8-3-0,0.0017791690770536
80,calm,sparse,FairRiskAwareGreedy,32,19,0.59375,0.6666666666666666,0.6666666666666666,True,42.0,63.0,1067.1716888495455,1088.6248183213795,132.82831115045406,52.828311150454056,False,125.67056631816716,True,False,0.0059723927875957,0.0002991975375321,2.0,False,1.0,8.000:8.000|23.607:14.399|40.678:49.237|42.634:53.232|42.661:80.669|43.045:75.425|24.701:53.177|32.379:56.817|53.205:24.080|61.819:17.353|24.716:33.335|22.427:32.199|9.384:37.709|30.768:38.459|22.196:49.498|18.093:28.028|15.787:28.415|18.219:17.074|48.697:38.652|32.137:26.151|8.000:8.000,0-29-4-27-1-5-18-15-19-21-2-24-31-22-32-26-23-6-17-14-0,0.0030680759809911
80,calm,sparse,FairALNSPlanner,32,30,0.9375,0.9682539682539684,0.9682539682539684,True,61.0,63.0,1041.0010447523282,1124.642142052766,158.99895524767155,78.99895524767157,False,140.5824858053547,True,False,0.0091095854353744,0.0002949428037378,2.0,False,1.0,8.000:8.000|18.219:17.074|23.607:14.399|32.137:26.151|44.579:16.470|53.205:24.080|61.819:17.353|81.740:63.327|74.169:71.004|66.083:91.894|56.796:81.148|54.360:82.935|50.508:90.277|46.588:90.764|42.661:80.669|43.045:75.425|47.969:68.827|64.811:56.844|48.697:38.652|39.136:47.519|40.678:49.237|42.634:53.232|32.379:56.817|24.701:53.177|22.196:49.498|30.768:38.459|24.716:33.335|22.427:32.199|18.093:28.028|15.787:28.415|9.384:37.709|8.000:8.000,0-6-29-14-28-19-21-20-10-25-7-30-16-12-1-5-9-11-17-3-4-27-15-18-32-22-2-24-26-23-31-0,18.346902744146064
80,calm,sparse,RAWA-RHP,32,32,1.0,1.0,1.0,True,63.0,63.0,1061.8306695011477,1142.988273583734,138.16933049885228,58.16933049885228,False,144.86522299185708,True,False,0.0082306406296858,0.0002498490861316,2.0,False,1.0,8.000:8.000|23.607:14.399|18.219:17.074|15.787:28.415|9.384:37.709|22.196:49.498|24.701:53.177|32.379:56.817|39.136:47.519|40.678:49.237|42.634:53.232|53.423:61.620|47.969:68.827|43.045:75.425|42.661:80.669|46.588:90.764|50.508:90.277|66.083:91.894|54.360:82.935|56.796:81.148|74.169:71.004|81.740:63.327|64.811:56.844|48.697:38.652|66.719:21.662|61.819:17.353|53.205:24.080|44.579:16.470|32.137:26.151|30.768:38.459|24.716:33.335|22.427:32.199|18.093:28.028|8.000:8.000,0-29-6-23-31-32-18-15-3-4-27-8-9-5-1-12-16-25-30-7-10-20-11-17-13-21-19-28-14-22-2-24-26-0,57.07837465917692
81,moderate,sparse,NearestNeighbor,32,21,0.65625,0.6666666666666666,0.0,False,42.0,63.0,1272.471288360484,1251.7631060135468,-72.47128836048421,-152.4712883604842,True,113.14087971547056,False,True,0.0292269133294439,0.0013290528620689,2.0,True,1.0,8.000:8.000|27.520:34.517|35.232:50.204|34.187:60.354|40.370:61.355|44.051:57.985|58.321:62.653|63.820:63.649|72.483:70.416|72.318:72.943|64.244:80.321|45.474:83.366|43.088:85.486|40.314:92.720|36.665:73.332|22.650:73.027|15.831:64.560|16.952:61.330|9.944:51.228|57.876:25.807|59.324:23.736|60.092:30.958|8.000:8.000,0-31-11-1-29-20-16-13-18-26-8-19-9-24-15-7-2-30-25-32-3-12-0,0.0017834468744695
81,moderate,sparse,ValuePerDistance,32,21,0.65625,0.6666666666666666,0.0,False,42.0,63.0,1250.3298802966838,1220.2680552734591,-50.32988029668351,-130.3298802966835,True,113.56535445163344,False,True,0.0003824053463072,1.7383924002841017e-05,2.8284271247461903,True,1.0,8.000:8.000|27.520:34.517|35.232:50.204|34.187:60.354|40.370:61.355|44.051:57.985|36.665:73.332|45.474:83.366|43.088:85.486|40.314:92.720|64.244:80.321|84.848:69.580|88.851:68.859|91.514:79.220|72.483:70.416|72.318:72.943|63.820:63.649|58.321:62.653|66.276:43.138|59.324:23.736|57.876:25.807|60.092:30.958|8.000:8.000,0-31-11-1-29-20-15-19-9-24-8-14-5-6-18-26-13-16-23-3-32-12-0,0.0013588122092187
81,moderate,sparse,WindAwareGreedy,32,17,0.53125,0.6428571428571429,0.0,False,40.5,63.0,1322.81196482355,1319.6280493698234,-122.81196482355011,-202.8119648235501,True,117.36265607153628,False,True,0.0106512537654487,0.0005919544380936,2.0,True,1.0,8.000:8.000|27.520:34.517|35.232:50.204|16.952:61.330|36.665:73.332|34.187:60.354|40.370:61.355|44.051:57.985|9.944:51.228|15.831:64.560|22.650:73.027|45.474:83.366|64.244:80.321|84.848:69.580|88.851:68.859|91.514:79.220|63.820:63.649|66.276:43.138|8.000:8.000,0-31-11-30-15-1-29-20-25-2-7-19-8-14-5-6-13-23-0,0.0013962748926132
81,moderate,sparse,ReserveOnlyPlanner,32,13,0.40625,0.4682539682539682,0.4682539682539682,True,29.5,63.0,1018.5366734740236,1107.9961879343982,181.46332652597675,101.46332652597673,False,92.96226890454604,True,False,0.0003096189645854,2.211753241881942e-05,2.8284271247461903,False,1.0,8.000:8.000|27.520:34.517|35.232:50.204|16.952:61.330|15.831:64.560|9.944:51.228|36.665:73.332|34.187:60.354|40.370:61.355|44.051:57.985|22.650:73.027|45.474:83.366|40.314:92.720|43.088:85.486|8.000:8.000,0-31-11-30-2-25-15-1-29-20-7-19-24-9-0,0.0012613930739462
81,moderate,sparse,FairRiskAwareGreedy,32,15,0.46875,0.5158730158730159,0.5158730158730159,True,32.5,63.0,1086.7800432243591,1127.8046852571315,113.21995677564088,33.21995677564087,False,119.78846026921374,True,False,0.0003138071077541,1.961496156343417e-05,2.8284271247461903,False,1.0,8.000:8.000|35.232:50.204|16.952:61.330|36.665:73.332|34.187:60.354|40.370:61.355|27.520:34.517|9.944:51.228|15.831:64.560|22.650:73.027|69.234:13.061|62.343:7.676|81.895:28.879|87.425:16.395|57.876:25.807|60.092:30.958|8.000:8.000,0-11-30-15-1-29-31-25-2-7-4-28-27-17-32-12-0,0.0021322169341146
81,moderate,sparse,FairALNSPlanner,32,24,0.75,0.8253968253968254,0.8253968253968254,True,52.0,63.0,1058.6314957337167,1201.1698642044282,141.3685042662836,61.3685042662836,False,132.16798053022933,True,False,0.0075173745709422,0.0003012937964848,2.0,False,1.0,8.000:8.000|62.343:7.676|69.234:13.061|59.324:23.736|81.895:28.879|60.092:30.958|27.520:34.517|35.232:50.204|34.187:60.354|40.370:61.355|44.051:57.985|58.321:62.653|63.820:63.649|72.483:70.416|84.848:69.580|88.851:68.859|91.514:79.220|64.244:80.321|45.474:83.366|43.088:85.486|36.665:73.332|22.650:73.027|15.831:64.560|16.952:61.330|9.944:51.228|8.000:8.000,0-28-4-3-27-12-31-11-1-29-20-16-13-18-14-5-6-8-19-9-15-7-2-30-25-0,13.393581954063848
81,moderate,sparse,RAWA-RHP,32,25,0.78125,0.8412698412698413,0.8412698412698413,True,53.0,63.0,1031.6916038970191,1182.5253116118324,168.30839610298068,88.30839610298068,False,131.89136564865026,True,False,0.0050946203055348,0.0001961269050893,2.0,False,1.0,8.000:8.000|27.520:34.517|35.232:50.204|9.944:51.228|16.952:61.330|15.831:64.560|22.650:73.027|36.665:73.332|45.474:83.366|64.244:80.321|91.514:79.220|88.851:68.859|84.848:69.580|72.318:72.943|72.483:70.416|63.820:63.649|58.321:62.653|34.187:60.354|40.370:61.355|44.051:57.985|66.276:43.138|60.092:30.958|57.876:25.807|59.324:23.736|69.234:13.061|62.343:7.676|8.000:8.000,0-31-11-25-30-2-7-15-19-8-6-5-14-26-18-13-16-1-29-20-23-12-32-3-4-28-0,41.41188006498851
80,moderate,cluttered,NearestNeighbor,32,25,0.78125,0.78125,0.0,False,50.0,64.0,1556.2393935957484,1544.0271220228594,-356.2393935957488,-436.2393935957488,True,121.46059781501252,False,True,0.2929631376461193,0.0130341062721814,2.0,True,1.0,8.000:8.000|19.909:13.890|27.421:19.046|32.138:31.523|25.913:38.507|19.477:31.110|15.986:42.336|20.598:57.439|20.841:63.512|25.969:67.995|28.450:66.918|36.648:74.039|37.227:60.103|35.779:58.299|35.971:50.650|43.548:50.924|48.077:51.683|51.807:61.895|60.041:52.909|67.766:60.042|75.903:55.831|80.518:46.077|65.584:26.191|50.457:25.910|40.008:39.393|27.692:55.846|8.000:8.000,0-27-15-1-29-18-28-7-5-25-3-24-31-20-17-12-21-14-13-8-16-32-9-22-19-6-0,0.0019242889247834
80,moderate,cluttered,ValuePerDistance,32,21,0.65625,0.734375,0.0,False,47.0,64.0,1672.450016839824,1693.938841528809,-472.4500168398243,-552.4500168398242,True,122.95023935358026,False,True,0.2959645894015872,0.015620810796092,2.0,True,1.0,8.000:8.000|27.421:19.046|32.138:31.523|25.913:38.507|15.986:42.336|20.598:57.439|25.969:67.995|28.450:66.918|35.779:58.299|37.227:60.103|48.077:51.683|51.807:61.895|68.163:70.562|75.903:55.831|80.518:46.077|65.584:26.191|50.457:25.910|40.008:39.393|35.971:50.650|27.692:55.846|20.841:63.512|26.501:84.326|8.000:8.000,0-15-1-29-28-7-25-3-20-31-21-14-30-16-32-9-22-19-17-6-5-23-0,0.0013611949980258
80,moderate,cluttered,WindAwareGreedy,32,16,0.5,0.609375,0.0,False,39.0,64.0,1419.5520799136627,1415.36411757689,-219.5520799136632,-299.5520799136632,True,100.380510802263,False,True,0.1723918842998719,0.0109083552867176,2.0,True,1.0,8.000:8.000|27.421:19.046|32.138:31.523|50.457:25.910|48.077:51.683|51.807:61.895|75.903:55.831|80.518:46.077|65.584:26.191|20.598:57.439|25.969:67.995|28.450:66.918|35.779:58.299|37.227:60.103|35.971:50.650|15.986:42.336|25.913:38.507|8.000:8.000,0-15-1-22-21-14-16-32-9-7-25-3-20-31-17-28-29-0,0.0013328671921044
80,moderate,cluttered,ReserveOnlyPlanner,32,9,0.28125,0.359375,0.359375,True,23.0,64.0,1095.2590105859913,1139.427389260006,104.74098941400872,24.74098941400871,False,70.78725745543926,True,False,0.1813695874235595,0.0193629034737092,2.0,False,1.0,8.000:8.000|27.421:19.046|32.138:31.523|50.457:25.910|65.584:26.191|48.077:51.683|51.807:61.895|75.903:55.831|80.518:46.077|60.041:52.909|8.000:8.000,0-15-1-22-9-21-14-16-32-13-0,0.0009770800825208
80,moderate,cluttered,FairRiskAwareGreedy,32,12,0.375,0.4765625,0.4765625,True,30.5,64.0,1071.1561331770226,1109.9708280228356,128.8438668229775,48.8438668229775,False,104.33024363082676,True,False,0.0029255619351002,0.0002252087939403,2.8284271247461903,False,1.0,8.000:8.000|32.138:31.523|27.421:19.046|50.457:25.910|20.598:57.439|48.077:51.683|51.807:61.895|15.986:42.336|25.913:38.507|35.779:58.299|75.903:55.831|68.163:70.562|35.971:50.650|8.000:8.000,0-1-15-22-7-21-14-28-29-20-16-30-17-0,0.0016579390503466
80,moderate,cluttered,FairALNSPlanner,32,14,0.4375,0.5,0.5,True,32.0,64.0,882.7547165897656,983.8974234476336,317.2452834102349,237.2452834102349,False,96.20098730852789,True,False,0.0064987492021252,0.0004337252934062,2.0,False,1.0,8.000:8.000|19.909:13.890|27.421:19.046|50.457:25.910|32.138:31.523|40.008:39.393|20.598:57.439|27.692:55.846|35.779:58.299|37.227:60.103|48.077:51.683|68.163:70.562|75.903:55.831|65.584:26.191|80.518:46.077|8.000:8.000,0-27-15-22-1-19-7-6-20-31-21-30-16-9-32-0,10.014817646006122
80,moderate,cluttered,RAWA-RHP,32,25,0.78125,0.8046875,0.8046875,True,51.5,64.0,1043.8497399789983,1199.6728809585445,156.15026002100143,76.15026002100143,False,124.9703212850283,True,False,0.0769696171467355,0.0030526009879844,2.0,False,1.0,8.000:8.000|15.986:42.336|25.913:38.507|35.971:50.650|27.692:55.846|20.598:57.439|20.841:63.512|25.969:67.995|36.648:74.039|28.450:66.918|35.779:58.299|37.227:60.103|43.548:50.924|48.077:51.683|51.807:61.895|68.163:70.562|67.766:60.042|87.096:73.236|84.510:75.546|75.903:55.831|80.518:46.077|50.457:25.910|40.008:39.393|32.138:31.523|27.421:19.046|19.909:13.890|8.000:8.000,0-28-29-17-6-7-5-25-24-3-20-31-12-21-14-30-8-2-4-16-32-22-19-1-15-27-0,68.40679478505626
78,moderate,cluttered,NearestNeighbor,32,29,0.90625,0.9393939393939394,0.0,False,62.0,66.0,1819.984415900076,1818.093330603252,-619.9844159000759,-699.9844159000759,True,149.45359041510315,False,True,0.1775710189782382,0.0063562365735501,2.0,True,1.0,8.000:8.000|13.523:15.855|8.818:32.477|19.414:53.425|26.832:63.768|34.708:64.920|41.165:70.529|40.382:72.485|41.470:77.978|39.831:80.357|38.340:77.965|52.437:64.806|57.624:60.006|58.813:54.495|54.489:54.695|50.887:44.687|59.009:39.571|61.624:39.726|68.466:30.267|81.566:17.364|81.143:51.390|84.089:51.350|89.475:48.182|87.627:57.450|76.742:50.788|74.424:62.581|70.852:66.492|65.547:64.644|63.658:80.770|82.417:84.271|8.000:8.000,0-12-18-1-16-11-13-15-25-24-10-29-4-6-20-2-27-32-14-7-21-19-23-17-28-22-30-3-5-8-0,0.00206737103872
78,moderate,cluttered,ValuePerDistance,32,24,0.75,0.7954545454545454,0.0,False,52.5,66.0,1380.9249432870754,1373.3432836091608,-180.9249432870758,-260.9249432870758,True,118.76274575997763,False,True,0.0682419213980429,0.0028015175098969,2.0,True,1.0,8.000:8.000|13.523:15.855|8.818:32.477|34.708:64.920|41.165:70.529|40.382:72.485|41.470:77.978|39.831:80.357|38.340:77.965|54.489:54.695|58.813:54.495|57.624:60.006|52.437:64.806|65.547:64.644|70.852:66.492|74.424:62.581|76.742:50.788|81.143:51.390|84.089:51.350|89.475:48.182|87.627:57.450|61.624:39.726|59.009:39.571|68.466:30.267|81.566:17.364|8.000:8.000,0-12-18-11-13-15-25-24-10-20-6-4-29-3-30-22-28-21-19-23-17-32-27-14-7-0,0.0015026640612632
78,moderate,cluttered,WindAwareGreedy,32,24,0.75,0.8106060606060606,0.0,False,53.5,66.0,1668.9165017718146,1671.3015492902896,-468.9165017718146,-548.9165017718146,True,133.47578826573212,False,True,0.0675351842484873,0.0027739667323599,2.0,True,1.0,8.000:8.000|13.523:15.855|8.818:32.477|34.708:64.920|41.165:70.529|40.382:72.485|41.470:77.978|39.831:80.357|38.340:77.965|57.624:60.006|54.489:54.695|58.813:54.495|61.624:39.726|68.466:30.267|59.009:39.571|76.742:50.788|81.143:51.390|89.475:48.182|84.089:51.350|87.627:57.450|82.417:84.271|63.658:80.770|65.547:64.644|70.852:66.492|74.424:62.581|8.000:8.000,0-12-18-11-13-15-25-24-10-4-20-6-32-14-27-28-21-23-19-17-8-5-3-30-22-0,0.0016674268990755
78,moderate,cluttered,ReserveOnlyPlanner,32,16,0.5,0.5151515151515151,0.5151515151515151,True,34.0,66.0,1093.8734618880242,1144.971633285973,106.1265381119756,26.12653811197561,False,88.45917038662341,True,False,0.0216091235068539,0.0012755872544002,2.0,False,1.0,8.000:8.000|13.523:15.855|8.818:32.477|34.708:64.920|41.165:70.529|40.382:72.485|41.470:77.978|39.831:80.357|38.340:77.965|63.658:80.770|82.417:84.271|70.852:66.492|65.547:64.644|57.624:60.006|54.489:54.695|58.813:54.495|50.887:44.687|8.000:8.000,0-12-18-11-13-15-25-24-10-5-8-30-3-4-20-6-2-0,0.0014516899827867
78,moderate,cluttered,FairRiskAwareGreedy,32,14,0.4375,0.4393939393939394,0.4393939393939394,True,29.0,66.0,1019.631622474531,1062.2506555743132,180.36837752546916,100.36837752546911,False,108.26852514266687,True,False,0.0045453811061867,0.0003035209087751,2.8284271247461903,False,1.0,8.000:8.000|13.523:15.855|8.818:32.477|26.832:63.768|76.742:50.788|61.624:39.726|68.466:30.267|59.009:39.571|89.475:48.182|81.566:17.364|81.143:51.390|84.089:51.350|87.627:57.450|40.558:12.374|44.168:11.814|8.000:8.000,0-12-18-16-28-32-14-27-23-7-21-19-17-31-9-0,0.0014816501643508
78,moderate,cluttered,FairALNSPlanner,32,22,0.6875,0.75,0.75,True,49.5,66.0,1053.1903881959158,1180.915582284037,146.80961180408414,66.80961180408414,False,122.8625636509943,True,False,0.0365088464516458,0.0016028741711277,2.0,False,1.0,8.000:8.000|19.414:53.425|34.708:64.920|54.489:54.695|58.813:54.495|65.547:64.644|57.624:60.006|41.165:70.529|40.382:72.485|41.470:77.978|63.658:80.770|82.417:84.271|87.627:57.450|89.475:48.182|84.089:51.350|81.143:51.390|76.742:50.788|61.624:39.726|59.009:39.571|68.466:30.267|81.566:17.364|44.168:11.814|13.523:15.855|8.000:8.000,0-1-11-20-6-3-4-13-15-25-5-8-17-23-19-21-28-32-27-14-7-9-12-0,11.788164539029822
78,moderate,cluttered,RAWA-RHP,32,28,0.875,0.8939393939393939,0.8939393939393939,True,59.0,66.0,1012.9983487137348,1187.800262804964,187.00165128626503,107.00165128626504,False,130.94067786451683,True,False,0.0962827017660081,0.0034608419992489,2.0,False,1.0,8.000:8.000|13.523:15.855|26.832:63.768|34.089:54.749|34.708:64.920|38.340:77.965|39.831:80.357|41.470:77.978|40.382:72.485|41.165:70.529|54.489:54.695|58.813:54.495|57.624:60.006|52.437:64.806|65.547:64.644|70.852:66.492|74.424:62.581|76.742:50.788|81.143:51.390|84.089:51.350|87.627:57.450|89.475:48.182|81.566:17.364|68.466:30.267|61.624:39.726|59.009:39.571|50.887:44.687|44.168:11.814|40.558:12.374|8.000:8.000,0-12-16-26-11-10-24-25-15-13-20-6-4-29-3-30-22-28-21-19-17-23-7-14-32-27-2-9-31-0,120.38521958398633
80,moderate,sparse,NearestNeighbor,32,24,0.75,0.7251908396946565,0.0,False,47.5,65.5,1495.612854808271,1487.395043367636,-295.61285480827144,-375.6128548082714,True,114.98828325545767,False,True,0.2111448326659326,0.0092472179582488,2.0,True,1.0,8.000:8.000|9.481:27.982|9.630:34.770|20.762:39.971|25.284:29.116|27.024:19.830|41.418:33.200|42.678:37.540|47.137:29.889|53.918:20.113|59.279:24.884|62.693:24.062|72.601:33.338|70.648:35.699|83.209:33.794|85.692:39.489|92.798:42.927|81.506:51.545|87.392:64.495|83.332:71.935|83.432:74.460|61.328:71.986|53.966:60.108|46.836:60.803|34.228:48.909|8.000:8.000,0-24-3-9-32-6-16-31-30-8-27-11-26-17-21-13-22-25-20-12-29-18-14-23-4-0,0.001891576917842
80,moderate,sparse,ValuePerDistance,32,21,0.65625,0.6717557251908397,0.0,False,44.0,65.5,1963.64363133272,1921.7761721159293,-763.6436313327197,-843.6436313327197,True,132.06637263533514,False,True,0.1110754769154346,0.0050111286366703,2.0,True,1.0,8.000:8.000|9.630:34.770|9.481:27.982|20.762:39.971|25.284:29.116|41.418:33.200|42.678:37.540|53.918:20.113|62.693:24.062|59.279:24.884|70.101:15.856|64.823:11.196|53.528:11.338|72.601:33.338|70.648:35.699|81.506:51.545|85.692:39.489|83.209:33.794|92.798:42.927|87.392:64.495|83.332:71.935|83.432:74.460|8.000:8.000,0-3-24-9-32-16-31-8-11-27-28-1-7-26-17-25-13-21-22-20-12-29-0,0.0013788761571049
80,moderate,sparse,WindAwareGreedy,32,18,0.5625,0.6870229007633588,0.0,False,45.0,65.5,1561.3694314436189,1571.252402538042,-361.36943144361874,-441.36943144361874,True,110.82601469829952,False,True,0.251996671628097,0.0149378840826984,2.0,True,1.0,8.000:8.000|9.630:34.770|20.762:39.971|41.418:33.200|42.678:37.540|53.918:20.113|64.823:11.196|70.101:15.856|62.693:24.062|72.601:33.338|85.692:39.489|92.798:42.927|81.506:51.545|87.392:64.495|83.332:71.935|53.966:60.108|46.836:60.803|23.036:80.257|13.024:70.080|8.000:8.000,0-3-9-16-31-8-1-28-11-26-13-22-25-20-12-14-23-10-19-0,0.001454401994124
80,moderate,sparse,ReserveOnlyPlanner,32,13,0.40625,0.465648854961832,0.465648854961832,True,30.5,65.5,1087.9790488730075,1166.251191777275,112.02095112699226,32.02095112699226,False,80.2032616440723,True,False,0.1426669886176269,0.010798601269141,2.0,False,1.0,8.000:8.000|9.630:34.770|20.762:39.971|42.678:37.540|41.418:33.200|53.918:20.113|64.823:11.196|70.101:15.856|62.693:24.062|72.601:33.338|85.692:39.489|92.798:42.927|83.209:33.794|59.279:24.884|8.000:8.000,0-3-9-31-16-8-1-28-11-26-13-22-21-27-0,0.0012330620083957
80,moderate,sparse,FairRiskAwareGreedy,32,17,0.53125,0.6335877862595419,0.6335877862595419,True,41.5,65.5,989.379599813313,1024.2518144382284,210.6204001866874,130.6204001866874,False,107.59370693471028,True,False,0.003189507047963,0.0001773334183572,2.8284271247461903,False,1.0,8.000:8.000|9.630:34.770|13.024:70.080|23.036:80.257|28.303:76.237|46.836:60.803|42.678:37.540|41.418:33.200|53.918:20.113|62.693:24.062|70.101:15.856|64.823:11.196|85.692:39.489|92.798:42.927|81.506:51.545|53.966:60.108|25.284:29.116|27.024:19.830|8.000:8.000,0-3-19-10-5-23-31-16-8-11-28-1-13-22-25-14-32-6-0,0.0022892130073159
80,moderate,sparse,FairALNSPlanner,32,14,0.4375,0.5190839694656488,0.5190839694656488,True,34.0,65.5,903.4827706059676,990.1680267519334,296.51722939403254,216.5172293940325,False,97.69211444415517,True,False,0.0684302803880277,0.0046196748418324,2.0,False,1.0,8.000:8.000|25.284:29.116|9.630:34.770|13.024:70.080|23.036:80.257|28.303:76.237|29.382:74.390|20.762:39.971|34.228:48.909|46.836:60.803|53.966:60.108|81.506:51.545|92.798:42.927|85.692:39.489|83.209:33.794|8.000:8.000,0-32-3-19-10-5-15-9-4-23-14-25-22-13-21-0,9.20060122711584
80,moderate,sparse,RAWA-RHP,32,26,0.8125,0.8625954198473282,0.8625954198473282,True,56.5,65.5,1037.3794523273336,1170.0481243164677,162.62054767266608,82.62054767266608,False,124.62138215199614,True,False,0.0602953966394123,0.0022695231674345,2.0,False,1.0,8.000:8.000|25.284:29.116|20.762:39.971|34.228:48.909|42.678:37.540|41.418:33.200|47.137:29.889|53.918:20.113|53.528:11.338|64.823:11.196|70.101:15.856|62.693:24.062|59.279:24.884|70.648:35.699|72.601:33.338|83.209:33.794|85.692:39.489|92.798:42.927|81.506:51.545|53.966:60.108|46.836:60.803|29.382:74.390|28.303:76.237|23.036:80.257|13.024:70.080|9.630:34.770|9.481:27.982|8.000:8.000,0-32-9-4-31-16-30-8-7-1-28-11-27-17-26-21-13-22-25-14-23-15-5-10-19-3-24-0,89.4433965049684
82,calm,sparse,NearestNeighbor,32,30,0.9375,0.912,0.0,False,57.0,62.5,1294.874761147063,1299.950135193748,-94.87476114706284,-174.87476114706283,True,155.67820436385398,False,True,0.0146135636598749,0.0004734164951132,2.0,True,1.0,8.000:8.000|17.636:28.808|14.275:33.823|12.242:35.297|18.519:41.251|21.039:41.355|26.264:41.833|30.520:42.132|35.403:50.173|36.283:57.319|40.026:65.317|52.777:56.885|55.303:45.433|49.697:43.047|44.394:46.469|49.005:27.638|42.996:30.484|40.189:32.040|56.080:22.156|58.502:16.124|60.465:33.098|87.037:8.534|90.929:58.647|97.086:70.856|86.128:78.851|80.668:70.025|78.023:70.540|69.504:77.157|74.076:82.564|76.251:81.927|75.071:88.124|8.000:8.000,0-1-12-4-24-8-7-32-15-29-28-21-9-14-27-10-13-22-31-16-20-30-5-6-17-3-2-18-23-25-11-0,0.0021071159280836
82,calm,sparse,ValuePerDistance,32,30,0.9375,0.944,0.0,False,59.0,62.5,1376.802505096285,1367.3228504590274,-176.80250509628496,-256.80250509628496,True,160.21109013336022,False,True,0.034338011584751,0.0011229404083978,2.0,True,1.0,8.000:8.000|14.275:33.823|12.242:35.297|17.636:28.808|26.264:41.833|30.520:42.132|21.039:41.355|18.519:41.251|20.073:46.855|19.221:54.436|35.403:50.173|49.697:43.047|55.303:45.433|60.465:33.098|56.080:22.156|58.502:16.124|49.005:27.638|42.996:30.484|40.189:32.040|40.026:65.317|36.283:57.319|44.394:46.469|52.777:56.885|75.071:88.124|74.076:82.564|76.251:81.927|86.128:78.851|78.023:70.540|80.668:70.025|90.929:58.647|97.086:70.856|8.000:8.000,0-12-4-1-7-32-8-24-19-26-15-14-9-20-31-16-10-13-22-28-29-27-21-11-23-25-17-2-3-5-6-0,0.0016818719450384
82,calm,sparse,WindAwareGreedy,32,24,0.75,0.832,0.0,False,52.0,62.5,1363.9815791042283,1356.3586555389188,-163.98157910422853,-243.98157910422853,True,151.66133553632503,False,True,0.0249304275792501,0.0010074996971795,2.0,True,1.0,8.000:8.000|26.264:41.833|19.221:54.436|20.073:46.855|12.242:35.297|14.275:33.823|30.520:42.132|49.697:43.047|49.005:27.638|56.080:22.156|60.465:33.098|55.303:45.433|35.403:50.173|21.039:41.355|18.519:41.251|17.636:28.808|42.996:30.484|40.189:32.040|40.026:65.317|75.071:88.124|74.076:82.564|78.023:70.540|86.128:78.851|97.086:70.856|90.929:58.647|8.000:8.000,0-7-26-19-4-12-32-14-10-31-20-9-15-8-24-1-13-22-28-11-23-2-17-6-5-0,0.0016801259480416
82,calm,sparse,ReserveOnlyPlanner,32,19,0.59375,0.648,0.648,True,40.5,62.5,1012.9010583860808,1043.4863531799506,187.09894161391944,107.09894161391946,False,114.46455965232666,True,False,0.0194357238035113,0.0009795765599827,2.0,False,1.0,8.000:8.000|14.275:33.823|12.242:35.297|26.264:41.833|19.221:54.436|20.073:46.855|30.520:42.132|49.697:43.047|55.303:45.433|35.403:50.173|21.039:41.355|18.519:41.251|17.636:28.808|49.005:27.638|56.080:22.156|60.465:33.098|58.502:16.124|87.037:8.534|42.996:30.484|40.189:32.040|8.000:8.000,0-12-4-7-26-19-32-14-9-15-8-24-1-10-31-20-16-30-13-22-0,0.0016165052074939
82,calm,sparse,FairRiskAwareGreedy,32,18,0.5625,0.664,0.664,True,41.5,62.5,1071.4289109468357,1092.8077826458923,128.57108905316386,48.57108905316386,False,125.65535083506238,True,False,0.0082163695426634,0.0004336787768204,2.0,False,1.0,8.000:8.000|26.264:41.833|19.221:54.436|20.073:46.855|12.242:35.297|14.275:33.823|30.520:42.132|21.039:41.355|35.403:50.173|49.005:27.638|56.080:22.156|87.037:8.534|60.465:33.098|55.303:45.433|75.071:88.124|74.076:82.564|78.023:70.540|40.026:65.317|17.636:28.808|8.000:8.000,0-7-26-19-4-12-32-8-15-10-31-30-20-9-11-23-2-28-1-0,0.0028497329913079
82,calm,sparse,FairALNSPlanner,32,26,0.8125,0.888,0.888,True,55.5,62.5,1057.1058889885387,1126.8841919649842,142.89411101146135,62.89411101146135,False,135.82762524379132,True,False,0.0137704326418737,0.0005128086549605,2.0,False,1.0,8.000:8.000|58.502:16.124|56.080:22.156|49.005:27.638|42.996:30.484|40.189:32.040|60.465:33.098|87.037:8.534|90.929:58.647|97.086:70.856|86.128:78.851|75.071:88.124|74.076:82.564|78.023:70.540|52.777:56.885|55.303:45.433|49.697:43.047|35.403:50.173|30.520:42.132|26.264:41.833|21.039:41.355|20.073:46.855|19.221:54.436|18.519:41.251|12.242:35.297|14.275:33.823|17.636:28.808|8.000:8.000,0-16-31-10-13-22-20-30-5-6-17-11-23-2-21-9-14-15-32-7-8-19-26-24-4-12-1-0,16.16947292094119
82,calm,sparse,RAWA-RHP,32,28,0.875,0.888,0.888,True,55.5,62.5,1056.251725712814,1125.6820593074588,143.74827428718598,63.74827428718598,False,139.5350429397157,True,False,0.0324809663929751,0.0011354122544584,2.0,False,1.0,8.000:8.000|40.189:32.040|42.996:30.484|49.005:27.638|49.697:43.047|26.264:41.833|21.039:41.355|30.520:42.132|35.403:50.173|55.303:45.433|58.502:16.124|56.080:22.156|60.465:33.098|90.929:58.647|80.668:70.025|78.023:70.540|86.128:78.851|76.251:81.927|75.071:88.124|74.076:82.564|69.504:77.157|40.026:65.317|36.283:57.319|19.221:54.436|20.073:46.855|18.519:41.251|12.242:35.297|14.275:33.823|17.636:28.808|8.000:8.000,0-22-13-10-14-7-8-32-15-9-16-31-20-5-3-2-17-25-11-23-18-28-29-26-19-24-4-12-1-0,41.73673188011162
81,calm,cluttered,NearestNeighbor,32,30,0.9375,0.952,0.0,False,59.5,62.5,1331.5436676710835,1339.03144550799,-131.54366767108334,-211.5436676710833,True,157.37117088762724,False,True,0.0466050516305106,0.0015351130639872,2.0,True,1.0,8.000:8.000|8.822:17.369|24.986:22.150|27.938:34.469|23.209:43.768|14.398:44.400|8.530:47.997|19.456:63.895|26.562:64.745|38.348:62.127|42.911:65.608|42.938:70.566|55.654:54.168|60.315:53.623|62.066:57.084|64.800:49.666|64.446:46.956|72.406:40.444|85.463:41.935|88.296:44.366|89.430:23.870|68.233:19.928|63.004:12.417|62.677:28.852|60.479:30.561|48.223:38.861|72.135:81.054|65.676:91.327|47.736:90.113|26.863:91.862|16.836:85.588|8.000:8.000,0-14-1-29-28-32-17-11-9-6-21-15-10-5-31-2-19-18-20-13-4-27-3-22-16-7-26-24-23-30-8-0,0.0020530200563371
81,calm,cluttered,ValuePerDistance,32,27,0.84375,0.848,0.0,False,53.0,62.5,1305.9600925747588,1308.7915560702777,-105.96009257475887,-185.96009257475887,True,150.83284348482815,False,True,0.0529029880851352,0.0019351532187458,2.0,True,1.0,8.000:8.000|8.822:17.369|24.986:22.150|27.938:34.469|23.209:43.768|14.398:44.400|8.530:47.997|26.562:64.745|19.456:63.895|38.348:62.127|42.911:65.608|42.938:70.566|60.315:53.623|64.800:49.666|64.446:46.956|62.066:57.084|55.654:54.168|60.479:30.561|62.677:28.852|63.004:12.417|68.233:19.928|89.430:23.870|88.296:44.366|85.463:41.935|72.406:40.444|48.223:38.861|16.836:85.588|13.398:79.284|8.000:8.000,0-14-1-29-28-32-17-9-11-6-21-15-5-2-19-31-10-16-22-3-27-4-13-20-18-7-8-25-0,0.0014987539034336
81,calm,cluttered,WindAwareGreedy,32,19,0.59375,0.696,0.0,False,43.5,62.5,1327.8781449329997,1325.8733158195118,-127.87814493299987,-207.87814493299987,True,140.47923230761054,False,True,0.0497582649504965,0.0025405084938507,2.0,True,1.0,8.000:8.000|24.986:22.150|60.479:30.561|62.677:28.852|63.004:12.417|60.315:53.623|64.800:49.666|38.348:62.127|26.562:64.745|16.836:85.588|26.863:91.862|14.398:44.400|8.530:47.997|23.209:43.768|27.938:34.469|48.223:38.861|89.430:23.870|85.463:41.935|88.296:44.366|68.233:19.928|8.000:8.000,0-1-16-22-3-5-2-6-9-8-30-32-17-28-29-7-4-20-13-27-0,0.0014903000555932
81,calm,cluttered,ReserveOnlyPlanner,32,20,0.625,0.672,0.672,True,42.0,62.5,1091.2034414924992,1137.0229043576885,108.79655850750066,28.796558507500663,False,124.1715351879823,True,False,0.0524651678672654,0.00255491222424,2.0,False,1.0,8.000:8.000|24.986:22.150|60.479:30.561|62.677:28.852|63.004:12.417|68.233:19.928|89.430:23.870|60.315:53.623|64.800:49.666|62.066:57.084|38.348:62.127|26.562:64.745|8.530:47.997|14.398:44.400|23.209:43.768|27.938:34.469|48.223:38.861|55.654:54.168|42.911:65.608|19.456:63.895|8.822:17.369|8.000:8.000,0-1-16-22-3-27-4-5-2-31-6-9-17-32-28-29-7-10-21-11-14-0,0.0016206968575716
81,calm,cluttered,FairRiskAwareGreedy,32,15,0.46875,0.552,0.552,True,34.5,62.5,1102.3740190704696,1119.4281666149093,97.62598092953066,17.625980929530655,False,123.45779947954972,True,False,0.012176614435098,0.0007640673440845,2.0,False,1.0,8.000:8.000|60.479:30.561|62.677:28.852|60.315:53.623|64.800:49.666|38.348:62.127|23.209:43.768|14.398:44.400|8.530:47.997|26.562:64.745|16.836:85.588|24.986:22.150|63.004:12.417|89.430:23.870|68.233:19.928|8.822:17.369|8.000:8.000,0-16-22-5-2-6-28-32-17-9-8-1-3-4-27-14-0,0.002170616062358
81,calm,cluttered,FairALNSPlanner,32,23,0.71875,0.776,0.776,True,48.5,62.5,1051.997248814604,1119.0406700855058,148.00275118539605,68.00275118539605,False,131.0613792574162,True,False,0.0472308224155832,0.0020099492245319,2.0,False,1.0,8.000:8.000|63.004:12.417|89.430:23.870|88.296:44.366|85.463:41.935|64.446:46.956|64.800:49.666|60.315:53.623|55.654:54.168|42.911:65.608|38.348:62.127|26.562:64.745|19.456:63.895|13.398:79.284|16.836:85.588|26.863:91.862|47.736:90.113|62.066:57.084|60.479:30.561|62.677:28.852|48.223:38.861|23.209:43.768|14.398:44.400|8.822:17.369|8.000:8.000,0-3-4-13-20-19-2-5-10-21-6-9-11-25-8-30-23-31-16-22-7-28-32-14-0,13.53871370689012
81,calm,cluttered,RAWA-RHP,32,25,0.78125,0.84,0.84,True,52.5,62.5,1058.849787711334,1140.672556408074,141.15021228866598,61.15021228866598,False,135.15976553542473,True,False,0.0324482173377439,0.0012650694016881,2.0,False,1.0,8.000:8.000|63.004:12.417|89.430:23.870|88.296:44.366|85.463:41.935|64.800:49.666|62.066:57.084|60.315:53.623|62.677:28.852|60.479:30.561|48.223:38.861|38.348:62.127|42.911:65.608|42.938:70.566|47.736:90.113|26.863:91.862|16.836:85.588|13.398:79.284|26.562:64.745|19.456:63.895|8.530:47.997|14.398:44.400|23.209:43.768|27.938:34.469|24.986:22.150|8.822:17.369|8.000:8.000,0-3-4-13-20-2-31-5-22-16-7-6-21-15-23-30-8-25-9-11-17-32-28-29-1-14-0,76.76899568503723
78,calm,sparse,NearestNeighbor,32,32,1.0,1.0,0.0,False,67.0,67.0,1294.4133782628542,1297.4083815613026,-94.41337826285456,-174.41337826285456,True,159.28687424338193,False,True,0.0278555639445758,0.0008539247197168,2.0,True,1.0,8.000:8.000|34.076:24.960|35.225:26.836|38.620:27.782|38.527:24.462|31.357:37.465|35.204:41.159|39.090:51.445|41.651:56.047|42.086:66.943|35.991:68.872|28.707:75.434|26.967:78.234|35.844:82.979|46.197:73.991|56.510:58.699|59.035:58.195|63.813:49.450|61.120:39.821|66.114:36.353|68.220:31.755|66.647:23.291|65.228:21.769|53.873:33.125|73.394:41.376|88.363:37.183|64.161:70.250|83.742:87.131|27.429:55.451|28.032:52.946|26.616:50.774|25.312:48.715|25.231:53.878|8.000:8.000,0-22-21-13-6-10-15-20-12-25-19-14-5-18-1-4-24-23-2-9-7-11-31-26-16-30-32-29-8-27-28-17-3-0,0.00211170502007
78,calm,sparse,ValuePerDistance,32,32,1.0,1.0,0.0,False,67.0,67.0,1359.0825085910797,1363.361301955289,-159.08250859107986,-239.08250859107983,True,165.05927094804866,False,True,0.0245533910308664,0.0007513400730825,2.0,True,1.0,8.000:8.000|34.076:24.960|35.225:26.836|38.620:27.782|38.527:24.462|31.357:37.465|35.204:41.159|39.090:51.445|41.651:56.047|42.086:66.943|35.991:68.872|46.197:73.991|56.510:58.699|59.035:58.195|63.813:49.450|61.120:39.821|66.114:36.353|68.220:31.755|66.647:23.291|65.228:21.769|53.873:33.125|73.394:41.376|88.363:37.183|83.742:87.131|64.161:70.250|27.429:55.451|28.032:52.946|26.616:50.774|25.312:48.715|25.231:53.878|26.967:78.234|28.707:75.434|35.844:82.979|8.000:8.000,0-22-21-13-6-10-15-20-12-25-19-1-4-24-23-2-9-7-11-31-26-16-30-29-32-8-27-28-17-3-5-14-18-0,0.0016324508469551
78,calm,sparse,WindAwareGreedy,32,27,0.84375,0.8955223880597015,0.0,False,60.0,67.0,1311.9707314798616,1307.8671216798195,-111.97073147986151,-191.9707314798615,True,152.84859964833788,False,True,0.0556820240466889,0.002038979133666,2.0,True,1.0,8.000:8.000|34.076:24.960|38.620:27.782|39.090:51.445|41.651:56.047|27.429:55.451|31.357:37.465|66.114:36.353|65.228:21.769|66.647:23.291|53.873:33.125|61.120:39.821|56.510:58.699|59.035:58.195|63.813:49.450|88.363:37.183|73.394:41.376|68.220:31.755|26.616:50.774|28.032:52.946|25.231:53.878|35.991:68.872|42.086:66.943|46.197:73.991|26.967:78.234|28.707:75.434|25.312:48.715|35.204:41.159|8.000:8.000,0-22-13-20-12-8-10-9-31-11-26-2-4-24-23-30-16-7-28-27-3-19-25-1-5-14-17-15-0,0.0018174080178141
78,calm,sparse,ReserveOnlyPlanner,32,24,0.75,0.7985074626865671,0.7985074626865671,True,53.5,67.0,1086.7532049065642,1126.363882173158,113.24679509343564,33.24679509343565,False,130.19883480731377,True,False,0.0398719228478484,0.0016222004322842,2.0,False,1.0,8.000:8.000|34.076:24.960|38.620:27.782|39.090:51.445|41.651:56.047|27.429:55.451|28.032:52.946|26.616:50.774|31.357:37.465|66.114:36.353|65.228:21.769|66.647:23.291|53.873:33.125|61.120:39.821|56.510:58.699|59.035:58.195|63.813:49.450|73.394:41.376|88.363:37.183|68.220:31.755|38.527:24.462|35.225:26.836|25.231:53.878|25.312:48.715|35.204:41.159|8.000:8.000,0-22-13-20-12-8-27-28-10-9-31-11-26-2-4-24-23-16-30-7-6-21-3-17-15-0,0.0018620681948959
78,calm,sparse,FairRiskAwareGreedy,32,21,0.65625,0.7313432835820896,0.7313432835820896,True,49.0,67.0,1048.273860721176,1070.104572322507,151.7261392788243,71.72613927882429,False,128.4060282921706,True,False,0.0108886493497303,0.0004967252634921,2.0,False,1.0,8.000:8.000|39.090:51.445|31.357:37.465|34.076:24.960|38.620:27.782|65.228:21.769|66.114:36.353|66.647:23.291|53.873:33.125|41.651:56.047|27.429:55.451|28.032:52.946|26.616:50.774|25.231:53.878|56.510:58.699|61.120:39.821|63.813:49.450|88.363:37.183|68.220:31.755|73.394:41.376|38.527:24.462|35.225:26.836|8.000:8.000,0-20-10-22-13-31-9-11-26-12-8-27-28-3-4-2-23-30-7-16-6-21-0,0.0031233190093189
78,calm,sparse,FairALNSPlanner,32,31,0.96875,0.9850746268656716,0.9850746268656716,True,66.0,67.0,1052.0327062313406,1122.8566553974636,147.96729376865926,67.96729376865926,False,142.5101783059591,True,False,0.0273889313213214,0.0008656671319391,2.0,False,1.0,8.000:8.000|31.357:37.465|35.204:41.159|25.312:48.715|26.616:50.774|28.032:52.946|25.231:53.878|27.429:55.451|39.090:51.445|41.651:56.047|26.967:78.234|28.707:75.434|35.991:68.872|42.086:66.943|46.197:73.991|83.742:87.131|64.161:70.250|56.510:58.699|59.035:58.195|63.813:49.450|61.120:39.821|66.114:36.353|73.394:41.376|88.363:37.183|68.220:31.755|66.647:23.291|65.228:21.769|53.873:33.125|38.527:24.462|38.620:27.782|35.225:26.836|34.076:24.960|8.000:8.000,0-10-15-17-28-27-3-8-20-12-5-14-19-25-1-29-32-4-24-23-2-9-16-30-7-11-31-26-6-13-21-22-0,18.49985292903148
78,calm,sparse,RAWA-RHP,32,31,0.96875,0.9850746268656716,0.9850746268656716,True,66.0,67.0,1022.6902153155702,1095.6774495500592,177.3097846844297,97.3097846844297,False,141.88779437562317,True,False,0.0273886569123344,0.0008656583151791,2.0,False,1.0,8.000:8.000|34.076:24.960|35.225:26.836|38.620:27.782|38.527:24.462|53.873:33.125|65.228:21.769|66.647:23.291|68.220:31.755|88.363:37.183|73.394:41.376|66.114:36.353|61.120:39.821|63.813:49.450|59.035:58.195|56.510:58.699|64.161:70.250|83.742:87.131|46.197:73.991|42.086:66.943|35.991:68.872|28.707:75.434|26.967:78.234|28.032:52.946|26.616:50.774|25.312:48.715|25.231:53.878|27.429:55.451|41.651:56.047|39.090:51.445|35.204:41.159|31.357:37.465|8.000:8.000,0-22-21-13-6-26-31-11-7-30-16-9-2-23-24-4-32-29-1-25-19-14-5-27-28-17-3-8-12-20-15-10-0,151.63100449298508
82,severe,cluttered,NearestNeighbor,32,22,0.6875,0.6611570247933884,0.0,False,40.0,60.5,1705.9896389298754,1702.0374445808116,-505.98963892987535,-585.9896389298754,True,108.27486902211216,False,True,0.2473408148590171,0.0118849040880011,2.0,True,1.0,8.000:8.000|26.912:11.720|37.829:15.639|39.750:18.449|28.967:28.548|22.408:31.127|20.818:28.643|40.009:38.900|43.724:50.339|48.948:49.438|60.232:44.756|65.503:45.792|75.322:49.242|88.445:48.611|88.024:60.487|91.320:66.158|76.944:64.918|77.117:72.266|65.443:81.568|63.284:69.528|54.668:69.376|36.253:68.618|35.198:55.952|8.000:8.000,0-29-19-23-28-6-31-2-7-4-8-24-17-18-14-21-27-10-32-9-30-11-25-0,0.0010832480620592
82,severe,cluttered,ValuePerDistance,32,18,0.5625,0.6198347107438017,0.0,False,37.5,60.5,2154.049336440105,2204.053753330935,-954.0493364401055,-1034.0493364401054,True,121.25788614495048,False,True,0.2732202161588714,0.0162240942327028,2.0,True,1.0,8.000:8.000|28.967:28.548|22.408:31.127|20.818:28.643|21.114:49.670|35.198:55.952|36.253:68.618|11.755:64.340|23.806:65.835|22.820:84.872|29.815:92.549|19.016:95.751|65.443:81.568|63.284:69.528|54.668:69.376|60.232:44.756|65.503:45.792|75.322:49.242|88.024:60.487|8.000:8.000,0-28-6-31-5-25-11-22-16-15-26-1-32-9-30-8-24-17-14-0,0.0007316870614886
82,severe,cluttered,WindAwareGreedy,32,16,0.5,0.6198347107438017,0.0,False,37.5,60.5,2066.0378892315666,2086.929911358525,-866.037889231567,-946.037889231567,True,112.06000866879664,False,True,0.3053856585119905,0.0205710066845927,2.0,True,1.0,8.000:8.000|28.967:28.548|22.408:31.127|20.818:28.643|35.198:55.952|36.253:68.618|11.755:64.340|21.114:49.670|60.232:44.756|74.419:35.573|71.784:35.809|75.322:49.242|91.320:66.158|88.024:60.487|76.944:64.918|77.117:72.266|65.443:81.568|8.000:8.000,0-28-6-31-25-11-22-5-8-13-20-17-21-14-27-10-32-0,0.0007117660716176
82,severe,cluttered,ReserveOnlyPlanner,32,6,0.1875,0.256198347107438,0.256198347107438,True,15.5,60.5,1031.6553549759378,1071.7324296570205,168.34464502406206,88.34464502406206,False,47.51639491731159,True,False,0.0306250535919396,0.0043927152795806,2.0,False,1.0,8.000:8.000|28.967:28.548|22.408:31.127|20.818:28.643|35.198:55.952|36.253:68.618|11.755:64.340|8.000:8.000,0-28-6-31-25-11-22-0,0.0003911980893462
82,severe,cluttered,FairRiskAwareGreedy,32,15,0.46875,0.5785123966942148,0.5785123966942148,True,35.0,60.5,1081.8798500433918,1152.6360011287702,118.12014995660796,38.120149956607975,False,105.28424763541156,True,False,0.0076933175370916,0.0004815535906279,2.0,False,1.0,8.000:8.000|28.967:28.548|21.114:49.670|36.253:68.618|35.198:55.952|11.755:64.340|60.232:44.756|75.322:49.242|91.320:66.158|88.024:60.487|76.944:64.918|77.117:72.266|65.443:81.568|63.284:69.528|20.818:28.643|22.408:31.127|8.000:8.000,0-28-5-11-25-22-8-17-21-14-27-10-32-9-31-6-0,0.0009844622109085
82,severe,cluttered,FairALNSPlanner,32,16,0.5,0.5537190082644629,0.5537190082644629,True,33.5,60.5,1051.309568476137,1233.4802915182026,148.69043152386303,68.69043152386305,False,103.35826879729002,True,False,0.0108506470345128,0.0006400808085534,2.0,False,1.0,8.000:8.000|11.755:64.340|22.820:84.872|65.443:81.568|63.284:69.528|65.503:45.792|75.322:49.242|60.232:44.756|48.948:49.438|36.253:68.618|23.806:65.835|35.198:55.952|21.114:49.670|40.009:38.900|28.967:28.548|20.818:28.643|22.408:31.127|8.000:8.000,0-22-15-32-9-24-17-8-4-11-16-25-5-2-28-31-6-0,2.7485632200259715
82,severe,cluttered,RAWA-RHP,32,22,0.6875,0.7107438016528925,0.7107438016528925,True,43.0,60.5,1020.022746889216,1263.031660656455,179.97725311078398,99.97725311078398,False,112.0317504207833,True,False,0.0841041654113454,0.0037703953334099,2.0,False,1.0,8.000:8.000|20.818:28.643|22.408:31.127|28.967:28.548|21.114:49.670|35.198:55.952|23.806:65.835|11.755:64.340|36.253:68.618|43.724:50.339|48.948:49.438|60.232:44.756|65.503:45.792|75.322:49.242|91.320:66.158|88.024:60.487|88.445:48.611|74.419:35.573|71.784:35.809|57.322:24.708|37.829:15.639|39.750:18.449|26.912:11.720|8.000:8.000,0-31-6-28-5-25-16-22-11-7-4-8-24-17-21-14-18-13-20-3-19-23-29-0,34.17570667411201
82,severe,sparse,NearestNeighbor,32,20,0.625,0.6390977443609023,0.0,False,42.5,66.5,1799.5703138212957,1813.298783419119,-599.5703138212956,-679.5703138212956,True,110.2478477270371,False,True,0.1210551085320978,0.0059506048320337,2.0,True,1.0,8.000:8.000|29.310:10.105|48.175:8.677|71.669:22.725|88.324:14.963|77.422:40.634|78.046:50.354|80.503:53.566|74.730:62.181|73.106:64.008|77.112:70.530|79.669:72.056|87.019:73.511|90.934:65.259|76.520:80.113|78.769:91.077|53.965:71.555|53.182:66.777|59.296:63.543|69.300:55.597|59.222:50.172|8.000:8.000,0-29-9-7-8-12-30-17-19-20-5-3-21-11-4-22-25-14-24-31-27-0,0.0017000678926706
82,severe,sparse,ValuePerDistance,32,20,0.625,0.6992481203007519,0.0,False,46.5,66.5,1674.835424125782,1621.0274716680588,-474.8354241257821,-554.8354241257821,True,102.45453286833089,False,True,0.1210658411117023,0.0059511322881944,2.0,True,1.0,8.000:8.000|29.310:10.105|48.175:8.677|71.669:22.725|77.422:40.634|78.046:50.354|80.503:53.566|73.106:64.008|74.730:62.181|77.112:70.530|79.669:72.056|87.019:73.511|90.934:65.259|76.520:80.113|78.769:91.077|53.965:71.555|53.182:66.777|48.875:53.934|45.160:45.425|43.133:44.827|33.935:47.522|8.000:8.000,0-29-9-7-12-30-17-20-19-5-3-21-11-4-22-25-14-2-18-6-10-0,0.0012925290502607
82,severe,sparse,WindAwareGreedy,32,18,0.5625,0.6691729323308271,0.0,False,44.5,66.5,1940.704876013236,1944.7142483855791,-740.7048760132361,-820.7048760132361,True,116.49301103536548,False,True,0.1001382789568683,0.0050078654645407,2.0,True,1.0,8.000:8.000|29.310:10.105|48.175:8.677|71.669:22.725|77.422:40.634|77.112:70.530|73.106:64.008|87.019:73.511|90.934:65.259|79.669:72.056|76.520:80.113|78.769:91.077|53.965:71.555|48.875:53.934|43.133:44.827|45.160:45.425|59.222:50.172|69.300:55.597|78.046:50.354|8.000:8.000,0-29-9-7-12-5-20-21-11-3-4-22-25-2-6-18-27-31-30-0,0.0014165679458528
82,severe,sparse,ReserveOnlyPlanner,32,6,0.1875,0.2180451127819548,0.2180451127819548,True,14.5,66.5,1009.8012631511162,1085.6395582011846,190.19873684888373,110.19873684888375,False,51.31883848692732,True,False,2.22691958108312e-05,3.1813136956675744e-06,4.0,False,1.0,8.000:8.000|29.310:10.105|48.175:8.677|71.669:22.725|77.422:40.634|78.046:50.354|80.503:53.566|8.000:8.000,0-29-9-7-12-30-17-0,0.0007084410171955
82,severe,sparse,FairRiskAwareGreedy,32,15,0.46875,0.5864661654135338,0.5864661654135338,True,39.0,66.5,1057.5421193098698,1142.4614358599254,142.45788069013042,62.45788069013042,False,106.72435244219298,True,False,0.0038821566574133,0.0002426794186899,2.8284271247461903,False,1.0,8.000:8.000|29.310:10.105|48.175:8.677|71.669:22.725|48.875:53.934|43.133:44.827|45.160:45.425|77.112:70.530|73.106:64.008|53.965:71.555|53.182:66.777|77.422:40.634|59.222:50.172|30.022:71.525|23.768:68.491|33.935:47.522|8.000:8.000,0-29-9-7-2-6-18-5-20-25-14-12-27-15-1-10-0,0.0022166641429066
82,severe,sparse,FairALNSPlanner,32,22,0.6875,0.6992481203007519,0.6992481203007519,True,46.5,66.5,1029.2420510036527,1258.6547765868995,170.7579489963472,90.7579489963472,False,111.7323631128818,True,False,6.555488905635176e-05,2.850286348185395e-06,2.8284271247461903,False,1.0,8.000:8.000|29.310:10.105|48.175:8.677|71.669:22.725|77.422:40.634|78.046:50.354|69.300:55.597|74.730:62.181|73.106:64.008|87.019:73.511|79.669:72.056|77.112:70.530|76.520:80.113|53.182:66.777|53.965:71.555|43.871:61.911|38.178:68.198|45.228:75.982|37.966:70.756|30.022:71.525|23.768:68.491|23.929:51.472|33.935:47.522|8.000:8.000,0-29-9-7-12-30-31-19-20-21-3-5-4-14-25-13-28-26-23-15-1-32-10-0,10.969174028839916
82,severe,sparse,RAWA-RHP,32,26,0.8125,0.8571428571428571,0.8571428571428571,True,57.0,66.5,1059.4765094985066,1311.3526533363754,140.5234905014932,60.5234905014932,False,120.7208456640734,True,False,0.0001672109683307,6.1934321736322885e-06,2.8284271247461903,False,1.0,8.000:8.000|29.310:10.105|48.175:8.677|71.669:22.725|77.422:40.634|78.046:50.354|80.503:53.566|90.934:65.259|87.019:73.511|79.669:72.056|77.112:70.530|73.106:64.008|74.730:62.181|69.300:55.597|59.222:50.172|48.875:53.934|53.182:66.777|53.965:71.555|45.228:75.982|38.178:68.198|37.966:70.756|30.022:71.525|23.768:68.491|23.929:51.472|33.935:47.522|43.133:44.827|45.160:45.425|8.000:8.000,0-29-9-7-12-30-17-11-21-3-5-20-19-31-27-2-14-25-26-28-23-15-1-32-10-6-18-0,29.46643798891455
81,calm,sparse,NearestNeighbor,32,32,1.0,1.0,0.0,False,60.5,60.5,1204.6490962155742,1212.55565476045,-4.649096215573934,-84.64909621557393,True,149.71796216298128,False,True,0.0101426888079591,0.0003084686557226,2.0,True,1.0,8.000:8.000|27.491:41.785|29.746:53.914|37.454:56.896|39.597:53.841|49.794:57.988|51.526:59.227|54.714:64.299|60.268:59.425|60.652:54.546|66.168:54.885|65.536:56.885|72.420:54.437|72.298:48.329|72.977:44.404|67.836:38.533|58.741:30.968|55.484:24.620|52.927:24.947|49.215:24.585|46.735:32.016|44.748:31.695|45.775:33.814|50.498:37.645|50.439:48.008|38.776:35.220|25.538:60.143|41.104:67.768|36.634:76.055|53.092:80.115|70.460:76.144|72.679:77.085|76.593:66.034|8.000:8.000,0-31-26-4-17-23-10-28-25-6-12-19-24-9-8-20-1-3-13-14-18-32-30-5-2-15-22-21-29-11-27-16-7-0,0.0021330660674721
81,calm,sparse,ValuePerDistance,32,32,1.0,1.0,0.0,False,60.5,60.5,1216.4894505338114,1216.2128305466142,-16.48945053381138,-96.48945053381138,True,151.0432533536179,False,True,0.0338701800078109,0.0010417560931196,2.0,True,1.0,8.000:8.000|27.491:41.785|29.746:53.914|39.597:53.841|37.454:56.896|49.794:57.988|51.526:59.227|60.268:59.425|65.536:56.885|66.168:54.885|72.298:48.329|72.977:44.404|67.836:38.533|58.741:30.968|50.498:37.645|45.775:33.814|46.735:32.016|44.748:31.695|49.215:24.585|52.927:24.947|55.484:24.620|50.439:48.008|54.714:64.299|53.092:80.115|72.679:77.085|70.460:76.144|76.593:66.034|72.420:54.437|60.652:54.546|41.104:67.768|36.634:76.055|25.538:60.143|38.776:35.220|8.000:8.000,0-31-26-17-4-23-10-25-19-12-9-8-20-1-5-30-18-32-14-13-3-2-28-11-16-27-7-24-6-21-29-22-15-0,0.0016558601055294
81,calm,sparse,WindAwareGreedy,32,25,0.78125,0.8842975206611571,0.0,False,53.5,60.5,1279.3220212205035,1279.0236537208073,-79.32202122050327,-159.32202122050327,True,145.43875316369918,False,True,0.0351092948644631,0.0013711163312025,2.0,True,1.0,8.000:8.000|27.491:41.785|29.746:53.914|45.775:33.814|46.735:32.016|50.498:37.645|58.741:30.968|65.536:56.885|60.268:59.425|39.597:53.841|37.454:56.896|49.794:57.988|51.526:59.227|50.439:48.008|44.748:31.695|49.215:24.585|72.298:48.329|67.836:38.533|72.977:44.404|66.168:54.885|53.092:80.115|72.679:77.085|70.460:76.144|54.714:64.299|41.104:67.768|25.538:60.143|8.000:8.000,0-31-26-30-18-5-1-19-25-17-4-23-10-2-32-14-9-20-8-12-11-16-27-28-21-22-0,0.0017188838683068
81,calm,sparse,ReserveOnlyPlanner,32,24,0.75,0.8181818181818182,0.8181818181818182,True,49.5,60.5,1112.92739193651,1144.1568928472634,87.07260806348998,7.07260806348998,False,128.36489336762116,True,False,0.0492578056724497,0.0020132988821884,2.0,False,1.0,8.000:8.000|27.491:41.785|29.746:53.914|39.597:53.841|45.775:33.814|46.735:32.016|50.498:37.645|58.741:30.968|67.836:38.533|65.536:56.885|60.268:59.425|72.298:48.329|72.977:44.404|50.439:48.008|44.748:31.695|49.215:24.585|52.927:24.947|55.484:24.620|38.776:35.220|37.454:56.896|49.794:57.988|51.526:59.227|54.714:64.299|66.168:54.885|60.652:54.546|8.000:8.000,0-31-26-17-30-18-5-1-20-19-25-9-8-2-32-14-13-3-15-4-23-10-28-12-6-0,0.0018131299875676
81,calm,sparse,FairRiskAwareGreedy,32,21,0.65625,0.7768595041322314,0.7768595041322314,True,47.0,60.5,1095.6943504850544,1117.9583430782511,104.3056495149454,24.305649514945387,False,133.15096037050446,True,False,0.0184415753749841,0.0008446448085262,2.0,False,1.0,8.000:8.000|27.491:41.785|29.746:53.914|45.775:33.814|46.735:32.016|65.536:56.885|60.268:59.425|50.498:37.645|44.748:31.695|72.298:48.329|58.741:30.968|50.439:48.008|37.454:56.896|39.597:53.841|49.794:57.988|51.526:59.227|53.092:80.115|72.679:77.085|67.836:38.533|49.215:24.585|52.927:24.947|55.484:24.620|8.000:8.000,0-31-26-30-18-19-25-5-32-9-1-2-4-17-23-10-11-16-20-14-13-3-0,0.0030995069537311
81,calm,sparse,FairALNSPlanner,32,32,1.0,1.0,1.0,True,60.5,60.5,975.7793627912775,1050.515838823276,224.2206372087228,144.2206372087228,False,138.41863016421027,True,False,0.0252383740764959,0.0007729942143897,2.0,False,1.0,8.000:8.000|38.776:35.220|49.215:24.585|52.927:24.947|55.484:24.620|44.748:31.695|46.735:32.016|45.775:33.814|50.498:37.645|58.741:30.968|67.836:38.533|72.977:44.404|72.298:48.329|66.168:54.885|60.652:54.546|60.268:59.425|65.536:56.885|72.420:54.437|76.593:66.034|72.679:77.085|70.460:76.144|53.092:80.115|54.714:64.299|51.526:59.227|49.794:57.988|50.439:48.008|39.597:53.841|37.454:56.896|41.104:67.768|36.634:76.055|25.538:60.143|29.746:53.914|27.491:41.785|8.000:8.000,0-15-14-13-3-32-18-30-5-1-20-8-9-12-6-25-19-24-7-16-27-11-28-10-23-2-17-4-21-29-22-26-31-0,20.335760069079697
81,calm,sparse,RAWA-RHP,32,32,1.0,1.0,1.0,True,60.5,60.5,1010.9498877076772,1095.6353551216969,189.0501122923224,109.0501122923224,False,142.63650122811873,True,False,0.026936712410215,0.000825851034821,2.0,False,1.0,8.000:8.000|38.776:35.220|49.215:24.585|52.927:24.947|55.484:24.620|44.748:31.695|46.735:32.016|45.775:33.814|50.498:37.645|50.439:48.008|60.268:59.425|60.652:54.546|65.536:56.885|66.168:54.885|72.298:48.329|67.836:38.533|58.741:30.968|72.977:44.404|72.420:54.437|76.593:66.034|72.679:77.085|70.460:76.144|53.092:80.115|54.714:64.299|51.526:59.227|49.794:57.988|41.104:67.768|36.634:76.055|25.538:60.143|37.454:56.896|39.597:53.841|29.746:53.914|27.491:41.785|8.000:8.000,0-15-14-13-3-32-18-30-5-2-25-6-19-12-9-20-1-8-24-7-16-27-11-28-10-23-21-29-22-4-17-26-31-0,78.36860830406658
78,moderate,sparse,NearestNeighbor,32,26,0.8125,0.8028169014084507,0.0,False,57.0,71.0,1623.570714499935,1638.501713892514,-423.5707144999355,-503.5707144999355,True,136.26403338282066,False,True,0.1070123359768776,0.0041201404609113,2.0,True,1.0,8.000:8.000|29.178:8.183|29.479:12.143|34.169:8.132|36.682:11.550|43.253:16.743|43.217:21.725|45.323:22.371|30.936:32.220|22.467:31.966|16.802:33.110|11.546:44.039|9.976:61.355|24.832:45.932|32.804:50.549|40.713:54.224|43.869:45.428|41.901:64.363|49.789:66.435|54.273:71.572|46.637:77.405|46.260:81.744|44.287:92.499|35.459:87.379|32.656:83.281|34.157:69.138|82.775:59.359|8.000:8.000,0-32-12-23-6-1-4-21-9-25-13-3-19-10-26-14-29-22-16-27-31-11-8-30-2-28-5-0,0.0019492979627102
78,moderate,sparse,ValuePerDistance,32,26,0.8125,0.823943661971831,0.0,False,58.5,71.0,1555.2547229965078,1538.3171562576103,-355.2547229965075,-435.2547229965075,True,125.25253781710684,False,True,0.1239896163493197,0.0047884723836093,2.0,True,1.0,8.000:8.000|29.178:8.183|29.479:12.143|34.169:8.132|36.682:11.550|43.253:16.743|43.217:21.725|45.323:22.371|29.073:19.455|30.936:32.220|22.467:31.966|16.802:33.110|11.546:44.039|32.804:50.549|40.713:54.224|43.869:45.428|49.789:66.435|54.273:71.572|46.637:77.405|46.260:81.744|44.287:92.499|35.459:87.379|32.656:83.281|34.157:69.138|41.901:64.363|24.832:45.932|9.976:61.355|8.000:8.000,0-32-12-23-6-1-4-21-17-9-25-13-3-26-14-29-16-27-31-11-8-30-2-28-22-10-19-0,0.0014897538349032
78,moderate,sparse,WindAwareGreedy,32,21,0.65625,0.6971830985915493,0.0,False,49.5,71.0,1456.171330093686,1469.6567637012934,-256.1713300936861,-336.1713300936861,True,114.08370321508906,False,True,0.1325425414182383,0.0063013178176957,2.0,True,1.0,8.000:8.000|29.178:8.183|29.479:12.143|29.073:19.455|34.169:8.132|43.253:16.743|43.217:21.725|43.869:45.428|32.804:50.549|49.789:66.435|46.637:77.405|54.273:71.572|40.713:54.224|41.901:64.363|34.157:69.138|46.260:81.744|44.287:92.499|35.459:87.379|32.656:83.281|9.976:61.355|11.546:44.039|24.832:45.932|8.000:8.000,0-32-12-17-23-1-4-29-26-16-31-27-14-22-28-11-8-30-2-19-3-10-0,0.0015595629811286
78,moderate,sparse,ReserveOnlyPlanner,32,17,0.53125,0.5985915492957746,0.5985915492957746,True,42.5,71.0,1091.7629710518563,1156.9595790928631,108.23702894814336,28.237028948143347,False,88.57225683643422,True,False,0.0610796395340648,0.003473452531998,2.0,False,1.0,8.000:8.000|29.178:8.183|29.479:12.143|29.073:19.455|34.169:8.132|36.682:11.550|43.253:16.743|43.217:21.725|43.869:45.428|32.804:50.549|49.789:66.435|54.273:71.572|46.637:77.405|46.260:81.744|44.287:92.499|34.157:69.138|41.901:64.363|24.832:45.932|8.000:8.000,0-32-12-17-23-6-1-4-29-26-16-27-31-11-8-28-22-10-0,0.0015229489654302
78,moderate,sparse,FairRiskAwareGreedy,32,15,0.46875,0.5845070422535211,0.5845070422535211,True,41.5,71.0,1087.8713312245711,1128.7748636579483,112.12866877542903,32.128668775429034,False,117.64511767363358,True,False,0.008261761823574,0.0005177441591857,2.0,False,1.0,8.000:8.000|29.178:8.183|29.479:12.143|29.073:19.455|43.869:45.428|32.804:50.549|49.789:66.435|34.169:8.132|36.682:11.550|43.253:16.743|81.607:17.398|77.795:33.186|46.637:77.405|40.713:54.224|54.273:71.572|30.936:32.220|8.000:8.000,0-32-12-17-29-26-16-23-6-1-18-24-31-14-27-9-0,0.0020920899696648
78,moderate,sparse,FairALNSPlanner,32,25,0.78125,0.8309859154929577,0.8309859154929577,True,59.0,71.0,1065.638807938539,1194.48854182808,134.36119206146105,54.361192061461054,False,128.60125405400652,True,False,0.0161434282081078,0.0006243251540177,2.0,False,1.0,8.000:8.000|29.178:8.183|29.479:12.143|29.073:19.455|30.936:32.220|22.467:31.966|16.802:33.110|11.546:44.039|32.804:50.549|43.869:45.428|40.713:54.224|41.901:64.363|34.157:69.138|46.260:81.744|46.637:77.405|54.273:71.572|49.789:66.435|77.818:45.743|77.795:33.186|70.637:26.080|82.775:59.359|45.323:22.371|43.217:21.725|43.253:16.743|36.682:11.550|34.169:8.132|8.000:8.000,0-32-12-17-9-25-13-3-26-29-14-22-28-11-31-27-16-20-24-15-5-21-4-1-6-23-0,17.794720222009346
78,moderate,sparse,RAWA-RHP,32,27,0.84375,0.8943661971830986,0.8943661971830986,True,63.5,71.0,1023.360932417357,1163.4898302667077,176.63906758264318,96.63906758264318,False,126.97669015495256,True,False,0.1266713905778907,0.004710362487134,2.0,False,1.0,8.000:8.000|29.178:8.183|29.479:12.143|29.073:19.455|30.936:32.220|22.467:31.966|16.802:33.110|11.546:44.039|24.832:45.932|32.804:50.549|43.869:45.428|40.713:54.224|41.901:64.363|34.157:69.138|46.260:81.744|46.637:77.405|54.273:71.572|49.789:66.435|77.818:45.743|77.795:33.186|86.743:14.063|81.607:17.398|70.637:26.080|45.323:22.371|43.217:21.725|43.253:16.743|36.682:11.550|34.169:8.132|8.000:8.000,0-32-12-17-9-25-13-3-10-26-29-14-22-28-11-31-27-16-20-24-7-18-15-21-4-1-6-23-0,146.04250403586775
83,calm,sparse,NearestNeighbor,32,32,1.0,1.0,0.0,False,60.5,60.5,1301.2418630078314,1305.7911716684457,-101.24186300783155,-181.2418630078316,True,163.00378458035715,False,True,0.0111648256349381,0.0003395971610182,2.0,True,1.0,8.000:8.000|48.834:11.063|71.211:23.507|81.420:24.049|83.530:25.570|85.763:24.130|86.021:26.844|88.852:30.640|89.453:38.018|83.741:41.425|84.798:44.108|85.050:51.994|73.976:62.015|75.791:79.345|74.586:93.717|60.683:78.263|50.123:68.794|47.401:67.132|38.162:66.088|35.326:67.084|31.567:70.110|34.060:73.137|25.760:62.297|23.213:64.401|18.206:67.339|18.311:75.674|17.637:77.829|11.801:58.366|43.591:48.514|57.025:45.890|60.277:34.321|77.557:33.496|91.306:8.313|8.000:8.000,0-26-12-19-6-4-8-21-17-9-31-24-28-30-29-5-27-1-23-22-11-16-20-15-14-2-3-7-10-32-18-13-25-0,0.0021026670001447
83,calm,sparse,ValuePerDistance,32,29,0.90625,0.9256198347107438,0.0,False,56.0,60.5,1419.004212554198,1409.711784681695,-219.0042125541977,-299.0042125541977,True,166.5679125155206,False,True,0.0035146697807585,0.000117314500218,2.0,True,1.0,8.000:8.000|43.591:48.514|57.025:45.890|60.277:34.321|71.211:23.507|77.557:33.496|84.798:44.108|83.741:41.425|89.453:38.018|88.852:30.640|85.763:24.130|83.530:25.570|81.420:24.049|86.021:26.844|91.306:8.313|75.791:79.345|73.976:62.015|50.123:68.794|47.401:67.132|38.162:66.088|35.326:67.084|31.567:70.110|34.060:73.137|25.760:62.297|23.213:64.401|18.206:67.339|17.637:77.829|18.311:75.674|11.801:58.366|60.683:78.263|8.000:8.000,0-10-32-18-12-13-31-9-17-21-4-6-19-8-25-30-28-27-1-23-22-11-16-20-15-14-3-2-7-5-0,0.0016482560895383
83,calm,sparse,WindAwareGreedy,32,20,0.625,0.7107438016528925,0.0,False,43.0,60.5,1361.657442758643,1356.1629402836484,-161.65744275864265,-241.65744275864265,True,149.13666168845435,False,True,0.0139539923213113,0.0006677892867253,2.0,True,1.0,8.000:8.000|43.591:48.514|50.123:68.794|38.162:66.088|17.637:77.829|18.206:67.339|25.760:62.297|23.213:64.401|57.025:45.890|84.798:44.108|75.791:79.345|73.976:62.015|47.401:67.132|35.326:67.084|31.567:70.110|34.060:73.137|18.311:75.674|11.801:58.366|60.277:34.321|71.211:23.507|77.557:33.496|8.000:8.000,0-10-27-23-3-14-20-15-32-31-30-28-1-22-11-16-2-7-18-12-13-0,0.0015697230119258
83,calm,sparse,ReserveOnlyPlanner,32,17,0.53125,0.6363636363636364,0.6363636363636364,True,38.5,60.5,1075.7076703139285,1113.581859807735,124.2923296860716,44.2923296860716,False,120.9290853842235,True,False,0.0126815571853791,0.0007074940533991,2.0,False,1.0,8.000:8.000|43.591:48.514|50.123:68.794|38.162:66.088|17.637:77.829|18.206:67.339|25.760:62.297|23.213:64.401|18.311:75.674|35.326:67.084|47.401:67.132|57.025:45.890|84.798:44.108|75.791:79.345|73.976:62.015|60.277:34.321|71.211:23.507|48.834:11.063|8.000:8.000,0-10-27-23-3-14-20-15-2-22-1-32-31-30-28-18-12-26-0,0.0015207310207188
83,calm,sparse,FairRiskAwareGreedy,32,13,0.40625,0.5454545454545454,0.5454545454545454,True,33.0,60.5,1067.9526851589217,1093.116608614769,132.04731484107802,52.04731484107802,False,119.36345669231224,True,False,0.0104239687192349,0.0007466876431118,2.0,False,1.0,8.000:8.000|43.591:48.514|50.123:68.794|17.637:77.829|18.206:67.339|38.162:66.088|57.025:45.890|84.798:44.108|91.306:8.313|75.791:79.345|73.976:62.015|60.277:34.321|71.211:23.507|48.834:11.063|8.000:8.000,0-10-27-3-14-23-32-31-25-30-28-18-12-26-0,0.0023706818465143
83,calm,sparse,FairALNSPlanner,32,29,0.90625,0.9421487603305784,0.9421487603305784,True,57.0,60.5,1058.9588118906577,1128.9688525934175,141.04118810934222,61.041188109342215,False,141.45983666973967,True,False,0.0053713483770095,0.0001794218247526,2.0,False,1.0,8.000:8.000|17.637:77.829|18.311:75.674|18.206:67.339|23.213:64.401|25.760:62.297|31.567:70.110|34.060:73.137|35.326:67.084|38.162:66.088|47.401:67.132|50.123:68.794|60.683:78.263|74.586:93.717|75.791:79.345|73.976:62.015|85.050:51.994|84.798:44.108|89.453:38.018|88.852:30.640|86.021:26.844|91.306:8.313|85.763:24.130|83.530:25.570|81.420:24.049|77.557:33.496|71.211:23.507|60.277:34.321|57.025:45.890|43.591:48.514|8.000:8.000,0-3-2-14-15-20-11-16-22-23-1-27-5-29-30-28-24-31-17-21-8-25-4-6-19-13-12-18-32-10-0,17.13464319705963
83,calm,sparse,RAWA-RHP,32,29,0.90625,0.9421487603305784,0.9421487603305784,True,57.0,60.5,1063.41864417585,1128.9688525934175,136.58135582414997,56.581355824149966,False,141.45983666973967,True,False,0.0053713483770095,0.0001794218247526,2.0,False,1.0,8.000:8.000|17.637:77.829|18.311:75.674|18.206:67.339|23.213:64.401|25.760:62.297|31.567:70.110|34.060:73.137|35.326:67.084|38.162:66.088|47.401:67.132|50.123:68.794|60.683:78.263|74.586:93.717|75.791:79.345|73.976:62.015|85.050:51.994|84.798:44.108|89.453:38.018|88.852:30.640|86.021:26.844|91.306:8.313|85.763:24.130|83.530:25.570|81.420:24.049|77.557:33.496|71.211:23.507|60.277:34.321|57.025:45.890|43.591:48.514|8.000:8.000,0-3-2-14-15-20-11-16-22-23-1-27-5-29-30-28-24-31-17-21-8-25-4-6-19-13-12-18-32-10-0,27.207672462100163
83,calm,cluttered,NearestNeighbor,32,29,0.90625,0.9044117647058824,0.0,False,61.5,68.0,1339.1354471815307,1345.079532532956,-139.13544718153116,-219.1354471815312,True,157.9389525971064,False,True,0.0175009253167371,0.000587696407208,2.0,True,1.0,8.000:8.000|26.251:8.260|29.114:17.857|28.533:27.942|25.414:27.344|33.036:27.266|30.681:36.800|41.415:49.900|41.700:41.912|44.059:35.946|55.082:39.220|58.734:43.956|66.000:52.356|56.492:62.969|49.345:53.568|47.254:72.904|50.679:75.170|48.646:89.418|35.595:83.984|31.155:94.228|27.448:93.010|16.322:75.177|30.171:66.202|20.110:52.408|20.312:33.840|15.830:23.342|57.170:9.119|63.327:19.926|76.260:27.668|78.668:19.183|8.000:8.000,0-8-23-25-11-14-27-24-4-7-28-31-32-30-29-5-9-19-22-1-10-6-17-3-21-13-20-15-18-12-0,0.0020579949487
83,calm,cluttered,ValuePerDistance,32,25,0.78125,0.8235294117647058,0.0,False,56.0,68.0,1342.8660891155905,1338.3810616694493,-142.86608911559068,-222.86608911559068,True,150.4574572138419,False,True,0.0391737329224248,0.0015333950517069,2.0,True,1.0,8.000:8.000|26.251:8.260|25.414:27.344|28.533:27.942|33.036:27.266|30.681:36.800|20.110:52.408|30.171:66.202|16.322:75.177|48.646:89.418|35.595:83.984|31.155:94.228|27.448:93.010|56.492:62.969|58.734:43.956|55.082:39.220|44.059:35.946|41.700:41.912|41.415:49.900|49.345:53.568|66.000:52.356|81.718:60.113|90.608:62.780|67.211:75.005|47.254:72.904|50.679:75.170|8.000:8.000,0-8-11-25-14-27-3-17-6-19-22-1-10-30-31-28-7-4-24-29-32-26-16-2-5-9-0,0.0015312819741666
83,calm,cluttered,WindAwareGreedy,32,21,0.65625,0.7279411764705882,0.0,False,49.5,68.0,1260.258426302599,1259.1706138265588,-60.25842630259859,-140.2584263025986,True,140.3846498310033,False,True,0.0208173286325457,0.0009541411349761,2.0,True,1.0,8.000:8.000|25.414:27.344|28.533:27.942|33.036:27.266|30.681:36.800|55.082:39.220|58.734:43.956|56.492:62.969|48.646:89.418|30.171:66.202|20.110:52.408|16.322:75.177|35.595:83.984|31.155:94.228|27.448:93.010|47.254:72.904|63.327:19.926|44.059:35.946|41.700:41.912|26.251:8.260|15.830:23.342|20.312:33.840|8.000:8.000,0-11-25-14-27-28-31-30-19-17-3-6-22-1-10-5-15-7-4-8-13-21-0,0.0015784641727805
83,calm,cluttered,ReserveOnlyPlanner,32,21,0.65625,0.6764705882352942,0.6764705882352942,True,46.0,68.0,1106.677299725779,1132.2404675176865,93.32270027422118,13.322700274221177,False,127.0496317731205,True,False,0.0173156802313561,0.0007929255542793,2.0,False,1.0,8.000:8.000|15.830:23.342|25.414:27.344|28.533:27.942|33.036:27.266|30.681:36.800|20.110:52.408|16.322:75.177|30.171:66.202|56.492:62.969|58.734:43.956|55.082:39.220|63.327:19.926|57.170:9.119|26.251:8.260|29.114:17.857|44.059:35.946|41.700:41.912|41.415:49.900|49.345:53.568|66.000:52.356|76.260:27.668|8.000:8.000,0-13-11-25-14-27-3-6-17-30-31-28-15-20-8-23-7-4-24-29-32-18-0,0.0017544999718666
83,calm,cluttered,FairRiskAwareGreedy,32,16,0.5,0.5955882352941176,0.5955882352941176,True,40.5,68.0,1098.7579135381627,1118.2946749998987,101.24208646183772,21.242086461837715,False,123.05882235748886,True,False,0.0132884726492137,0.0007858644880562,2.0,False,1.0,8.000:8.000|25.414:27.344|28.533:27.942|33.036:27.266|55.082:39.220|58.734:43.956|63.327:19.926|56.492:62.969|48.646:89.418|20.110:52.408|30.681:36.800|15.830:23.342|26.251:8.260|44.059:35.946|41.700:41.912|30.171:66.202|16.322:75.177|8.000:8.000,0-11-25-14-28-31-15-30-19-3-27-13-8-7-4-17-6-0,0.002724084071815
83,calm,cluttered,FairALNSPlanner,32,25,0.78125,0.8455882352941176,0.8455882352941176,True,57.5,68.0,1066.197493617727,1143.6241327375765,133.80250638227275,53.80250638227275,False,133.86147326461816,True,False,0.0204424383829827,0.0007929619672628,2.0,False,1.0,8.000:8.000|15.830:23.342|25.414:27.344|28.533:27.942|33.036:27.266|30.681:36.800|20.110:52.408|16.322:75.177|30.171:66.202|35.595:83.984|31.155:94.228|48.646:89.418|50.679:75.170|47.254:72.904|56.492:62.969|67.211:75.005|90.608:62.780|81.718:60.113|66.000:52.356|58.734:43.956|55.082:39.220|63.327:19.926|44.059:35.946|41.700:41.912|29.114:17.857|26.251:8.260|8.000:8.000,0-13-11-25-14-27-3-6-17-22-1-19-9-5-30-2-16-26-32-31-28-15-7-4-23-8-0,14.698154834099114
83,calm,cluttered,RAWA-RHP,32,25,0.78125,0.8382352941176471,0.8382352941176471,True,57.0,68.0,1043.868093179251,1120.8777981246656,156.1319068207491,76.1319068207491,False,131.99945282798765,True,False,0.0185152790686307,0.0007174882988155,2.0,False,1.0,8.000:8.000|26.251:8.260|29.114:17.857|41.700:41.912|44.059:35.946|63.327:19.926|55.082:39.220|58.734:43.956|66.000:52.356|81.718:60.113|90.608:62.780|56.492:62.969|47.254:72.904|50.679:75.170|48.646:89.418|27.448:93.010|31.155:94.228|35.595:83.984|30.171:66.202|16.322:75.177|20.110:52.408|30.681:36.800|33.036:27.266|28.533:27.942|25.414:27.344|15.830:23.342|8.000:8.000,0-8-23-4-7-15-28-31-32-26-16-30-5-9-19-10-1-22-17-6-3-27-14-25-11-13-0,38.05645715794526
83,severe,cluttered,NearestNeighbor,32,18,0.5625,0.5503875968992248,0.0,False,35.5,64.5,1484.2314292870062,1494.6518607966898,-284.2314292870061,-364.2314292870061,True,98.41436161140878,False,True,0.1144842626484123,0.0062560429056602,2.0,True,1.0,8.000:8.000|25.585:9.198|35.785:17.462|44.014:28.497|53.739:35.477|55.206:22.220|58.971:14.726|61.851:15.635|70.742:22.247|67.090:37.455|72.853:48.814|84.739:52.122|91.837:60.357|86.675:77.843|76.299:84.288|72.408:80.931|73.948:73.335|75.416:61.307|52.066:52.546|8.000:8.000,0-28-1-3-4-17-26-21-32-9-19-2-31-7-8-15-11-20-30-0,0.0015989069361239
83,severe,cluttered,ValuePerDistance,32,16,0.5,0.5658914728682171,0.0,False,36.5,64.5,1421.6692235573337,1441.0659995800618,-221.66922355733345,-301.66922355733345,True,88.78764349073191,False,True,0.125324510302222,0.0077052916194196,2.0,True,1.0,8.000:8.000|25.585:9.198|35.785:17.462|33.756:42.167|34.029:45.091|34.199:52.033|24.687:51.441|14.369:60.131|22.042:66.236|42.007:71.967|41.271:64.683|52.066:52.546|70.742:22.247|58.971:14.726|61.851:15.635|55.206:22.220|44.014:28.497|8.000:8.000,0-28-1-29-14-12-18-16-10-27-25-30-32-26-21-17-3-0,0.0012349130120128
83,severe,cluttered,WindAwareGreedy,32,13,0.40625,0.4651162790697674,0.0,False,30.0,64.5,1666.2943323965674,1721.6723694652778,-466.29433239656737,-546.2943323965674,True,103.48810719752755,False,True,0.1963885536422738,0.014802957366583,2.0,True,1.0,8.000:8.000|25.585:9.198|35.785:17.462|70.742:22.247|89.287:35.546|72.853:48.814|67.090:37.455|55.206:22.220|58.971:14.726|61.851:15.635|91.141:14.100|84.739:52.122|76.299:84.288|73.948:73.335|8.000:8.000,0-28-1-32-6-19-9-17-26-21-5-2-8-11-0,0.0011944759171456
83,severe,cluttered,ReserveOnlyPlanner,32,7,0.21875,0.2790697674418604,0.2790697674418604,True,18.0,64.5,1087.1846456653757,1129.6752871151916,112.81535433462432,32.81535433462432,False,63.86100139207667,True,False,0.0521248247467219,0.0065156142374893,2.0,False,1.0,8.000:8.000|25.585:9.198|35.785:17.462|70.742:22.247|89.287:35.546|91.141:14.100|72.853:48.814|67.090:37.455|8.000:8.000,0-28-1-32-6-5-19-9-0,0.0008153130766004
83,severe,cluttered,FairRiskAwareGreedy,32,8,0.25,0.3023255813953488,0.3023255813953488,True,19.5,64.5,591.9176053639391,627.5658400485798,608.0823946360608,528.0823946360608,False,56.06232357985148,True,False,0.0065890214954609,0.0007324251268778,2.8284271247461903,False,1.0,8.000:8.000|25.585:9.198|35.785:17.462|34.029:45.091|33.756:42.167|52.066:52.546|42.007:71.967|14.369:60.131|17.176:45.136|8.000:8.000,0-28-1-14-29-30-27-16-22-0,0.0011206760536879
83,severe,cluttered,FairALNSPlanner,32,18,0.5625,0.6046511627906976,0.6046511627906976,True,39.0,64.5,1017.242579663758,1199.5717048751792,182.7574203362419,102.75742033624188,False,103.86999258150578,True,False,0.0130817791282484,0.0006915335751774,2.8284271247461903,False,1.0,8.000:8.000|25.585:9.198|35.785:17.462|44.014:28.497|53.739:35.477|67.090:37.455|70.742:22.247|89.287:35.546|72.853:48.814|75.416:61.307|73.948:73.335|72.408:80.931|76.299:84.288|52.066:52.546|41.271:64.683|42.007:71.967|22.042:66.236|14.369:60.131|17.176:45.136|8.000:8.000,0-28-1-3-4-9-32-6-19-20-11-15-8-30-25-27-10-16-22-0,9.876146244816482
83,severe,cluttered,RAWA-RHP,32,19,0.59375,0.689922480620155,0.689922480620155,True,44.5,64.5,1023.8802370553462,1238.201021716444,176.11976294465376,96.11976294465376,False,109.56864828070852,True,False,0.0472404779411825,0.0023905611078463,2.0,False,1.0,8.000:8.000|14.369:60.131|22.042:66.236|41.271:64.683|42.007:71.967|72.408:80.931|76.299:84.288|73.948:73.335|72.853:48.814|89.287:35.546|70.742:22.247|61.851:15.635|58.971:14.726|55.206:22.220|53.739:35.477|52.066:52.546|34.029:45.091|33.756:42.167|35.785:17.462|25.585:9.198|8.000:8.000,0-16-10-25-27-15-8-11-19-6-32-21-26-17-4-30-14-29-1-28-0,16.20663205999881
82,calm,cluttered,NearestNeighbor,32,31,0.96875,0.9545454545454546,0.0,False,63.0,66.0,1249.366390838166,1242.4933810363816,-49.36639083816574,-129.36639083816573,True,152.29665970362478,False,True,0.0063226310471496,0.0001976603520945,2.0,True,1.0,8.000:8.000|25.672:12.741|30.677:21.519|36.518:26.844|37.886:9.575|55.146:29.654|59.244:30.354|62.513:29.385|59.257:26.576|68.916:23.148|76.089:29.913|74.113:31.996|80.001:37.298|84.014:35.911|73.193:48.155|83.508:53.477|93.814:51.560|80.181:71.564|76.872:79.817|69.907:71.438|63.560:60.974|60.809:49.589|56.717:49.565|39.583:52.096|29.566:46.650|16.872:51.692|19.510:70.441|16.284:78.772|15.774:83.768|32.389:91.291|34.264:83.891|29.669:70.111|8.000:8.000,0-28-19-31-22-2-21-17-24-8-11-5-32-23-3-4-25-1-30-26-20-12-6-27-10-7-14-16-13-9-18-29-0,0.0021130198147147
82,calm,cluttered,ValuePerDistance,32,29,0.90625,0.9166666666666666,0.0,False,60.5,66.0,1280.4329809664737,1278.4325412266928,-80.43298096647338,-160.4329809664734,True,152.04429263638593,False,True,0.0321443303746722,0.0010825745517358,2.0,True,1.0,8.000:8.000|37.886:9.575|30.677:21.519|36.518:26.844|55.146:29.654|59.244:30.354|62.513:29.385|59.257:26.576|68.916:23.148|76.089:29.913|74.113:31.996|80.001:37.298|84.014:35.911|93.814:51.560|83.508:53.477|63.560:60.974|69.907:71.438|76.872:79.817|80.181:71.564|60.809:49.589|56.717:49.565|39.583:52.096|29.566:46.650|16.284:78.772|15.774:83.768|19.510:70.441|29.669:70.111|34.264:83.891|32.389:91.291|16.872:51.692|8.000:8.000,0-22-19-31-2-21-17-24-8-11-5-32-23-25-4-20-26-30-1-12-6-27-10-16-13-14-29-18-9-7-0,0.0015937688294798
82,calm,cluttered,WindAwareGreedy,32,20,0.625,0.75,0.0,False,49.5,66.0,1321.598588468663,1325.04789337768,-121.59858846866268,-201.59858846866268,True,142.63676338253185,False,True,0.043368325385988,0.0020980942452649,2.0,True,1.0,8.000:8.000|37.886:9.575|62.513:29.385|59.244:30.354|59.257:26.576|55.146:29.654|80.001:37.298|86.898:14.925|93.814:51.560|63.560:60.974|69.907:71.438|16.284:78.772|15.774:83.768|19.510:70.441|29.669:70.111|29.566:46.650|39.583:52.096|36.518:26.844|30.677:21.519|25.672:12.741|68.916:23.148|8.000:8.000,0-22-17-21-24-2-32-15-25-20-26-16-13-14-29-10-27-31-19-28-8-0,0.0015572039410471
82,calm,cluttered,ReserveOnlyPlanner,32,19,0.59375,0.7045454545454546,0.7045454545454546,True,46.5,66.0,1109.9516012442707,1149.6915963420442,90.04839875572961,10.048398755729608,False,122.37893060993,True,False,0.0534829041402328,0.0027318183559746,2.0,False,1.0,8.000:8.000|37.886:9.575|30.677:21.519|36.518:26.844|62.513:29.385|59.244:30.354|59.257:26.576|55.146:29.654|80.001:37.298|86.898:14.925|76.089:29.913|63.560:60.974|69.907:71.438|16.284:78.772|15.774:83.768|19.510:70.441|29.669:70.111|29.566:46.650|39.583:52.096|16.872:51.692|8.000:8.000,0-22-19-31-17-21-24-2-32-15-11-20-26-16-13-14-29-10-27-7-0,0.0015925259795039
82,calm,cluttered,FairRiskAwareGreedy,32,16,0.5,0.6439393939393939,0.6439393939393939,True,42.5,66.0,1068.464814793731,1085.112678772298,131.53518520626898,51.53518520626898,False,122.94956701428627,True,False,0.0142728259865138,0.0008439487361234,2.0,False,1.0,8.000:8.000|37.886:9.575|62.513:29.385|59.244:30.354|59.257:26.576|55.146:29.654|80.001:37.298|93.814:51.560|86.898:14.925|36.518:26.844|30.677:21.519|63.560:60.974|69.907:71.438|15.774:83.768|16.284:78.772|19.510:70.441|29.566:46.650|8.000:8.000,0-22-17-21-24-2-32-25-15-31-19-20-26-13-16-14-10-0,0.0024232848081737
82,calm,cluttered,FairALNSPlanner,32,27,0.84375,0.9090909090909092,0.9090909090909092,True,60.0,66.0,1044.7800966909892,1124.5025903503415,155.21990330901053,75.21990330901053,False,136.27048785134266,True,False,0.0291317730079027,0.0010514570820281,2.0,False,1.0,8.000:8.000|29.566:46.650|15.774:83.768|16.284:78.772|19.510:70.441|29.669:70.111|39.583:52.096|56.717:49.565|60.809:49.589|63.560:60.974|69.907:71.438|80.181:71.564|83.508:53.477|93.814:51.560|84.014:35.911|80.001:37.298|74.113:31.996|76.089:29.913|86.898:14.925|68.916:23.148|62.513:29.385|59.244:30.354|59.257:26.576|55.146:29.654|36.518:26.844|30.677:21.519|37.886:9.575|25.672:12.741|8.000:8.000,0-10-13-16-14-29-27-6-12-20-26-1-4-25-23-32-5-11-15-8-17-21-24-2-31-19-22-28-0,16.551363192964345
82,calm,cluttered,RAWA-RHP,32,28,0.875,0.9318181818181818,0.9318181818181818,True,61.5,66.0,1054.352070704375,1139.5109947228432,145.6479292956249,65.64792929562489,False,139.59322683629352,True,False,0.0300364689344667,0.0010466067952359,2.0,False,1.0,8.000:8.000|37.886:9.575|55.146:29.654|59.257:26.576|59.244:30.354|62.513:29.385|68.916:23.148|86.898:14.925|76.089:29.913|74.113:31.996|80.001:37.298|84.014:35.911|93.814:51.560|83.508:53.477|73.193:48.155|60.809:49.589|63.560:60.974|69.907:71.438|34.264:83.891|32.389:91.291|15.774:83.768|16.284:78.772|19.510:70.441|29.669:70.111|39.583:52.096|29.566:46.650|36.518:26.844|30.677:21.519|25.672:12.741|8.000:8.000,0-22-2-24-21-17-8-15-11-5-32-23-25-4-3-12-20-26-18-9-13-16-14-29-27-10-31-19-28-0,71.79953457601368
83,severe,sparse,NearestNeighbor,32,19,0.59375,0.5801526717557252,0.0,False,38.0,65.5,1417.5057341371048,1372.7984973668715,-217.50573413710453,-297.5057341371046,True,90.0275028803218,False,True,0.2270363364814464,0.0118962509971654,2.0,True,1.0,8.000:8.000|30.798:14.625|30.707:20.771|31.243:23.702|27.001:28.591|36.143:39.442|43.149:51.957|49.069:47.341|45.806:66.389|38.505:63.840|36.107:71.312|32.233:70.783|32.934:74.873|36.181:75.992|31.772:81.549|28.178:88.144|25.214:90.753|21.390:92.933|20.066:82.206|18.155:71.021|8.000:8.000,0-19-32-23-20-1-12-29-17-5-21-31-15-4-11-7-18-8-6-22-0,0.001662041991949
83,severe,sparse,ValuePerDistance,32,16,0.5,0.5190839694656488,0.0,False,34.0,65.5,1460.081988183192,1498.1733434694129,-260.08198818319204,-340.08198818319204,True,86.95869004262612,False,True,0.3482554562794597,0.0240417290764644,2.0,True,1.0,8.000:8.000|27.001:28.591|30.707:20.771|31.243:23.702|30.798:14.625|36.143:39.442|24.730:59.576|18.155:71.021|20.494:66.485|32.934:74.873|36.181:75.992|36.107:71.312|32.233:70.783|31.772:81.549|28.178:88.144|25.214:90.753|21.390:92.933|8.000:8.000,0-20-32-23-19-1-3-22-28-15-4-21-31-11-7-18-8-0,0.0011615559924393
83,severe,sparse,WindAwareGreedy,32,17,0.53125,0.6030534351145038,0.0,False,39.5,65.5,1777.8723288988126,1779.691051383199,-577.8723288988126,-657.8723288988126,True,105.07961466076034,False,True,0.2568374290859067,0.016024787599607,2.0,True,1.0,8.000:8.000|27.001:28.591|30.798:14.625|30.707:20.771|31.243:23.702|36.143:39.442|43.149:51.957|45.806:66.389|36.107:71.312|32.233:70.783|24.730:59.576|18.155:71.021|32.934:74.873|36.181:75.992|31.772:81.549|89.111:53.261|88.599:50.459|90.753:48.458|8.000:8.000,0-20-19-32-23-1-12-17-21-31-3-22-15-4-11-10-9-27-0,0.0014116889797151
83,severe,sparse,ReserveOnlyPlanner,32,9,0.28125,0.2900763358778626,0.2900763358778626,True,19.0,65.5,1053.747400234588,1172.9348050098688,146.252599765412,66.25259976541201,False,65.76129967417234,True,False,0.1659129951203914,0.0175221826474274,2.0,False,1.0,8.000:8.000|27.001:28.591|30.798:14.625|30.707:20.771|31.243:23.702|36.143:39.442|43.149:51.957|49.069:47.341|88.599:50.459|89.111:53.261|8.000:8.000,0-20-19-32-23-1-12-29-9-10-0,0.0009817969985306
83,severe,sparse,FairRiskAwareGreedy,32,11,0.34375,0.3969465648854962,0.3969465648854962,True,26.0,65.5,1095.748934572328,1136.7910455119747,104.25106542767196,24.25106542767196,False,102.97815483920112,True,False,0.0031270534422827,0.0002605990574036,2.8284271247461903,False,1.0,8.000:8.000|27.001:28.591|24.730:59.576|45.806:66.389|88.599:50.459|89.111:53.261|71.309:18.047|79.115:22.488|43.149:51.957|49.069:47.341|66.383:87.977|68.253:69.608|8.000:8.000,0-20-3-17-9-10-24-16-12-29-13-26-0,0.0015547629445791
83,severe,sparse,FairALNSPlanner,32,18,0.5625,0.6412213740458015,0.6412213740458015,True,42.0,65.5,1042.7945319096746,1208.691682254465,157.2054680903255,77.2054680903255,False,107.74009787198936,True,False,0.0542748093116403,0.0029071206055675,2.0,False,1.0,8.000:8.000|20.494:66.485|18.155:71.021|24.730:59.576|36.107:71.312|32.934:74.873|31.772:81.549|36.181:75.992|28.178:88.144|66.383:87.977|77.244:85.925|89.111:53.261|88.599:50.459|90.753:48.458|97.828:40.507|93.484:33.892|79.115:22.488|71.309:18.047|27.001:28.591|8.000:8.000,0-28-22-3-21-15-11-4-7-13-30-10-9-27-25-14-16-24-20-0,7.52297125896439
83,severe,sparse,RAWA-RHP,32,22,0.6875,0.732824427480916,0.732824427480916,True,48.0,65.5,1040.2321835680418,1246.5159163093365,159.76781643195852,79.76781643195852,False,112.71057495286446,True,False,0.1259201472536112,0.0057304393899385,2.0,False,1.0,8.000:8.000|30.798:14.625|30.707:20.771|31.243:23.702|27.001:28.591|36.143:39.442|24.730:59.576|32.233:70.783|36.181:75.992|31.772:81.549|28.178:88.144|32.934:74.873|36.107:71.312|45.806:66.389|43.149:51.957|49.069:47.341|89.111:53.261|88.599:50.459|90.753:48.458|97.828:40.507|93.484:33.892|79.115:22.488|71.309:18.047|8.000:8.000,0-19-32-23-20-1-3-31-4-11-7-15-21-17-12-29-10-9-27-25-14-16-24-0,37.689193923957646
83,moderate,cluttered,NearestNeighbor,32,16,0.5,0.475,0.0,False,28.5,60.0,1348.1112629248698,1331.2434811925982,-148.1112629248698,-228.1112629248698,True,104.14874564147436,False,True,0.1934396615958963,0.0123954681167794,2.0,True,1.0,8.000:8.000|30.309:26.620|37.550:32.248|29.495:39.773|26.502:35.846|34.910:53.313|49.654:68.556|44.570:75.434|41.877:77.389|40.123:87.524|26.184:82.344|19.667:86.498|64.711:87.162|79.068:90.449|82.683:93.564|87.669:80.176|78.526:68.489|8.000:8.000,0-10-19-11-4-30-29-5-13-8-31-2-9-17-25-15-12-0,0.0015194641891866
83,moderate,cluttered,ValuePerDistance,32,18,0.5625,0.5583333333333333,0.0,False,33.5,60.0,1335.4335746735155,1320.089283159265,-135.43357467351524,-215.43357467351524,True,116.49434702892204,False,True,0.2498050695077578,0.0140096443451375,2.0,True,1.0,8.000:8.000|30.309:26.620|26.502:35.846|29.495:39.773|37.550:32.248|54.425:23.470|66.678:43.582|64.028:36.382|60.376:36.356|76.772:37.106|83.260:41.941|92.790:31.171|91.706:23.109|83.663:8.124|87.267:59.103|89.054:54.982|81.083:54.341|70.853:55.296|67.605:66.850|8.000:8.000,0-10-4-11-19-20-21-7-18-32-6-16-1-3-26-14-27-23-28-0,0.0013219399843364
83,moderate,cluttered,WindAwareGreedy,32,16,0.5,0.575,0.0,False,34.5,60.0,1372.0816471377543,1370.8766964858507,-172.08164713775463,-252.08164713775463,True,116.45941126799516,False,True,0.2384663050291191,0.0156997757918476,2.0,True,1.0,8.000:8.000|30.309:26.620|26.502:35.846|29.495:39.773|37.550:32.248|54.425:23.470|66.678:43.582|67.605:66.850|87.267:59.103|92.790:31.171|83.260:41.941|81.083:54.341|79.068:90.449|72.762:73.400|49.654:68.556|44.570:75.434|40.123:87.524|8.000:8.000,0-10-4-11-19-20-21-28-26-16-6-27-17-22-29-5-8-0,0.0013358530122786
83,moderate,cluttered,ReserveOnlyPlanner,32,14,0.4375,0.4333333333333333,0.4333333333333333,True,26.0,60.0,1032.8857333100775,1067.9586009948882,167.11426668992226,87.11426668992226,False,87.39199308389263,True,False,0.2085651412018507,0.0152943247736569,2.0,False,1.0,8.000:8.000|30.309:26.620|26.502:35.846|29.495:39.773|37.550:32.248|54.425:23.470|66.678:43.582|67.605:66.850|49.654:68.556|44.570:75.434|41.877:77.389|40.123:87.524|19.667:86.498|26.184:82.344|34.910:53.313|8.000:8.000,0-10-4-11-19-20-21-28-29-5-13-8-2-31-30-0,0.0013162239920347
83,moderate,cluttered,FairRiskAwareGreedy,32,12,0.375,0.425,0.425,True,25.5,60.0,1034.0476269791943,1081.6399088664914,165.95237302080574,85.95237302080574,False,107.5707020674064,True,False,0.0067603690637945,0.000520972032214,2.0,False,1.0,8.000:8.000|30.309:26.620|54.425:23.470|92.790:31.171|87.267:59.103|79.068:90.449|67.605:66.850|26.502:35.846|29.495:39.773|44.570:75.434|40.123:87.524|41.877:77.389|34.910:53.313|8.000:8.000,0-10-20-16-26-17-28-4-11-5-8-13-30-0,0.0014938791282474
83,moderate,cluttered,FairALNSPlanner,32,19,0.59375,0.6333333333333333,0.6333333333333333,True,38.0,60.0,1028.275297958947,1182.2360784159607,171.72470204105292,91.72470204105292,False,119.3188332614007,True,False,0.0155469405179539,0.0007792171272354,2.0,False,1.0,8.000:8.000|30.309:26.620|54.425:23.470|83.663:8.124|91.706:23.109|92.790:31.171|83.260:41.941|89.054:54.982|81.083:54.341|87.267:59.103|78.526:68.489|79.068:90.449|72.762:73.400|87.669:80.176|67.605:66.850|49.654:68.556|70.853:55.296|34.910:53.313|29.495:39.773|26.502:35.846|8.000:8.000,0-10-20-3-1-16-6-14-27-26-12-17-22-15-28-29-23-30-11-4-0,10.312363545177504
83,moderate,cluttered,RAWA-RHP,32,23,0.71875,0.7416666666666667,0.7416666666666667,True,44.5,60.0,1024.3576428074362,1204.8085336935628,175.64235719256357,95.64235719256357,False,124.68873419594344,True,False,0.0562607191737155,0.0023959401434568,2.0,False,1.0,8.000:8.000|26.502:35.846|29.495:39.773|34.910:53.313|40.123:87.524|41.877:77.389|44.570:75.434|49.654:68.556|67.605:66.850|72.762:73.400|79.068:90.449|87.669:80.176|78.526:68.489|87.267:59.103|81.083:54.341|70.853:55.296|89.054:54.982|83.260:41.941|92.790:31.171|76.772:37.106|64.028:36.382|60.376:36.356|54.425:23.470|30.309:26.620|8.000:8.000,0-4-11-30-8-13-5-29-28-22-17-15-12-26-27-23-14-6-16-32-7-18-20-10-0,50.47807521815412
81,moderate,cluttered,NearestNeighbor,32,23,0.71875,0.7,0.0,False,45.5,65.0,1326.0631337509935,1294.980695370315,-126.0631337509938,-206.0631337509938,True,122.38976391277824,False,True,0.0476704581387847,0.0020256765375547,2.0,True,1.0,8.000:8.000|16.784:20.647|13.609:32.495|40.005:28.597|43.522:34.440|43.227:42.024|53.220:49.063|54.754:56.139|43.401:60.381|40.044:60.127|38.607:64.876|30.526:53.304|39.662:81.048|53.120:83.623|59.933:70.695|63.440:72.547|67.691:78.425|70.116:80.637|74.109:86.491|65.020:94.563|76.780:73.453|83.635:76.863|71.243:54.629|70.471:48.769|8.000:8.000,0-1-21-16-32-19-20-24-4-9-27-2-3-18-28-13-23-30-14-8-11-5-12-10-0,0.0010957890190184
81,moderate,cluttered,ValuePerDistance,32,22,0.6875,0.7615384615384615,0.0,False,49.5,65.0,1338.9677944593248,1303.1630617951482,-138.9677944593248,-218.9677944593248,True,120.76491058805664,False,True,0.1233266391484436,0.0053697728879648,2.0,True,1.0,8.000:8.000|16.784:20.647|33.319:10.126|52.577:20.111|57.905:29.095|52.506:32.964|43.227:42.024|53.220:49.063|54.754:56.139|40.044:60.127|38.607:64.876|43.401:60.381|59.933:70.695|63.440:72.547|67.691:78.425|70.116:80.637|74.109:86.491|83.635:76.863|76.780:73.453|71.243:54.629|70.471:48.769|80.721:44.807|74.559:26.980|8.000:8.000,0-1-29-7-22-17-19-20-24-9-27-4-28-13-23-30-14-5-11-12-10-25-26-0,0.0008239080198109
81,moderate,cluttered,WindAwareGreedy,32,18,0.5625,0.6615384615384615,0.6615384615384615,True,43.0,65.0,1147.6732405341957,1132.1816842348935,52.32675946580409,-27.673240534195912,True,104.61660072302833,True,False,0.1965934008545317,0.0111952327112795,2.0,False,1.0,8.000:8.000|16.784:20.647|33.319:10.126|52.577:20.111|57.905:29.095|43.227:42.024|40.044:60.127|38.607:64.876|53.220:49.063|70.471:48.769|71.243:54.629|59.933:70.695|63.440:72.547|67.691:78.425|70.116:80.637|74.109:86.491|39.662:81.048|30.526:53.304|13.609:32.495|8.000:8.000,0-1-29-7-22-19-9-27-20-10-12-28-13-23-30-14-3-2-21-0,0.0007670631166547
81,moderate,cluttered,ReserveOnlyPlanner,32,17,0.53125,0.6230769230769231,0.6230769230769231,True,40.5,65.0,1057.853052976355,1138.9728673770978,142.14694702364469,62.146947023644685,False,98.83867234891224,True,False,0.1906366301686126,0.0114145128911731,2.0,False,1.0,8.000:8.000|16.784:20.647|33.319:10.126|52.577:20.111|57.905:29.095|43.227:42.024|40.044:60.127|38.607:64.876|39.662:81.048|59.933:70.695|63.440:72.547|67.691:78.425|70.116:80.637|70.471:48.769|53.220:49.063|54.754:56.139|30.526:53.304|13.609:32.495|8.000:8.000,0-1-29-7-22-19-9-27-3-28-13-23-30-10-20-24-2-21-0,0.0008009278681129
81,moderate,cluttered,FairRiskAwareGreedy,32,16,0.5,0.5769230769230769,0.5769230769230769,True,37.5,65.0,956.023537309076,997.1259651744864,243.976462690924,163.976462690924,False,109.9608307528637,True,False,0.0098967930722839,0.0005838067960632,2.0,False,1.0,8.000:8.000|16.784:20.647|33.319:10.126|52.577:20.111|58.945:8.213|70.471:48.769|40.044:60.127|53.220:49.063|43.227:42.024|71.243:54.629|59.933:70.695|63.440:72.547|54.754:56.139|38.607:64.876|52.506:32.964|43.522:34.440|13.609:32.495|8.000:8.000,0-1-29-7-31-10-9-20-19-12-28-13-24-27-17-32-21-0,0.0011800210922956
81,moderate,cluttered,FairALNSPlanner,32,23,0.71875,0.7923076923076923,0.7923076923076923,True,51.5,65.0,1063.878863317645,1184.6857369147217,136.12113668235506,56.12113668235506,False,126.49450383239976,True,False,0.0451636736317832,0.0019170200358029,2.0,False,1.0,8.000:8.000|16.784:20.647|13.609:32.495|57.905:29.095|52.506:32.964|80.721:44.807|70.471:48.769|71.243:54.629|76.780:73.453|67.691:78.425|74.109:86.491|70.116:80.637|63.440:72.547|59.933:70.695|53.120:83.623|39.662:81.048|38.607:64.876|40.044:60.127|43.401:60.381|54.754:56.139|53.220:49.063|43.227:42.024|33.319:10.126|52.577:20.111|8.000:8.000,0-1-21-22-17-25-10-12-11-23-14-30-13-28-18-3-27-9-4-24-20-19-29-7-0,15.262783579993991
81,moderate,cluttered,RAWA-RHP,32,27,0.84375,0.8846153846153846,0.8846153846153846,True,57.5,65.0,1028.2129844405088,1173.278823583187,171.78701555949073,91.78701555949073,False,131.97794065690692,True,False,0.0510624163810716,0.0018616280253234,2.0,False,1.0,8.000:8.000|33.319:10.126|52.577:20.111|58.945:8.213|57.905:29.095|52.506:32.964|43.522:34.440|43.227:42.024|53.220:49.063|54.754:56.139|80.721:44.807|70.471:48.769|71.243:54.629|59.933:70.695|63.440:72.547|76.780:73.453|67.691:78.425|70.116:80.637|74.109:86.491|65.020:94.563|53.120:83.623|39.662:81.048|38.607:64.876|43.401:60.381|40.044:60.127|30.526:53.304|13.609:32.495|16.784:20.647|8.000:8.000,0-29-7-31-22-17-32-19-20-24-25-10-12-28-13-11-23-30-14-8-18-3-27-4-9-2-21-1-0,131.8743739251513
84,severe,cluttered,NearestNeighbor,32,15,0.46875,0.4444444444444444,0.0,False,30.0,67.5,1538.2592523145777,1528.7753252235595,-338.2592523145775,-418.2592523145775,True,81.08507639564708,False,True,0.2798843478828637,0.0193543215683922,2.0,True,1.0,8.000:8.000|17.817:21.398|18.216:23.774|19.571:31.378|12.608:43.456|33.756:47.141|38.361:53.500|37.147:60.200|38.690:66.485|36.514:77.811|39.505:81.062|36.749:83.808|39.867:92.887|47.279:79.704|56.319:82.536|54.886:72.051|8.000:8.000,0-29-6-30-15-11-13-14-16-5-4-21-12-25-10-2-0,0.0014648160431534
84,severe,cluttered,ValuePerDistance,32,15,0.46875,0.5407407407407407,0.0,False,36.5,67.5,1731.4979307672843,1764.937019136134,-531.4979307672843,-611.4979307672843,True,89.79534401594427,False,True,0.142800432193778,0.0092081969098397,2.0,True,1.0,8.000:8.000|17.817:21.398|18.216:23.774|19.571:31.378|32.175:22.887|41.461:16.237|48.745:13.469|43.406:20.126|50.861:38.271|56.087:47.453|57.924:27.765|64.670:26.829|93.516:34.915|94.474:43.967|89.393:50.664|91.861:57.111|8.000:8.000,0-29-6-30-18-27-20-19-28-32-23-7-8-26-31-1-0,0.0011502730194479
84,severe,cluttered,WindAwareGreedy,32,13,0.40625,0.4814814814814814,0.0,False,32.5,67.5,1411.805481982291,1449.3533740474688,-211.80548198229093,-291.8054819822909,True,73.84938938391369,False,True,0.2748155045826148,0.021449710481291,2.0,True,1.0,8.000:8.000|17.817:21.398|18.216:23.774|19.571:31.378|32.175:22.887|48.745:13.469|41.461:16.237|43.406:20.126|64.670:26.829|57.924:27.765|50.861:38.271|56.087:47.453|38.361:53.500|37.147:60.200|8.000:8.000,0-29-6-30-18-20-27-19-7-23-28-32-13-14-0,0.0011443719267845
84,severe,cluttered,ReserveOnlyPlanner,32,9,0.28125,0.3407407407407407,0.3407407407407407,True,23.0,67.5,1063.8259185606896,1155.205375078638,136.17408143931056,56.17408143931056,False,53.70846185753388,True,False,0.138645472441009,0.01436532867317,2.0,False,1.0,8.000:8.000|17.817:21.398|18.216:23.774|32.175:22.887|41.461:16.237|48.745:13.469|64.670:26.829|57.924:27.765|50.861:38.271|56.087:47.453|8.000:8.000,0-29-6-18-27-20-7-23-28-32-0,0.0009209241252392
84,severe,cluttered,FairRiskAwareGreedy,32,11,0.34375,0.3481481481481481,0.3481481481481481,True,23.5,67.5,766.7945482645912,808.84956028747,433.205451735409,353.205451735409,False,71.41156974795109,True,False,0.0104711345706238,0.0008751915156348,2.0,False,1.0,8.000:8.000|17.817:21.398|18.216:23.774|19.571:31.378|26.154:61.704|38.690:66.485|36.514:77.811|39.505:81.062|12.608:43.456|48.745:13.469|41.461:16.237|43.406:20.126|8.000:8.000,0-29-6-30-17-16-5-4-15-20-27-19-0,0.0011234330013394
84,severe,cluttered,FairALNSPlanner,32,15,0.46875,0.4518518518518518,0.4518518518518518,True,30.5,67.5,801.7829186143165,931.9525883081624,398.2170813856836,318.2170813856836,False,79.52228914737793,True,False,0.0420773437819467,0.0026680552037704,2.0,False,1.0,8.000:8.000|17.817:21.398|18.216:23.774|19.571:31.378|32.175:22.887|41.461:16.237|43.406:20.126|50.861:38.271|33.756:47.141|38.361:53.500|37.147:60.200|38.690:66.485|36.514:77.811|36.749:83.808|39.505:81.062|47.279:79.704|8.000:8.000,0-29-6-30-18-27-19-28-11-13-14-16-5-21-4-25-0,8.588835596106946
84,severe,cluttered,RAWA-RHP,32,24,0.75,0.762962962962963,0.762962962962963,True,51.5,67.5,1035.064998924032,1262.0739082414382,164.9350010759681,84.9350010759681,False,110.04842186994516,True,False,0.044119244159382,0.0017948266420412,2.0,False,1.0,8.000:8.000|32.175:22.887|41.461:16.237|43.406:20.126|48.745:13.469|64.670:26.829|57.924:27.765|50.861:38.271|56.087:47.453|72.420:55.215|71.820:60.329|54.886:72.051|56.319:82.536|47.279:79.704|39.505:81.062|36.749:83.808|36.514:77.811|38.690:66.485|37.147:60.200|38.361:53.500|26.154:61.704|12.608:43.456|19.571:31.378|18.216:23.774|17.817:21.398|8.000:8.000,0-18-27-19-20-7-23-28-32-24-3-2-10-25-4-21-5-16-14-13-17-15-30-6-29-0,47.30771323712543
84,severe,sparse,NearestNeighbor,32,16,0.5,0.5185185185185185,0.0,False,35.0,67.5,1714.9274810052943,1692.862758536553,-514.9274810052942,-594.9274810052942,True,90.33305756576786,False,True,0.0241669474585073,0.0014325173819124,2.8284271247461903,True,1.0,8.000:8.000|39.986:24.119|36.888:35.936|36.350:45.098|46.098:38.668|58.285:31.218|67.601:26.463|70.191:34.911|80.264:40.045|81.973:45.397|73.787:51.151|71.314:49.304|69.293:49.342|69.785:52.114|79.638:61.634|83.268:74.182|86.962:77.951|8.000:8.000,0-1-30-3-10-5-4-9-12-17-16-28-19-8-2-31-15-0,0.0014376430772244
84,severe,sparse,ValuePerDistance,32,13,0.40625,0.4148148148148148,0.0,False,28.0,67.5,1666.4665845491186,1637.505161592418,-466.46658454911847,-546.4665845491185,True,87.55682998900025,False,True,0.0170795335640853,0.0011391165711158,2.0,True,1.0,8.000:8.000|53.112:12.431|46.831:13.106|39.986:24.119|36.888:35.936|46.098:38.668|70.191:34.911|67.601:26.463|80.264:40.045|81.973:45.397|71.314:49.304|69.293:49.342|69.785:52.114|73.787:51.151|8.000:8.000,0-23-21-1-30-10-9-4-12-17-28-19-8-16-0,0.0009636399336159
84,severe,sparse,WindAwareGreedy,32,11,0.34375,0.3925925925925926,0.0,False,26.5,67.5,1646.1293374794354,1710.1704442297157,-446.1293374794351,-526.1293374794351,True,79.76798346256115,False,True,0.0351363999659116,0.0029618723203452,2.0,True,1.0,8.000:8.000|53.112:12.431|46.831:13.106|39.986:24.119|46.098:38.668|36.888:35.936|70.191:34.911|67.601:26.463|80.264:40.045|71.314:49.304|69.293:49.342|79.638:61.634|8.000:8.000,0-23-21-1-10-30-9-4-12-28-19-2-0,0.0009790929034352
84,severe,sparse,ReserveOnlyPlanner,32,6,0.1875,0.1777777777777777,0.1777777777777777,True,12.0,67.5,980.2054538246368,1024.33761078403,219.79454617536317,139.79454617536314,False,43.20910045677335,True,False,0.0167301966590754,0.0023902040676058,2.0,False,1.0,8.000:8.000|53.112:12.431|46.831:13.106|39.986:24.119|46.098:38.668|36.888:35.936|36.350:45.098|8.000:8.000,0-23-21-1-10-30-3-0,0.0006790249608457
84,severe,sparse,FairRiskAwareGreedy,32,10,0.3125,0.3703703703703703,0.3703703703703703,True,25.0,67.5,1098.3657014087453,1145.2140393452132,101.63429859125482,21.63429859125482,False,91.36374753938055,True,False,0.0006245921966605,5.679454524059652e-05,4.0,False,1.0,8.000:8.000|53.112:12.431|46.098:38.668|70.191:34.911|80.264:40.045|71.314:49.304|69.293:49.342|36.888:35.936|60.544:64.395|39.986:24.119|15.866:59.790|8.000:8.000,0-23-10-9-12-28-19-30-18-1-13-0,0.0013793150428682
84,severe,sparse,FairALNSPlanner,32,19,0.59375,0.6592592592592592,0.6592592592592592,True,44.5,67.5,1041.7334652693405,1235.096479773994,158.26653473065977,78.26653473065977,False,106.12157101473348,True,False,0.0008194248042089,4.098536510428463e-05,4.0,False,1.0,8.000:8.000|36.888:35.936|46.098:38.668|70.191:34.911|80.264:40.045|81.973:45.397|86.962:77.951|92.353:83.573|86.893:84.929|88.087:81.125|83.268:74.182|67.397:69.024|70.733:72.697|72.700:77.200|79.638:61.634|73.787:51.151|71.314:49.304|69.293:49.342|41.549:66.263|15.866:59.790|8.000:8.000,0-30-10-9-12-17-15-20-7-27-31-24-22-6-2-16-28-19-25-13-0,7.975073050940409
84,severe,sparse,RAWA-RHP,32,23,0.71875,0.7925925925925926,0.7925925925925926,True,53.5,67.5,1042.973034697232,1234.3421770298423,157.02696530276774,77.02696530276774,False,110.5257216550617,True,False,0.0174367279782308,0.0007301340354109,2.8284271247461903,False,1.0,8.000:8.000|46.831:13.106|53.112:12.431|58.285:31.218|67.601:26.463|70.191:34.911|80.264:40.045|81.973:45.397|69.293:49.342|71.314:49.304|73.787:51.151|79.638:61.634|86.962:77.951|92.353:83.573|86.893:84.929|88.087:81.125|83.268:74.182|72.700:77.200|67.397:69.024|70.733:72.697|60.544:64.395|46.098:38.668|36.888:35.936|39.986:24.119|8.000:8.000,0-21-23-5-4-9-12-17-19-28-16-2-15-20-7-27-31-6-24-22-18-10-30-1-0,58.52668343880214
85,moderate,sparse,NearestNeighbor,32,23,0.71875,0.7251908396946565,0.0,False,47.5,65.5,1459.2657261452823,1486.403903272383,-259.26572614528186,-339.26572614528186,True,122.2216345895258,False,True,0.0287832569616256,0.00120858385196,2.0,True,1.0,8.000:8.000|25.036:34.937|27.928:35.702|18.925:41.796|25.906:48.198|32.746:59.151|40.203:65.363|26.638:72.544|19.872:67.905|17.163:66.101|18.022:86.627|26.909:94.511|45.547:86.408|51.291:78.968|58.026:80.698|63.548:75.127|66.789:69.062|72.438:67.970|80.469:67.119|79.444:70.286|88.192:65.104|89.680:63.523|94.296:72.844|71.775:83.336|8.000:8.000,0-22-7-3-19-5-16-24-13-21-10-2-18-28-26-20-6-1-12-29-14-32-25-30-0,0.001897290116176
85,moderate,sparse,ValuePerDistance,32,22,0.6875,0.7557251908396947,0.0,False,49.5,65.5,1549.106633279701,1573.5950854814942,-349.1066332797018,-429.1066332797018,True,125.062627512962,False,True,0.0247846311659037,0.0010826395797267,2.0,True,1.0,8.000:8.000|40.103:27.245|46.023:31.996|27.928:35.702|25.036:34.937|18.925:41.796|19.872:67.905|17.163:66.101|40.203:65.363|45.547:86.408|51.291:78.968|58.026:80.698|63.548:75.127|66.789:69.062|72.438:67.970|79.444:70.286|80.469:67.119|88.192:65.104|89.680:63.523|94.296:72.844|71.775:83.336|26.909:94.511|18.022:86.627|8.000:8.000,0-15-31-7-22-3-13-21-16-18-28-26-20-6-1-29-12-14-32-25-30-2-10-0,0.0015108489897102
85,moderate,sparse,WindAwareGreedy,32,11,0.34375,0.4122137404580153,0.0,False,27.0,65.5,1307.8797685250136,1268.220022036866,-107.87976852501384,-187.87976852501384,True,84.5895673669932,False,True,0.016295332240683,0.0013651194461642,2.0,True,1.0,8.000:8.000|27.928:35.702|40.103:27.245|40.203:65.363|19.872:67.905|17.163:66.101|18.925:41.796|25.036:34.937|46.023:31.996|71.632:23.094|83.479:12.760|76.470:26.880|8.000:8.000,0-7-15-16-13-21-3-22-31-17-23-8-0,0.0010876501910388
85,moderate,sparse,ReserveOnlyPlanner,32,13,0.40625,0.4274809160305343,0.4274809160305343,True,28.0,65.5,1074.752410972502,1184.7167362245625,125.24758902749792,45.24758902749791,False,85.00176217904993,True,False,0.069477963131704,0.0050447883318606,2.0,False,1.0,8.000:8.000|27.928:35.702|18.925:41.796|19.872:67.905|17.163:66.101|40.203:65.363|45.547:86.408|26.909:94.511|18.022:86.627|26.638:72.544|32.746:59.151|40.103:27.245|46.023:31.996|25.036:34.937|8.000:8.000,0-7-3-13-21-16-18-2-10-24-5-15-31-22-0,0.0012919860891997
85,moderate,sparse,FairRiskAwareGreedy,32,11,0.34375,0.4351145038167939,0.4351145038167939,True,28.5,65.5,1080.8653812993985,1125.590280052132,119.13461870060164,39.13461870060164,False,110.73029426136716,True,False,0.0111192540968643,0.0009294829964504,2.0,False,1.0,8.000:8.000|40.103:27.245|27.928:35.702|40.203:65.363|19.872:67.905|45.547:86.408|71.632:23.094|83.479:12.760|46.023:31.996|18.925:41.796|17.163:66.101|18.022:86.627|8.000:8.000,0-15-7-16-13-18-17-23-31-3-21-10-0,0.0018979129381477
85,moderate,sparse,FairALNSPlanner,32,17,0.53125,0.6259541984732825,0.6259541984732825,True,41.0,65.5,1055.340309121063,1183.322773482921,144.6596908789373,64.65969087893731,False,116.4280417466031,True,False,0.0194336933652169,0.0010874399754249,2.0,False,1.0,8.000:8.000|40.103:27.245|46.023:31.996|71.632:23.094|76.470:26.880|83.479:12.760|40.203:65.363|89.680:63.523|94.296:72.844|71.775:83.336|63.548:75.127|51.291:78.968|45.547:86.408|19.872:67.905|17.163:66.101|18.925:41.796|25.036:34.937|27.928:35.702|8.000:8.000,0-15-31-17-8-23-16-32-25-30-20-28-18-13-21-3-22-7-0,9.310076623922214
85,moderate,sparse,RAWA-RHP,32,25,0.78125,0.8396946564885496,0.8396946564885496,True,55.0,65.5,1035.6761055673142,1165.565412283523,164.32389443268588,84.32389443268588,False,123.99294686894798,True,False,0.0364202709588772,0.0014209780579284,2.0,False,1.0,8.000:8.000|27.928:35.702|25.036:34.937|18.925:41.796|17.163:66.101|19.872:67.905|40.203:65.363|45.547:86.408|51.291:78.968|58.026:80.698|71.775:83.336|63.548:75.127|66.789:69.062|72.438:67.970|79.444:70.286|80.469:67.119|88.192:65.104|89.680:63.523|90.532:52.172|90.972:31.513|94.182:26.787|83.479:12.760|71.632:23.094|76.470:26.880|46.023:31.996|40.103:27.245|8.000:8.000,0-7-22-3-21-13-16-18-28-26-30-20-6-1-29-12-14-32-4-11-9-23-17-8-31-15-0,34.85763364098966
85,severe,cluttered,NearestNeighbor,32,19,0.59375,0.5158730158730159,0.0,False,32.5,63.0,1551.3174900257693,1494.7612997042413,-351.3174900257694,-431.3174900257694,True,96.255727660734,False,True,0.1715204217729328,0.0091168678905595,2.0,True,1.0,8.000:8.000|30.933:11.088|32.779:20.583|40.541:24.820|52.358:36.657|62.830:33.284|66.926:38.194|63.378:43.327|62.779:46.942|67.551:51.862|69.944:48.305|56.720:63.812|51.150:70.893|46.121:70.833|42.101:65.370|35.605:65.901|29.282:55.691|26.404:57.062|20.011:62.950|25.655:86.155|8.000:8.000,0-14-24-26-6-8-29-1-12-10-20-5-2-21-9-19-25-4-27-16-0,0.0022810420487076
85,severe,cluttered,ValuePerDistance,32,14,0.4375,0.4523809523809524,0.0,False,28.5,63.0,1547.878124251742,1553.317097606874,-347.87812425174224,-427.87812425174224,True,80.22339460190028,False,True,0.0572177397780163,0.0038656192325824,2.0,True,1.0,8.000:8.000|26.467:37.342|33.938:40.341|52.358:36.657|62.830:33.284|66.926:38.194|63.378:43.327|62.779:46.942|67.551:51.862|69.944:48.305|77.315:30.810|96.807:21.328|82.312:9.427|65.842:9.581|40.541:24.820|8.000:8.000,0-32-23-6-8-29-1-12-10-20-17-15-11-22-26-0,0.0011592849623411
85,severe,cluttered,WindAwareGreedy,32,13,0.40625,0.5238095238095238,0.0,False,33.0,63.0,2029.309981212035,2066.6537970364348,-829.309981212035,-909.309981212035,True,100.29388215300784,False,True,0.2420672542010569,0.0183627675651079,2.0,True,1.0,8.000:8.000|26.467:37.342|33.938:40.341|52.358:36.657|62.830:33.284|77.315:30.810|96.807:21.328|82.312:9.427|65.842:9.581|67.551:51.862|72.728:71.115|78.751:71.293|86.965:84.168|83.515:68.177|8.000:8.000,0-32-23-6-8-17-15-11-22-10-18-7-31-30-0,0.0020529287867248
85,severe,cluttered,ReserveOnlyPlanner,32,9,0.28125,0.2777777777777778,0.2777777777777778,True,17.5,63.0,1007.9169035358464,1156.7693259216076,192.08309646415347,112.08309646415348,False,53.568907915952416,True,False,0.0673849963315723,0.0068178310165356,2.0,False,1.0,8.000:8.000|30.933:11.088|32.779:20.583|26.467:37.342|33.938:40.341|52.358:36.657|62.830:33.284|66.926:38.194|63.378:43.327|40.541:24.820|8.000:8.000,0-14-24-32-23-6-8-29-1-26-0,0.0010381748434156
85,severe,cluttered,FairRiskAwareGreedy,32,11,0.34375,0.3809523809523809,0.3809523809523809,True,24.0,63.0,1009.9016011498665,1065.3691330558386,190.09839885013344,110.09839885013344,False,90.3866578594059,True,False,0.0086702381309087,0.000724475112001,2.0,False,1.0,8.000:8.000|26.467:37.342|52.358:36.657|62.830:33.284|33.938:40.341|96.807:21.328|77.315:30.810|67.551:51.862|63.378:43.327|30.933:11.088|32.779:20.583|40.541:24.820|8.000:8.000,0-32-6-8-23-15-17-10-1-14-24-26-0,0.001475177006796
85,severe,cluttered,FairALNSPlanner,32,11,0.34375,0.3412698412698413,0.3412698412698413,True,21.5,63.0,1051.7551643118618,1184.343569035342,148.24483568813827,68.24483568813827,False,92.60834187062966,True,False,0.0123319755944725,0.0010313298054059,2.8284271247461903,False,1.0,8.000:8.000|32.779:20.583|40.541:24.820|52.358:36.657|62.830:33.284|66.926:38.194|63.378:43.327|77.315:30.810|96.807:21.328|93.939:76.710|65.842:9.581|82.312:9.427|8.000:8.000,0-24-26-6-8-29-1-17-15-13-22-11-0,7.89507744088769
85,severe,cluttered,RAWA-RHP,32,19,0.59375,0.6666666666666666,0.6666666666666666,True,42.0,63.0,1037.3067630181,1258.1103490134626,162.69323698190004,82.69323698190004,False,106.72408630355118,True,False,0.0471281324704684,0.0023763226775033,2.0,False,1.0,8.000:8.000|30.933:11.088|32.779:20.583|40.541:24.820|52.358:36.657|62.830:33.284|77.315:30.810|96.807:21.328|93.939:76.710|86.965:84.168|83.515:68.177|78.751:71.293|73.586:79.587|72.728:71.115|51.150:70.893|46.121:70.833|35.605:65.901|42.101:65.370|33.938:40.341|26.467:37.342|8.000:8.000,0-14-24-26-6-8-17-15-13-31-30-7-3-18-2-21-19-9-23-32-0,27.071703932946548
82,moderate,cluttered,NearestNeighbor,32,26,0.8125,0.803030303030303,0.0,False,53.0,66.0,1503.14199212917,1496.6700501680295,-303.1419921291699,-383.1419921291699,True,131.99957320904204,False,True,0.1934552527670002,0.0077856376551275,2.0,True,1.0,8.000:8.000|14.210:15.517|25.969:28.491|33.340:29.073|38.942:36.405|33.841:49.321|37.132:51.025|30.992:56.221|32.193:66.793|37.951:71.384|40.531:71.954|45.121:70.934|47.385:73.778|51.126:73.895|42.867:79.703|42.935:85.206|53.954:96.850|56.623:86.278|64.378:66.770|80.244:63.902|80.425:71.483|88.467:87.494|98.338:46.694|97.273:40.017|64.115:48.109|55.854:42.196|54.081:39.455|8.000:8.000,0-19-18-2-9-4-26-31-6-22-32-11-30-12-1-28-5-23-17-20-15-21-3-13-24-16-8-0,0.0019806700292974
82,moderate,cluttered,ValuePerDistance,32,23,0.71875,0.8106060606060606,0.0,False,53.5,66.0,1503.483839574049,1505.3610609310078,-303.4838395740492,-383.4838395740492,True,125.0481518517322,False,True,0.222296387741985,0.0101666915220294,2.0,True,1.0,8.000:8.000|14.210:15.517|37.695:19.248|33.340:29.073|38.942:36.405|33.841:49.321|30.992:56.221|25.338:69.649|32.193:66.793|40.531:71.954|45.121:70.934|47.385:73.778|51.126:73.895|42.867:79.703|42.935:85.206|56.623:86.278|53.954:96.850|64.378:66.770|80.244:63.902|80.425:71.483|88.467:87.494|64.115:48.109|55.854:42.196|54.081:39.455|8.000:8.000,0-19-29-2-9-4-31-25-6-32-11-30-12-1-28-23-5-17-20-15-21-24-16-8-0,0.0014578450936824
82,moderate,cluttered,WindAwareGreedy,32,17,0.53125,0.6666666666666666,0.0,False,44.0,66.0,1579.486193535087,1559.4744787105665,-379.48619353508735,-459.48619353508735,True,117.66370022759509,False,True,0.0981200021173676,0.0056182855953159,2.0,True,1.0,8.000:8.000|14.210:15.517|33.340:29.073|38.942:36.405|30.992:56.221|25.338:69.649|21.292:85.734|42.867:79.703|47.385:73.778|56.623:86.278|64.378:66.770|80.244:63.902|80.425:71.483|64.115:48.109|37.695:19.248|44.304:11.562|33.841:49.321|32.193:66.793|8.000:8.000,0-19-2-9-31-25-14-1-30-23-17-20-15-24-29-7-4-6-0,0.0014053189661353
82,moderate,cluttered,ReserveOnlyPlanner,32,12,0.375,0.4772727272727273,0.4772727272727273,True,31.5,66.0,1093.1952652429686,1167.209931245903,106.80473475703133,26.804734757031326,False,81.7362179094471,True,False,0.143918479986172,0.0116336084691528,2.0,False,1.0,8.000:8.000|14.210:15.517|33.340:29.073|38.942:36.405|30.992:56.221|25.338:69.649|21.292:85.734|18.653:86.699|42.867:79.703|47.385:73.778|56.623:86.278|64.378:66.770|51.126:73.895|8.000:8.000,0-19-2-9-31-25-14-27-1-30-23-17-12-0,0.0012294889893382
82,moderate,cluttered,FairRiskAwareGreedy,32,19,0.59375,0.6742424242424242,0.6742424242424242,True,44.5,66.0,1055.4443757418314,1107.106661750387,144.55562425816868,64.55562425816868,False,118.1414414202479,True,False,0.0045610471488851,0.0002284950347947,2.0,False,1.0,8.000:8.000|14.210:15.517|33.340:29.073|37.695:19.248|38.942:36.405|30.992:56.221|25.338:69.649|21.292:85.734|33.841:49.321|64.378:66.770|56.623:86.278|47.385:73.778|42.867:79.703|32.193:66.793|40.531:71.954|45.121:70.934|42.935:85.206|37.951:71.384|45.365:66.234|37.132:51.025|8.000:8.000,0-19-2-29-9-31-25-14-4-17-23-30-1-6-32-11-28-22-10-26-0,0.0021564839407801
82,moderate,cluttered,FairALNSPlanner,32,11,0.34375,0.4090909090909091,0.4090909090909091,True,27.0,66.0,741.4485562567463,818.4911560701269,458.55144374325386,378.55144374325386,False,78.73267737593326,True,False,0.0669461022455385,0.0057111207560435,2.0,False,1.0,8.000:8.000|14.210:15.517|33.340:29.073|64.115:48.109|64.378:66.770|80.244:63.902|80.425:71.483|56.623:86.278|53.954:96.850|42.935:85.206|42.867:79.703|51.126:73.895|8.000:8.000,0-19-2-24-17-20-15-23-5-28-1-12-0,12.87827195879072
82,moderate,cluttered,RAWA-RHP,32,28,0.875,0.9090909090909092,0.9090909090909092,True,60.0,66.0,1029.801389234049,1186.6986792038165,170.19861076595055,90.19861076595056,False,132.55167522697113,True,False,0.0718563096408995,0.0025424369845397,2.0,False,1.0,8.000:8.000|14.210:15.517|25.969:28.491|33.340:29.073|38.942:36.405|37.132:51.025|33.841:49.321|30.992:56.221|21.292:85.734|18.653:86.699|25.338:69.649|32.193:66.793|37.951:71.384|40.531:71.954|42.867:79.703|42.935:85.206|45.365:66.234|45.121:70.934|47.385:73.778|51.126:73.895|56.623:86.278|80.425:71.483|80.244:63.902|64.378:66.770|64.115:48.109|54.081:39.455|55.854:42.196|37.695:19.248|44.304:11.562|8.000:8.000,0-19-18-2-9-26-4-31-14-27-25-6-22-32-1-28-10-11-30-12-23-15-20-17-24-8-16-29-7-0,126.76440796093084
85,severe,sparse,NearestNeighbor,32,20,0.625,0.6141732283464567,0.0,False,39.0,63.5,1738.3663506781263,1710.4990117970456,-538.3663506781267,-618.3663506781267,True,102.04590616054033,False,True,0.2541950947357632,0.0133560593974629,2.0,True,1.0,8.000:8.000|28.444:15.807|37.567:20.600|42.923:26.493|46.765:27.312|52.118:21.780|52.697:19.865|51.917:17.988|69.802:33.288|75.074:40.379|71.106:47.861|83.253:52.783|92.532:59.427|75.696:71.008|83.235:82.988|80.315:84.537|66.700:81.357|65.268:79.581|54.020:79.698|53.757:61.835|56.686:61.165|8.000:8.000,0-27-20-1-4-32-5-15-31-24-21-25-13-16-3-10-12-9-2-19-29-0,0.0017125851009041
85,severe,sparse,ValuePerDistance,32,17,0.53125,0.5511811023622047,0.0,False,35.0,63.5,1718.4347224825938,1722.9268992797645,-518.4347224825937,-598.4347224825937,True,98.3496052996093,False,True,0.1363133432838207,0.0080079936895028,2.0,True,1.0,8.000:8.000|46.765:27.312|42.923:26.493|37.567:20.600|52.118:21.780|52.697:19.865|51.917:17.988|69.802:33.288|75.074:40.379|71.106:47.861|83.253:52.783|92.532:59.427|83.235:82.988|80.315:84.537|75.696:71.008|65.268:79.581|66.700:81.357|54.020:79.698|8.000:8.000,0-4-1-20-32-5-15-31-24-21-25-13-3-10-16-9-12-2-0,0.0011743458453565
85,severe,sparse,WindAwareGreedy,32,18,0.5625,0.5590551181102362,0.0,False,35.5,63.5,1987.5278808170387,1952.6437986562296,-787.5278808170385,-867.5278808170385,True,102.65059963649468,False,True,0.3840203415323272,0.0235492427142473,2.0,True,1.0,8.000:8.000|46.765:27.312|42.923:26.493|37.567:20.600|52.118:21.780|52.697:19.865|51.917:17.988|91.461:18.328|94.023:20.721|86.940:14.573|80.475:14.115|84.194:28.714|91.575:20.636|88.895:15.121|84.421:13.958|75.260:24.245|79.307:27.841|69.802:33.288|75.074:40.379|8.000:8.000,0-4-1-20-32-5-15-11-30-14-26-6-7-8-28-17-22-31-24-0,0.0014707809314131
85,severe,sparse,ReserveOnlyPlanner,32,7,0.21875,0.2125984251968504,0.2125984251968504,True,13.5,63.5,1043.5932762213697,1098.7720925619678,156.40672377863018,76.40672377863018,False,49.021417914848215,True,False,0.0014597565769776,0.000182469733954,2.8284271247461903,False,1.0,8.000:8.000|46.765:27.312|42.923:26.493|52.118:21.780|52.697:19.865|51.917:17.988|69.802:33.288|75.260:24.245|8.000:8.000,0-4-1-32-5-15-31-17-0,0.0007915459573268
85,severe,sparse,FairRiskAwareGreedy,32,13,0.40625,0.4251968503937008,0.4251968503937008,True,27.0,63.5,1099.0646556052693,1160.0124301986289,100.93534439473078,20.935344394730777,False,102.93577526384922,True,False,0.0083261805406346,0.0005964433041115,2.0,False,1.0,8.000:8.000|46.765:27.312|42.923:26.493|52.118:21.780|52.697:19.865|86.940:14.573|80.475:14.115|28.444:15.807|37.567:20.600|37.596:41.003|27.924:92.428|54.020:79.698|65.268:79.581|56.686:61.165|8.000:8.000,0-4-1-32-5-14-26-27-20-18-23-2-9-29-0,0.0017416849732398
85,severe,sparse,FairALNSPlanner,32,13,0.40625,0.4724409448818897,0.4724409448818897,True,30.0,63.5,965.9043196199952,1107.9917517500528,234.09568038000495,154.09568038000498,False,90.31882496052958,True,False,0.0175011072882314,0.0012575497822956,2.8284271247461903,False,1.0,8.000:8.000|42.923:26.493|46.765:27.312|75.696:71.008|80.315:84.537|83.235:82.988|92.532:59.427|83.253:52.783|71.106:47.861|75.074:40.379|84.194:28.714|79.307:27.841|94.023:20.721|91.461:18.328|8.000:8.000,0-1-4-16-10-3-13-25-21-24-6-22-30-11-0,5.092355731176212
85,severe,sparse,RAWA-RHP,32,24,0.75,0.7559055118110236,0.7559055118110236,True,48.0,63.5,1046.288710350815,1227.4955090059805,153.71128964918475,73.71128964918475,False,112.93436119704916,True,False,0.0942813777793666,0.0039011970656865,2.0,False,1.0,8.000:8.000|37.596:41.003|53.757:61.835|56.686:61.165|75.696:71.008|80.315:84.537|83.235:82.988|92.532:59.427|83.253:52.783|75.074:40.379|84.194:28.714|94.023:20.721|91.575:20.636|91.461:18.328|88.895:15.121|86.940:14.573|84.421:13.958|80.475:14.115|75.260:24.245|51.917:17.988|52.697:19.865|52.118:21.780|46.765:27.312|42.923:26.493|28.444:15.807|8.000:8.000,0-18-19-29-16-10-3-13-25-24-6-30-7-11-8-14-28-26-17-15-5-32-4-1-27-0,44.00515517196618
84,moderate,cluttered,NearestNeighbor,32,27,0.84375,0.8376068376068376,0.0,False,49.0,58.5,1417.1847203441428,1452.8592932501008,-217.1847203441427,-297.1847203441427,True,134.29887200423565,False,True,0.2104565988886161,0.0082581016228393,2.0,True,1.0,8.000:8.000|16.890:16.870|12.206:24.737|10.695:27.983|26.706:34.256|37.126:47.433|31.618:55.726|30.208:58.191|31.269:60.420|24.310:58.075|14.469:60.164|20.705:73.944|25.692:72.500|15.762:78.112|27.457:86.712|37.307:74.594|40.285:66.004|54.779:67.405|61.899:79.248|44.117:85.076|41.467:85.614|49.157:53.116|55.720:35.925|55.822:19.544|58.443:10.528|69.574:9.962|46.640:13.525|45.603:15.809|8.000:8.000,0-19-21-13-1-17-6-23-18-10-20-14-27-9-2-15-28-32-12-7-11-24-16-8-4-5-25-29-0,0.0022121269721537
84,moderate,cluttered,ValuePerDistance,32,23,0.71875,0.8205128205128205,0.0,False,48.0,58.5,1558.0187914221206,1536.386642191908,-358.0187914221205,-438.0187914221205,True,128.95272330719004,False,True,0.2396132221415025,0.010694923950214,2.0,True,1.0,8.000:8.000|16.890:16.870|12.206:24.737|10.695:27.983|26.706:34.256|30.208:58.191|31.269:60.420|31.618:55.726|37.307:74.594|44.117:85.076|41.467:85.614|54.779:67.405|73.585:63.285|73.583:59.053|77.359:42.035|87.433:38.084|84.104:29.572|69.574:9.962|58.443:10.528|55.822:19.544|45.603:15.809|46.640:13.525|55.720:35.925|49.157:53.116|8.000:8.000,0-19-21-13-1-23-18-6-15-7-11-32-26-31-30-3-22-5-4-8-29-25-16-24-0,0.0015437949914485
84,moderate,cluttered,WindAwareGreedy,32,18,0.5625,0.7008547008547008,0.0,False,41.0,58.5,1567.3638446952052,1582.5655765069723,-367.3638446952054,-447.3638446952054,True,123.4467049397004,False,True,0.2031957751532389,0.0116308188092921,2.0,True,1.0,8.000:8.000|16.890:16.870|45.603:15.809|46.640:13.525|69.574:9.962|58.443:10.528|55.822:19.544|77.359:42.035|73.583:59.053|73.585:63.285|37.307:74.594|30.208:58.191|31.269:60.420|26.706:34.256|12.206:24.737|10.695:27.983|37.126:47.433|31.618:55.726|54.779:67.405|8.000:8.000,0-19-29-25-5-4-8-30-31-26-15-23-18-1-21-13-17-6-32-0,0.0047144989948719
84,moderate,cluttered,ReserveOnlyPlanner,32,16,0.5,0.6239316239316239,0.6239316239316239,True,36.5,58.5,1066.8318774902937,1157.105788114353,133.16812250970628,53.16812250970628,False,90.47448643255494,True,False,0.0667933139556493,0.0040206240621241,2.0,False,1.0,8.000:8.000|16.890:16.870|45.603:15.809|46.640:13.525|58.443:10.528|69.574:9.962|77.359:42.035|87.433:38.084|84.104:29.572|73.583:59.053|73.585:63.285|54.779:67.405|37.307:74.594|30.208:58.191|31.269:60.420|31.618:55.726|26.706:34.256|8.000:8.000,0-19-29-25-4-5-30-3-22-31-26-32-15-23-18-6-1-0,0.0015739691443741
84,moderate,cluttered,FairRiskAwareGreedy,32,13,0.40625,0.5042735042735043,0.5042735042735043,True,29.5,58.5,773.1662576972601,803.6533652037054,426.83374230274,346.83374230273995,False,87.15742060649062,True,False,0.0005741002841235,4.101583420390576e-05,2.8284271247461903,False,1.0,8.000:8.000|45.603:15.809|46.640:13.525|69.574:9.962|58.443:10.528|16.890:16.870|26.706:34.256|30.208:58.191|37.307:74.594|54.779:67.405|49.157:53.116|37.126:47.433|10.695:27.983|12.206:24.737|8.000:8.000,0-29-25-5-4-19-1-23-15-32-24-17-13-21-0,0.0015757519286125
84,moderate,cluttered,FairALNSPlanner,32,6,0.1875,0.2222222222222222,0.2222222222222222,True,13.0,58.5,528.3226074225383,576.3018319657257,671.677392577462,591.677392577462,False,55.65250043918672,True,False,0.0408904005501956,0.005842759110626,2.0,False,1.0,8.000:8.000|16.890:16.870|45.603:15.809|46.640:13.525|58.443:10.528|84.104:29.572|73.583:59.053|8.000:8.000,0-19-29-25-4-22-31-0,6.379714882932603
84,moderate,cluttered,RAWA-RHP,32,27,0.84375,0.8974358974358975,0.8974358974358975,True,52.5,58.5,1044.3097548484036,1191.6100679967708,155.69024515159657,75.69024515159657,False,131.70027349429014,True,False,0.1140468872835906,0.004274112922409,2.0,False,1.0,8.000:8.000|16.890:16.870|45.603:15.809|46.640:13.525|55.822:19.544|58.443:10.528|69.574:9.962|84.104:29.572|77.359:42.035|73.583:59.053|73.585:63.285|49.157:53.116|54.779:67.405|61.899:79.248|41.467:85.614|44.117:85.076|37.307:74.594|20.705:73.944|25.692:72.500|14.469:60.164|24.310:58.075|31.269:60.420|30.208:58.191|31.618:55.726|37.126:47.433|26.706:34.256|10.695:27.983|12.206:24.737|8.000:8.000,0-19-29-25-8-4-5-22-30-31-26-24-32-12-11-7-15-14-27-20-10-18-23-6-17-1-13-21-0,93.23026540805586
85,calm,cluttered,NearestNeighbor,32,31,0.96875,0.9851851851851852,0.0,False,66.5,67.5,1411.0092408187477,1408.6122777739424,-211.0092408187478,-291.0092408187478,True,166.60167392172826,False,True,0.037804428851474,0.0011997971413355,2.0,True,1.0,8.000:8.000|17.675:24.772|13.544:38.822|8.332:37.303|24.939:52.202|33.177:53.417|36.016:53.787|52.465:43.153|60.037:37.557|61.019:35.208|62.767:37.923|61.555:51.835|59.424:67.468|58.911:69.864|63.300:64.189|65.144:78.249|68.339:76.522|73.145:78.852|74.791:87.973|76.163:91.305|79.484:68.867|94.862:59.871|87.466:24.735|67.889:16.349|65.552:18.136|61.964:15.580|60.425:9.287|47.315:13.244|36.226:16.530|32.626:72.836|26.447:78.793|18.738:91.813|8.000:8.000,0-28-7-17-27-30-20-8-14-29-32-10-1-4-3-13-6-11-23-26-9-22-24-15-18-2-19-31-12-25-16-5-0,0.002245174953714
85,calm,cluttered,ValuePerDistance,32,29,0.90625,0.9185185185185184,0.0,False,62.0,67.5,1340.8919010614304,1336.8966476212104,-140.8919010614302,-220.8919010614302,True,157.68170113384792,False,True,0.0161941025680295,0.0005418842214506,2.0,True,1.0,8.000:8.000|17.675:24.772|13.544:38.822|8.332:37.303|24.939:52.202|36.016:53.787|33.177:53.417|52.465:43.153|60.037:37.557|62.767:37.923|61.019:35.208|61.555:51.835|59.424:67.468|58.911:69.864|73.145:78.852|79.484:68.867|76.163:91.305|74.791:87.973|68.339:76.522|65.144:78.249|52.020:80.834|32.626:72.836|26.447:78.793|18.738:91.813|47.315:13.244|36.226:16.530|67.889:16.349|65.552:18.136|61.964:15.580|60.425:9.287|8.000:8.000,0-28-7-17-27-20-30-8-14-32-29-10-1-4-11-9-26-23-6-13-21-25-16-5-31-12-15-18-2-19-0,0.0016405410133302
85,calm,cluttered,WindAwareGreedy,32,22,0.6875,0.7777777777777778,0.0,False,52.5,67.5,1381.357632539375,1385.609856900203,-181.35763253937472,-261.3576325393747,True,151.0791054137619,False,True,0.0442458522170317,0.0019556120998357,2.0,True,1.0,8.000:8.000|17.675:24.772|13.544:38.822|47.315:13.244|67.889:16.349|60.425:9.287|62.767:37.923|60.037:37.557|52.465:43.153|61.555:51.835|59.424:67.468|58.911:69.864|73.145:78.852|79.484:68.867|87.466:24.735|65.552:18.136|36.226:16.530|36.016:53.787|24.939:52.202|8.332:37.303|33.177:53.417|32.626:72.836|26.447:78.793|8.000:8.000,0-28-7-31-15-19-32-14-8-10-1-4-11-9-24-18-12-20-27-17-30-25-16-0,0.0016495720483362
85,calm,cluttered,ReserveOnlyPlanner,32,20,0.625,0.7185185185185186,0.7185185185185186,True,48.5,67.5,1109.714904135414,1141.401276813808,90.28509586458568,10.285095864585683,False,123.49171412989664,True,False,0.0334907694647212,0.0016111117808496,2.0,False,1.0,8.000:8.000|17.675:24.772|13.544:38.822|8.332:37.303|47.315:13.244|67.889:16.349|60.425:9.287|62.767:37.923|60.037:37.557|52.465:43.153|61.555:51.835|59.424:67.468|58.911:69.864|73.145:78.852|79.484:68.867|76.163:91.305|74.791:87.973|94.862:59.871|87.466:24.735|65.552:18.136|61.964:15.580|8.000:8.000,0-28-7-17-31-15-19-32-14-8-10-1-4-11-9-26-23-22-24-18-2-0,0.0016668871976435
85,calm,cluttered,FairRiskAwareGreedy,32,16,0.5,0.6148148148148148,0.6148148148148148,True,41.5,67.5,1030.6939336136495,1055.9684180553309,169.3060663863503,89.3060663863503,False,120.28144418154244,True,False,0.0067264410874795,0.0003962853875528,2.0,False,1.0,8.000:8.000|17.675:24.772|13.544:38.822|47.315:13.244|67.889:16.349|60.425:9.287|36.226:16.530|62.767:37.923|60.037:37.557|52.465:43.153|36.016:53.787|61.555:51.835|79.484:68.867|73.145:78.852|59.424:67.468|8.332:37.303|24.939:52.202|8.000:8.000,0-28-7-31-15-19-12-32-14-8-20-10-9-11-1-17-27-0,0.0023787659592926
85,calm,cluttered,FairALNSPlanner,32,23,0.71875,0.8,0.8,True,54.0,67.5,1053.7593553875124,1118.4578753963758,146.24064461248787,66.24064461248787,False,131.6270126426197,True,False,0.0073267194947256,0.0003058485327903,2.0,False,1.0,8.000:8.000|36.226:16.530|24.939:52.202|13.544:38.822|8.332:37.303|33.177:53.417|36.016:53.787|59.424:67.468|58.911:69.864|68.339:76.522|73.145:78.852|79.484:68.867|87.466:24.735|67.889:16.349|65.552:18.136|61.964:15.580|60.425:9.287|47.315:13.244|61.019:35.208|62.767:37.923|60.037:37.557|61.555:51.835|52.465:43.153|17.675:24.772|8.000:8.000,0-12-27-7-17-30-20-1-4-6-11-9-24-15-18-2-19-31-29-32-14-10-8-28-0,16.066826980095357
85,calm,cluttered,RAWA-RHP,32,28,0.875,0.9111111111111112,0.9111111111111112,True,61.5,67.5,989.5095340155424,1071.5676412503433,210.49046598445767,130.49046598445767,False,131.02689883155946,True,False,0.0144350578327238,0.0005000558221815,2.0,False,1.0,8.000:8.000|17.675:24.772|8.332:37.303|13.544:38.822|24.939:52.202|33.177:53.417|36.016:53.787|52.465:43.153|60.037:37.557|61.019:35.208|62.767:37.923|61.555:51.835|63.300:64.189|59.424:67.468|58.911:69.864|65.144:78.249|68.339:76.522|73.145:78.852|74.791:87.973|76.163:91.305|79.484:68.867|94.862:59.871|87.466:24.735|67.889:16.349|65.552:18.136|61.964:15.580|60.425:9.287|47.315:13.244|36.226:16.530|8.000:8.000,0-28-17-7-27-30-20-8-14-29-32-10-3-1-4-13-6-11-23-26-9-22-24-15-18-2-19-31-12-0,64.15467080310918
85,moderate,cluttered,NearestNeighbor,32,17,0.53125,0.5511811023622047,0.0,False,35.0,63.5,1310.00848440418,1273.034435903149,-110.0084844041801,-190.00848440418008,True,96.5146787191773,False,True,0.1475387186769744,0.0086798659097679,2.0,True,1.0,8.000:8.000|40.561:30.079|46.033:40.462|52.565:48.940|52.871:66.394|57.785:66.352|60.212:63.891|64.798:66.141|73.333:71.233|79.985:63.739|73.623:60.115|78.174:53.353|85.118:54.295|69.507:46.820|64.767:36.251|62.701:29.449|56.509:15.834|84.457:10.947|8.000:8.000,0-19-31-3-7-18-23-14-10-4-9-28-13-16-5-8-1-30-0,0.001639466965571
85,moderate,cluttered,ValuePerDistance,32,15,0.46875,0.5275590551181102,0.0,False,33.5,63.5,1383.3962456598124,1375.690087541811,-183.39624565981225,-263.3962456598123,True,97.10379479725928,False,True,0.0633478652694797,0.0040212421395666,2.0,True,1.0,8.000:8.000|56.509:15.834|84.457:10.947|88.742:13.733|69.507:46.820|60.212:63.891|64.798:66.141|73.623:60.115|79.985:63.739|78.174:53.353|85.118:54.295|52.565:48.940|46.033:40.462|40.561:30.079|29.736:44.569|21.129:50.833|8.000:8.000,0-1-30-6-16-23-14-9-4-28-13-3-31-19-29-24-0,0.0011173598468303
85,moderate,cluttered,WindAwareGreedy,32,15,0.46875,0.5118110236220472,0.0,False,32.5,63.5,1371.8617060290635,1348.2030633181098,-171.8617060290636,-251.8617060290636,True,102.98137492854676,False,True,0.1969187838057434,0.0132527863287108,2.0,True,1.0,8.000:8.000|29.736:44.569|38.899:66.231|52.565:48.940|46.033:40.462|60.212:63.891|48.150:71.049|52.871:66.394|38.420:54.751|35.007:53.834|35.503:50.314|21.129:50.833|30.012:58.830|31.570:61.412|25.892:91.393|25.357:93.845|8.000:8.000,0-29-22-3-31-23-17-7-25-27-26-24-15-11-32-2-0,0.0013322341255843
85,moderate,cluttered,ReserveOnlyPlanner,32,14,0.4375,0.4566929133858268,0.4566929133858268,True,29.0,63.5,1088.698243231137,1178.622361499206,111.30175676886311,31.30175676886313,False,88.30129959048548,True,False,0.1634712714958431,0.0116483311420774,2.0,False,1.0,8.000:8.000|29.736:44.569|35.007:53.834|38.899:66.231|48.150:71.049|60.212:63.891|52.565:48.940|46.033:40.462|38.420:54.751|35.503:50.314|21.129:50.833|30.012:58.830|31.570:61.412|52.871:66.394|57.785:66.352|8.000:8.000,0-29-27-22-17-23-3-31-25-26-24-15-11-7-18-0,0.001295267837122
85,moderate,cluttered,FairRiskAwareGreedy,32,15,0.46875,0.5118110236220472,0.5118110236220472,True,32.5,63.5,1083.6456800638664,1123.8177922252664,116.35431993613372,36.35431993613372,False,113.95593040028454,True,False,0.0025105861506959,0.0001570320267614,2.8284271247461903,False,1.0,8.000:8.000|56.509:15.834|84.457:10.947|69.507:46.820|38.899:66.231|48.150:71.049|29.736:44.569|46.033:40.462|40.561:30.079|35.007:53.834|38.420:54.751|35.503:50.314|21.129:50.833|30.012:58.830|31.570:61.412|52.871:66.394|8.000:8.000,0-1-30-16-22-17-29-31-19-27-25-26-24-15-11-7-0,0.0017123781144618
85,moderate,cluttered,FairALNSPlanner,32,14,0.4375,0.4881889763779528,0.4881889763779528,True,31.0,63.5,806.8275066255167,873.9157142918034,393.1724933744832,313.1724933744832,False,88.01994368319899,True,False,0.0862497411111954,0.0059102569638455,2.0,False,1.0,8.000:8.000|56.509:15.834|88.742:13.733|84.457:10.947|62.701:29.449|64.767:36.251|69.507:46.820|78.174:53.353|79.985:63.739|73.623:60.115|64.798:66.141|60.212:63.891|57.785:66.352|38.420:54.751|52.565:48.940|8.000:8.000,0-1-6-30-8-5-16-28-4-9-14-23-18-25-3-0,12.64398968894966
85,moderate,cluttered,RAWA-RHP,32,24,0.75,0.8031496062992126,0.8031496062992126,True,51.0,63.5,1034.004806800469,1185.9181661093053,165.995193199531,85.995193199531,False,125.20852343366636,True,False,0.0733887845675095,0.0030175268979626,2.0,False,1.0,8.000:8.000|46.033:40.462|29.736:44.569|35.503:50.314|21.129:50.833|31.570:61.412|30.012:58.830|35.007:53.834|38.420:54.751|52.565:48.940|38.899:66.231|48.150:71.049|52.871:66.394|57.785:66.352|60.212:63.891|64.798:66.141|73.623:60.115|79.985:63.739|78.174:53.353|69.507:46.820|64.767:36.251|62.701:29.449|84.457:10.947|88.742:13.733|56.509:15.834|8.000:8.000,0-31-29-26-24-11-15-27-25-3-22-17-7-18-23-14-9-4-28-16-5-8-30-6-1-0,60.48174526588991
86,severe,cluttered,NearestNeighbor,32,16,0.5,0.4871794871794871,0.0,False,28.5,58.5,1416.8001691149368,1457.8093617572808,-216.80016911493635,-296.80016911493635,True,81.40763453789033,False,True,0.3710262739937268,0.0254825561207991,2.0,True,1.0,8.000:8.000|41.932:11.822|51.328:16.937|52.340:18.681|59.486:22.852|55.896:38.460|54.291:41.916|56.520:49.741|45.324:58.519|39.150:63.750|28.607:63.350|25.070:61.100|30.167:69.453|24.249:80.928|14.133:76.418|14.852:70.000|19.954:45.025|8.000:8.000,0-20-26-19-17-13-4-1-22-21-9-6-3-11-8-5-14-0,0.001497991848737
86,severe,cluttered,ValuePerDistance,32,12,0.375,0.452991452991453,0.0,False,26.5,58.5,1879.1526746719203,1809.482740676125,-679.1526746719209,-759.1526746719209,True,85.57986348958552,False,True,0.1721102950837409,0.0134288694533909,2.0,True,1.0,8.000:8.000|51.328:16.937|52.340:18.681|54.291:41.916|55.896:38.460|56.520:49.741|78.468:58.254|86.717:62.878|91.128:79.622|90.597:85.429|83.166:88.070|65.357:87.927|47.530:97.149|8.000:8.000,0-26-19-4-13-1-15-30-12-23-25-28-18-0,0.00099788303487
86,severe,cluttered,WindAwareGreedy,32,12,0.375,0.4615384615384615,0.0,False,27.0,58.5,2056.9940142993405,2048.162499523447,-856.9940142993407,-936.9940142993408,True,92.37455134349251,False,True,0.3561330425786335,0.0315310267116412,2.0,True,1.0,8.000:8.000|51.328:16.937|54.291:41.916|55.896:38.460|56.520:49.741|78.468:58.254|86.717:62.878|91.128:79.622|83.166:88.070|65.357:87.927|63.568:68.069|58.651:67.931|83.960:71.019|8.000:8.000,0-26-4-13-1-15-30-12-25-28-24-32-29-0,0.0010929889976978
86,severe,cluttered,ReserveOnlyPlanner,32,9,0.28125,0.3247863247863248,0.3247863247863248,True,19.0,58.5,1062.1520382801918,1196.4656252978218,137.84796171980796,57.84796171980796,False,54.55036246250807,True,False,0.2140917040413035,0.0225086520878295,2.0,False,1.0,8.000:8.000|51.328:16.937|52.340:18.681|54.291:41.916|55.896:38.460|56.520:49.741|45.324:58.519|39.150:63.750|27.894:48.977|19.954:45.025|8.000:8.000,0-26-19-4-13-1-22-21-7-14-0,0.000902998028323
86,severe,cluttered,FairRiskAwareGreedy,32,5,0.15625,0.1794871794871795,0.1794871794871795,True,10.5,58.5,696.591084250942,720.3108463049132,503.4089157490578,423.4089157490578,False,54.15530788953643,True,False,0.0014773408622589,0.0002462955161204,4.0,False,1.0,8.000:8.000|19.954:45.025|51.328:16.937|84.443:19.099|90.365:24.305|41.932:11.822|8.000:8.000,0-14-26-16-27-20-0,0.0006863588932901
86,severe,cluttered,FairALNSPlanner,32,5,0.15625,0.188034188034188,0.188034188034188,True,11.0,58.5,878.1155616940587,954.4790795397014,321.88443830594144,241.88443830594144,False,66.60085897533159,True,False,0.0225757393395436,0.0037827580674978,2.8284271247461903,False,1.0,8.000:8.000|84.443:19.099|52.340:18.681|51.328:16.937|78.468:58.254|86.717:62.878|8.000:8.000,0-16-19-26-15-30-0,1.672814522869885
86,severe,cluttered,RAWA-RHP,32,19,0.59375,0.6666666666666666,0.6666666666666666,True,39.0,58.5,1045.2024822934268,1233.7796303691655,154.79751770657327,74.79751770657327,False,103.6928886371349,True,False,0.0678275018512476,0.0034653920288084,2.0,False,1.0,8.000:8.000|41.932:11.822|51.328:16.937|55.896:38.460|54.291:41.916|56.520:49.741|78.468:58.254|86.717:62.878|91.128:79.622|90.597:85.429|83.166:88.070|65.357:87.927|47.530:97.149|43.779:95.412|24.249:80.928|30.167:69.453|28.607:63.350|39.150:63.750|27.894:48.977|19.954:45.025|8.000:8.000,0-20-26-13-4-1-15-30-12-23-25-28-18-2-11-3-9-21-7-14-0,10.858255342114717
85,calm,sparse,NearestNeighbor,32,31,0.96875,0.9763779527559056,0.0,False,62.0,63.5,1475.8684641036295,1470.2499298211817,-275.8684641036295,-355.8684641036295,True,170.72995663769123,False,True,0.0254796282024747,0.0008045801888269,2.0,True,1.0,8.000:8.000|38.509:21.145|41.208:25.719|40.218:29.694|39.770:36.352|39.591:48.480|29.204:54.399|26.914:54.968|19.357:57.073|13.659:49.043|10.828:49.837|10.618:47.728|17.559:41.678|24.834:40.133|33.052:64.214|61.854:65.949|63.102:59.811|57.788:52.472|77.300:55.085|77.030:37.061|77.076:34.217|71.266:26.492|69.540:23.815|64.297:29.583|65.452:32.133|67.424:34.687|77.031:12.930|45.534:21.992|91.993:67.122|84.381:83.140|70.380:84.731|71.586:81.808|8.000:8.000,0-29-9-12-8-1-7-11-17-31-32-13-15-10-2-20-21-27-25-3-23-28-22-16-19-4-26-6-5-14-30-24-0,0.0021060840226709
85,calm,sparse,ValuePerDistance,32,30,0.9375,0.968503937007874,0.0,False,61.5,63.5,1529.9737679162863,1534.6067590622831,-329.973767916286,-409.973767916286,True,172.9674169836647,False,True,0.0362773453126163,0.001188767407864,2.0,True,1.0,8.000:8.000|45.534:21.992|41.208:25.719|38.509:21.145|40.218:29.694|39.770:36.352|24.834:40.133|17.559:41.678|13.659:49.043|10.828:49.837|10.618:47.728|26.914:54.968|29.204:54.399|33.052:64.214|57.788:52.472|63.102:59.811|77.300:55.085|77.030:37.061|77.076:34.217|71.266:26.492|69.540:23.815|65.452:32.133|67.424:34.687|64.297:29.583|77.031:12.930|39.591:48.480|19.357:57.073|56.425:91.367|70.380:84.731|71.586:81.808|91.993:67.122|8.000:8.000,0-6-9-29-12-8-10-15-31-32-13-11-7-2-27-21-25-3-23-28-22-19-4-16-26-1-17-18-30-24-5-0,0.0016302049625664
85,calm,sparse,WindAwareGreedy,32,23,0.71875,0.8267716535433071,0.0,False,52.5,63.5,1431.8757758061156,1435.0017812418844,-231.87577580611548,-311.8757758061155,True,154.46799571646727,False,True,0.0587723653500246,0.0025124684188586,2.0,True,1.0,8.000:8.000|45.534:21.992|57.788:52.472|63.102:59.811|77.300:55.085|77.030:37.061|71.266:26.492|69.540:23.815|65.452:32.133|67.424:34.687|13.659:49.043|10.828:49.837|17.559:41.678|26.914:54.968|29.204:54.399|33.052:64.214|24.834:40.133|41.208:25.719|38.509:21.145|39.770:36.352|10.618:47.728|19.357:57.073|39.591:48.480|77.076:34.217|8.000:8.000,0-6-27-21-25-3-28-22-19-4-31-32-15-11-7-2-10-9-29-8-13-17-1-23-0,0.0016586310230195
85,calm,sparse,ReserveOnlyPlanner,32,21,0.65625,0.7795275590551181,0.7795275590551181,True,49.5,63.5,1094.9157223673265,1127.199310008619,105.08427763267382,25.084277632673817,False,124.10567734464068,True,False,0.0496331920433523,0.0023025552109469,2.0,False,1.0,8.000:8.000|45.534:21.992|41.208:25.719|57.788:52.472|63.102:59.811|77.300:55.085|77.030:37.061|71.266:26.492|69.540:23.815|65.452:32.133|67.424:34.687|77.076:34.217|77.031:12.930|64.297:29.583|29.204:54.399|26.914:54.968|13.659:49.043|10.828:49.837|17.559:41.678|24.834:40.133|33.052:64.214|10.618:47.728|8.000:8.000,0-6-9-27-21-25-3-28-22-19-4-23-26-16-7-11-31-32-15-10-2-13-0,0.0017006469424813
85,calm,sparse,FairRiskAwareGreedy,32,18,0.5625,0.6850393700787402,0.6850393700787402,True,43.5,63.5,1083.1755677283595,1105.5807868867053,116.82443227164028,36.82443227164028,False,128.84434721531272,True,False,0.0298792875131875,0.0015926704101057,2.0,False,1.0,8.000:8.000|45.534:21.992|13.659:49.043|10.828:49.837|17.559:41.678|57.788:52.472|63.102:59.811|29.204:54.399|33.052:64.214|24.834:40.133|41.208:25.719|69.540:23.815|71.266:26.492|65.452:32.133|77.030:37.061|77.300:55.085|67.424:34.687|77.031:12.930|38.509:21.145|8.000:8.000,0-6-31-32-15-27-21-7-2-10-9-22-28-19-3-25-4-26-29-0,0.0027358420193195
85,calm,sparse,FairALNSPlanner,32,27,0.84375,0.905511811023622,0.905511811023622,True,57.5,63.5,1038.7051074214855,1104.8041697640588,161.29489257851432,81.29489257851432,False,136.81004209012582,True,False,0.0347074883708485,0.0012582819597328,2.0,False,1.0,8.000:8.000|38.509:21.145|41.208:25.719|40.218:29.694|39.770:36.352|39.591:48.480|45.534:21.992|24.834:40.133|17.559:41.678|10.618:47.728|13.659:49.043|10.828:49.837|19.357:57.073|26.914:54.968|29.204:54.399|33.052:64.214|57.788:52.472|67.424:34.687|65.452:32.133|64.297:29.583|69.540:23.815|77.031:12.930|71.266:26.492|77.076:34.217|77.030:37.061|77.300:55.085|61.854:65.949|63.102:59.811|8.000:8.000,0-29-9-12-8-1-6-10-15-13-31-32-17-11-7-2-27-4-19-16-22-26-28-23-3-25-20-21-0,18.54289765190333
85,calm,sparse,RAWA-RHP,32,30,0.9375,0.9606299212598424,0.9606299212598424,True,61.0,63.5,1036.6338770909986,1110.809406856713,163.36612290900166,83.36612290900166,False,141.29255926520125,True,False,0.0436629841913234,0.0014336201250901,2.0,False,1.0,8.000:8.000|38.509:21.145|41.208:25.719|45.534:21.992|64.297:29.583|65.452:32.133|67.424:34.687|71.266:26.492|69.540:23.815|77.031:12.930|77.076:34.217|77.030:37.061|77.300:55.085|91.993:67.122|71.586:81.808|70.380:84.731|61.854:65.949|63.102:59.811|57.788:52.472|33.052:64.214|29.204:54.399|26.914:54.968|19.357:57.073|13.659:49.043|10.828:49.837|10.618:47.728|17.559:41.678|24.834:40.133|39.591:48.480|39.770:36.352|40.218:29.694|8.000:8.000,0-29-9-6-16-19-4-28-22-26-23-3-25-5-24-30-20-21-27-2-7-11-17-31-32-13-15-10-1-8-12-0,100.08448841096832
86,calm,sparse,NearestNeighbor,32,32,1.0,1.0,0.0,False,65.0,65.0,1286.046077724009,1284.3689426938722,-86.04607772400922,-166.04607772400922,True,160.6238992221202,False,True,0.0060976183809448,0.0001851098253092,2.0,True,1.0,8.000:8.000|22.316:25.154|25.849:23.214|31.517:19.901|35.921:13.260|35.789:10.771|47.122:14.073|51.171:12.605|57.149:17.943|55.732:20.524|53.023:26.653|50.888:49.988|61.023:57.556|59.243:59.150|61.427:62.697|55.296:70.540|52.363:81.193|49.869:84.119|45.500:87.920|44.936:91.508|45.254:93.863|55.454:97.634|59.876:87.911|65.764:79.538|72.198:87.730|84.687:78.322|90.576:82.493|80.981:71.928|71.575:62.126|92.761:65.987|84.957:34.043|30.625:55.896|37.067:70.563|8.000:8.000,0-31-23-26-32-6-3-16-22-21-19-9-25-5-2-7-8-10-20-11-1-29-13-17-14-4-28-18-24-15-27-30-12-0,0.0021127078216522
86,calm,sparse,ValuePerDistance,32,29,0.90625,0.9384615384615383,0.0,False,61.0,65.0,1466.5633727958548,1467.9706206385451,-266.5633727958545,-346.5633727958545,True,172.95830726109645,False,True,0.0091232420023317,0.0003051659483123,2.0,True,1.0,8.000:8.000|31.517:19.901|35.921:13.260|35.789:10.771|51.171:12.605|55.732:20.524|57.149:17.943|53.023:26.653|50.888:49.988|61.023:57.556|59.243:59.150|61.427:62.697|71.575:62.126|80.981:71.928|84.687:78.322|90.576:82.493|72.198:87.730|59.876:87.911|55.296:70.540|37.067:70.563|30.625:55.896|45.254:93.863|44.936:91.508|45.500:87.920|49.869:84.119|52.363:81.193|65.764:79.538|55.454:97.634|84.957:34.043|92.761:65.987|8.000:8.000,0-26-32-6-16-21-22-19-9-25-5-2-24-18-4-28-14-13-7-12-30-1-11-20-10-8-17-29-27-15-0,0.0017005391418933
86,calm,sparse,WindAwareGreedy,32,21,0.65625,0.7923076923076923,0.0,False,51.5,65.0,1398.4728494420806,1413.4147600338997,-198.47284944208084,-278.4728494420808,True,155.44171308210255,False,True,0.0115853864209546,0.0005061073368317,2.0,True,1.0,8.000:8.000|31.517:19.901|51.171:12.605|55.732:20.524|53.023:26.653|50.888:49.988|71.575:62.126|84.687:78.322|80.981:71.928|61.427:62.697|61.023:57.556|37.067:70.563|55.296:70.540|59.876:87.911|45.254:93.863|44.936:91.508|45.500:87.920|30.625:55.896|35.921:13.260|35.789:10.771|57.149:17.943|59.243:59.150|8.000:8.000,0-26-16-21-19-9-24-4-18-2-25-12-7-13-1-11-20-30-32-6-22-5-0,0.0016422171611338
86,calm,sparse,ReserveOnlyPlanner,32,20,0.625,0.7461538461538462,0.7461538461538462,True,48.5,65.0,1112.1189077991123,1150.604231799004,87.88109220088776,7.881092200887764,False,127.5129972250494,True,False,0.0111334745611056,0.0005324409897363,2.0,False,1.0,8.000:8.000|31.517:19.901|51.171:12.605|55.732:20.524|53.023:26.653|50.888:49.988|71.575:62.126|61.427:62.697|61.023:57.556|59.243:59.150|55.296:70.540|37.067:70.563|30.625:55.896|45.254:93.863|44.936:91.508|59.876:87.911|84.687:78.322|80.981:71.928|72.198:87.730|65.764:79.538|35.789:10.771|8.000:8.000,0-26-16-21-19-9-24-2-25-5-7-12-30-1-11-13-4-18-14-17-6-0,0.001687193987891
86,calm,sparse,FairRiskAwareGreedy,32,20,0.625,0.7538461538461538,0.7538461538461538,True,49.0,65.0,1064.9013048803115,1086.603668082112,135.09869511968867,55.09869511968867,False,128.2874119122724,True,False,0.0117232596462103,0.0005608685684444,2.0,False,1.0,8.000:8.000|31.517:19.901|51.171:12.605|55.732:20.524|53.023:26.653|71.575:62.126|37.067:70.563|50.888:49.988|61.023:57.556|61.427:62.697|84.687:78.322|80.981:71.928|55.296:70.540|59.876:87.911|45.254:93.863|44.936:91.508|30.625:55.896|35.789:10.771|35.921:13.260|25.849:23.214|22.316:25.154|8.000:8.000,0-26-16-21-19-24-12-9-25-2-4-18-7-13-1-11-30-6-32-23-31-0,0.0030361600220203
86,calm,sparse,FairALNSPlanner,32,29,0.90625,0.953846153846154,0.953846153846154,True,62.0,65.0,1046.172283654504,1111.9613312780878,153.82771634549587,73.82771634549587,False,139.52971561503085,True,False,0.0011341718238485,3.7805733946498034e-05,2.0,False,1.0,8.000:8.000|35.789:10.771|35.921:13.260|47.122:14.073|51.171:12.605|57.149:17.943|55.732:20.524|53.023:26.653|84.957:34.043|84.687:78.322|80.981:71.928|71.575:62.126|61.023:57.556|59.243:59.150|61.427:62.697|55.296:70.540|65.764:79.538|72.198:87.730|59.876:87.911|52.363:81.193|49.869:84.119|45.254:93.863|44.936:91.508|45.500:87.920|37.067:70.563|30.625:55.896|50.888:49.988|31.517:19.901|25.849:23.214|22.316:25.154|8.000:8.000,0-6-32-3-16-22-21-19-27-4-18-24-25-5-2-7-17-14-13-8-10-1-11-20-12-30-9-26-23-31-0,19.03095467202365
86,calm,sparse,RAWA-RHP,32,29,0.90625,0.953846153846154,0.953846153846154,True,62.0,65.0,1050.902042387279,1126.6903437433523,149.09795761272105,69.09795761272105,False,140.60616423944995,True,False,0.0032986150847532,0.0001100357639081,2.0,False,1.0,8.000:8.000|31.517:19.901|35.921:13.260|35.789:10.771|47.122:14.073|51.171:12.605|57.149:17.943|55.732:20.524|53.023:26.653|84.957:34.043|84.687:78.322|80.981:71.928|71.575:62.126|61.023:57.556|61.427:62.697|59.243:59.150|55.296:70.540|65.764:79.538|72.198:87.730|59.876:87.911|52.363:81.193|49.869:84.119|45.254:93.863|44.936:91.508|45.500:87.920|37.067:70.563|30.625:55.896|50.888:49.988|25.849:23.214|22.316:25.154|8.000:8.000,0-26-32-6-3-16-22-21-19-27-4-18-24-25-2-5-7-17-14-13-8-10-1-11-20-12-30-9-23-31-0,48.44553228816949
83,moderate,sparse,NearestNeighbor,32,24,0.75,0.7441860465116279,0.0,False,48.0,64.5,1250.6037823319275,1242.0522199301236,-50.60378233192809,-130.60378233192807,True,120.55342458407767,False,True,0.0784049829931268,0.0032327173211773,2.0,True,1.0,8.000:8.000|13.771:30.246|20.214:40.818|40.902:57.320|53.081:52.780|65.072:63.807|65.101:67.960|68.283:68.597|71.082:77.969|72.053:79.795|75.602:77.543|77.064:79.705|79.406:89.412|88.791:54.392|93.761:29.203|90.841:26.949|88.503:17.408|87.739:14.461|83.702:17.490|68.940:21.503|64.737:22.161|64.563:35.713|79.002:30.513|51.514:14.193|50.438:16.948|8.000:8.000,0-22-24-16-8-31-28-23-26-30-20-18-21-4-32-15-27-2-1-13-14-29-9-5-6-0,0.0018692151643335
83,moderate,sparse,ValuePerDistance,32,23,0.71875,0.7441860465116279,0.0,False,48.0,64.5,1302.0322785495182,1274.6904996445774,-102.03227854951804,-182.03227854951805,True,116.91027776903812,False,True,0.1402205847328488,0.0061338591471071,2.0,True,1.0,8.000:8.000|34.038:18.607|36.510:17.952|45.059:14.350|50.438:16.948|51.514:14.193|68.940:21.503|64.737:22.161|64.563:35.713|79.002:30.513|83.702:17.490|88.503:17.408|87.739:14.461|93.761:29.203|90.841:26.949|88.791:54.392|77.064:79.705|75.602:77.543|71.082:77.969|72.053:79.795|79.406:89.412|65.101:67.960|68.283:68.597|65.072:63.807|8.000:8.000,0-17-7-3-6-5-13-14-29-9-1-27-2-32-15-4-18-20-26-30-21-28-23-31-0,0.0014937119558453
83,moderate,sparse,WindAwareGreedy,32,14,0.4375,0.4728682170542636,0.0,False,30.5,64.5,1278.526845328975,1248.9453988899534,-78.52684532897474,-158.52684532897473,True,101.26515228236232,False,True,0.1944201786737098,0.0140885271836836,2.0,True,1.0,8.000:8.000|34.038:18.607|50.438:16.948|51.514:14.193|45.059:14.350|36.510:17.952|40.902:57.320|41.523:77.404|34.667:84.970|32.799:86.379|31.051:71.794|13.771:30.246|20.214:40.818|64.563:35.713|68.940:21.503|8.000:8.000,0-17-6-5-3-7-16-19-25-11-10-22-24-29-13-0,0.0012281669769436
83,moderate,sparse,ReserveOnlyPlanner,32,14,0.4375,0.4496124031007752,0.4496124031007752,True,29.0,64.5,1101.6943205792115,1216.7694155573968,98.30567942078834,18.305679420788337,False,94.67250853244632,True,False,0.1260944144265754,0.0088598143562271,2.0,False,1.0,8.000:8.000|13.771:30.246|34.038:18.607|45.059:14.350|50.438:16.948|51.514:14.193|36.510:17.952|40.902:57.320|41.523:77.404|34.667:84.970|32.799:86.379|41.921:82.347|31.051:71.794|20.214:40.818|53.081:52.780|8.000:8.000,0-22-17-3-6-5-7-16-19-25-11-12-10-24-8-0,0.0013184561394155
83,moderate,sparse,FairRiskAwareGreedy,32,14,0.4375,0.5503875968992248,0.5503875968992248,True,35.5,64.5,1068.6052326702516,1108.494688215498,131.3947673297483,51.39476732974831,False,117.88030737481802,True,False,9.764207355777987e-05,6.50966128380818e-06,2.8284271247461903,False,1.0,8.000:8.000|51.514:14.193|50.438:16.948|45.059:14.350|83.702:17.490|93.761:29.203|34.038:18.607|40.902:57.320|41.523:77.404|79.406:89.412|77.064:79.705|75.602:77.543|88.791:54.392|64.563:35.713|53.081:52.780|8.000:8.000,0-5-6-3-1-32-17-16-19-21-18-20-4-29-8-0,0.0020621379371732
83,moderate,sparse,FairALNSPlanner,32,27,0.84375,0.8992248062015504,0.8992248062015504,True,58.0,64.5,1045.1082194890218,1199.1189209758795,154.89178051097832,74.89178051097832,False,134.44242957167617,True,False,0.0543564171089724,0.0019825896502583,2.0,False,1.0,8.000:8.000|34.038:18.607|40.902:57.320|41.523:77.404|41.921:82.347|34.667:84.970|32.799:86.379|79.406:89.412|77.064:79.705|75.602:77.543|72.053:79.795|71.082:77.969|65.101:67.960|68.283:68.597|65.072:63.807|88.791:54.392|64.563:35.713|79.002:30.513|93.761:29.203|90.841:26.949|88.503:17.408|87.739:14.461|83.702:17.490|68.940:21.503|64.737:22.161|50.438:16.948|51.514:14.193|45.059:14.350|8.000:8.000,0-17-16-19-12-25-11-21-18-20-30-26-28-23-31-4-29-9-32-15-27-2-1-13-14-6-5-3-0,16.62312362785451
83,moderate,sparse,RAWA-RHP,32,30,0.9375,0.9612403100775194,0.9612403100775194,True,62.0,64.5,1059.7420190105342,1220.153156753711,140.25798098946547,60.257980989465466,False,140.28050163385325,True,False,0.090819821991685,0.0030410121480262,2.0,False,1.0,8.000:8.000|34.038:18.607|36.510:17.952|45.059:14.350|51.514:14.193|50.438:16.948|64.563:35.713|79.002:30.513|64.737:22.161|68.940:21.503|83.702:17.490|87.739:14.461|88.503:17.408|90.841:26.949|93.761:29.203|88.791:54.392|65.072:63.807|65.101:67.960|68.283:68.597|71.082:77.969|72.053:79.795|75.602:77.543|77.064:79.705|79.406:89.412|32.799:86.379|34.667:84.970|41.921:82.347|41.523:77.404|40.902:57.320|20.214:40.818|13.771:30.246|8.000:8.000,0-17-7-3-5-6-29-9-14-13-1-2-27-15-32-4-31-28-23-26-30-20-18-21-11-25-12-19-16-24-22-0,153.44038388808258
82,moderate,sparse,NearestNeighbor,32,30,0.9375,0.9411764705882352,0.0,False,64.0,68.0,1496.3743447300185,1504.1024591492037,-296.3743447300181,-376.37434473001815,True,138.17490601720056,False,True,0.1373246074845162,0.004690613606572,2.0,True,1.0,8.000:8.000|35.897:21.785|43.197:31.575|39.700:36.367|44.724:44.286|48.061:42.234|41.828:52.391|35.253:51.515|30.095:49.859|32.033:56.880|37.522:64.817|34.392:67.159|27.811:67.071|26.161:72.727|27.876:74.564|29.818:74.071|19.218:74.567|18.100:76.945|14.434:69.400|12.899:66.863|14.004:63.144|16.815:60.009|47.535:73.400|40.888:78.539|68.945:81.344|70.955:82.715|73.941:87.242|83.685:74.204|85.350:68.430|74.336:48.796|65.170:55.203|8.000:8.000,0-17-10-11-7-6-32-9-21-24-12-18-4-28-8-19-15-16-5-25-30-27-31-13-22-2-23-20-1-14-26-0,0.0020688809454441
82,moderate,sparse,ValuePerDistance,32,27,0.84375,0.875,0.0,False,59.5,68.0,1617.3716956107328,1579.3222407720789,-417.3716956107326,-497.3716956107326,True,137.6510014667975,False,True,0.1666859210988216,0.0064147176958566,2.0,True,1.0,8.000:8.000|35.897:21.785|39.700:36.367|43.197:31.575|48.061:42.234|44.724:44.286|35.253:51.515|30.095:49.859|32.033:56.880|27.811:67.071|26.161:72.727|27.876:74.564|29.818:74.071|34.392:67.159|37.522:64.817|47.535:73.400|40.888:78.539|70.955:82.715|73.941:87.242|68.945:81.344|83.685:74.204|85.350:68.430|74.336:48.796|65.170:55.203|41.828:52.391|12.899:66.863|14.434:69.400|19.218:74.567|8.000:8.000,0-17-11-10-6-7-9-21-24-4-28-8-19-18-12-31-13-2-23-22-20-1-14-26-32-25-5-15-0,0.0015742550604045
82,moderate,sparse,WindAwareGreedy,32,23,0.71875,0.7941176470588235,0.0,False,54.0,68.0,1687.1151173572275,1688.0483856780916,-487.1151173572274,-567.1151173572274,True,136.0735601288134,False,True,0.1335721329530532,0.0058803855063803,2.0,True,1.0,8.000:8.000|35.897:21.785|39.700:36.367|30.095:49.859|35.253:51.515|47.535:73.400|70.955:82.715|73.941:87.242|83.685:74.204|74.336:48.796|48.061:42.234|34.392:67.159|27.811:67.071|26.161:72.727|29.818:74.071|27.876:74.564|12.899:66.863|14.004:63.144|19.218:74.567|14.434:69.400|16.815:60.009|32.033:56.880|37.522:64.817|40.888:78.539|8.000:8.000,0-17-11-21-9-31-2-23-20-14-6-18-4-28-19-8-25-30-15-5-27-24-12-13-0,0.0015777051448822
82,moderate,sparse,ReserveOnlyPlanner,32,15,0.46875,0.5294117647058824,0.5294117647058824,True,36.0,68.0,1086.3015606901306,1154.053385546773,113.69843930986931,33.698439309869315,False,88.26262582169083,True,False,0.1163130549412921,0.0076213843740794,2.0,False,1.0,8.000:8.000|35.897:21.785|39.700:36.367|30.095:49.859|35.253:51.515|34.392:67.159|47.535:73.400|70.955:82.715|73.941:87.242|83.685:74.204|85.350:68.430|74.336:48.796|65.170:55.203|48.061:42.234|44.724:44.286|43.197:31.575|8.000:8.000,0-17-11-21-9-18-31-2-23-20-1-14-26-6-7-10-0,0.0013499048072844
82,moderate,sparse,FairRiskAwareGreedy,32,12,0.375,0.4632352941176471,0.4632352941176471,True,31.5,68.0,628.4132241793739,654.194568988017,571.5867758206263,491.5867758206263,False,72.94015845312943,True,False,6.07274752755238e-05,4.671359691945996e-06,2.8284271247461903,False,1.0,8.000:8.000|35.897:21.785|39.700:36.367|48.061:42.234|47.535:73.400|30.095:49.859|35.253:51.515|34.392:67.159|27.811:67.071|26.161:72.727|29.818:74.071|12.899:66.863|14.004:63.144|8.000:8.000,0-17-11-6-31-21-9-18-4-28-19-25-30-0,0.0017971619963645
82,moderate,sparse,FairALNSPlanner,32,7,0.21875,0.25,0.25,True,17.0,68.0,654.1341171979118,716.3455852507718,545.8658828020881,465.8658828020881,False,65.83574887959006,True,False,0.049800178291089,0.0063306513224105,2.0,False,1.0,8.000:8.000|35.897:21.785|30.095:49.859|35.253:51.515|41.828:52.391|65.170:55.203|83.685:74.204|73.941:87.242|8.000:8.000,0-17-21-9-32-26-20-23-0,10.584976742044091
82,moderate,sparse,RAWA-RHP,32,30,0.9375,0.9558823529411764,0.9558823529411764,True,65.0,68.0,1043.791952619841,1208.294040744054,156.2080473801591,76.20804738015909,False,136.79044245557333,True,False,0.095607481498143,0.0032030768765632,2.0,False,1.0,8.000:8.000|16.815:60.009|14.004:63.144|12.899:66.863|14.434:69.400|18.100:76.945|19.218:74.567|27.876:74.564|29.818:74.071|26.161:72.727|27.811:67.071|34.392:67.159|37.522:64.817|32.033:56.880|30.095:49.859|35.253:51.515|41.828:52.391|40.888:78.539|47.535:73.400|68.945:81.344|70.955:82.715|73.941:87.242|83.685:74.204|74.336:48.796|65.170:55.203|48.061:42.234|44.724:44.286|39.700:36.367|43.197:31.575|50.370:17.403|35.897:21.785|8.000:8.000,0-27-30-25-5-16-15-8-19-28-4-18-12-24-21-9-32-13-31-22-2-23-20-14-26-6-7-11-10-29-17-0,186.069983077934
87,calm,cluttered,NearestNeighbor,32,31,0.96875,0.9848484848484848,0.0,False,65.0,66.0,1433.2152847400932,1417.8900371045374,-233.21528474009293,-313.2152847400929,True,170.27950505935357,False,True,0.0211173974025659,0.000664931483906,2.0,True,1.0,8.000:8.000|19.210:22.427|23.629:39.427|15.076:50.318|12.301:53.992|20.961:60.911|15.320:71.034|29.308:92.404|40.819:82.170|47.985:81.729|56.366:85.933|57.539:88.200|49.228:69.245|52.950:67.255|41.302:68.245|45.829:49.515|52.314:42.908|55.297:24.209|55.116:21.931|62.601:11.217|70.699:20.988|71.265:24.248|89.157:29.057|82.295:50.411|83.035:54.308|74.189:58.594|75.393:60.386|73.247:64.511|65.077:56.756|89.804:66.263|83.839:81.919|85.771:84.712|8.000:8.000,0-3-15-21-14-27-17-26-5-30-16-7-13-25-6-18-11-24-19-23-28-1-9-2-8-22-10-29-20-4-31-12-0,0.002090044086799
87,calm,cluttered,ValuePerDistance,32,29,0.90625,0.9393939393939394,0.0,False,62.0,66.0,1386.0386575834457,1374.0705344483115,-186.0386575834458,-266.0386575834458,True,166.1019559924605,False,True,0.0145342030986765,0.0004716912484516,2.0,True,1.0,8.000:8.000|19.210:22.427|23.629:39.427|12.301:53.992|15.076:50.318|20.961:60.911|15.320:71.034|29.308:92.404|40.819:82.170|47.985:81.729|56.366:85.933|57.539:88.200|41.302:68.245|49.228:69.245|52.950:67.255|74.189:58.594|75.393:60.386|73.247:64.511|82.295:50.411|83.035:54.308|89.804:66.263|85.771:84.712|83.839:81.919|52.314:42.908|45.829:49.515|55.297:24.209|55.116:21.931|62.601:11.217|70.699:20.988|71.265:24.248|8.000:8.000,0-3-15-14-21-27-17-26-5-30-16-7-6-13-25-22-10-29-2-8-4-12-31-11-18-24-19-23-28-1-0,0.0016137880738824
87,calm,cluttered,WindAwareGreedy,32,19,0.59375,0.7045454545454546,0.0,False,46.5,66.0,1422.8400837537893,1430.7186288117932,-222.8400837537897,-302.8400837537897,True,153.03062931270549,False,True,0.0106609803114369,0.0005354069674307,2.0,True,1.0,8.000:8.000|12.301:53.992|20.961:60.911|41.302:68.245|52.314:42.908|62.601:11.217|55.297:24.209|55.116:21.931|82.295:50.411|74.189:58.594|56.366:85.933|40.819:82.170|29.308:92.404|45.829:49.515|23.629:39.427|19.210:22.427|36.195:24.929|52.950:67.255|49.228:69.245|47.985:81.729|8.000:8.000,0-14-27-6-11-23-24-19-2-22-16-5-26-18-15-3-32-25-13-30-0,0.0014969729818403
87,calm,cluttered,ReserveOnlyPlanner,32,16,0.5,0.6060606060606061,0.6060606060606061,True,40.0,66.0,1114.424941474634,1146.8120381658168,85.57505852536622,5.575058525366217,False,121.3201348218696,True,False,0.0087827125118907,0.0005182209633139,2.0,False,1.0,8.000:8.000|19.210:22.427|12.301:53.992|20.961:60.911|41.302:68.245|40.819:82.170|56.366:85.933|74.189:58.594|82.295:50.411|52.314:42.908|45.829:49.515|55.297:24.209|62.601:11.217|55.116:21.931|23.629:39.427|36.195:24.929|70.699:20.988|8.000:8.000,0-3-14-27-6-5-16-22-2-11-18-24-23-19-15-32-28-0,0.0014651319943368
87,calm,cluttered,FairRiskAwareGreedy,32,14,0.4375,0.5833333333333334,0.5833333333333334,True,38.5,66.0,1096.227848356636,1118.783244267117,103.77215164336384,23.772151643363827,False,121.08309271196455,True,False,0.0102173367247467,0.0006839293138198,2.0,False,1.0,8.000:8.000|12.301:53.992|52.314:42.908|62.601:11.217|55.297:24.209|41.302:68.245|40.819:82.170|29.308:92.404|56.366:85.933|74.189:58.594|82.295:50.411|45.829:49.515|20.961:60.911|15.320:71.034|19.210:22.427|8.000:8.000,0-14-11-23-24-6-5-26-16-22-2-18-27-17-3-0,0.0023901409003883
87,calm,cluttered,FairALNSPlanner,32,21,0.65625,0.7727272727272727,0.7727272727272727,True,51.0,66.0,1053.5627528461664,1138.404719080202,146.4372471538333,66.43724715383331,False,127.89550318994212,True,False,0.0040771982410869,0.0001856060719043,2.0,False,1.0,8.000:8.000|19.210:22.427|23.629:39.427|45.829:49.515|12.301:53.992|20.961:60.911|15.320:71.034|29.308:92.404|40.819:82.170|47.985:81.729|56.366:85.933|49.228:69.245|41.302:68.245|52.950:67.255|74.189:58.594|83.035:54.308|89.804:66.263|82.295:50.411|52.314:42.908|55.297:24.209|55.116:21.931|62.601:11.217|8.000:8.000,0-3-15-18-14-27-17-26-5-30-16-13-6-25-22-8-4-2-11-24-19-23-0,12.967874044086784
87,calm,cluttered,RAWA-RHP,32,28,0.875,0.9166666666666666,0.9166666666666666,True,60.5,66.0,1062.437919295742,1156.2221455922331,137.56208070425788,57.56208070425788,False,138.9592807156209,True,False,0.0107331714696522,0.0003712477983841,2.0,False,1.0,8.000:8.000|19.210:22.427|23.629:39.427|15.076:50.318|12.301:53.992|20.961:60.911|15.320:71.034|29.308:92.404|40.819:82.170|47.985:81.729|56.366:85.933|57.539:88.200|85.771:84.712|83.839:81.919|89.804:66.263|83.035:54.308|82.295:50.411|74.189:58.594|75.393:60.386|73.247:64.511|65.077:56.756|52.950:67.255|49.228:69.245|41.302:68.245|45.829:49.515|52.314:42.908|55.297:24.209|55.116:21.931|62.601:11.217|8.000:8.000,0-3-15-21-14-27-17-26-5-30-16-7-12-31-4-8-2-22-10-29-20-25-13-6-18-11-24-19-23-0,30.424737520050257
86,severe,sparse,NearestNeighbor,32,20,0.625,0.6194029850746269,0.0,False,41.5,67.0,2052.1354227071047,2121.036609518351,-852.1354227071047,-932.1354227071048,True,110.33538576732828,False,True,0.1605404965080938,0.0081874713139005,2.0,True,1.0,8.000:8.000|16.800:20.005|11.711:23.943|17.633:31.182|15.540:34.269|22.935:33.674|32.096:26.548|22.983:14.642|44.735:34.264|41.990:35.808|48.795:42.201|50.942:40.762|59.093:36.428|65.843:41.460|81.707:39.393|82.309:44.412|80.220:52.925|84.318:73.573|80.000:80.674|72.554:80.581|86.737:91.768|8.000:8.000,0-4-18-24-13-22-6-31-10-19-26-2-23-21-20-29-12-9-17-5-27-0,0.0017374178860336
86,severe,sparse,ValuePerDistance,32,18,0.5625,0.6194029850746269,0.0,False,41.5,67.0,2122.581713781922,2135.255823326643,-922.5817137819224,-1002.5817137819224,True,105.04310941781289,False,True,0.4042029201220082,0.0263675807663058,2.0,True,1.0,8.000:8.000|16.800:20.005|11.711:23.943|17.633:31.182|22.935:33.674|32.096:26.548|41.990:35.808|44.735:34.264|50.942:40.762|48.795:42.201|59.093:36.428|65.843:41.460|82.309:44.412|81.707:39.393|89.765:35.180|80.220:52.925|91.806:84.574|86.737:91.768|93.257:77.716|8.000:8.000,0-4-18-24-22-6-19-10-2-26-23-21-29-20-14-12-8-27-16-0,0.0012720378581434
86,severe,sparse,WindAwareGreedy,32,14,0.4375,0.4850746268656716,0.0,False,32.5,67.0,1876.4234513393253,1882.881529077555,-676.4234513393257,-756.4234513393257,True,85.47638576168768,False,True,0.2814280980728162,0.0213530913128864,2.0,True,1.0,8.000:8.000|16.800:20.005|32.096:26.548|22.935:33.674|17.633:31.182|11.711:23.943|22.983:14.642|41.990:35.808|44.735:34.264|59.093:36.428|65.843:41.460|82.309:44.412|80.220:52.925|89.765:35.180|81.707:39.393|8.000:8.000,0-4-6-22-24-18-31-19-10-23-21-29-12-14-20-0,0.0011999059934169
86,severe,sparse,ReserveOnlyPlanner,32,11,0.34375,0.3358208955223881,0.3358208955223881,True,22.5,67.0,1090.568467490327,1223.0822282429665,109.43153250967283,29.43153250967285,False,55.95833376463644,True,False,0.2194984189028239,0.0198801247857994,2.0,False,1.0,8.000:8.000|16.800:20.005|32.096:26.548|41.990:35.808|44.735:34.264|59.093:36.428|65.843:41.460|50.942:40.762|48.795:42.201|22.935:33.674|17.633:31.182|15.540:34.269|8.000:8.000,0-4-6-19-10-23-21-2-26-22-24-13-0,0.001056709093973
86,severe,sparse,FairRiskAwareGreedy,32,12,0.375,0.3955223880597014,0.3955223880597014,True,26.5,67.0,1057.2416862238656,1098.675701990457,142.7583137761343,62.75831377613429,False,92.08619345299816,True,False,0.0018859016827516,0.000145149591986,4.0,False,1.0,8.000:8.000|32.096:26.548|16.800:20.005|22.983:14.642|59.093:36.428|82.309:44.412|80.220:52.925|44.735:34.264|50.942:40.762|31.621:72.547|38.351:72.287|11.711:23.943|15.540:34.269|8.000:8.000,0-6-4-31-23-29-12-10-2-7-28-18-13-0,0.0013715978711843
86,severe,sparse,FairALNSPlanner,32,10,0.3125,0.3059701492537313,0.3059701492537313,True,20.5,67.0,825.9887568142558,934.2828929137492,374.011243185744,294.011243185744,False,73.63598879503068,True,False,0.1397567799224413,0.0130747724141136,2.0,False,1.0,8.000:8.000|22.983:14.642|44.735:34.264|41.990:35.808|50.942:40.762|48.795:42.201|48.006:56.986|72.554:80.581|80.000:80.674|86.737:91.768|91.806:84.574|8.000:8.000,0-31-10-19-2-26-11-5-17-27-8-0,7.997189595829695
86,severe,sparse,RAWA-RHP,32,25,0.78125,0.8059701492537313,0.8059701492537313,True,54.0,67.0,1043.3510560267102,1230.5186686885968,156.64894397329005,76.64894397329005,False,113.03942866442132,True,False,0.1040492853900287,0.0041552921440808,2.0,False,1.0,8.000:8.000|11.711:23.943|15.540:34.269|17.633:31.182|22.935:33.674|31.621:72.547|38.351:72.287|43.833:78.416|45.943:78.283|72.554:80.581|80.000:80.674|86.737:91.768|91.806:84.574|93.257:77.716|84.318:73.573|80.220:52.925|82.309:44.412|81.707:39.393|65.843:41.460|59.093:36.428|50.942:40.762|48.795:42.201|41.990:35.808|44.735:34.264|32.096:26.548|16.800:20.005|8.000:8.000,0-18-13-24-22-7-28-1-3-5-17-27-8-16-9-12-29-20-21-23-2-26-19-10-6-4-0,50.75299682701007
87,severe,cluttered,NearestNeighbor,32,6,0.1875,0.2016129032258064,0.0,False,12.5,62.0,1212.4260901265443,1233.8584020668263,-12.42609012654438,-92.42609012654438,True,51.197528412085845,False,True,0.0042400435939259,0.0006063995544902,2.8284271247461903,True,1.0,8.000:8.000|32.053:17.803|55.509:20.227|75.539:17.275|88.671:24.186|94.744:16.126|91.271:10.330|8.000:8.000,0-2-26-20-7-27-15-0,0.0008184069301933
87,severe,cluttered,ValuePerDistance,32,10,0.3125,0.3629032258064516,0.0,False,22.5,62.0,1567.8564389669114,1544.583252425895,-367.8564389669116,-447.8564389669116,True,73.06623754599825,False,True,0.225975899096283,0.0225057643421865,2.0,True,1.0,8.000:8.000|32.053:17.803|55.509:20.227|76.615:44.379|83.295:49.522|90.467:55.666|86.881:65.917|84.258:65.835|79.759:77.643|73.021:88.703|66.967:83.416|8.000:8.000,0-2-26-4-3-14-17-6-31-8-10-0,0.0008657800499349
87,severe,cluttered,WindAwareGreedy,32,8,0.25,0.3387096774193548,0.0,False,21.0,62.0,1628.729271184867,1598.294351374625,-428.7292711848672,-508.7292711848672,True,74.7844587402661,False,True,0.0703496204800662,0.0079332154068497,2.0,True,1.0,8.000:8.000|32.053:17.803|55.509:20.227|23.546:49.041|35.558:73.944|39.316:81.414|43.208:81.040|18.561:92.224|32.787:94.338|8.000:8.000,0-2-26-13-21-25-30-23-11-0,0.0008504709694534
87,severe,cluttered,ReserveOnlyPlanner,32,6,0.1875,0.2096774193548387,0.2096774193548387,True,13.0,62.0,1112.5589091000193,1216.0327468477435,87.44109089998074,7.441090899980736,False,53.63300612950335,True,False,0.1689567839855019,0.0247830551890217,2.0,False,1.0,8.000:8.000|32.053:17.803|23.546:49.041|28.778:42.878|35.558:73.944|39.316:81.414|26.636:68.273|8.000:8.000,0-2-13-18-21-25-24-0,0.0006942918989807
87,severe,cluttered,FairRiskAwareGreedy,32,10,0.3125,0.3790322580645161,0.3790322580645161,True,23.5,62.0,916.7243604586582,964.6352124749536,283.2756395413419,203.2756395413419,False,82.09570600590823,True,False,0.0023548400379929,0.0002141477848258,2.8284271247461903,False,1.0,8.000:8.000|55.509:20.227|32.053:17.803|23.546:49.041|35.558:73.944|39.316:81.414|43.208:81.040|32.787:94.338|18.561:92.224|26.636:68.273|23.959:79.325|8.000:8.000,0-26-2-13-21-25-30-11-23-24-29-0,0.0010971131268888
87,severe,cluttered,FairALNSPlanner,32,11,0.34375,0.4354838709677419,0.4354838709677419,True,27.0,62.0,1044.8427232622364,1205.8269930335664,155.1572767377636,75.1572767377636,False,94.10711626033658,True,False,0.0065128985836001,0.0005435153049426,2.8284271247461903,False,1.0,8.000:8.000|55.509:20.227|32.053:17.803|23.959:79.325|35.558:73.944|39.316:81.414|43.208:81.040|73.021:88.703|66.967:83.416|32.787:94.338|18.561:92.224|23.546:49.041|8.000:8.000,0-26-2-29-21-25-30-8-10-11-23-13-0,2.9366748000029474
87,severe,cluttered,RAWA-RHP,32,20,0.625,0.6290322580645161,0.6290322580645161,True,39.0,62.0,1056.210549052504,1233.1114299954247,143.7894509474958,63.789450947495794,False,107.1551886533907,True,False,0.0599885475322795,0.0029225475079546,2.0,False,1.0,8.000:8.000|32.053:17.803|44.376:45.286|61.251:69.284|68.670:69.945|84.258:65.835|86.881:65.917|79.926:86.455|73.021:88.703|66.967:83.416|43.208:81.040|39.316:81.414|39.961:86.516|32.787:94.338|18.561:92.224|23.959:79.325|26.636:68.273|29.664:57.985|32.219:59.701|34.244:57.107|23.546:49.041|8.000:8.000,0-2-16-12-9-6-17-22-8-10-30-25-1-11-23-29-24-32-5-28-13-0,16.27581298397854
87,calm,sparse,NearestNeighbor,32,32,1.0,1.0,0.0,False,62.0,62.0,1303.0954300261171,1306.9907020000148,-103.0954300261173,-183.0954300261173,True,160.33073801660646,False,True,0.0088907718662439,0.0002704326353723,2.0,True,1.0,8.000:8.000|23.610:49.953|21.051:55.720|24.945:67.762|26.743:69.458|27.473:67.466|28.464:70.831|28.487:75.900|41.196:74.510|42.960:76.352|48.768:69.006|52.852:68.604|56.121:63.638|57.336:75.354|68.243:80.712|70.050:79.136|77.534:85.091|82.475:80.215|76.721:71.382|85.416:46.846|88.034:44.540|92.774:44.656|82.054:40.477|78.170:32.437|71.497:27.307|78.104:18.261|53.745:21.089|59.008:38.912|43.436:42.817|43.534:50.870|44.449:54.269|31.908:55.705|49.658:82.505|8.000:8.000,0-24-15-9-5-18-21-13-8-26-7-4-30-27-14-10-12-16-25-11-32-29-1-28-22-6-20-31-2-3-23-17-19-0,0.0020950650796294
87,calm,sparse,ValuePerDistance,32,30,0.9375,0.9596774193548387,0.0,False,59.5,62.0,1279.4359654841917,1279.7994490917824,-79.43596548419188,-159.43596548419188,True,156.29653135793444,False,True,0.0151399869467915,0.0004915792837058,2.0,True,1.0,8.000:8.000|44.449:54.269|43.534:50.870|43.436:42.817|31.908:55.705|26.743:69.458|27.473:67.466|24.945:67.762|28.464:70.831|28.487:75.900|42.960:76.352|41.196:74.510|48.768:69.006|52.852:68.604|56.121:63.638|57.336:75.354|49.658:82.505|77.534:85.091|82.475:80.215|76.721:71.382|68.243:80.712|70.050:79.136|88.034:44.540|92.774:44.656|85.416:46.846|82.054:40.477|78.170:32.437|71.497:27.307|53.745:21.089|59.008:38.912|78.104:18.261|8.000:8.000,0-23-3-2-17-5-18-9-21-13-26-8-7-4-30-27-19-12-16-25-14-10-32-29-11-1-28-22-20-31-6-0,0.0016418399754911
87,calm,sparse,WindAwareGreedy,32,23,0.71875,0.8064516129032258,0.0,False,50.0,62.0,1349.0354681041588,1356.5580035122184,-149.0354681041584,-229.0354681041584,True,155.2173429079438,False,True,0.0104031620717965,0.0004352096617914,2.0,True,1.0,8.000:8.000|56.121:63.638|42.960:76.352|44.449:54.269|78.170:32.437|88.034:44.540|92.774:44.656|85.416:46.846|77.534:85.091|49.658:82.505|26.743:69.458|27.473:67.466|28.464:70.831|31.908:55.705|43.534:50.870|43.436:42.817|53.745:21.089|59.008:38.912|48.768:69.006|57.336:75.354|52.852:68.604|41.196:74.510|28.487:75.900|24.945:67.762|8.000:8.000,0-30-26-23-28-32-29-11-12-19-5-18-21-17-3-2-20-31-7-27-4-8-13-9-0,0.001668995944783
87,calm,sparse,ReserveOnlyPlanner,32,21,0.65625,0.75,0.75,True,46.5,62.0,1109.736438974799,1145.0458885416306,90.26356102520133,10.263561025201312,False,127.8383189814386,True,False,0.0100712099750915,0.0004593746298148,2.0,False,1.0,8.000:8.000|53.745:21.089|78.170:32.437|88.034:44.540|92.774:44.656|85.416:46.846|56.121:63.638|42.960:76.352|49.658:82.505|44.449:54.269|43.534:50.870|31.908:55.705|26.743:69.458|27.473:67.466|28.464:70.831|24.945:67.762|48.768:69.006|57.336:75.354|77.534:85.091|68.243:80.712|70.050:79.136|43.436:42.817|8.000:8.000,0-20-28-32-29-11-30-26-19-23-3-17-5-18-21-9-7-27-12-14-10-2-0,0.0017040641978383
87,calm,sparse,FairRiskAwareGreedy,32,15,0.46875,0.5887096774193549,0.5887096774193549,True,36.5,62.0,1080.4624347551303,1101.5966210979757,119.53756524486988,39.53756524486988,False,123.52431167771408,True,False,0.0020403570041926,0.0001275857792941,2.0,False,1.0,8.000:8.000|56.121:63.638|42.960:76.352|44.449:54.269|78.170:32.437|88.034:44.540|92.774:44.656|85.416:46.846|53.745:21.089|26.743:69.458|27.473:67.466|28.464:70.831|49.658:82.505|77.534:85.091|43.534:50.870|43.436:42.817|8.000:8.000,0-30-26-23-28-32-29-11-20-5-18-21-19-12-3-2-0,0.0026342249475419
87,calm,sparse,FairALNSPlanner,32,28,0.875,0.9274193548387096,0.9274193548387096,True,57.5,62.0,1067.133107138085,1135.8190715161302,132.86689286191506,52.86689286191506,False,139.27873422444898,True,False,0.010136526284408,0.0003508705918775,2.0,False,1.0,8.000:8.000|53.745:21.089|59.008:38.912|43.436:42.817|43.534:50.870|44.449:54.269|31.908:55.705|27.473:67.466|24.945:67.762|26.743:69.458|28.464:70.831|28.487:75.900|41.196:74.510|42.960:76.352|49.658:82.505|76.721:71.382|82.475:80.215|77.534:85.091|68.243:80.712|57.336:75.354|52.852:68.604|48.768:69.006|56.121:63.638|85.416:46.846|92.774:44.656|88.034:44.540|82.054:40.477|78.170:32.437|71.497:27.307|8.000:8.000,0-20-31-2-3-23-17-18-9-5-21-13-8-26-19-25-16-12-14-27-4-7-30-11-29-32-1-28-22-0,17.616475804010406
87,calm,sparse,RAWA-RHP,32,28,0.875,0.9193548387096774,0.9193548387096774,True,57.0,62.0,1038.2338153429826,1116.6094219848262,161.76618465701756,81.76618465701756,False,137.672490311111,True,False,0.0122177113878416,0.0004233993298776,2.0,False,1.0,8.000:8.000|53.745:21.089|59.008:38.912|71.497:27.307|78.170:32.437|82.054:40.477|88.034:44.540|92.774:44.656|85.416:46.846|56.121:63.638|48.768:69.006|42.960:76.352|41.196:74.510|52.852:68.604|57.336:75.354|70.050:79.136|68.243:80.712|77.534:85.091|82.475:80.215|49.658:82.505|28.487:75.900|28.464:70.831|26.743:69.458|24.945:67.762|27.473:67.466|31.908:55.705|44.449:54.269|43.534:50.870|43.436:42.817|8.000:8.000,0-20-31-22-28-1-32-29-11-30-7-26-8-4-27-10-14-12-16-19-13-21-5-9-18-17-23-3-2-0,46.59181476687081
86,moderate,cluttered,NearestNeighbor,32,19,0.59375,0.5950413223140496,0.5950413223140496,True,36.0,60.5,1194.472932496387,1165.4278571844127,5.527067503612841,-74.47293249638716,True,105.80795809554144,True,False,0.1131909655563858,0.0059115456949478,2.0,False,1.0,8.000:8.000|24.105:29.651|23.270:39.742|37.612:32.754|51.794:31.263|48.979:41.431|57.522:48.009|60.641:47.981|64.668:44.585|55.361:54.322|53.380:55.310|40.888:50.296|31.437:53.835|17.970:66.309|46.331:76.285|48.468:84.708|45.061:91.754|39.554:92.067|37.103:89.269|29.122:95.634|8.000:8.000,0-19-6-11-20-31-14-17-21-18-2-13-24-32-27-28-29-26-9-12-0,0.0017796140164136
86,moderate,cluttered,ValuePerDistance,32,21,0.65625,0.7024793388429752,0.0,False,42.5,60.5,1351.648884012439,1323.9241470688266,-151.64888401243977,-231.64888401243977,True,117.10014267258614,False,True,0.1334627642988406,0.0064217320890053,2.0,True,1.0,8.000:8.000|24.105:29.651|23.270:39.742|40.888:50.296|31.437:53.835|17.970:66.309|29.122:95.634|37.103:89.269|39.554:92.067|45.061:91.754|48.468:84.708|46.331:76.285|53.380:55.310|55.361:54.322|57.522:48.009|60.641:47.981|64.668:44.585|75.712:38.114|76.071:40.271|90.835:40.676|74.810:18.310|83.944:22.841|8.000:8.000,0-19-6-13-24-32-12-9-26-29-28-27-2-18-14-17-21-4-25-30-8-7-0,0.0013751559890806
86,moderate,cluttered,WindAwareGreedy,32,17,0.53125,0.6033057851239669,0.0,False,36.5,60.5,1304.675734324291,1310.9643212571823,-104.67573432429074,-184.67573432429077,True,119.2845687867619,False,True,0.2283580732154191,0.0141241761014494,2.0,True,1.0,8.000:8.000|24.105:29.651|33.247:17.345|74.810:18.310|64.502:25.866|57.522:48.009|40.888:50.296|31.437:53.835|23.270:39.742|37.612:32.754|51.794:31.263|75.712:38.114|64.668:44.585|60.641:47.981|53.380:55.310|55.361:54.322|37.103:89.269|29.122:95.634|8.000:8.000,0-19-16-8-10-14-13-24-6-11-20-4-21-17-2-18-9-12-0,0.0014075262006372
86,moderate,cluttered,ReserveOnlyPlanner,32,16,0.5,0.5206611570247934,0.5206611570247934,True,31.5,60.5,1111.0937206061906,1224.8887796162617,88.90627939380958,8.906279393809584,False,100.18504062475058,True,False,0.1653956597949459,0.0104545810588261,2.0,False,1.0,8.000:8.000|24.105:29.651|33.247:17.345|37.612:32.754|40.888:50.296|31.437:53.835|23.270:39.742|57.522:48.009|60.641:47.981|64.668:44.585|75.712:38.114|74.810:18.310|64.502:25.866|51.794:31.263|48.979:41.431|53.380:55.310|55.361:54.322|8.000:8.000,0-19-16-11-13-24-6-14-17-21-4-8-10-20-31-2-18-0,0.001416838960722
86,moderate,cluttered,FairRiskAwareGreedy,32,16,0.5,0.4876033057851239,0.4876033057851239,True,29.5,60.5,1075.4915754754193,1118.9341218330403,124.5084245245808,44.50842452458079,False,121.04711776050829,True,False,0.0060971790303783,0.000358796299487,2.0,False,1.0,8.000:8.000|24.105:29.651|40.888:50.296|33.247:17.345|74.810:18.310|83.944:22.841|64.668:44.585|60.641:47.981|53.380:55.310|64.502:25.866|51.794:31.263|37.612:32.754|55.361:54.322|68.412:64.851|76.541:67.279|88.436:63.545|48.979:41.431|8.000:8.000,0-19-13-16-8-7-21-17-2-10-20-11-18-1-5-3-31-0,0.0018495898693799
86,moderate,cluttered,FairALNSPlanner,32,21,0.65625,0.6446280991735537,0.6446280991735537,True,39.0,60.5,1000.9210129587732,1152.6824160892163,199.07898704122647,119.07898704122648,False,123.23659570329646,True,False,0.0099147582210382,0.0004506715930385,2.0,False,1.0,8.000:8.000|33.247:17.345|64.502:25.866|51.794:31.263|64.668:44.585|60.641:47.981|68.412:64.851|57.522:48.009|48.979:41.431|37.612:32.754|40.888:50.296|55.361:54.322|53.380:55.310|31.437:53.835|46.331:76.285|48.468:84.708|45.061:91.754|39.554:92.067|37.103:89.269|29.122:95.634|17.970:66.309|23.270:39.742|8.000:8.000,0-16-10-20-21-17-1-14-31-11-13-18-2-24-27-28-29-26-9-12-32-6-0,11.028808563947678
86,moderate,cluttered,RAWA-RHP,32,25,0.78125,0.8264462809917356,0.8264462809917356,True,50.0,60.5,1051.5151324718893,1203.6475612377808,148.48486752811093,68.48486752811093,False,133.10772782442845,True,False,0.028636274987816,0.00111277118921,2.0,False,1.0,8.000:8.000|33.247:17.345|74.810:18.310|83.944:22.841|75.712:38.114|76.071:40.271|90.835:40.676|96.493:67.536|94.643:72.437|88.436:63.545|76.541:67.279|68.412:64.851|64.668:44.585|60.641:47.981|57.522:48.009|55.361:54.322|53.380:55.310|40.888:50.296|48.468:84.708|45.061:91.754|39.554:92.067|37.103:89.269|29.122:95.634|17.970:66.309|23.270:39.742|24.105:29.651|8.000:8.000,0-16-8-7-4-25-30-23-15-3-5-1-21-17-14-18-2-13-28-29-26-9-12-32-6-19-0,78.07263201405294
86,calm,cluttered,NearestNeighbor,32,31,0.96875,0.9844961240310076,0.0,False,63.5,64.5,1322.2049644943609,1318.958473043759,-122.20496449436104,-202.20496449436104,True,161.2177844336736,False,True,0.016821881361769,0.000528369384939,2.0,True,1.0,8.000:8.000|14.552:25.886|18.777:34.340|23.748:32.446|38.899:33.575|50.155:39.229|50.338:44.004|54.416:34.946|50.298:55.209|35.607:55.182|38.798:68.346|36.393:72.220|24.937:71.213|20.747:66.639|19.594:58.869|17.141:53.957|14.260:48.400|20.447:47.268|12.319:70.330|13.705:80.580|29.034:93.470|55.864:77.764|55.380:73.697|61.884:62.146|79.377:75.149|82.731:52.557|96.899:42.195|95.132:39.944|88.506:30.847|86.340:32.894|78.526:24.879|86.091:16.022|8.000:8.000,0-28-10-6-11-9-16-24-13-4-22-5-32-20-15-7-30-8-18-14-27-2-19-1-29-21-25-3-26-23-31-12-0,0.0021912581287324
86,calm,cluttered,ValuePerDistance,32,28,0.875,0.9147286821705426,0.0,False,59.0,64.5,1346.7486837765334,1332.461865558598,-146.74868377653317,-226.7486837765332,True,158.25138840872592,False,True,0.0166728814391539,0.0005781663788969,2.0,True,1.0,8.000:8.000|14.552:25.886|18.777:34.340|23.748:32.446|38.899:33.575|50.155:39.229|54.416:34.946|50.298:55.209|61.884:62.146|55.864:77.764|55.380:73.697|29.034:93.470|20.747:66.639|24.937:71.213|12.319:70.330|17.141:53.957|20.447:47.268|14.260:48.400|19.594:58.869|38.798:68.346|36.393:72.220|35.607:55.182|50.338:44.004|96.899:42.195|95.132:39.944|86.340:32.894|88.506:30.847|78.526:24.879|86.091:16.022|8.000:8.000,0-28-10-6-11-9-24-13-1-2-19-27-20-32-18-7-8-30-15-22-5-4-16-25-3-23-26-31-12-0,0.00169048900716
86,calm,cluttered,WindAwareGreedy,32,20,0.625,0.7441860465116279,0.0,False,48.0,64.5,1351.2929066493152,1350.915290307949,-151.29290664931534,-231.2929066493153,True,147.23382595433134,False,True,0.0243205122289128,0.0011697607240951,2.0,True,1.0,8.000:8.000|14.552:25.886|18.777:34.340|50.155:39.229|54.416:34.946|50.298:55.209|20.747:66.639|29.034:93.470|61.884:62.146|96.899:42.195|86.340:32.894|86.091:16.022|78.526:24.879|88.506:30.847|95.132:39.944|82.731:52.557|38.899:33.575|20.447:47.268|17.141:53.957|12.319:70.330|24.937:71.213|8.000:8.000,0-28-10-9-24-13-20-27-1-25-23-12-31-26-3-21-11-8-7-18-32-0,0.0015882169827818
86,calm,cluttered,ReserveOnlyPlanner,32,18,0.5625,0.6666666666666666,0.6666666666666666,True,43.0,64.5,1111.139390192018,1144.2662051956115,88.86060980798213,8.86060980798213,False,124.5809133472934,True,False,0.0327089499462043,0.0017435640062057,2.0,False,1.0,8.000:8.000|14.552:25.886|18.777:34.340|50.155:39.229|54.416:34.946|50.298:55.209|61.884:62.146|96.899:42.195|86.340:32.894|88.506:30.847|86.091:16.022|78.526:24.879|82.731:52.557|95.132:39.944|38.899:33.575|20.747:66.639|24.937:71.213|17.141:53.957|20.447:47.268|8.000:8.000,0-28-10-9-24-13-1-25-23-26-12-31-21-3-11-20-32-7-8-0,0.0015858500264585
86,calm,cluttered,FairRiskAwareGreedy,32,16,0.5,0.5891472868217055,0.5891472868217055,True,38.0,64.5,1103.4509328079664,1120.680577617189,96.54906719203338,16.549067192033377,False,124.78911628756404,True,False,0.0129107590554451,0.0007635137944219,2.0,False,1.0,8.000:8.000|14.552:25.886|18.777:34.340|50.155:39.229|54.416:34.946|20.747:66.639|17.141:53.957|20.447:47.268|50.298:55.209|61.884:62.146|96.899:42.195|86.340:32.894|86.091:16.022|38.899:33.575|23.748:32.446|12.319:70.330|19.594:58.869|8.000:8.000,0-28-10-9-24-20-7-8-13-1-25-23-12-11-6-18-15-0,0.0026432687882333
86,calm,cluttered,FairALNSPlanner,32,25,0.78125,0.875968992248062,0.875968992248062,True,56.5,64.5,1062.8724502620198,1129.9039795944864,137.12754973798005,57.12754973798005,False,132.1456811713556,True,False,0.0219964648304665,0.0008534048528299,2.0,False,1.0,8.000:8.000|38.899:33.575|50.155:39.229|54.416:34.946|78.526:24.879|86.091:16.022|88.506:30.847|86.340:32.894|95.132:39.944|96.899:42.195|82.731:52.557|61.884:62.146|55.380:73.697|55.864:77.764|50.298:55.209|35.607:55.182|38.798:68.346|29.034:93.470|24.937:71.213|20.747:66.639|12.319:70.330|19.594:58.869|17.141:53.957|20.447:47.268|18.777:34.340|14.552:25.886|8.000:8.000,0-11-9-24-31-12-26-23-3-25-21-1-19-2-13-4-22-27-32-20-18-15-7-8-10-28-0,15.785232473164797
86,calm,cluttered,RAWA-RHP,32,26,0.8125,0.875968992248062,0.875968992248062,True,56.5,64.5,1052.3160836682473,1132.617962859542,147.68391633175267,67.68391633175267,False,134.36385856872982,True,False,0.0216735212265618,0.0008096031809623,2.0,False,1.0,8.000:8.000|14.552:25.886|18.777:34.340|23.748:32.446|20.447:47.268|17.141:53.957|19.594:58.869|12.319:70.330|20.747:66.639|24.937:71.213|29.034:93.470|55.864:77.764|55.380:73.697|61.884:62.146|50.298:55.209|50.338:44.004|50.155:39.229|54.416:34.946|82.731:52.557|96.899:42.195|95.132:39.944|86.340:32.894|88.506:30.847|86.091:16.022|78.526:24.879|38.899:33.575|27.700:16.916|8.000:8.000,0-28-10-6-8-7-15-18-20-32-27-2-19-1-13-16-9-24-21-25-3-23-26-12-31-11-17-0,93.43199894810095
87,severe,sparse,NearestNeighbor,32,8,0.25,0.216,0.0,False,13.5,62.5,1378.1585104536769,1338.6596916609578,-178.1585104536769,-258.1585104536769,True,63.51050882632222,False,True,0.0041909618871879,0.0004656624374852,2.8284271247461903,True,1.0,8.000:8.000|26.105:21.527|27.241:25.893|17.855:30.621|11.229:51.971|14.645:69.277|25.872:68.000|22.467:85.009|54.264:75.088|8.000:8.000,0-9-31-13-23-21-16-22-8-0,0.0009497399441897
87,severe,sparse,ValuePerDistance,32,11,0.34375,0.368,0.0,False,23.0,62.5,1299.7295732415898,1325.8022753489065,-99.72957324158978,-179.72957324158978,True,63.68807779543987,False,True,0.0288208910872299,0.0024232350988918,2.0,True,1.0,8.000:8.000|26.105:21.527|27.241:25.893|17.855:30.621|45.758:34.219|45.364:24.179|46.614:20.221|37.314:18.714|59.130:17.187|69.177:21.078|58.805:29.578|50.098:30.648|8.000:8.000,0-9-31-13-4-3-11-29-24-28-2-6-0,0.0009060460142791
87,severe,sparse,WindAwareGreedy,32,12,0.375,0.408,0.0,False,25.5,62.5,1512.461186024453,1518.0480392923455,-312.46118602445245,-392.4611860244525,True,75.69567043058058,False,True,0.0114328219379236,0.0008828703184687,2.8284271247461903,True,1.0,8.000:8.000|26.105:21.527|17.855:30.621|27.241:25.893|37.314:18.714|45.758:34.219|46.614:20.221|45.364:24.179|50.098:30.648|56.372:57.011|57.789:51.113|25.872:68.000|14.645:69.277|8.000:8.000,0-9-13-31-29-4-11-3-6-12-32-16-21-0,0.0010819919407367
87,severe,sparse,ReserveOnlyPlanner,32,9,0.28125,0.296,0.296,True,18.5,62.5,1048.6381357888267,1120.6305388115088,151.3618642111732,71.36186421117321,False,50.11208483526577,True,False,0.0090005340470833,0.0009019134101624,2.8284271247461903,False,1.0,8.000:8.000|26.105:21.527|17.855:30.621|27.241:25.893|37.314:18.714|46.614:20.221|45.364:24.179|45.758:34.219|50.098:30.648|58.805:29.578|8.000:8.000,0-9-13-31-29-11-3-4-6-2-0,0.0009004280436784
87,severe,sparse,FairRiskAwareGreedy,32,13,0.40625,0.488,0.488,True,30.5,62.5,1038.7921052978634,1109.020555228127,161.20789470213683,81.20789470213683,False,92.4329498530146,True,False,0.0134359843504595,0.0009638440915791,2.8284271247461903,False,1.0,8.000:8.000|26.105:21.527|46.614:20.221|45.758:34.219|45.364:24.179|37.314:18.714|17.855:30.621|27.241:25.893|25.872:68.000|56.372:57.011|69.907:64.661|57.789:51.113|69.177:21.078|59.130:17.187|8.000:8.000,0-9-11-4-3-29-13-31-16-12-10-32-28-24-0,0.0014712619595229
87,severe,sparse,FairALNSPlanner,32,19,0.59375,0.656,0.656,True,41.0,62.5,998.84111134785,1179.1709965371908,201.15888865215004,121.15888865215004,False,100.55300569594974,True,False,0.0241137360936822,0.0012159340718131,2.8284271247461903,False,1.0,8.000:8.000|26.105:21.527|27.241:25.893|37.314:18.714|46.614:20.221|45.364:24.179|45.758:34.219|50.098:30.648|57.789:51.113|69.907:64.661|77.474:77.637|88.515:85.345|83.772:84.407|79.150:72.309|79.207:69.088|56.372:57.011|25.872:68.000|14.645:69.277|11.229:51.971|17.855:30.621|8.000:8.000,0-9-31-29-11-3-4-6-32-10-26-14-7-25-17-12-16-21-23-13-0,10.657183984993026
87,severe,sparse,RAWA-RHP,32,23,0.71875,0.784,0.784,True,49.0,62.5,1047.1394593690611,1241.4424451572245,152.86054063093908,72.86054063093908,False,110.70483913247,True,False,0.0299383078085023,0.0012620360812082,2.8284271247461903,False,1.0,8.000:8.000|59.130:17.187|69.177:21.078|58.805:29.578|62.723:40.303|65.182:38.704|79.222:52.941|85.222:61.938|79.207:69.088|79.150:72.309|83.772:84.407|88.515:85.345|77.474:77.637|69.907:64.661|56.372:57.011|57.789:51.113|50.098:30.648|45.758:34.219|45.364:24.179|46.614:20.221|37.314:18.714|26.105:21.527|27.241:25.893|17.855:30.621|8.000:8.000,0-24-28-2-30-5-1-18-17-25-7-14-26-10-12-32-6-4-3-11-29-9-31-13-0,49.00857129180804
88,calm,sparse,NearestNeighbor,32,30,0.9375,0.9347826086956522,0.0,False,64.5,69.0,1215.6547271331474,1214.240472779005,-15.654727133147418,-95.65472713314742,True,150.02388846457723,False,True,0.012851457471896,0.0004166246235178,2.0,True,1.0,8.000:8.000|18.469:22.699|27.442:15.807|37.596:26.648|36.103:37.581|38.798:51.605|56.581:51.510|55.360:69.228|64.162:70.687|65.858:76.725|71.431:72.614|72.837:81.044|79.391:81.326|82.003:89.854|70.574:97.390|67.596:90.366|83.531:67.629|88.468:69.825|88.050:64.275|66.125:30.349|60.845:31.266|68.652:19.347|55.367:18.245|47.251:16.937|24.026:51.744|23.021:54.451|22.242:57.454|17.359:47.071|12.534:55.599|9.013:57.327|10.364:39.239|8.000:8.000,0-23-6-24-32-29-13-8-18-11-26-1-19-12-22-9-30-15-10-20-7-2-4-14-31-5-28-21-25-27-3-0,0.0020729999523609
88,calm,sparse,ValuePerDistance,32,28,0.875,0.9420289855072465,0.0,False,65.0,69.0,1343.2121487628576,1337.2892653701645,-143.21214876285757,-223.2121487628576,True,158.50779641166332,False,True,0.0180006793828035,0.0006253636162386,2.0,True,1.0,8.000:8.000|18.469:22.699|10.364:39.239|17.359:47.071|24.026:51.744|23.021:54.451|22.242:57.454|9.013:57.327|12.534:55.599|31.976:80.327|55.360:69.228|65.858:76.725|72.837:81.044|79.391:81.326|82.003:89.854|67.596:90.366|70.574:97.390|71.431:72.614|88.050:64.275|88.468:69.825|83.531:67.629|60.845:31.266|68.652:19.347|47.251:16.937|55.367:18.245|37.596:26.648|36.103:37.581|38.798:51.605|42.041:70.276|8.000:8.000,0-23-3-21-31-5-28-27-25-17-8-11-1-19-12-9-22-26-10-15-30-7-2-14-4-24-32-29-16-0,0.0016478369943797
88,calm,sparse,WindAwareGreedy,32,21,0.65625,0.7608695652173914,0.0,False,52.5,69.0,1385.2497035289446,1387.6882936258185,-185.24970352894445,-265.24970352894445,True,153.25705694234372,False,True,0.0101645826900382,0.0004638448727162,2.0,True,1.0,8.000:8.000|10.364:39.239|9.013:57.327|17.359:47.071|24.026:51.744|23.021:54.451|31.976:80.327|55.360:69.228|60.845:31.266|68.652:19.347|47.251:16.937|37.596:26.648|36.103:37.581|18.469:22.699|12.534:55.599|22.242:57.454|79.391:81.326|88.050:64.275|72.837:81.044|67.596:90.366|65.858:76.725|71.431:72.614|8.000:8.000,0-3-27-21-31-5-17-8-7-2-14-24-32-23-25-28-19-10-1-9-11-26-0,0.0015875590033829
88,calm,sparse,ReserveOnlyPlanner,32,19,0.59375,0.6159420289855072,0.6159420289855072,True,42.5,69.0,1111.3167791105566,1151.9464062685645,88.68322088944319,8.683220889443191,False,125.7334799704642,True,False,0.0118385544761038,0.0005945403547237,2.0,False,1.0,8.000:8.000|18.469:22.699|10.364:39.239|9.013:57.327|17.359:47.071|24.026:51.744|23.021:54.451|22.242:57.454|31.976:80.327|55.360:69.228|60.845:31.266|68.652:19.347|47.251:16.937|37.596:26.648|36.103:37.581|38.798:51.605|12.534:55.599|42.041:70.276|56.581:51.510|27.442:15.807|8.000:8.000,0-23-3-27-21-31-5-28-17-8-7-2-14-24-32-29-25-16-13-6-0,0.0016311269719153
88,calm,sparse,FairRiskAwareGreedy,32,17,0.53125,0.5797101449275363,0.5797101449275363,True,40.0,69.0,1046.2997906871915,1064.9326903451706,153.7002093128083,73.70020931280831,False,122.26416113561012,True,False,0.0143433010399793,0.0008012504841414,2.0,False,1.0,8.000:8.000|9.013:57.327|10.364:39.239|17.359:47.071|24.026:51.744|23.021:54.451|31.976:80.327|55.360:69.228|60.845:31.266|68.652:19.347|47.251:16.937|36.103:37.581|18.469:22.699|12.534:55.599|22.242:57.454|37.596:26.648|55.367:18.245|27.442:15.807|8.000:8.000,0-27-3-21-31-5-17-8-7-2-14-32-23-25-28-24-4-6-0,0.0027909709606319
88,calm,sparse,FairALNSPlanner,32,26,0.8125,0.8913043478260869,0.8913043478260869,True,61.5,69.0,1054.123055580766,1130.2229153112512,145.87694441923384,65.87694441923384,False,135.01067997488087,True,False,0.0107397854863221,0.0003993119284592,2.0,False,1.0,8.000:8.000|18.469:22.699|17.359:47.071|23.021:54.451|22.242:57.454|24.026:51.744|36.103:37.581|37.596:26.648|47.251:16.937|55.367:18.245|68.652:19.347|60.845:31.266|88.050:64.275|88.468:69.825|83.531:67.629|71.431:72.614|79.391:81.326|72.837:81.044|70.574:97.390|67.596:90.366|65.858:76.725|55.360:69.228|42.041:70.276|31.976:80.327|9.013:57.327|12.534:55.599|10.364:39.239|8.000:8.000,0-23-21-5-28-31-32-24-14-4-2-7-10-15-30-26-19-1-22-9-11-8-16-17-27-25-3-0,15.957673254888505
88,calm,sparse,RAWA-RHP,32,26,0.8125,0.8913043478260869,0.8913043478260869,True,61.5,69.0,1050.428765624425,1126.0404378834935,149.57123437557536,69.57123437557536,False,135.01067997488087,True,False,0.0107397854863221,0.0003993119284592,2.0,False,1.0,8.000:8.000|10.364:39.239|12.534:55.599|9.013:57.327|31.976:80.327|42.041:70.276|55.360:69.228|65.858:76.725|67.596:90.366|70.574:97.390|72.837:81.044|79.391:81.326|71.431:72.614|83.531:67.629|88.468:69.825|88.050:64.275|60.845:31.266|68.652:19.347|55.367:18.245|47.251:16.937|37.596:26.648|36.103:37.581|24.026:51.744|23.021:54.451|22.242:57.454|17.359:47.071|18.469:22.699|8.000:8.000,0-3-25-27-17-16-8-11-9-22-1-19-26-30-15-10-7-2-4-14-24-32-31-5-28-21-23-0,35.48671823600307
88,calm,cluttered,NearestNeighbor,32,30,0.9375,0.9142857142857144,0.0,False,64.0,70.0,1292.029117421689,1291.5002381601057,-92.02911742168932,-172.0291174216893,True,156.50648416309255,False,True,0.006002437659793,0.0001940623760973,2.0,True,1.0,8.000:8.000|14.238:39.096|22.459:55.664|16.031:67.369|22.011:75.631|33.785:64.419|41.757:72.976|40.765:76.715|55.030:72.435|57.409:79.297|62.488:81.845|53.143:91.946|76.952:85.460|82.780:80.632|85.069:81.871|95.289:90.888|82.947:96.795|61.316:66.167|61.497:52.138|59.424:51.213|60.243:48.980|65.764:45.271|68.241:43.184|72.064:45.413|76.485:46.237|86.437:58.057|90.925:48.254|83.127:28.971|63.974:12.842|49.795:21.569|34.263:39.666|8.000:8.000,0-11-23-16-31-10-20-4-2-24-22-7-6-3-30-9-32-15-19-21-27-5-26-8-25-1-29-28-18-17-12-0,0.0012117910664528
88,calm,cluttered,ValuePerDistance,32,27,0.84375,0.9,0.0,False,63.0,70.0,1333.7029873241352,1336.0517763261682,-133.70298732413528,-213.70298732413528,True,156.68062234108075,False,True,0.0150157633744822,0.0005396303318484,2.0,True,1.0,8.000:8.000|14.238:39.096|22.459:55.664|38.026:53.428|47.625:57.975|59.424:51.213|60.243:48.980|65.764:45.271|68.241:43.184|72.064:45.413|76.485:46.237|90.925:48.254|86.437:58.057|82.780:80.632|85.069:81.871|76.952:85.460|82.947:96.795|95.289:90.888|62.488:81.845|57.409:79.297|55.030:72.435|41.757:72.976|40.765:76.715|33.785:64.419|34.263:39.666|63.974:12.842|83.127:28.971|61.497:52.138|8.000:8.000,0-11-23-13-14-21-27-5-26-8-25-29-1-3-30-6-32-9-22-24-2-20-4-10-12-18-28-19-0,0.0009046019986271
88,calm,cluttered,WindAwareGreedy,32,21,0.65625,0.7928571428571428,0.0,False,55.5,70.0,1417.3494548653832,1404.8577401348753,-217.34945486538305,-297.349454865383,True,153.999007925281,False,True,0.0255670060333749,0.0011747359926272,2.0,True,1.0,8.000:8.000|22.459:55.664|38.026:53.428|47.625:57.975|65.764:45.271|68.241:43.184|72.064:45.413|63.974:12.842|90.925:48.254|86.437:58.057|82.780:80.632|76.952:85.460|82.947:96.795|62.488:81.845|55.030:72.435|59.424:51.213|34.263:39.666|14.238:39.096|16.031:67.369|41.757:72.976|40.765:76.715|57.409:79.297|8.000:8.000,0-23-13-14-5-26-8-18-29-1-3-6-32-22-2-21-12-11-16-20-4-24-0,0.001119788037613
88,calm,cluttered,ReserveOnlyPlanner,32,20,0.625,0.7071428571428572,0.7071428571428572,True,49.5,70.0,1102.3382905116018,1138.7339986691154,97.66170948839844,17.66170948839843,False,127.37856415120002,True,False,0.0095109226740258,0.0004543242878812,2.0,False,1.0,8.000:8.000|63.974:12.842|68.241:43.184|65.764:45.271|72.064:45.413|59.424:51.213|47.625:57.975|38.026:53.428|22.459:55.664|34.263:39.666|14.238:39.096|16.031:67.369|22.011:75.631|40.765:76.715|41.757:72.976|55.030:72.435|62.488:81.845|76.952:85.460|82.780:80.632|85.069:81.871|60.243:48.980|8.000:8.000,0-18-26-5-8-21-14-13-23-12-11-16-31-4-20-2-22-6-3-30-27-0,0.0016792831011116
88,calm,cluttered,FairRiskAwareGreedy,32,13,0.40625,0.4928571428571429,0.4928571428571429,True,34.5,70.0,1096.7730238434465,1117.0117002005395,103.22697615655328,23.22697615655329,False,119.57792106193791,True,False,0.0143279279032825,0.0010290636199496,2.0,False,1.0,8.000:8.000|22.459:55.664|38.026:53.428|65.764:45.271|68.241:43.184|72.064:45.413|63.974:12.842|34.263:39.666|14.238:39.096|16.031:67.369|59.424:51.213|47.625:57.975|82.780:80.632|60.243:48.980|8.000:8.000,0-23-13-5-26-8-18-12-11-16-21-14-3-27-0,0.0024518698919564
88,calm,cluttered,FairALNSPlanner,32,24,0.75,0.8428571428571429,0.8428571428571429,True,59.0,70.0,1039.9554221894236,1108.1494196674523,160.04457781057636,80.04457781057636,False,130.7210342957799,True,False,0.0086921177539722,0.000348848822867,2.0,False,1.0,8.000:8.000|63.974:12.842|83.127:28.971|90.925:48.254|86.437:58.057|85.069:81.871|82.780:80.632|76.952:85.460|82.947:96.795|62.488:81.845|57.409:79.297|55.030:72.435|41.757:72.976|40.765:76.715|47.625:57.975|68.241:43.184|72.064:45.413|65.764:45.271|60.243:48.980|59.424:51.213|61.497:52.138|38.026:53.428|34.263:39.666|22.459:55.664|14.238:39.096|8.000:8.000,0-18-28-29-1-30-3-6-32-22-24-2-20-4-14-26-8-5-27-21-19-13-12-23-11-0,16.41420582588762
88,calm,cluttered,RAWA-RHP,32,25,0.78125,0.8428571428571429,0.8428571428571429,True,59.0,70.0,1049.7092557459555,1116.0339961689613,150.2907442540441,70.29074425404411,False,131.63159998395102,True,False,0.0141092312767677,0.0005458114517197,2.0,False,1.0,8.000:8.000|14.238:39.096|22.459:55.664|34.263:39.666|38.026:53.428|47.625:57.975|59.424:51.213|68.241:43.184|72.064:45.413|65.764:45.271|61.497:52.138|60.243:48.980|76.485:46.237|90.925:48.254|86.437:58.057|85.069:81.871|82.780:80.632|76.952:85.460|82.947:96.795|62.488:81.845|57.409:79.297|55.030:72.435|41.757:72.976|40.765:76.715|22.011:75.631|16.031:67.369|8.000:8.000,0-11-23-12-13-14-21-26-8-5-19-27-25-29-1-30-3-6-32-22-24-2-20-4-31-16-0,26.825170746073127
84,calm,sparse,NearestNeighbor,32,30,0.9375,0.9435483870967742,0.0,False,58.5,62.0,1267.282528355387,1256.7016602992835,-67.28252835538643,-147.28252835538643,True,148.11807389692467,False,True,0.029479877900213,0.0009620471628763,2.0,True,1.0,8.000:8.000|19.229:30.824|16.184:38.356|19.322:57.393|11.216:62.081|11.242:64.605|9.506:71.160|28.063:67.199|29.289:63.164|42.968:73.713|47.044:89.432|43.006:91.151|63.043:93.543|70.131:85.752|78.234:84.855|80.216:78.240|74.307:72.327|72.396:71.131|75.687:69.182|67.396:62.754|68.889:59.565|50.226:50.714|47.476:44.657|48.969:38.816|57.811:34.780|62.948:27.011|68.356:17.746|64.631:9.359|61.548:9.875|75.816:25.025|87.955:14.895|8.000:8.000,0-12-27-26-18-32-6-4-29-30-8-22-17-16-5-21-9-28-19-13-31-15-2-23-20-25-7-3-14-11-24-0,0.0021336828358471
84,calm,sparse,ValuePerDistance,32,31,0.96875,0.9758064516129032,0.0,False,60.5,62.0,1323.6664132178391,1324.5669482431729,-123.66641321783936,-203.66641321783936,True,157.47977075769495,False,True,0.0147318311590396,0.0004619426068239,2.0,True,1.0,8.000:8.000|19.229:30.824|16.184:38.356|38.567:47.564|47.476:44.657|50.226:50.714|48.969:38.816|57.811:34.780|62.948:27.011|75.816:25.025|64.631:9.359|61.548:9.875|68.356:17.746|87.955:14.895|67.396:62.754|68.889:59.565|75.687:69.182|74.307:72.327|72.396:71.131|80.216:78.240|78.234:84.855|70.131:85.752|63.043:93.543|47.044:89.432|43.006:91.151|42.968:73.713|28.063:67.199|29.289:63.164|19.322:57.393|11.242:64.605|11.216:62.081|9.506:71.160|8.000:8.000,0-12-27-1-2-15-23-20-25-11-3-14-7-24-13-31-19-9-28-21-5-16-17-8-22-30-4-29-26-32-18-6-0,0.0017817891202867
84,calm,sparse,WindAwareGreedy,32,24,0.75,0.7983870967741935,0.0,False,49.5,62.0,1322.892183036707,1321.6511052979367,-122.89218303670692,-202.8921830367069,True,147.06300917312424,False,True,0.0263790660394198,0.0010645556455599,2.0,True,1.0,8.000:8.000|19.229:30.824|16.184:38.356|47.476:44.657|50.226:50.714|38.567:47.564|64.631:9.359|61.548:9.875|57.811:34.780|67.396:62.754|68.889:59.565|80.216:78.240|78.234:84.855|74.307:72.327|72.396:71.131|75.687:69.182|42.968:73.713|47.044:89.432|43.006:91.151|11.242:64.605|11.216:62.081|9.506:71.160|19.322:57.393|28.063:67.199|29.289:63.164|8.000:8.000,0-12-27-2-15-1-3-14-20-13-31-21-5-9-28-19-30-8-22-32-18-6-26-4-29-0,0.0017097939271479
84,calm,sparse,ReserveOnlyPlanner,32,21,0.65625,0.6935483870967742,0.6935483870967742,True,43.0,62.0,1108.4065939758675,1158.2952787992776,91.59340602413266,11.593406024132662,False,124.28754524006432,True,False,0.0267480465021652,0.0012269298477273,2.0,False,1.0,8.000:8.000|19.229:30.824|16.184:38.356|47.476:44.657|50.226:50.714|38.567:47.564|11.242:64.605|11.216:62.081|9.506:71.160|19.322:57.393|28.063:67.199|42.968:73.713|47.044:89.432|43.006:91.151|67.396:62.754|68.889:59.565|75.687:69.182|80.216:78.240|78.234:84.855|74.307:72.327|72.396:71.131|48.969:38.816|8.000:8.000,0-12-27-2-15-1-32-18-6-26-4-30-8-22-13-31-19-21-5-9-28-23-0,0.0017208207864314
84,calm,sparse,FairRiskAwareGreedy,32,19,0.59375,0.6693548387096774,0.6693548387096774,True,41.5,62.0,1088.336593138334,1108.3645833455616,111.66340686166603,31.663406861666047,False,129.0373862330065,True,False,0.0024820955730582,0.0001241741395377,2.0,False,1.0,8.000:8.000|19.229:30.824|16.184:38.356|64.631:9.359|61.548:9.875|47.476:44.657|50.226:50.714|38.567:47.564|67.396:62.754|80.216:78.240|75.687:69.182|72.396:71.131|74.307:72.327|42.968:73.713|57.811:34.780|75.816:25.025|87.955:14.895|68.356:17.746|62.948:27.011|38.915:34.826|8.000:8.000,0-12-27-3-14-2-15-1-13-21-19-28-9-30-20-11-24-7-25-10-0,0.0029102840926498
84,calm,sparse,FairALNSPlanner,32,30,0.9375,0.9516129032258064,0.9516129032258064,True,59.0,62.0,1046.3013227088386,1119.9767403472522,153.6986772911613,73.69867729116129,False,141.91010329243474,True,False,0.0210520508621357,0.0006837696047395,2.0,False,1.0,8.000:8.000|19.229:30.824|16.184:38.356|11.242:64.605|11.216:62.081|19.322:57.393|29.289:63.164|28.063:67.199|42.968:73.713|47.044:89.432|43.006:91.151|63.043:93.543|70.131:85.752|78.234:84.855|80.216:78.240|75.687:69.182|74.307:72.327|72.396:71.131|67.396:62.754|68.889:59.565|50.226:50.714|38.567:47.564|47.476:44.657|48.969:38.816|57.811:34.780|62.948:27.011|75.816:25.025|87.955:14.895|68.356:17.746|64.631:9.359|61.548:9.875|8.000:8.000,0-12-27-32-18-26-29-4-30-8-22-17-16-5-21-19-9-28-13-31-15-1-2-23-20-25-11-24-7-3-14-0,19.24827246600762
84,calm,sparse,RAWA-RHP,32,30,0.9375,0.9596774193548387,0.9596774193548387,True,59.5,62.0,1062.0038211388037,1139.45207529769,137.99617886119648,57.99617886119648,False,143.73920970674624,True,False,0.0262730957406579,0.000855811908395,2.0,False,1.0,8.000:8.000|61.548:9.875|64.631:9.359|68.356:17.746|87.955:14.895|75.816:25.025|62.948:27.011|57.811:34.780|48.969:38.816|47.476:44.657|38.567:47.564|50.226:50.714|68.889:59.565|67.396:62.754|72.396:71.131|74.307:72.327|75.687:69.182|80.216:78.240|78.234:84.855|70.131:85.752|63.043:93.543|43.006:91.151|47.044:89.432|42.968:73.713|28.063:67.199|9.506:71.160|11.242:64.605|11.216:62.081|19.322:57.393|16.184:38.356|19.229:30.824|8.000:8.000,0-14-3-7-24-11-25-20-23-2-1-15-31-13-28-9-19-21-5-16-17-22-8-30-4-6-32-18-26-27-12-0,177.98985464009456
84,calm,cluttered,NearestNeighbor,32,28,0.875,0.8712121212121212,0.0,False,57.5,66.0,1419.9331738776991,1415.3801079554214,-219.93317387769932,-299.93317387769935,True,156.227106243315,False,True,0.0248277006749714,0.0008354025492214,2.0,True,1.0,8.000:8.000|20.129:21.671|22.311:25.922|16.972:47.723|28.000:52.094|35.446:57.256|40.520:48.796|42.736:48.456|39.025:43.256|40.200:38.785|38.138:24.708|35.355:10.752|45.598:7.472|57.114:22.280|67.562:25.197|69.083:21.019|73.683:24.955|67.925:37.832|67.889:41.035|68.310:46.093|67.179:51.980|63.381:51.896|58.969:49.970|54.795:45.936|51.015:82.440|31.703:78.926|18.635:66.514|15.536:62.324|12.359:82.799|8.000:8.000,0-25-29-3-23-5-28-15-16-26-18-2-22-17-10-8-6-14-7-4-20-11-13-19-9-21-24-1-30-0,0.0020415738690644
84,calm,cluttered,ValuePerDistance,32,29,0.90625,0.946969696969697,0.0,False,62.5,66.0,1348.5447013002592,1355.924618863772,-148.54470130025902,-228.54470130025905,True,154.9129053812384,False,True,0.0351308148924182,0.001188284984723,2.0,True,1.0,8.000:8.000|22.311:25.922|20.129:21.671|35.355:10.752|38.138:24.708|40.200:38.785|39.025:43.256|40.520:48.796|42.736:48.456|35.446:57.256|28.000:52.094|16.972:47.723|15.536:62.324|18.635:66.514|12.359:82.799|31.703:78.926|51.015:82.440|63.381:51.896|67.179:51.980|68.310:46.093|67.889:41.035|67.925:37.832|67.562:25.197|73.683:24.955|69.083:21.019|91.972:27.300|91.373:30.340|85.692:70.360|81.655:69.862|58.969:49.970|8.000:8.000,0-29-25-2-18-26-16-28-15-5-23-3-1-24-30-21-9-11-20-4-7-14-10-6-8-27-31-32-12-13-0,0.0016485848464071
84,calm,cluttered,WindAwareGreedy,32,20,0.625,0.7045454545454546,0.0,False,46.5,66.0,1316.1797172678152,1313.3192323224505,-116.17971726781498,-196.17971726781496,True,140.22684497267883,False,True,0.0359560072140593,0.0017379544905081,2.0,True,1.0,8.000:8.000|15.536:62.324|35.446:57.256|40.520:48.796|39.025:43.256|40.200:38.785|16.972:47.723|22.311:25.922|35.355:10.752|67.562:25.197|68.310:46.093|63.381:51.896|67.889:41.035|67.925:37.832|67.179:51.980|28.000:52.094|38.138:24.708|42.736:48.456|54.795:45.936|58.969:49.970|73.683:24.955|8.000:8.000,0-1-5-28-16-26-3-29-2-10-4-11-7-14-20-23-18-15-19-13-6-0,0.0015377891249954
84,calm,cluttered,ReserveOnlyPlanner,32,22,0.6875,0.7348484848484849,0.7348484848484849,True,48.5,66.0,1100.6521643589408,1148.338432767381,99.347835641059,19.347835641059007,False,125.19667619129086,True,False,0.048997971838136,0.0021772088341267,2.0,False,1.0,8.000:8.000|22.311:25.922|16.972:47.723|15.536:62.324|35.446:57.256|40.520:48.796|39.025:43.256|40.200:38.785|38.138:24.708|35.355:10.752|67.562:25.197|68.310:46.093|63.381:51.896|67.889:41.035|67.925:37.832|67.179:51.980|58.969:49.970|54.795:45.936|42.736:48.456|28.000:52.094|18.635:66.514|12.359:82.799|20.129:21.671|8.000:8.000,0-29-3-1-5-28-16-26-18-2-10-4-11-7-14-20-13-19-15-23-24-30-25-0,0.0017706570215523
84,calm,cluttered,FairRiskAwareGreedy,32,17,0.53125,0.6363636363636364,0.6363636363636364,True,42.0,66.0,1082.3589180108245,1103.7351358772628,117.64108198917558,37.641081989175575,False,126.0073917004686,True,False,0.0167347263970812,0.0009354890346688,2.0,False,1.0,8.000:8.000|15.536:62.324|35.446:57.256|40.520:48.796|39.025:43.256|40.200:38.785|67.562:25.197|68.310:46.093|63.381:51.896|16.972:47.723|22.311:25.922|67.925:37.832|91.373:30.340|91.972:27.300|67.889:41.035|73.683:24.955|35.355:10.752|20.129:21.671|8.000:8.000,0-1-5-28-16-26-10-4-11-3-29-14-31-27-7-6-2-25-0,0.0025466559454798
84,calm,cluttered,FairALNSPlanner,32,25,0.78125,0.8181818181818182,0.8181818181818182,True,54.0,66.0,1000.1193521439374,1055.111429690963,199.8806478560625,119.8806478560625,False,129.21182054350822,True,False,0.0433595389460687,0.0016999653531552,2.0,False,1.0,8.000:8.000|20.129:21.671|22.311:25.922|40.520:48.796|39.025:43.256|40.200:38.785|38.138:24.708|35.355:10.752|69.083:21.019|73.683:24.955|91.972:27.300|91.373:30.340|68.310:46.093|58.969:49.970|63.381:51.896|67.179:51.980|67.889:41.035|67.925:37.832|67.562:25.197|57.114:22.280|54.795:45.936|42.736:48.456|35.446:57.256|28.000:52.094|18.635:66.514|15.536:62.324|8.000:8.000,0-25-29-28-16-26-18-2-8-6-27-31-4-13-11-20-7-14-10-17-19-15-5-23-24-1-0,15.145960032008588
84,calm,cluttered,RAWA-RHP,32,30,0.9375,0.9621212121212122,0.9621212121212122,True,63.5,66.0,1064.3462331684166,1146.9799251847746,135.65376683158354,55.65376683158354,False,142.71922450583477,True,False,0.0340413200760276,0.0011135503649693,2.0,False,1.0,8.000:8.000|20.129:21.671|22.311:25.922|16.972:47.723|15.536:62.324|18.635:66.514|28.000:52.094|35.446:57.256|31.703:78.926|51.015:82.440|81.655:69.862|85.692:70.360|91.373:30.340|91.972:27.300|73.683:24.955|69.083:21.019|67.562:25.197|67.925:37.832|67.889:41.035|68.310:46.093|67.179:51.980|63.381:51.896|58.969:49.970|54.795:45.936|42.736:48.456|40.520:48.796|39.025:43.256|40.200:38.785|38.138:24.708|35.355:10.752|45.598:7.472|8.000:8.000,0-25-29-3-1-24-23-5-21-9-12-32-31-27-6-8-10-14-7-4-20-11-13-19-15-28-16-26-18-2-22-0,195.96921509411183
88,severe,sparse,NearestNeighbor,32,21,0.65625,0.6323529411764706,0.0,False,43.0,68.0,1997.8468076306544,2020.509674044306,-797.8468076306542,-877.8468076306542,True,106.57249215438398,False,True,0.173735914177099,0.0083334216104922,2.0,True,1.0,8.000:8.000|19.301:34.657|13.900:41.998|12.415:45.207|11.697:47.724|17.511:52.680|24.989:51.517|30.204:52.272|29.810:47.259|29.270:44.590|44.317:39.917|53.614:43.346|55.759:46.887|46.678:54.301|41.325:62.344|38.182:62.749|52.530:61.158|55.515:61.612|78.675:59.047|89.362:75.003|81.862:79.865|79.780:79.429|8.000:8.000,0-14-23-32-20-10-5-12-7-21-11-22-8-30-29-31-26-4-9-27-15-28-0,0.0010367380455136
88,severe,sparse,ValuePerDistance,32,16,0.5,0.5367647058823529,0.0,False,36.5,68.0,2005.5157023840168,2047.443838846379,-805.5157023840173,-885.5157023840173,True,99.55469151302542,False,True,0.3439100705102474,0.022467938026194,2.0,True,1.0,8.000:8.000|38.947:21.888|50.433:22.589|44.317:39.917|53.614:43.346|55.759:46.887|46.678:54.301|38.182:62.749|41.325:62.344|52.530:61.158|55.515:61.612|78.675:59.047|79.780:79.429|81.862:79.865|89.362:75.003|94.137:29.841|95.129:23.647|8.000:8.000,0-13-3-11-22-8-30-31-29-26-4-9-28-15-27-6-17-0,0.0006643289234489
88,severe,sparse,WindAwareGreedy,32,13,0.40625,0.4411764705882353,0.0,False,30.0,68.0,1895.2287761085229,1902.4374764597533,-695.2287761085229,-775.2287761085229,True,93.80645561021043,False,True,0.0473173680626564,0.0033920584059257,2.0,True,1.0,8.000:8.000|38.947:21.888|50.433:22.589|44.317:39.917|55.759:46.887|53.614:43.346|77.240:28.059|77.687:25.523|61.250:13.377|88.077:36.885|94.137:29.841|95.129:23.647|79.977:27.814|78.675:59.047|8.000:8.000,0-13-3-11-8-22-19-18-2-1-6-17-16-9-0,0.0006396300159394
88,severe,sparse,ReserveOnlyPlanner,32,9,0.28125,0.3088235294117647,0.3088235294117647,True,21.0,68.0,1046.6548216719327,1144.0869064697258,153.34517832806722,73.34517832806722,False,55.86980682519351,True,False,0.0053598646780252,0.0005360573429414,2.8284271247461903,False,1.0,8.000:8.000|38.947:21.888|50.433:22.589|61.250:13.377|77.240:28.059|77.687:25.523|79.977:27.814|55.759:46.887|53.614:43.346|44.317:39.917|8.000:8.000,0-13-3-2-19-18-16-8-22-11-0,0.0004996531642973
88,severe,sparse,FairRiskAwareGreedy,32,12,0.375,0.4411764705882353,0.4411764705882353,True,30.0,68.0,1085.512113180427,1145.4449668566056,114.48788681957276,34.487886819572765,False,95.43558639151934,True,False,0.0006565579526517,5.050600324585375e-05,2.8284271247461903,False,1.0,8.000:8.000|38.947:21.888|50.433:22.589|44.317:39.917|55.759:46.887|77.240:28.059|61.250:13.377|9.132:70.923|17.511:52.680|11.697:47.724|12.415:45.207|19.301:34.657|53.614:43.346|8.000:8.000,0-13-3-11-8-19-2-25-10-20-32-14-22-0,0.0008255979046225
88,severe,sparse,FairALNSPlanner,32,9,0.28125,0.3382352941176471,0.3382352941176471,True,23.0,68.0,734.8251963273065,851.63032897486,465.1748036726935,385.1748036726935,False,66.27603039255796,True,False,0.0071250095345547,0.0007131277040978,2.8284271247461903,False,1.0,8.000:8.000|38.947:21.888|50.433:22.589|61.250:13.377|77.240:28.059|78.675:59.047|55.759:46.887|53.614:43.346|44.317:39.917|46.678:54.301|8.000:8.000,0-13-3-2-19-9-8-22-11-30-0,7.727077505085617
88,severe,sparse,RAWA-RHP,32,23,0.71875,0.75,0.75,True,51.0,68.0,1049.758290301645,1221.161117654059,150.24170969835504,70.24170969835504,False,109.64809056229444,True,False,0.0411760493791641,0.0017368245110758,2.0,False,1.0,8.000:8.000|19.301:34.657|12.415:45.207|11.697:47.724|17.511:52.680|24.989:51.517|29.270:44.590|29.810:47.259|38.182:62.749|41.325:62.344|46.678:54.301|44.317:39.917|53.614:43.346|55.759:46.887|78.675:59.047|88.077:36.885|94.137:29.841|95.129:23.647|77.687:25.523|79.977:27.814|77.240:28.059|61.250:13.377|50.433:22.589|38.947:21.888|8.000:8.000,0-14-32-20-10-5-21-7-31-29-30-11-22-8-9-1-6-17-18-16-19-2-3-13-0,31.43160995701328
88,severe,cluttered,NearestNeighbor,32,21,0.65625,0.6716417910447762,0.0,False,45.0,67.0,2064.086041480732,2088.4387992253187,-864.0860414807321,-944.086041480732,True,112.98409732461432,False,True,0.1104833876594612,0.0052184667213574,2.0,True,1.0,8.000:8.000|17.739:8.817|18.969:31.800|19.738:46.442|23.251:45.726|24.943:44.212|30.631:45.314|31.283:43.046|36.567:39.020|41.618:44.668|45.803:35.615|55.232:24.277|66.126:21.879|70.030:21.324|79.085:31.131|67.080:45.068|64.019:46.292|71.716:55.463|77.878:67.719|76.648:75.386|74.833:87.918|90.256:74.452|8.000:8.000,0-10-19-26-9-32-1-21-29-20-30-3-5-31-22-18-24-11-15-7-2-27-0,0.0017956169322133
88,severe,cluttered,ValuePerDistance,32,20,0.625,0.664179104477612,0.0,False,44.5,67.0,2078.6201830790724,2053.7619965614927,-878.6201830790723,-958.6201830790724,True,110.92284804555796,False,True,0.1712811152740759,0.0083863812611599,2.0,True,1.0,8.000:8.000|17.739:8.817|18.969:31.800|24.943:44.212|23.251:45.726|19.738:46.442|31.283:43.046|30.631:45.314|36.567:39.020|41.618:44.668|45.803:35.615|55.232:24.277|70.030:21.324|66.126:21.879|64.019:46.292|67.080:45.068|71.716:55.463|76.648:75.386|74.833:87.918|90.256:74.452|88.506:65.386|8.000:8.000,0-10-19-32-9-26-21-1-29-20-30-3-31-5-24-18-11-7-2-27-4-0,0.0013730239588767
88,severe,cluttered,WindAwareGreedy,32,14,0.4375,0.4776119402985074,0.0,False,32.0,67.0,1814.0216829216,1811.4360836815856,-614.0216829216005,-694.0216829216005,True,93.55744235101456,False,True,0.3683252123379565,0.0288193141441481,2.0,True,1.0,8.000:8.000|17.739:8.817|18.969:31.800|24.943:44.212|31.283:43.046|36.567:39.020|41.618:44.668|64.019:46.292|67.080:45.068|55.232:24.277|70.030:21.324|91.125:20.482|79.085:31.131|66.126:21.879|71.716:55.463|8.000:8.000,0-10-19-32-21-29-20-24-18-3-31-25-22-5-11-0,0.0012675339821726
88,severe,cluttered,ReserveOnlyPlanner,32,9,0.28125,0.3059701492537313,0.3059701492537313,True,20.5,67.0,1026.5052041109393,1157.9147007170666,173.4947958890608,93.4947958890608,False,56.825205714813286,True,False,0.0158022569400866,0.0015877992386654,2.8284271247461903,False,1.0,8.000:8.000|17.739:8.817|18.969:31.800|24.943:44.212|31.283:43.046|36.567:39.020|41.618:44.668|64.019:46.292|67.080:45.068|71.716:55.463|8.000:8.000,0-10-19-32-21-29-20-24-18-11-0,0.0009625661186873
88,severe,cluttered,FairRiskAwareGreedy,32,14,0.4375,0.4552238805970149,0.4552238805970149,True,30.5,67.0,1045.1401837491806,1123.7580815943784,154.85981625081928,74.85981625081928,False,97.75110608346462,True,False,0.0031796366603007,0.0002121902435387,2.8284271247461903,False,1.0,8.000:8.000|18.969:31.800|19.738:46.442|24.943:44.212|31.283:43.046|41.618:44.668|64.019:46.292|55.232:24.277|70.030:21.324|36.567:39.020|30.631:45.314|23.251:45.726|17.739:8.817|45.030:12.501|66.126:21.879|8.000:8.000,0-19-26-32-21-20-24-3-31-29-1-9-10-12-5-0,0.0014864560216665
88,severe,cluttered,FairALNSPlanner,32,20,0.625,0.6865671641791045,0.6865671641791045,True,46.0,67.0,1042.0642277017623,1214.7904338638557,157.93577229823745,77.93577229823745,False,103.44591975412612,True,False,0.0400916967609137,0.0019421061091185,2.0,False,1.0,8.000:8.000|18.969:31.800|19.738:46.442|23.251:45.726|24.943:44.212|31.283:43.046|30.631:45.314|32.219:67.972|40.622:81.463|38.502:75.405|62.739:88.268|74.833:87.918|76.648:75.386|71.716:55.463|64.019:46.292|67.080:45.068|55.232:24.277|45.803:35.615|41.618:44.668|36.567:39.020|17.739:8.817|8.000:8.000,0-19-26-9-32-21-1-6-28-14-23-2-7-11-24-18-3-30-20-29-10-0,9.814780165906996
88,severe,cluttered,RAWA-RHP,32,23,0.71875,0.7238805970149254,0.7238805970149254,True,48.5,67.0,1023.3937924957196,1199.035560811092,176.60620750428055,96.60620750428056,False,105.58090702618672,True,False,0.0646020735784921,0.0027607901637354,2.0,False,1.0,8.000:8.000|18.969:31.800|19.738:46.442|23.251:45.726|24.943:44.212|30.631:45.314|31.283:43.046|36.567:39.020|41.618:44.668|39.659:60.762|37.513:62.148|32.219:67.972|38.502:75.405|40.622:81.463|62.739:88.268|74.833:87.918|76.648:75.386|77.878:67.719|71.716:55.463|64.019:46.292|67.080:45.068|55.232:24.277|45.030:12.501|17.739:8.817|8.000:8.000,0-19-26-9-32-1-21-29-20-17-13-6-14-28-23-2-7-15-11-24-18-3-12-10-0,42.71271511702798
89,severe,cluttered,NearestNeighbor,32,11,0.34375,0.2920353982300885,0.0,False,16.5,56.5,1324.4826797570777,1343.948691769795,-124.48267975707785,-204.48267975707785,True,62.02736388003062,False,True,0.008600898893788,0.0007184585727304,2.0,True,1.0,8.000:8.000|23.022:8.802|25.391:11.386|24.538:15.850|33.986:27.136|47.168:16.808|64.760:14.582|74.230:17.087|79.384:25.784|76.963:35.293|74.781:39.147|70.615:46.944|8.000:8.000,0-21-15-31-16-23-10-24-25-26-19-11-0,0.0011018940713256
89,severe,cluttered,ValuePerDistance,32,9,0.28125,0.3097345132743362,0.0,False,17.5,56.5,1303.6971821657578,1305.4112351409342,-103.69718216575794,-183.69718216575797,True,54.70688873043467,False,True,0.0229633836332566,0.0022978260525939,2.0,True,1.0,8.000:8.000|24.538:15.850|25.391:11.386|23.022:8.802|35.307:45.937|39.988:46.456|40.728:56.022|44.881:71.225|45.846:62.866|31.475:52.634|8.000:8.000,0-31-15-21-3-18-28-7-6-13-0,0.0007692058570683
89,severe,cluttered,WindAwareGreedy,32,10,0.3125,0.3097345132743362,0.0,False,17.5,56.5,1277.051871189159,1295.2276317703067,-77.05187118915943,-157.05187118915944,True,56.13857938644231,False,True,0.1165740959121782,0.0106122504571148,2.0,True,1.0,8.000:8.000|24.538:15.850|25.391:11.386|23.022:8.802|33.986:27.136|35.307:45.937|39.988:46.456|24.010:45.268|30.874:43.985|31.475:52.634|40.728:56.022|8.000:8.000,0-31-15-21-16-3-18-2-8-13-28-0,0.0009451610967516
89,severe,cluttered,ReserveOnlyPlanner,32,6,0.1875,0.1592920353982301,0.1592920353982301,True,9.0,56.5,939.4351285539803,997.2909597012092,260.5648714460199,180.56487144601988,False,38.89539787524137,True,False,0.000248194836807,3.5456410268570284e-05,4.0,False,1.0,8.000:8.000|23.022:8.802|25.391:11.386|24.538:15.850|33.986:27.136|47.168:16.808|64.760:14.582|8.000:8.000,0-21-15-31-16-23-10-0,0.0006913209799677
89,severe,cluttered,FairRiskAwareGreedy,32,14,0.4375,0.4690265486725664,0.4690265486725664,True,26.5,56.5,1008.4209739994632,1057.7851921979368,191.57902600053671,111.57902600053671,False,89.80103524584283,True,False,0.0009885728758666,6.592992376562486e-05,4.0,False,1.0,8.000:8.000|24.538:15.850|25.391:11.386|23.022:8.802|19.319:69.940|17.823:72.032|14.336:67.773|44.522:90.349|44.881:71.225|39.988:46.456|40.728:56.022|24.010:45.268|30.874:43.985|33.986:27.136|47.168:16.808|8.000:8.000,0-31-15-21-32-30-12-22-7-18-28-2-8-16-23-0,0.0018149008974432
89,severe,cluttered,FairALNSPlanner,32,15,0.46875,0.5663716814159292,0.5663716814159292,True,32.0,56.5,1068.010903333031,1207.4793913912292,131.98909666696937,51.989096666969374,False,95.94637270539116,True,False,0.001852458501248,0.0001158616787537,2.8284271247461903,False,1.0,8.000:8.000|24.538:15.850|25.391:11.386|23.022:8.802|14.336:67.773|17.823:72.032|19.319:69.940|75.585:85.365|40.977:82.555|44.522:90.349|44.881:71.225|45.846:62.866|40.728:56.022|35.307:45.937|39.988:46.456|24.010:45.268|8.000:8.000,0-31-15-21-12-30-32-4-14-22-7-6-28-3-18-2-0,5.365843534935266
89,severe,cluttered,RAWA-RHP,32,19,0.59375,0.672566371681416,0.672566371681416,True,38.0,56.5,1037.6661087853554,1217.2471272230828,162.3338912146445,82.3338912146445,False,102.31266269645394,True,False,0.0310584890800564,0.0015635819802131,2.0,False,1.0,8.000:8.000|14.336:67.773|19.319:69.940|17.823:72.032|40.977:82.555|44.522:90.349|60.000:59.556|68.447:65.951|83.881:74.780|75.585:85.365|44.881:71.225|45.846:62.866|40.728:56.022|39.988:46.456|35.307:45.937|30.874:43.985|33.986:27.136|24.538:15.850|25.391:11.386|23.022:8.802|8.000:8.000,0-12-32-30-14-22-9-20-17-4-7-6-28-18-3-8-16-31-15-21-0,14.434213837143034
86,moderate,sparse,NearestNeighbor,32,21,0.65625,0.6691176470588235,0.6691176470588235,True,45.5,68.0,1179.9857487291051,1167.4579759066603,20.0142512708951,-59.9857487291049,True,109.47926640260324,True,False,0.0160973168744078,0.0007316974424909,2.0,False,1.0,8.000:8.000|22.095:13.181|36.654:28.436|43.688:39.138|43.820:42.225|34.836:49.609|29.772:47.850|18.929:50.861|19.217:38.953|43.701:55.204|50.025:54.272|55.417:67.111|64.128:67.514|67.431:64.371|72.059:58.484|75.678:51.701|71.137:40.164|56.700:40.924|52.645:33.377|47.775:19.891|44.141:18.252|71.616:22.300|8.000:8.000,0-23-29-21-3-10-15-8-24-14-28-6-13-19-27-9-11-17-20-16-1-25-0,0.001087874174118
86,moderate,sparse,ValuePerDistance,32,20,0.625,0.6838235294117647,0.0,False,46.5,68.0,1310.9882881585677,1302.5007773110578,-110.98828815856774,-190.9882881585677,True,119.91271108917378,False,True,0.1648487234696638,0.0084222408943193,2.0,True,1.0,8.000:8.000|36.654:28.436|44.141:18.252|47.775:19.891|52.645:33.377|56.700:40.924|50.025:54.272|43.701:55.204|41.528:68.641|38.271:64.401|38.261:85.390|38.242:82.254|29.461:87.908|23.606:83.899|29.772:47.850|34.836:49.609|43.820:42.225|43.688:39.138|71.137:40.164|71.616:22.300|75.678:51.701|8.000:8.000,0-29-1-16-20-17-28-14-31-12-2-26-30-7-15-10-3-21-11-25-9-0,0.0008089351467788
86,moderate,sparse,WindAwareGreedy,32,18,0.5625,0.6323529411764706,0.0,False,43.0,68.0,1206.8500300518597,1221.6413184069654,-6.850030051859328,-86.85003005185933,True,108.4876850290578,False,True,0.1379600322107272,0.0076921292017686,2.0,True,1.0,8.000:8.000|44.141:18.252|36.654:28.436|52.645:33.377|50.025:54.272|43.820:42.225|29.772:47.850|19.217:38.953|34.836:49.609|41.528:68.641|38.261:85.390|38.242:82.254|38.271:64.401|43.701:55.204|56.700:40.924|71.137:40.164|71.616:22.300|47.775:19.891|22.095:13.181|8.000:8.000,0-1-29-20-28-3-15-24-10-31-2-26-12-14-17-11-25-16-23-0,0.0007817540317773
86,moderate,sparse,ReserveOnlyPlanner,32,16,0.5,0.5735294117647058,0.5735294117647058,True,39.0,68.0,1109.136950786118,1218.7362717651577,90.86304921388226,10.863049213882263,False,99.17062172113964,True,False,0.1686746692302078,0.0105966927141654,2.0,False,1.0,8.000:8.000|44.141:18.252|36.654:28.436|52.645:33.377|56.700:40.924|50.025:54.272|43.820:42.225|29.772:47.850|19.217:38.953|18.929:50.861|34.836:49.609|43.701:55.204|41.528:68.641|38.271:64.401|38.261:85.390|38.242:82.254|23.606:83.899|8.000:8.000,0-1-29-20-17-28-3-15-24-8-10-14-31-12-2-26-7-0,0.0007812068797647
86,moderate,sparse,FairRiskAwareGreedy,32,14,0.4375,0.4926470588235294,0.4926470588235294,True,33.5,68.0,1062.4230268585795,1106.104945337218,137.57697314142052,57.57697314142053,False,118.10768296100484,True,False,0.0003065538081593,2.043697739061804e-05,2.8284271247461903,False,1.0,8.000:8.000|36.654:28.436|50.025:54.272|67.431:64.371|44.141:18.252|56.700:40.924|29.772:47.850|41.528:68.641|43.820:42.225|34.836:49.609|19.217:38.953|64.128:67.514|43.701:55.204|43.688:39.138|22.095:13.181|8.000:8.000,0-29-28-19-1-17-15-31-3-10-24-13-14-21-23-0,0.0010661189444363
86,moderate,sparse,FairALNSPlanner,32,15,0.46875,0.4852941176470588,0.4852941176470588,True,33.0,68.0,793.6034107050667,888.0772269160115,406.3965892949332,326.3965892949332,False,96.6328493001491,True,False,0.0275025756298149,0.0017306833811483,2.0,False,1.0,8.000:8.000|19.217:38.953|44.141:18.252|47.775:19.891|52.645:33.377|56.700:40.924|71.616:22.300|71.137:40.164|75.678:51.701|72.059:58.484|67.431:64.371|64.128:67.514|61.920:82.504|84.389:88.759|74.766:75.493|73.293:71.723|8.000:8.000,0-24-1-16-20-17-25-11-9-27-19-13-18-5-22-4-0,13.514804713893682
86,moderate,sparse,RAWA-RHP,32,27,0.84375,0.8897058823529411,0.8897058823529411,True,60.5,68.0,1050.8032569998832,1216.8931824655594,149.19674300011698,69.19674300011698,False,134.60077439107437,True,False,0.0831906526092794,0.0030635428268084,2.0,False,1.0,8.000:8.000|36.654:28.436|44.141:18.252|47.775:19.891|52.645:33.377|56.700:40.924|71.616:22.300|71.137:40.164|67.431:64.371|64.128:67.514|74.766:75.493|73.293:71.723|84.389:88.759|61.920:82.504|49.059:83.886|38.261:85.390|38.242:82.254|41.528:68.641|38.271:64.401|43.701:55.204|50.025:54.272|43.688:39.138|43.820:42.225|34.836:49.609|29.772:47.850|18.929:50.861|19.217:38.953|22.095:13.181|8.000:8.000,0-29-1-16-20-17-25-11-19-13-22-4-5-18-32-2-26-31-12-14-28-21-3-10-15-8-24-23-0,132.56298070494086
89,severe,sparse,NearestNeighbor,32,11,0.34375,0.3709677419354839,0.0,False,23.0,62.0,1236.6678552389683,1237.1623355688675,-36.66785523896857,-116.66785523896856,True,57.198216790860926,False,True,0.0007164603276486,5.9720086909770265e-05,2.8284271247461903,True,1.0,8.000:8.000|19.566:11.296|37.278:21.410|37.023:27.549|41.846:15.324|45.977:15.436|53.837:32.169|49.360:35.697|47.210:37.705|35.486:44.782|42.351:51.734|40.527:53.464|8.000:8.000,0-17-22-23-8-26-24-11-31-9-15-16-0,0.0011255999561399
89,severe,sparse,ValuePerDistance,32,10,0.3125,0.3548387096774194,0.0,False,22.0,62.0,1290.2252091264602,1251.5036939820209,-90.22520912646031,-170.22520912646033,True,56.77113103835131,False,True,0.2176381880381924,0.0209951510851452,2.0,True,1.0,8.000:8.000|19.566:11.296|37.278:21.410|41.846:15.324|45.977:15.436|49.360:35.697|47.210:37.705|42.351:51.734|40.527:53.464|35.486:44.782|53.837:32.169|8.000:8.000,0-17-22-8-26-11-31-15-16-9-24-0,0.0008133330848067
89,severe,sparse,WindAwareGreedy,32,10,0.3125,0.3467741935483871,0.3467741935483871,True,21.5,62.0,1099.471003066529,1112.1122607622729,100.52899693347116,20.52899693347115,False,51.72412527860477,True,False,0.1250429823752421,0.0113734665398668,2.0,False,1.0,8.000:8.000|19.566:11.296|37.278:21.410|41.846:15.324|45.977:15.436|49.360:35.697|47.210:37.705|42.351:51.734|40.527:53.464|35.486:44.782|37.023:27.549|8.000:8.000,0-17-22-8-26-11-31-15-16-9-23-0,0.0009396059904247
89,severe,sparse,ReserveOnlyPlanner,32,8,0.25,0.2580645161290322,0.2580645161290322,True,16.0,62.0,1055.736208793028,1117.1802873428587,144.26379120697203,64.26379120697203,False,45.15529908915391,True,False,0.0935879442607237,0.0104027382092636,2.0,False,1.0,8.000:8.000|19.566:11.296|37.278:21.410|41.846:15.324|45.977:15.436|37.023:27.549|49.360:35.697|47.210:37.705|35.486:44.782|8.000:8.000,0-17-22-8-26-23-11-31-9-0,0.0008324848022311
89,severe,sparse,FairRiskAwareGreedy,32,13,0.40625,0.5241935483870968,0.5241935483870968,True,32.5,62.0,1079.9693423781148,1117.1321491752524,120.0306576218854,40.03065762188541,False,93.02740528015298,True,False,0.0013787638416472,9.85360386648236e-05,4.0,False,1.0,8.000:8.000|37.278:21.410|42.351:51.734|40.527:53.464|49.360:35.697|47.210:37.705|66.925:40.174|73.399:71.633|72.511:55.376|29.279:85.599|36.837:74.876|35.486:44.782|41.846:15.324|19.566:11.296|8.000:8.000,0-22-15-16-11-31-32-20-6-18-1-9-8-17-0,0.0018587450031191
89,severe,sparse,FairALNSPlanner,32,17,0.53125,0.6370967741935484,0.6370967741935484,True,39.5,62.0,1063.8263765725085,1258.1389423967332,136.17362342749212,56.17362342749212,False,99.67921817444898,True,False,0.0008841949497448,4.913680697294426e-05,2.8284271247461903,False,1.0,8.000:8.000|37.278:21.410|37.023:27.549|49.360:35.697|47.210:37.705|42.351:51.734|40.527:53.464|35.486:44.782|36.837:74.876|29.279:85.599|87.841:90.433|73.399:71.633|72.511:55.376|67.765:48.589|66.881:42.962|66.925:40.174|45.977:15.436|41.846:15.324|8.000:8.000,0-22-23-11-31-15-16-9-1-18-14-20-6-27-21-32-26-8-0,7.279153078095987
89,severe,sparse,RAWA-RHP,32,21,0.65625,0.7096774193548387,0.7096774193548387,True,44.0,62.0,1030.4939102079086,1191.6011466233326,169.50608979209122,89.50608979209122,False,102.79675843704472,True,False,0.0008024841873403,3.6488250463651006e-05,2.8284271247461903,False,1.0,8.000:8.000|37.278:21.410|37.023:27.549|40.527:53.464|42.351:51.734|35.486:44.782|34.876:61.587|36.837:74.876|32.444:74.745|29.279:85.599|41.002:80.572|73.399:71.633|72.511:55.376|67.765:48.589|66.881:42.962|66.925:40.174|47.210:37.705|49.360:35.697|53.837:32.169|45.977:15.436|41.846:15.324|19.566:11.296|8.000:8.000,0-22-23-16-15-9-12-1-13-18-3-20-6-27-21-32-31-11-24-26-8-17-0,18.269899702863768
89,calm,cluttered,NearestNeighbor,32,32,1.0,1.0,0.0,False,64.5,64.5,1323.6619186570892,1327.473480051587,-123.66191865708916,-203.66191865708916,True,163.77947190971997,False,True,0.0195099442532709,0.0005962341184098,2.0,True,1.0,8.000:8.000|20.557:27.855|19.792:30.709|24.817:33.180|33.837:33.597|30.252:46.861|26.215:53.374|27.525:64.135|25.886:66.852|16.690:61.021|10.424:49.845|12.772:43.860|46.510:37.222|47.719:28.291|45.344:46.359|57.947:55.437|69.151:57.783|70.823:62.228|67.343:65.790|76.330:67.666|77.369:76.717|74.877:79.208|57.748:71.571|44.534:81.036|73.578:51.013|86.600:56.548|92.208:47.498|91.147:42.610|87.052:39.324|72.192:27.210|66.904:32.451|64.072:29.351|78.853:8.570|8.000:8.000,0-18-26-17-6-9-16-3-23-28-31-20-19-10-29-5-11-24-25-13-7-30-14-8-2-12-15-4-1-22-27-32-21-0,0.002136425115168
89,calm,cluttered,ValuePerDistance,32,28,0.875,0.937984496124031,0.0,False,60.5,64.5,1365.611069582793,1355.6306905591878,-165.61106958279336,-245.61106958279336,True,159.911946231499,False,True,0.0177108738150559,0.0006145566795897,2.0,True,1.0,8.000:8.000|19.792:30.709|20.557:27.855|24.817:33.180|33.837:33.597|46.510:37.222|47.719:28.291|45.344:46.359|26.215:53.374|27.525:64.135|25.886:66.852|16.690:61.021|10.424:49.845|12.772:43.860|30.252:46.861|64.072:29.351|66.904:32.451|72.192:27.210|78.853:8.570|70.823:62.228|69.151:57.783|67.343:65.790|76.330:67.666|77.369:76.717|74.877:79.208|86.600:56.548|91.147:42.610|87.052:39.324|92.208:47.498|8.000:8.000,0-26-18-17-6-19-10-29-16-3-23-28-31-20-9-32-27-22-21-24-11-25-13-7-30-12-4-1-15-0,0.0016050639096647
89,calm,cluttered,WindAwareGreedy,32,20,0.625,0.7441860465116279,0.0,False,48.0,64.5,1307.297169328102,1297.2488353211204,-107.29716932810224,-187.29716932810223,True,144.08581846858223,False,True,0.015463317307142,0.0007409597241333,2.0,True,1.0,8.000:8.000|26.215:53.374|16.690:61.021|27.525:64.135|25.886:66.852|45.344:46.359|46.510:37.222|47.719:28.291|33.837:33.597|64.072:29.351|78.853:8.570|66.904:32.451|70.823:62.228|69.151:57.783|30.252:46.861|24.817:33.180|19.792:30.709|12.772:43.860|10.424:49.845|20.557:27.855|72.192:27.210|8.000:8.000,0-16-28-3-23-29-19-10-6-32-21-27-24-11-9-17-26-20-31-18-22-0,0.0015876721590757
89,calm,cluttered,ReserveOnlyPlanner,32,21,0.65625,0.7441860465116279,0.7441860465116279,True,48.0,64.5,1109.1810411419003,1141.6269322513108,90.81895885809958,10.818958858099576,False,128.2518641271838,True,False,0.0149068232880894,0.0006818920187918,2.0,False,1.0,8.000:8.000|19.792:30.709|33.837:33.597|26.215:53.374|16.690:61.021|27.525:64.135|25.886:66.852|45.344:46.359|46.510:37.222|47.719:28.291|64.072:29.351|66.904:32.451|78.853:8.570|72.192:27.210|70.823:62.228|69.151:57.783|86.600:56.548|91.147:42.610|87.052:39.324|92.208:47.498|73.578:51.013|30.252:46.861|8.000:8.000,0-26-6-16-28-3-23-29-19-10-32-27-21-22-24-11-12-4-1-15-2-9-0,0.0017295570578426
89,calm,cluttered,FairRiskAwareGreedy,32,17,0.53125,0.6589147286821705,0.6589147286821705,True,42.5,64.5,1069.0685184804408,1084.628932200835,130.93148151955918,50.93148151955919,False,122.46151360723604,True,False,0.0109064624483036,0.0006085251133297,2.0,False,1.0,8.000:8.000|26.215:53.374|16.690:61.021|27.525:64.135|25.886:66.852|33.837:33.597|64.072:29.351|78.853:8.570|47.719:28.291|46.510:37.222|45.344:46.359|70.823:62.228|66.904:32.451|72.192:27.210|19.792:30.709|24.817:33.180|12.772:43.860|20.557:27.855|8.000:8.000,0-16-28-3-23-6-32-21-10-19-29-24-27-22-26-17-20-18-0,0.0027526051271706
89,calm,cluttered,FairALNSPlanner,32,25,0.78125,0.8604651162790697,0.8604651162790697,True,55.5,64.5,1044.1241654536234,1109.9173485634644,155.8758345463765,75.8758345463765,False,133.77056427093373,True,False,0.0179962458656949,0.0006975410816267,2.0,False,1.0,8.000:8.000|20.557:27.855|19.792:30.709|24.817:33.180|33.837:33.597|46.510:37.222|47.719:28.291|64.072:29.351|69.151:57.783|70.823:62.228|76.330:67.666|77.369:76.717|74.877:79.208|57.748:71.571|44.534:81.036|27.525:64.135|25.886:66.852|16.690:61.021|10.424:49.845|12.772:43.860|26.215:53.374|30.252:46.861|45.344:46.359|66.904:32.451|72.192:27.210|78.853:8.570|8.000:8.000,0-18-26-17-6-19-10-32-11-24-13-7-30-14-8-3-23-28-31-20-16-9-29-27-22-21-0,18.03075289307162
89,calm,cluttered,RAWA-RHP,32,26,0.8125,0.9069767441860463,0.9069767441860463,True,58.5,64.5,1026.4871004100594,1088.84796822861,173.5128995899405,93.5128995899405,False,131.9524374926156,True,False,0.0160718778413486,0.00059929817055,2.0,False,1.0,8.000:8.000|20.557:27.855|19.792:30.709|24.817:33.180|33.837:33.597|47.719:28.291|46.510:37.222|66.904:32.451|69.151:57.783|70.823:62.228|76.330:67.666|77.369:76.717|74.877:79.208|86.600:56.548|91.147:42.610|87.052:39.324|78.853:8.570|72.192:27.210|64.072:29.351|45.344:46.359|30.252:46.861|26.215:53.374|27.525:64.135|25.886:66.852|16.690:61.021|10.424:49.845|12.772:43.860|8.000:8.000,0-18-26-17-6-10-19-27-11-24-13-7-30-12-4-1-21-22-32-29-9-16-3-23-28-31-20-0,34.8194066809956
89,calm,sparse,NearestNeighbor,32,32,1.0,1.0,0.0,False,67.5,67.5,1306.4344673976866,1304.4530037965717,-106.43446739768656,-186.43446739768652,True,162.82286698932683,False,True,0.0099639296761699,0.0003031654127362,2.0,True,1.0,8.000:8.000|12.309:24.610|12.277:27.092|20.039:31.933|31.177:27.025|31.394:22.877|29.080:13.175|57.086:24.825|67.517:26.990|67.568:18.007|71.074:14.501|81.425:21.059|81.028:24.076|84.588:9.451|72.539:42.358|68.564:41.446|78.200:47.972|62.061:53.227|65.232:65.942|70.256:70.779|71.725:77.354|85.351:82.226|87.465:84.667|89.399:84.122|52.837:71.473|47.195:75.720|40.792:73.964|40.471:70.374|47.885:57.075|49.537:58.902|46.338:40.924|18.519:62.537|8.799:67.203|8.000:8.000,0-27-20-15-5-10-22-32-24-21-25-13-31-2-16-12-23-19-26-7-1-8-11-3-4-14-29-28-30-9-18-17-6-0,0.0020911840256303
89,calm,sparse,ValuePerDistance,32,29,0.90625,0.9407407407407408,0.0,False,63.5,67.5,1366.055162426508,1355.2399794320802,-166.0551624265081,-246.0551624265081,True,163.37483985520038,False,True,0.0109898100287844,0.0003677584937656,2.0,True,1.0,8.000:8.000|12.309:24.610|12.277:27.092|20.039:31.933|31.177:27.025|31.394:22.877|29.080:13.175|57.086:24.825|72.539:42.358|68.564:41.446|62.061:53.227|49.537:58.902|47.885:57.075|52.837:71.473|47.195:75.720|40.792:73.964|40.471:70.374|18.519:62.537|8.799:67.203|46.338:40.924|81.028:24.076|81.425:21.059|84.588:9.451|71.074:14.501|67.568:18.007|67.517:26.990|78.200:47.972|70.256:70.779|71.725:77.354|65.232:65.942|8.000:8.000,0-27-20-15-5-10-22-32-16-12-19-9-30-4-14-29-28-17-6-18-31-13-2-25-21-24-23-7-1-26-0,0.0016102599911391
89,calm,sparse,WindAwareGreedy,32,22,0.6875,0.8,0.0,False,54.0,67.5,1332.9248142882282,1325.4363028997468,-132.92481428822782,-212.92481428822785,True,150.24753896696973,False,True,0.0149125953817046,0.0006523889905222,2.0,True,1.0,8.000:8.000|12.309:24.610|31.177:27.025|20.039:31.933|12.277:27.092|46.338:40.924|62.061:53.227|72.539:42.358|81.028:24.076|81.425:21.059|84.588:9.451|57.086:24.825|68.564:41.446|52.837:71.473|47.195:75.720|40.792:73.964|49.537:58.902|47.885:57.075|70.256:70.779|71.725:77.354|18.519:62.537|8.799:67.203|40.471:70.374|8.000:8.000,0-27-5-15-20-18-19-16-31-13-2-32-12-4-14-29-9-30-7-1-17-6-28-0,0.0016107659321278
89,calm,sparse,ReserveOnlyPlanner,32,21,0.65625,0.762962962962963,0.762962962962963,True,51.5,67.5,1092.0006908335708,1138.091617184471,107.99930916642931,27.999309166429327,False,128.9782736899164,True,False,0.0126106054887944,0.0005762073549451,2.0,False,1.0,8.000:8.000|12.309:24.610|31.177:27.025|20.039:31.933|12.277:27.092|46.338:40.924|62.061:53.227|72.539:42.358|68.564:41.446|81.028:24.076|81.425:21.059|84.588:9.451|71.074:14.501|57.086:24.825|52.837:71.473|47.195:75.720|40.792:73.964|49.537:58.902|47.885:57.075|18.519:62.537|8.799:67.203|29.080:13.175|8.000:8.000,0-27-5-15-20-18-19-16-12-31-13-2-25-32-4-14-29-9-30-17-6-22-0,0.0017085438594222
89,calm,sparse,FairRiskAwareGreedy,32,16,0.5,0.6222222222222222,0.6222222222222222,True,42.0,67.5,1074.1736030162913,1094.0190827530355,125.82639698370912,45.82639698370912,False,122.6426994484201,True,False,0.0086121497062723,0.0005081300241935,2.0,False,1.0,8.000:8.000|12.309:24.610|31.177:27.025|62.061:53.227|72.539:42.358|81.028:24.076|81.425:21.059|84.588:9.451|57.086:24.825|46.338:40.924|49.537:58.902|68.564:41.446|47.195:75.720|40.792:73.964|12.277:27.092|20.039:31.933|18.519:62.537|8.000:8.000,0-27-5-19-16-31-13-2-32-18-9-12-14-29-20-15-17-0,0.0027367291040718
89,calm,sparse,FairALNSPlanner,32,28,0.875,0.925925925925926,0.925925925925926,True,62.5,67.5,1025.4123002540964,1099.0528888680526,174.58769974590362,94.58769974590362,False,134.57093754172078,True,False,0.0071778656602363,0.0002482081791248,2.0,False,1.0,8.000:8.000|12.309:24.610|12.277:27.092|20.039:31.933|31.394:22.877|31.177:27.025|46.338:40.924|47.885:57.075|49.537:58.902|18.519:62.537|40.471:70.374|40.792:73.964|47.195:75.720|52.837:71.473|71.725:77.354|70.256:70.779|65.232:65.942|62.061:53.227|68.564:41.446|72.539:42.358|78.200:47.972|81.028:24.076|81.425:21.059|84.588:9.451|71.074:14.501|67.568:18.007|67.517:26.990|57.086:24.825|29.080:13.175|8.000:8.000,0-27-20-15-10-5-18-30-9-17-28-29-14-4-1-7-26-19-12-16-23-31-13-2-25-21-24-32-22-0,17.794735157163814
89,calm,sparse,RAWA-RHP,32,28,0.875,0.925925925925926,0.925925925925926,True,62.5,67.5,1025.3388258505404,1101.3411726652234,174.66117414945964,94.66117414945964,False,134.67026160016502,True,False,0.0087450200886946,0.0003026386818359,2.0,False,1.0,8.000:8.000|12.309:24.610|12.277:27.092|20.039:31.933|46.338:40.924|47.885:57.075|49.537:58.902|18.519:62.537|40.471:70.374|40.792:73.964|47.195:75.720|52.837:71.473|71.725:77.354|70.256:70.779|65.232:65.942|62.061:53.227|68.564:41.446|72.539:42.358|78.200:47.972|81.028:24.076|81.425:21.059|84.588:9.451|71.074:14.501|67.568:18.007|67.517:26.990|57.086:24.825|31.394:22.877|31.177:27.025|29.080:13.175|8.000:8.000,0-27-20-15-18-30-9-17-28-29-14-4-1-7-26-19-12-16-23-31-13-2-25-21-24-32-10-5-22-0,39.33239790308289
84,moderate,sparse,NearestNeighbor,32,32,1.0,1.0,0.0,False,60.5,60.5,1661.6738793512316,1676.7126480099678,-461.6738793512315,-541.6738793512316,True,154.85071623295937,False,True,0.2530992313342994,0.0086632445372695,2.0,True,1.0,8.000:8.000|36.967:16.523|39.073:15.452|47.230:26.402|36.612:28.768|34.684:30.583|33.927:35.352|33.976:38.626|30.117:42.172|29.897:46.380|27.639:49.443|32.381:53.624|35.482:53.661|31.313:58.068|23.612:61.909|17.614:61.322|12.953:57.208|12.660:41.826|41.960:49.008|43.672:41.945|50.955:42.375|52.462:44.082|54.804:55.878|48.815:67.684|53.672:78.804|47.032:82.956|40.222:78.995|39.180:77.060|35.597:78.283|40.321:88.906|36.883:91.808|65.720:91.240|91.243:83.236|8.000:8.000,0-1-4-3-24-11-5-28-7-15-17-8-14-25-19-31-12-30-16-10-23-22-9-27-26-32-18-2-6-21-13-20-29-0,0.0021283060777932
84,moderate,sparse,ValuePerDistance,32,29,0.90625,0.9338842975206612,0.0,False,56.5,60.5,1611.8850467046825,1608.3481836442336,-411.8850467046823,-491.8850467046823,True,146.43462219033256,False,True,0.293588903614046,0.0113342978191891,2.0,True,1.0,8.000:8.000|39.073:15.452|36.967:16.523|34.684:30.583|36.612:28.768|33.927:35.352|33.976:38.626|30.117:42.172|29.897:46.380|27.639:49.443|32.381:53.624|35.482:53.661|31.313:58.068|23.612:61.909|17.614:61.322|12.953:57.208|12.660:41.826|52.462:44.082|50.955:42.375|54.804:55.878|48.815:67.684|39.180:77.060|40.222:78.995|35.597:78.283|40.321:88.906|36.883:91.808|47.032:82.956|53.672:78.804|65.720:91.240|91.243:83.236|8.000:8.000,0-4-1-11-24-5-28-7-15-17-8-14-25-19-31-12-30-22-23-9-27-2-18-6-21-13-32-26-20-29-0,0.0016023330390453
84,moderate,sparse,WindAwareGreedy,32,21,0.65625,0.7520661157024794,0.0,False,45.5,60.5,1672.59134181218,1681.2551010124998,-472.5913418121795,-552.5913418121795,True,137.11169767814306,False,True,0.2272544900978417,0.0114604777362192,2.0,True,1.0,8.000:8.000|39.073:15.452|52.462:44.082|48.815:67.684|39.180:77.060|40.321:88.906|40.222:78.995|35.597:78.283|12.953:57.208|23.612:61.909|32.381:53.624|27.639:49.443|33.976:38.626|34.684:30.583|36.612:28.768|47.230:26.402|50.955:42.375|54.804:55.878|53.672:78.804|47.032:82.956|65.720:91.240|91.243:83.236|8.000:8.000,0-4-22-27-2-21-18-6-12-19-8-17-28-11-24-3-23-9-26-32-20-29-0,0.0016004280187189
84,moderate,sparse,ReserveOnlyPlanner,32,18,0.5625,0.6446280991735537,0.6446280991735537,True,39.0,60.5,1118.6858865911254,1187.2611435080669,81.31411340887499,1.314113408874988,False,96.26696068989293,True,False,0.1436584756972089,0.0080105406927673,2.0,False,1.0,8.000:8.000|39.073:15.452|36.967:16.523|47.230:26.402|52.462:44.082|50.955:42.375|48.815:67.684|39.180:77.060|40.222:78.995|40.321:88.906|47.032:82.956|53.672:78.804|65.720:91.240|54.804:55.878|32.381:53.624|27.639:49.443|33.976:38.626|34.684:30.583|36.612:28.768|8.000:8.000,0-4-1-3-22-23-27-2-18-21-32-26-20-9-8-17-28-11-24-0,0.0015499959699809
84,moderate,sparse,FairRiskAwareGreedy,32,17,0.53125,0.5950413223140496,0.5950413223140496,True,36.0,60.5,871.9051861088892,908.498630307756,328.0948138911109,248.0948138911109,False,102.91568694545614,True,False,0.0024323727918982,0.00013523139567,2.0,False,1.0,8.000:8.000|39.073:15.452|52.462:44.082|50.955:42.375|34.684:30.583|36.612:28.768|47.230:26.402|33.976:38.626|48.815:67.684|12.953:57.208|39.180:77.060|40.222:78.995|35.597:78.283|27.639:49.443|32.381:53.624|35.482:53.661|29.897:46.380|30.117:42.172|8.000:8.000,0-4-22-23-11-24-3-28-27-12-2-18-6-17-8-14-15-7-0,0.0019846141804009
84,moderate,sparse,FairALNSPlanner,32,20,0.625,0.6115702479338843,0.6115702479338843,True,37.0,60.5,1057.5608556131183,1179.2687895949718,142.43914438688142,62.43914438688142,False,123.4383646974148,True,False,0.0297940867648034,0.0014303966365115,2.0,False,1.0,8.000:8.000|36.612:28.768|34.684:30.583|33.927:35.352|33.976:38.626|50.955:42.375|52.462:44.082|41.960:49.008|43.672:41.945|35.482:53.661|32.381:53.624|29.897:46.380|30.117:42.172|27.639:49.443|31.313:58.068|54.804:55.878|48.815:67.684|65.720:91.240|53.672:78.804|40.321:88.906|91.243:83.236|8.000:8.000,0-24-11-5-28-23-22-16-10-14-8-15-7-17-25-9-27-20-26-21-29-0,17.5041028810665
84,moderate,sparse,RAWA-RHP,32,31,0.96875,0.975206611570248,0.975206611570248,True,59.0,60.5,1026.806896214178,1173.997262201265,173.19310378582202,93.19310378582202,False,137.4386477004012,True,False,0.0894970734775477,0.0028906260266806,2.0,False,1.0,8.000:8.000|36.967:16.523|39.073:15.452|47.230:26.402|43.672:41.945|50.955:42.375|52.462:44.082|36.612:28.768|34.684:30.583|33.927:35.352|33.976:38.626|30.117:42.172|29.897:46.380|27.639:49.443|32.381:53.624|35.482:53.661|41.960:49.008|31.313:58.068|48.815:67.684|54.804:55.878|53.672:78.804|65.720:91.240|40.321:88.906|36.883:91.808|47.032:82.956|40.222:78.995|39.180:77.060|35.597:78.283|23.612:61.909|17.614:61.322|12.953:57.208|12.660:41.826|8.000:8.000,0-1-4-3-10-23-22-24-11-5-28-7-15-17-8-14-16-25-27-9-26-20-21-13-32-18-2-6-19-31-12-30-0,219.2810583570972
87,moderate,cluttered,NearestNeighbor,32,27,0.84375,0.8583333333333333,0.0,False,51.5,60.0,1265.800586414592,1273.8163611846533,-65.80058641459209,-145.8005864145921,True,130.83741142694936,False,True,0.0886300934249898,0.0032826639040087,2.0,True,1.0,8.000:8.000|22.164:16.458|28.821:29.072|43.186:30.014|34.100:42.810|27.399:47.651|43.907:52.895|44.021:72.303|40.664:73.663|35.898:71.974|30.791:74.126|29.943:70.055|49.749:73.555|59.019:80.369|63.993:71.263|79.424:63.371|80.675:59.685|87.606:69.497|89.969:67.507|94.850:60.789|90.273:46.272|81.042:34.883|78.618:34.069|87.208:25.239|86.741:21.917|80.258:14.485|62.662:23.489|61.832:26.701|8.000:8.000,0-6-20-32-29-18-4-31-12-19-2-7-30-10-15-1-27-28-9-11-17-16-14-26-25-23-13-8-0,0.0020323900971561
87,moderate,cluttered,ValuePerDistance,32,22,0.6875,0.75,0.0,False,45.0,60.0,1294.3040513946871,1297.6767280282415,-94.30405139468738,-174.30405139468738,True,124.33355540503376,False,True,0.048563084899635,0.0021388913264431,2.0,True,1.0,8.000:8.000|22.164:16.458|28.821:29.072|34.100:42.810|27.399:47.651|14.970:38.341|29.943:70.055|30.791:74.126|35.898:71.974|40.664:73.663|44.021:72.303|49.749:73.555|63.993:71.263|79.424:63.371|89.969:67.507|87.606:69.497|94.850:60.789|78.305:81.040|52.705:90.661|59.019:80.369|61.832:26.701|62.662:23.489|43.186:30.014|8.000:8.000,0-6-20-29-18-22-7-2-19-12-31-30-15-1-9-28-11-5-3-10-8-13-32-0,0.0014193831011652
87,moderate,cluttered,WindAwareGreedy,32,16,0.5,0.5583333333333333,0.0,False,33.5,60.0,1278.3619392487335,1266.16196683946,-78.36193924873388,-158.36193924873388,True,112.97069975051934,False,True,0.0912578782333037,0.0055369971132401,2.0,True,1.0,8.000:8.000|28.821:29.072|34.100:42.810|27.399:47.651|14.970:38.341|22.164:16.458|29.943:70.055|30.791:74.126|35.898:71.974|49.749:73.555|63.993:71.263|44.021:72.303|40.664:73.663|11.757:76.584|43.907:52.895|61.832:26.701|62.662:23.489|8.000:8.000,0-20-29-18-22-6-7-2-19-30-15-31-12-21-4-8-13-0,0.0013340930454432
87,moderate,cluttered,ReserveOnlyPlanner,32,19,0.59375,0.7166666666666667,0.7166666666666667,True,43.0,60.0,1109.8660637816422,1207.5979648060695,90.13393621835772,10.133936218357718,False,107.62730957165031,True,False,0.0103800753276663,0.0005203996775902,2.0,False,1.0,8.000:8.000|22.164:16.458|28.821:29.072|34.100:42.810|27.399:47.651|14.970:38.341|29.943:70.055|30.791:74.126|35.898:71.974|40.664:73.663|49.749:73.555|44.021:72.303|63.993:71.263|79.424:63.371|89.969:67.507|94.850:60.789|86.741:21.917|87.208:25.239|62.662:23.489|43.203:10.616|8.000:8.000,0-6-20-29-18-22-7-2-19-12-30-31-15-1-9-11-25-26-13-24-0,0.0016319381538778
87,moderate,cluttered,FairRiskAwareGreedy,32,14,0.4375,0.55,0.55,True,33.0,60.0,1068.7049012734878,1098.752682771812,131.29509872651226,51.295098726512265,False,115.52698471915396,True,False,0.0073842822244641,0.0004926496054339,2.0,False,1.0,8.000:8.000|34.100:42.810|28.821:29.072|22.164:16.458|14.970:38.341|29.943:70.055|49.749:73.555|63.993:71.263|89.969:67.507|79.424:63.371|78.305:81.040|94.850:60.789|78.618:34.069|87.208:25.239|27.399:47.651|8.000:8.000,0-29-20-6-22-7-30-15-9-1-5-11-14-26-18-0,0.0019436629954725
87,moderate,cluttered,FairALNSPlanner,32,27,0.84375,0.8833333333333333,0.8833333333333333,True,53.0,60.0,1053.6646791049116,1196.2429718824587,146.3353208950884,66.33532089508839,False,133.03066617202344,True,False,0.0860882016810677,0.003156050029017,2.0,False,1.0,8.000:8.000|22.164:16.458|28.821:29.072|43.186:30.014|43.203:10.616|62.662:23.489|61.832:26.701|78.618:34.069|81.042:34.883|86.741:21.917|87.208:25.239|90.273:46.272|94.850:60.789|89.969:67.507|87.606:69.497|79.424:63.371|78.305:81.040|59.019:80.369|63.993:71.263|49.749:73.555|44.021:72.303|40.664:73.663|35.898:71.974|30.791:74.126|29.943:70.055|43.907:52.895|27.399:47.651|34.100:42.810|8.000:8.000,0-6-20-32-24-13-8-14-16-25-26-17-11-9-28-1-5-10-15-30-31-12-19-2-7-4-18-29-0,16.224243065109476
87,moderate,cluttered,RAWA-RHP,32,28,0.875,0.925,0.925,True,55.5,60.0,1027.7524342083,1207.7862441955322,172.24756579170057,92.24756579170057,False,135.84432187757372,True,False,0.0266298024214675,0.0009254526630722,2.0,False,1.0,8.000:8.000|22.164:16.458|28.821:29.072|14.970:38.341|27.399:47.651|34.100:42.810|29.943:70.055|30.791:74.126|35.898:71.974|40.664:73.663|44.021:72.303|49.749:73.555|63.993:71.263|59.019:80.369|52.705:90.661|78.305:81.040|79.424:63.371|87.606:69.497|89.969:67.507|94.850:60.789|90.273:46.272|81.042:34.883|78.618:34.069|87.208:25.239|86.741:21.917|80.258:14.485|61.832:26.701|62.662:23.489|43.203:10.616|8.000:8.000,0-6-20-22-18-29-7-2-19-12-31-30-15-10-3-5-1-28-9-11-17-16-14-26-25-23-8-13-24-0,125.14703526697122
88,moderate,cluttered,NearestNeighbor,32,24,0.75,0.7132352941176471,0.0,False,48.5,68.0,1420.0392366283352,1411.9161949684435,-220.0392366283356,-300.03923662833563,True,121.4413543590921,False,True,0.0854064398581578,0.0035161055444859,2.0,True,1.0,8.000:8.000|21.923:14.586|29.671:17.200|44.993:23.077|48.898:27.316|49.280:10.197|32.307:35.007|33.020:39.828|41.493:45.596|36.442:53.786|33.390:52.104|42.154:60.134|49.144:61.806|53.049:55.604|60.518:67.499|60.829:71.696|67.028:73.193|71.205:74.270|74.854:65.056|78.879:65.179|86.106:69.198|92.370:77.791|85.763:57.015|88.953:45.961|82.868:36.924|8.000:8.000,0-16-28-26-15-2-24-3-21-8-20-9-6-31-14-10-25-22-13-4-18-7-29-1-12-0,0.0019007790833711
88,moderate,cluttered,ValuePerDistance,32,16,0.5,0.5661764705882353,0.0,False,38.5,68.0,1407.7814376754611,1385.5439578209644,-207.7814376754613,-287.7814376754613,True,98.3117515550843,False,True,0.0887370473903305,0.0054101150508273,2.0,True,1.0,8.000:8.000|21.923:14.586|29.671:17.200|44.993:23.077|48.898:27.316|41.493:45.596|36.442:53.786|33.390:52.104|33.020:39.828|32.307:35.007|13.757:47.650|30.673:87.091|39.086:76.056|45.068:83.509|50.244:77.828|54.221:78.911|53.669:90.540|8.000:8.000,0-16-28-26-15-21-8-20-3-24-27-11-5-23-19-17-32-0,0.0012100590392947
88,moderate,cluttered,WindAwareGreedy,32,14,0.4375,0.4852941176470588,0.0,False,33.0,68.0,1452.9081765437995,1439.6069273633505,-252.90817654379987,-332.90817654379987,True,103.85002607508724,False,True,0.0940284013064584,0.0064873145666457,2.0,True,1.0,8.000:8.000|29.671:17.200|44.993:23.077|41.493:45.596|36.442:53.786|32.307:35.007|33.020:39.828|21.923:14.586|49.280:10.197|48.898:27.316|82.868:36.924|88.953:45.961|74.854:65.056|78.879:65.179|85.763:57.015|8.000:8.000,0-28-26-21-8-24-3-16-2-15-12-1-13-4-29-0,0.0012284650001674
88,moderate,cluttered,ReserveOnlyPlanner,32,10,0.3125,0.3455882352941176,0.3455882352941176,True,23.5,68.0,1080.1748537689452,1190.4695408392065,119.82514623105465,39.825146231054646,False,80.61274637058453,True,False,0.0458878204258477,0.0042342010152002,2.0,False,1.0,8.000:8.000|29.671:17.200|44.993:23.077|49.280:10.197|21.923:14.586|32.307:35.007|41.493:45.596|36.442:53.786|33.020:39.828|48.898:27.316|82.868:36.924|8.000:8.000,0-28-26-2-16-24-21-8-3-15-12-0,0.0010527239646762
88,moderate,cluttered,FairRiskAwareGreedy,32,15,0.46875,0.5294117647058824,0.5294117647058824,True,36.0,68.0,1072.081364367502,1109.4930630991987,127.91863563249822,47.91863563249822,False,110.93467564275292,True,False,0.0036291861611716,0.0002271103027247,2.8284271247461903,False,1.0,8.000:8.000|29.671:17.200|44.993:23.077|41.493:45.596|32.307:35.007|21.923:14.586|13.757:47.650|30.673:87.091|53.049:55.604|74.854:65.056|78.879:65.179|71.205:74.270|67.028:73.193|60.518:67.499|33.020:39.828|48.898:27.316|8.000:8.000,0-28-26-21-24-16-27-11-31-13-4-22-25-14-3-15-0,0.0018656509928405
88,moderate,cluttered,FairALNSPlanner,32,23,0.71875,0.7720588235294118,0.7720588235294118,True,52.5,68.0,1050.121474996662,1189.040114063963,149.8785250033377,69.8785250033377,False,123.0605632573222,True,False,0.0219182597215924,0.0009196366740566,2.0,False,1.0,8.000:8.000|13.757:47.650|30.673:87.091|49.144:61.806|50.244:77.828|54.221:78.911|39.086:76.056|45.068:83.509|53.669:90.540|68.314:85.177|71.205:74.270|78.879:65.179|74.854:65.056|67.028:73.193|60.518:67.499|53.049:55.604|41.493:45.596|33.020:39.828|32.307:35.007|48.898:27.316|44.993:23.077|49.280:10.197|29.671:17.200|21.923:14.586|8.000:8.000,0-27-11-6-19-17-5-23-32-30-22-4-13-25-14-31-21-3-24-15-26-2-28-16-0,13.457202268997207
88,moderate,cluttered,RAWA-RHP,32,26,0.8125,0.8382352941176471,0.8382352941176471,True,57.0,68.0,1015.4160250240126,1189.5950850526574,184.58397497598764,104.58397497598764,False,126.4215631731823,True,False,0.0522657070806297,0.0019708987633398,2.0,False,1.0,8.000:8.000|21.923:14.586|29.671:17.200|44.993:23.077|48.898:27.316|32.307:35.007|33.020:39.828|33.390:52.104|36.442:53.786|41.493:45.596|53.049:55.604|49.144:61.806|42.154:60.134|50.244:77.828|54.221:78.911|60.829:71.696|60.518:67.499|67.028:73.193|74.854:65.056|78.879:65.179|71.205:74.270|68.314:85.177|53.669:90.540|45.068:83.509|39.086:76.056|30.673:87.091|13.757:47.650|8.000:8.000,0-16-28-26-15-24-3-20-8-21-31-6-9-19-17-10-14-25-13-4-22-30-32-23-5-11-27-0,92.5272757790517
88,moderate,sparse,NearestNeighbor,32,20,0.625,0.624,0.0,False,39.0,62.5,1396.7508551252183,1380.4905095058427,-196.7508551252184,-276.75085512521844,True,111.45945788969924,False,True,0.0231777934862847,0.0011090589975937,2.0,True,1.0,8.000:8.000|21.443:13.668|31.399:36.323|42.168:37.481|43.468:51.454|39.112:65.581|44.057:67.129|45.828:69.793|50.706:65.740|55.070:57.940|69.056:64.145|72.012:68.051|72.652:72.167|64.460:80.189|49.902:81.312|34.333:71.702|24.066:82.986|19.691:77.115|13.631:65.180|54.461:34.255|62.170:40.479|8.000:8.000,0-25-14-11-27-10-12-3-15-20-30-18-29-24-5-4-26-19-21-8-7-0,0.0017136731185019
88,moderate,sparse,ValuePerDistance,32,20,0.625,0.72,0.0,False,45.0,62.5,1373.8676967842134,1366.2734039740274,-173.86769678421382,-253.86769678421385,True,111.56955787465058,False,True,0.0534984930790187,0.0025795952681398,2.0,True,1.0,8.000:8.000|21.443:13.668|49.709:20.126|49.889:22.738|54.461:34.255|64.421:37.441|62.170:40.479|65.271:46.007|76.898:31.368|77.878:26.347|69.260:17.179|60.651:23.208|87.657:62.575|72.012:68.051|72.652:72.167|69.056:64.145|45.828:69.793|44.057:67.129|39.112:65.581|34.333:71.702|50.706:65.740|8.000:8.000,0-25-28-31-8-13-7-2-9-22-23-32-17-18-29-30-3-12-10-4-15-0,0.0013904070947319
88,moderate,sparse,WindAwareGreedy,32,15,0.46875,0.608,0.0,False,38.0,62.5,1339.2382414882657,1344.6411781897802,-139.23824148826532,-219.2382414882653,True,103.71741406820544,False,True,0.100208177239914,0.0063186121365837,2.0,True,1.0,8.000:8.000|21.443:13.668|69.260:17.179|77.878:26.347|76.898:31.368|64.421:37.441|49.889:22.738|49.709:20.126|54.461:34.255|65.271:46.007|87.657:62.575|44.057:67.129|39.112:65.581|45.828:69.793|34.333:71.702|49.902:81.312|8.000:8.000,0-25-23-22-9-13-31-28-8-2-17-12-10-3-4-5-0,0.0012905609328299
88,moderate,sparse,ReserveOnlyPlanner,32,14,0.4375,0.456,0.456,True,28.5,62.5,1099.5045514493945,1177.3203576647993,100.49544855060608,20.495448550606085,False,87.9954569292671,True,False,0.009068209723879,0.0006056643205308,2.0,False,1.0,8.000:8.000|21.443:13.668|69.260:17.179|77.878:26.347|76.898:31.368|64.421:37.441|54.461:34.255|49.889:22.738|49.709:20.126|60.651:23.208|62.170:40.479|65.271:46.007|87.657:62.575|80.194:51.545|76.798:51.075|8.000:8.000,0-25-23-22-9-13-8-31-28-32-7-2-17-16-1-0,0.0013323908206075
88,moderate,sparse,FairRiskAwareGreedy,32,17,0.53125,0.648,0.648,True,40.5,62.5,1039.756167408187,1063.9692383512097,160.2438325918131,80.24383259181309,False,111.60668929508512,True,False,0.0020110444895252,0.0001117604397395,2.8284271247461903,False,1.0,8.000:8.000|21.443:13.668|69.260:17.179|77.878:26.347|76.898:31.368|39.112:65.581|44.057:67.129|45.828:69.793|34.333:71.702|49.902:81.312|87.657:62.575|49.889:22.738|49.709:20.126|54.461:34.255|64.421:37.441|62.170:40.479|42.168:37.481|31.399:36.323|8.000:8.000,0-25-23-22-9-10-12-3-4-5-17-31-28-8-13-7-11-14-0,0.0021715238690376
88,moderate,sparse,FairALNSPlanner,32,27,0.84375,0.896,0.896,True,56.0,62.5,1034.591012484818,1168.7475835699238,165.40898751518213,85.40898751518213,False,130.071896274873,True,False,0.0259739572496169,0.0009369532762407,2.0,False,1.0,8.000:8.000|13.631:65.180|19.691:77.115|24.066:82.986|34.333:71.702|39.112:65.581|44.057:67.129|45.828:69.793|49.902:81.312|50.706:65.740|55.070:57.940|54.461:34.255|62.170:40.479|64.421:37.441|65.271:46.007|69.056:64.145|72.012:68.051|72.652:72.167|87.657:62.575|80.194:51.545|76.798:51.075|76.898:31.368|77.878:26.347|69.260:17.179|60.651:23.208|49.889:22.738|49.709:20.126|21.443:13.668|8.000:8.000,0-21-19-26-4-10-12-3-5-15-20-8-7-13-2-30-18-29-17-16-1-9-22-23-32-31-28-25-0,16.69930547918193
88,moderate,sparse,RAWA-RHP,32,27,0.84375,0.896,0.896,True,56.0,62.5,1037.3953198903046,1159.371877542963,162.6046801096955,82.6046801096955,False,129.3044180407501,True,False,0.0761647559466597,0.0027719373541208,2.0,False,1.0,8.000:8.000|21.443:13.668|49.709:20.126|60.651:23.208|69.260:17.179|77.878:26.347|76.898:31.368|76.798:51.075|80.194:51.545|87.657:62.575|69.056:64.145|72.012:68.051|72.652:72.167|64.460:80.189|49.902:81.312|19.691:77.115|24.066:82.986|34.333:71.702|39.112:65.581|44.057:67.129|45.828:69.793|50.706:65.740|55.070:57.940|65.271:46.007|64.421:37.441|62.170:40.479|54.461:34.255|49.889:22.738|8.000:8.000,0-25-28-32-23-22-9-1-16-17-30-18-29-24-5-19-26-4-10-12-3-15-20-2-13-7-8-31-0,96.08016505697742
89,moderate,sparse,NearestNeighbor,32,30,0.9375,0.928,0.0,False,58.0,62.5,1527.125597334492,1507.1319152943718,-327.1255973344919,-407.1255973344919,True,149.4341659868737,False,True,0.0464545331482458,0.0015216995278887,2.0,True,1.0,8.000:8.000|24.579:38.744|37.947:33.670|37.861:46.626|32.451:57.987|28.068:58.306|22.412:61.233|33.464:64.821|34.104:68.047|40.717:66.602|44.078:66.201|55.901:59.195|60.303:68.440|65.336:64.041|69.360:58.828|72.441:60.227|77.296:59.376|72.949:72.473|92.933:67.137|80.280:31.071|84.614:28.530|86.463:23.642|79.113:17.343|71.862:18.374|69.471:13.651|67.184:25.175|71.241:27.033|73.266:24.451|56.795:20.172|55.234:17.431|90.101:10.069|8.000:8.000,0-8-27-25-32-26-10-24-30-20-16-17-23-11-3-15-5-22-13-31-14-7-9-21-29-12-4-1-28-19-2-0,0.002053092001006
89,moderate,sparse,ValuePerDistance,32,27,0.84375,0.88,0.0,False,55.0,62.5,1299.1087040520763,1309.076234537967,-99.10870405207656,-179.10870405207655,True,131.73220114990403,False,True,0.0699302806263048,0.0025650999435063,2.0,True,1.0,8.000:8.000|56.795:20.172|55.234:17.431|69.471:13.651|71.862:18.374|71.241:27.033|73.266:24.451|79.113:17.343|84.614:28.530|86.463:23.642|80.280:31.071|77.296:59.376|72.441:60.227|69.360:58.828|65.336:64.041|72.949:72.473|50.330:76.866|45.012:82.945|40.717:66.602|44.078:66.201|34.104:68.047|33.464:64.821|32.451:57.987|28.068:58.306|22.412:61.233|24.579:38.744|37.947:33.670|37.861:46.626|8.000:8.000,0-28-19-29-21-4-1-9-14-7-31-5-15-3-11-22-6-18-20-16-30-24-32-26-10-8-27-25-0,0.001622631913051
89,moderate,sparse,WindAwareGreedy,32,20,0.625,0.728,0.0,False,45.5,62.5,1418.8097929088124,1428.1064727999403,-218.80979290881265,-298.8097929088126,True,131.72099751866995,False,True,0.0495898844139226,0.002394121525628,2.0,True,1.0,8.000:8.000|56.795:20.172|71.241:27.033|84.614:28.530|69.471:13.651|79.113:17.343|73.266:24.451|71.862:18.374|86.463:23.642|72.949:72.473|50.330:76.866|40.717:66.602|44.078:66.201|34.104:68.047|32.451:57.987|28.068:58.306|24.579:38.744|37.947:33.670|37.861:46.626|55.901:59.195|65.336:64.041|8.000:8.000,0-28-4-14-29-9-1-21-7-22-6-20-16-30-32-26-8-27-25-17-11-0,0.0015065527986735
89,moderate,sparse,ReserveOnlyPlanner,32,14,0.4375,0.432,0.432,True,27.0,62.5,1108.6238396315514,1178.906890697487,91.37616036844868,11.376160368448666,False,95.9809264698489,True,False,0.0015100364673293,0.0001007173311962,2.0,False,1.0,8.000:8.000|56.795:20.172|71.241:27.033|69.471:13.651|84.614:28.530|79.113:17.343|73.266:24.451|71.862:18.374|86.463:23.642|90.101:10.069|67.184:25.175|55.234:17.431|37.947:33.670|24.579:38.744|28.068:58.306|8.000:8.000,0-28-4-29-14-9-1-21-7-2-12-19-27-8-26-0,0.0013318068813532
89,moderate,sparse,FairRiskAwareGreedy,32,15,0.46875,0.592,0.592,True,37.0,62.5,1096.21211867167,1138.2239562458535,103.78788132832996,23.787881328329945,False,117.91009344357153,True,False,0.0006252449732204,3.908595798724629e-05,2.8284271247461903,False,1.0,8.000:8.000|56.795:20.172|71.241:27.033|69.471:13.651|72.949:72.473|40.717:66.602|50.330:76.866|44.078:66.201|34.104:68.047|28.068:58.306|24.579:38.744|32.451:57.987|55.901:59.195|65.336:64.041|77.296:59.376|73.266:24.451|8.000:8.000,0-28-4-29-22-20-6-16-30-26-8-32-17-11-5-1-0,0.0023371849674731
89,moderate,sparse,FairALNSPlanner,32,29,0.90625,0.944,0.944,True,59.0,62.5,1045.4204436898883,1193.3394100116768,154.57955631011163,74.57955631011163,False,135.9561469090285,True,False,0.0273812885403837,0.0009195322144805,2.0,False,1.0,8.000:8.000|24.579:38.744|22.412:61.233|28.068:58.306|32.451:57.987|33.464:64.821|34.104:68.047|40.717:66.602|44.078:66.201|45.012:82.945|50.330:76.866|55.901:59.195|65.336:64.041|72.949:72.473|92.933:67.137|77.296:59.376|72.441:60.227|69.360:58.828|80.280:31.071|84.614:28.530|86.463:23.642|79.113:17.343|69.471:13.651|71.862:18.374|73.266:24.451|71.241:27.033|67.184:25.175|55.234:17.431|56.795:20.172|37.947:33.670|8.000:8.000,0-8-10-26-32-24-30-20-16-18-6-17-11-22-13-5-15-3-31-14-7-9-29-21-1-4-12-19-28-27-0,17.96952566294931
89,moderate,sparse,RAWA-RHP,32,28,0.875,0.936,0.936,True,58.5,62.5,1051.72473654818,1181.5731499082067,148.2752634518202,68.2752634518202,False,136.78136086435626,True,False,0.0126535850365514,0.0004370273315657,2.0,False,1.0,8.000:8.000|37.947:33.670|56.795:20.172|71.241:27.033|73.266:24.451|67.184:25.175|69.471:13.651|71.862:18.374|79.113:17.343|86.463:23.642|84.614:28.530|92.933:67.137|77.296:59.376|69.360:58.828|72.441:60.227|72.949:72.473|65.336:64.041|55.901:59.195|45.012:82.945|50.330:76.866|44.078:66.201|40.717:66.602|34.104:68.047|33.464:64.821|32.451:57.987|28.068:58.306|22.412:61.233|37.861:46.626|24.579:38.744|8.000:8.000,0-27-28-4-1-12-29-21-9-7-14-13-5-3-15-22-11-17-18-6-16-20-30-24-32-26-10-25-8-0,59.0183660381008
90,severe,cluttered,NearestNeighbor,32,10,0.3125,0.3125,0.0,False,20.0,64.0,1446.785204878825,1408.6752364283157,-246.7852048788249,-326.7852048788249,True,76.91164164124149,False,True,0.0034009795295045,0.0003095433287016,2.8284271247461903,True,1.0,8.000:8.000|24.920:14.365|34.338:8.151|38.400:31.561|23.277:44.452|15.726:29.880|19.307:65.562|42.105:75.643|44.009:79.668|37.819:84.225|49.804:86.429|8.000:8.000,0-25-5-1-18-16-20-19-8-29-31-0,0.0010707508772611
90,severe,cluttered,ValuePerDistance,32,9,0.28125,0.328125,0.0,False,21.0,64.0,1458.1424542362502,1448.8439119639097,-258.1424542362504,-338.1424542362504,True,74.19207281381696,False,True,0.1836318298070922,0.0176119326197251,2.0,True,1.0,8.000:8.000|15.726:29.880|23.277:44.452|38.400:31.561|60.372:42.269|60.880:59.474|54.290:53.590|42.105:75.643|44.009:79.668|37.819:84.225|8.000:8.000,0-16-18-1-13-24-28-19-8-29-0,0.0007966761477291
90,severe,cluttered,WindAwareGreedy,32,9,0.28125,0.296875,0.0,False,19.0,64.0,1307.130150658057,1252.4619809700755,-107.13015065805686,-187.1301506580569,True,69.83561783495477,False,True,0.1639774670349336,0.0164496141282749,2.0,True,1.0,8.000:8.000|15.726:29.880|23.277:44.452|38.400:31.561|34.338:8.151|24.920:14.365|62.516:27.723|70.217:28.666|70.646:23.262|60.372:42.269|8.000:8.000,0-16-18-1-5-25-23-21-4-13-0,0.0008977919351309
90,severe,cluttered,ReserveOnlyPlanner,32,6,0.1875,0.1796875,0.1796875,True,11.5,64.0,1027.9271837163171,1083.755711145384,172.07281628368312,92.07281628368312,False,55.99338214782472,True,False,0.1737051563412294,0.0248487323535441,2.0,False,1.0,8.000:8.000|15.726:29.880|23.277:44.452|38.400:31.561|34.338:8.151|24.920:14.365|19.307:65.562|8.000:8.000,0-16-18-1-5-25-20-0,0.0006955279968678
90,severe,cluttered,FairRiskAwareGreedy,32,13,0.40625,0.4765625,0.4765625,True,30.5,64.0,1090.9618894194962,1129.1828423633674,109.03811058050374,29.03811058050374,False,100.70347188084196,True,False,0.0031038401326035,0.0002219680840496,2.8284271247461903,False,1.0,8.000:8.000|15.726:29.880|23.277:44.452|38.400:31.561|42.105:75.643|67.772:85.607|60.880:59.474|37.819:84.225|44.009:79.668|79.405:82.023|68.249:82.259|65.974:83.951|52.319:74.715|56.164:70.896|8.000:8.000,0-16-18-1-19-22-24-29-8-14-17-7-15-32-0,0.0018102210015058
90,severe,cluttered,FairALNSPlanner,32,20,0.625,0.6875,0.6875,True,44.0,64.0,1052.0396758099128,1252.67276953206,147.96032419008702,67.96032419008702,False,111.13415403285748,True,False,0.0465707778161779,0.0022340854014075,2.0,False,1.0,8.000:8.000|38.400:31.561|54.290:53.590|60.372:42.269|60.880:59.474|52.319:74.715|65.974:83.951|67.772:85.607|68.249:82.259|77.303:55.090|79.813:57.157|78.455:61.606|79.405:82.023|70.004:92.127|55.486:92.679|49.804:86.429|37.819:84.225|44.009:79.668|42.105:75.643|23.277:44.452|15.726:29.880|8.000:8.000,0-1-28-13-24-15-7-22-17-6-9-12-14-3-11-31-29-8-19-18-16-0,9.224069440038877
90,severe,cluttered,RAWA-RHP,32,23,0.71875,0.7734375,0.7734375,True,49.5,64.0,1056.5606274231536,1259.149954127903,143.43937257684627,63.43937257684627,False,116.9097016641179,True,False,0.0582463455036353,0.0024419988869829,2.0,False,1.0,8.000:8.000|38.400:31.561|62.516:27.723|70.217:28.666|88.669:17.260|89.042:36.250|83.557:42.145|74.931:48.658|77.303:55.090|79.813:57.157|78.455:61.606|79.405:82.023|68.249:82.259|65.974:83.951|67.772:85.607|70.004:92.127|55.486:92.679|49.804:86.429|37.819:84.225|44.009:79.668|42.105:75.643|23.277:44.452|15.726:29.880|24.920:14.365|8.000:8.000,0-1-23-21-27-30-10-2-6-9-12-14-17-7-22-3-11-31-29-8-19-18-16-25-0,28.32246846682392
91,calm,cluttered,NearestNeighbor,32,30,0.9375,0.937007874015748,0.0,False,59.5,63.5,1285.9689533499363,1283.463060435854,-85.96895334993611,-165.9689533499361,True,156.9731871380536,False,True,0.0169565523911252,0.0005509901983663,2.0,True,1.0,8.000:8.000|18.024:25.558|29.989:17.031|29.706:36.580|36.420:42.097|40.807:46.980|34.058:55.408|38.546:62.813|38.691:65.625|32.689:69.445|28.826:71.127|34.228:75.640|25.367:61.016|18.188:52.288|11.886:62.084|9.403:88.019|50.469:83.292|57.517:80.660|60.920:79.900|68.341:87.721|50.420:72.924|54.057:63.732|50.660:56.981|57.275:46.444|76.392:47.806|83.831:27.944|91.017:22.647|60.333:25.901|57.176:25.626|53.415:24.065|56.263:9.694|8.000:8.000,0-6-22-32-20-4-30-15-26-8-31-3-18-12-28-5-27-16-1-17-7-9-29-14-11-2-21-13-10-19-24-0,0.0020847078412771
91,calm,cluttered,ValuePerDistance,32,27,0.84375,0.8818897637795275,0.0,False,56.0,63.5,1424.0151862258226,1426.3230782374812,-224.0151862258231,-304.0151862258231,True,163.3860554737674,False,True,0.0181541491530541,0.0006535178288721,2.0,True,1.0,8.000:8.000|18.024:25.558|29.706:36.580|36.420:42.097|40.807:46.980|34.058:55.408|38.691:65.625|38.546:62.813|32.689:69.445|28.826:71.127|34.228:75.640|54.057:63.732|50.660:56.981|57.275:46.444|60.333:25.901|57.176:25.626|53.415:24.065|56.263:9.694|91.017:22.647|83.831:27.944|76.392:47.806|79.059:66.809|60.920:79.900|57.517:80.660|50.469:83.292|50.420:72.924|68.341:87.721|92.942:89.879|8.000:8.000,0-6-32-20-4-30-26-15-8-31-3-9-29-14-13-10-19-24-21-2-11-23-1-16-27-7-17-25-0,0.0015731290914118
91,calm,cluttered,WindAwareGreedy,32,20,0.625,0.7322834645669292,0.0,False,46.5,63.5,1335.0810238701793,1338.7212586325932,-135.08102387017968,-215.08102387017968,True,146.41579358254296,False,True,0.0112419575517265,0.0005379861110231,2.0,True,1.0,8.000:8.000|18.024:25.558|29.706:36.580|40.807:46.980|34.058:55.408|32.689:69.445|60.920:79.900|57.517:80.660|54.057:63.732|50.660:56.981|60.333:25.901|56.263:9.694|91.017:22.647|53.415:24.065|36.420:42.097|38.691:65.625|28.826:71.127|11.886:62.084|25.367:61.016|34.228:75.640|57.275:46.444|8.000:8.000,0-6-32-4-30-8-1-16-9-29-13-24-21-19-20-26-31-28-18-3-14-0,0.0015511119272559
91,calm,cluttered,ReserveOnlyPlanner,32,20,0.625,0.7322834645669292,0.7322834645669292,True,46.5,63.5,1091.0917545954162,1127.3145215652498,108.90824540458364,28.908245404583653,False,126.6873956075969,True,False,0.0111387206036159,0.0005327093352035,2.0,False,1.0,8.000:8.000|18.024:25.558|29.706:36.580|40.807:46.980|34.058:55.408|32.689:69.445|28.826:71.127|38.691:65.625|54.057:63.732|60.920:79.900|57.517:80.660|79.059:66.809|91.017:22.647|60.333:25.901|56.263:9.694|53.415:24.065|36.420:42.097|50.660:56.981|57.275:46.444|57.176:25.626|29.989:17.031|8.000:8.000,0-6-32-4-30-8-31-26-9-1-16-23-21-13-24-19-20-29-14-10-22-0,0.0017051850445568
91,calm,cluttered,FairRiskAwareGreedy,32,17,0.53125,0.6456692913385826,0.6456692913385826,True,41.0,63.5,1092.8729333986305,1117.0036865775685,107.127066601369,27.12706660136901,False,124.22537460615168,True,False,0.0104706319940284,0.0005843516495289,2.0,False,1.0,8.000:8.000|18.024:25.558|29.706:36.580|40.807:46.980|34.058:55.408|32.689:69.445|60.920:79.900|57.517:80.660|54.057:63.732|91.017:22.647|56.263:9.694|60.333:25.901|53.415:24.065|36.420:42.097|11.886:62.084|28.826:71.127|38.691:65.625|29.989:17.031|8.000:8.000,0-6-32-4-30-8-1-16-9-21-24-13-19-20-28-31-26-22-0,0.0029191318899393
91,calm,cluttered,FairALNSPlanner,32,24,0.75,0.8267716535433071,0.8267716535433071,True,52.5,63.5,1054.6218062628182,1119.265059897172,145.3781937371817,65.3781937371817,False,130.73998263969185,True,False,0.0078885824957151,0.000316551631096,2.0,False,1.0,8.000:8.000|29.989:17.031|56.263:9.694|91.017:22.647|83.831:27.944|60.333:25.901|53.415:24.065|36.420:42.097|40.807:46.980|50.660:56.981|57.275:46.444|54.057:63.732|79.059:66.809|60.920:79.900|57.517:80.660|50.420:72.924|38.546:62.813|38.691:65.625|32.689:69.445|34.228:75.640|28.826:71.127|25.367:61.016|34.058:55.408|29.706:36.580|18.024:25.558|8.000:8.000,0-22-24-21-2-13-19-20-4-29-14-9-23-1-16-7-15-26-8-3-31-18-30-32-6-0,14.684668538859114
91,calm,cluttered,RAWA-RHP,32,24,0.75,0.8188976377952756,0.8188976377952756,True,52.0,63.5,1059.577129803965,1124.687138357058,140.42287019603555,60.422870196035575,False,131.04647474610388,True,False,0.004703990485942,0.0001885137768385,2.0,False,1.0,8.000:8.000|18.024:25.558|29.706:36.580|36.420:42.097|40.807:46.980|50.660:56.981|54.057:63.732|50.420:72.924|57.517:80.660|60.920:79.900|79.059:66.809|83.831:27.944|91.017:22.647|56.263:9.694|60.333:25.901|53.415:24.065|57.176:25.626|57.275:46.444|34.058:55.408|38.546:62.813|38.691:65.625|32.689:69.445|34.228:75.640|28.826:71.127|25.367:61.016|8.000:8.000,0-6-32-20-4-29-9-7-16-1-23-2-21-24-13-19-10-14-30-15-26-8-3-31-18-0,30.56756540504284
87,moderate,sparse,NearestNeighbor,32,27,0.84375,0.8672566371681416,0.0,False,49.0,56.5,1210.1581257576477,1200.8481206781296,-10.15812575764764,-90.15812575764764,True,123.09108950228452,False,True,0.1229807739371658,0.0046325813414937,2.0,True,1.0,8.000:8.000|14.924:16.003|19.048:16.870|19.461:19.156|12.108:22.134|13.084:28.379|10.848:34.511|20.535:61.998|18.647:62.688|18.907:64.754|16.401:80.564|22.183:86.958|31.793:79.677|50.268:84.152|68.532:81.300|77.018:76.849|70.131:69.963|76.924:66.304|84.612:65.246|86.245:66.775|88.958:76.006|60.173:66.426|61.257:63.158|63.017:61.185|55.976:61.384|51.665:54.436|39.557:41.199|42.534:21.077|8.000:8.000,0-5-32-12-16-31-17-10-21-6-22-18-28-8-1-26-11-3-19-20-23-14-29-7-13-30-4-25-0,0.0020011509768664
87,moderate,sparse,ValuePerDistance,32,26,0.8125,0.831858407079646,0.0,False,47.0,56.5,1393.0927009006923,1371.5631155595536,-193.0927009006921,-273.0927009006921,True,137.38659622275307,False,True,0.1181458881535451,0.0045952471224467,2.0,True,1.0,8.000:8.000|19.048:16.870|19.461:19.156|14.924:16.003|10.848:34.511|13.084:28.379|12.108:22.134|39.557:41.199|60.173:66.426|61.257:63.158|63.017:61.185|55.976:61.384|51.665:54.436|76.924:66.304|84.612:65.246|86.245:66.775|88.958:76.006|77.018:76.849|68.532:81.300|70.131:69.963|50.268:84.152|31.793:79.677|18.907:64.754|18.647:62.688|20.535:61.998|16.401:80.564|22.183:86.958|8.000:8.000,0-32-12-5-17-31-16-4-14-29-7-13-30-3-19-20-23-26-1-11-8-28-6-21-10-22-18-0,0.0015313159674406
87,moderate,sparse,WindAwareGreedy,32,16,0.5,0.5663716814159292,0.0,False,32.0,56.5,1350.0801875287902,1350.7451688770748,-150.08018752879033,-230.08018752879036,True,118.06198503393551,False,True,0.0868585982267419,0.0052788257403318,2.0,True,1.0,8.000:8.000|10.848:34.511|19.048:16.870|19.461:19.156|39.557:41.199|18.907:64.754|18.647:62.688|20.535:61.998|16.401:80.564|22.183:86.958|60.173:66.426|51.665:54.436|42.534:21.077|14.924:16.003|12.108:22.134|13.084:28.379|31.793:79.677|8.000:8.000,0-17-32-12-4-6-21-10-22-18-14-30-25-5-16-31-28-0,0.0013298459816724
87,moderate,sparse,ReserveOnlyPlanner,32,16,0.5,0.5663716814159292,0.5663716814159292,True,32.0,56.5,1034.311612462838,1103.490401495559,165.68838753716238,85.68838753716238,False,94.49296196849852,True,False,0.0650031428231701,0.0039145984043185,2.0,False,1.0,8.000:8.000|10.848:34.511|19.048:16.870|19.461:19.156|14.924:16.003|12.108:22.134|13.084:28.379|39.557:41.199|18.907:64.754|18.647:62.688|20.535:61.998|16.401:80.564|22.183:86.958|31.793:79.677|60.173:66.426|51.665:54.436|42.534:21.077|8.000:8.000,0-17-32-12-5-16-31-4-6-21-10-22-18-28-14-30-25-0,0.0014468550216406
87,moderate,sparse,FairRiskAwareGreedy,32,14,0.4375,0.5309734513274337,0.5309734513274337,True,30.0,56.5,1102.697016030744,1129.7863091386878,97.30298396925625,17.302983969256246,False,120.18189213320296,True,False,0.0091938932897911,0.0006146275133988,2.0,False,1.0,8.000:8.000|10.848:34.511|39.557:41.199|19.048:16.870|19.461:19.156|14.924:16.003|60.173:66.426|42.534:21.077|18.907:64.754|18.647:62.688|20.535:61.998|16.401:80.564|22.183:86.958|51.665:54.436|64.533:18.152|8.000:8.000,0-17-4-32-12-5-14-25-6-21-10-22-18-30-2-0,0.0020537469536066
87,moderate,sparse,FairALNSPlanner,32,25,0.78125,0.8672566371681416,0.8672566371681416,True,49.0,56.5,1050.811044037901,1188.9856259295343,149.18895596209933,69.18895596209933,False,131.8242997180041,True,False,0.0559069024174287,0.0021729088451673,2.0,False,1.0,8.000:8.000|14.924:16.003|19.048:16.870|19.461:19.156|42.534:21.077|64.533:18.152|71.163:16.963|90.439:23.387|88.958:76.006|86.245:66.775|84.612:65.246|76.924:66.304|77.018:76.849|68.532:81.300|50.268:84.152|60.173:66.426|55.976:61.384|51.665:54.436|39.557:41.199|20.535:61.998|18.647:62.688|18.907:64.754|16.401:80.564|22.183:86.958|10.848:34.511|12.108:22.134|8.000:8.000,0-5-32-12-25-2-27-24-23-20-19-3-26-1-8-14-13-30-4-10-21-6-22-18-17-16-0,16.05709759099409
87,moderate,sparse,RAWA-RHP,32,30,0.9375,0.9557522123893806,0.9557522123893806,True,54.0,56.5,1041.4454783578606,1209.6766733138056,158.5545216421394,78.5545216421394,False,140.3893530114741,True,False,0.049293881518993,0.0016135987882048,2.0,False,1.0,8.000:8.000|14.924:16.003|19.048:16.870|19.461:19.156|42.534:21.077|90.439:23.387|71.163:16.963|64.533:18.152|61.935:24.663|59.062:26.903|39.557:41.199|51.665:54.436|55.976:61.384|60.173:66.426|61.257:63.158|63.017:61.185|70.131:69.963|76.924:66.304|84.612:65.246|86.245:66.775|88.958:76.006|77.018:76.849|68.532:81.300|50.268:84.152|22.183:86.958|16.401:80.564|18.907:64.754|18.647:62.688|20.535:61.998|10.848:34.511|12.108:22.134|8.000:8.000,0-5-32-12-25-24-27-2-15-9-4-30-13-14-29-7-11-3-19-20-23-26-1-8-18-22-6-21-10-17-16-0,155.61759611405432
90,severe,sparse,NearestNeighbor,32,16,0.5,0.4850746268656716,0.0,False,32.5,67.0,1280.4156613396494,1341.4323176568937,-80.41566133964962,-160.4156613396496,True,83.30176966126665,False,True,0.0862297940905449,0.0051889026513812,2.0,True,1.0,8.000:8.000|20.613:20.472|25.977:29.880|28.305:29.547|29.087:27.486|31.703:28.488|27.334:38.794|27.377:43.770|23.204:50.652|20.455:36.332|45.471:46.267|47.353:38.769|46.905:35.452|43.926:34.651|57.902:27.120|63.017:15.081|80.772:15.949|8.000:8.000,0-23-30-5-9-8-22-18-6-11-1-4-14-32-7-12-31-0,0.0015061791054904
90,severe,sparse,ValuePerDistance,32,12,0.375,0.4253731343283582,0.0,False,28.5,67.0,1344.653115541135,1251.641020216642,-144.65311554113543,-224.65311554113543,True,72.21267227537295,False,True,0.0865488442669895,0.0066642163883803,2.0,True,1.0,8.000:8.000|20.613:20.472|28.305:29.547|25.977:29.880|31.703:28.488|29.087:27.486|27.377:43.770|23.204:50.652|24.161:69.570|29.836:68.576|46.391:68.566|59.479:80.807|72.336:68.825|8.000:8.000,0-23-5-30-8-9-18-6-16-26-27-13-2-0,0.0010172070469707
90,severe,sparse,WindAwareGreedy,32,12,0.375,0.4253731343283582,0.0,False,28.5,67.0,1233.428877554108,1214.8256121395907,-33.42887755410765,-113.42887755410766,True,71.02086519802612,False,True,0.0865963162885046,0.0066682111157603,2.0,True,1.0,8.000:8.000|28.305:29.547|25.977:29.880|31.703:28.488|20.613:20.472|27.377:43.770|23.204:50.652|24.161:69.570|29.836:68.576|46.391:68.566|46.905:35.452|57.902:27.120|29.087:27.486|8.000:8.000,0-5-30-8-23-18-6-16-26-27-14-7-9-0,0.0011047769803553
90,severe,sparse,ReserveOnlyPlanner,32,12,0.375,0.3582089552238806,0.3582089552238806,True,24.0,67.0,930.592223721898,1060.0424394172626,269.40777627810195,189.40777627810195,False,60.76519292677897,True,False,0.0868459962986319,0.0066892393261029,2.0,False,1.0,8.000:8.000|20.613:20.472|28.305:29.547|25.977:29.880|31.703:28.488|29.087:27.486|27.377:43.770|23.204:50.652|24.161:69.570|29.836:68.576|21.158:70.913|20.455:36.332|27.334:38.794|8.000:8.000,0-23-5-30-8-9-18-6-16-26-3-11-22-0,0.0012028228957206
90,severe,sparse,FairRiskAwareGreedy,32,12,0.375,0.4701492537313433,0.4701492537313433,True,31.5,67.0,1055.051197435575,1133.7027523611837,144.94880256442497,64.94880256442497,False,100.07530482926032,True,False,0.0029265783278908,0.0002253855979872,2.8284271247461903,False,1.0,8.000:8.000|28.305:29.547|31.703:28.488|20.613:20.472|27.377:43.770|62.823:54.780|78.859:44.796|79.679:49.859|80.772:15.949|83.308:59.339|24.161:69.570|46.905:35.452|29.087:27.486|8.000:8.000,0-5-8-23-18-19-20-17-31-10-16-14-9-0,0.0018056498374789
90,severe,sparse,FairALNSPlanner,32,20,0.625,0.7238805970149254,0.7238805970149254,True,48.5,67.0,1037.0167174695184,1264.8240438175185,162.98328253048152,82.98328253048152,False,111.85842823369192,True,False,0.0299542076886681,0.0014280975740771,2.0,False,1.0,8.000:8.000|20.613:20.472|29.087:27.486|31.703:28.488|28.305:29.547|25.977:29.880|57.902:27.120|80.772:15.949|78.859:44.796|79.679:49.859|83.308:59.339|62.823:54.780|72.336:68.825|59.479:80.807|46.391:68.566|24.161:69.570|29.836:68.576|45.471:46.267|47.353:38.769|43.926:34.651|46.905:35.452|8.000:8.000,0-23-9-8-5-30-7-31-20-17-10-19-2-13-27-16-26-1-4-32-14-0,10.38450176990591
90,severe,sparse,RAWA-RHP,32,24,0.75,0.8134328358208955,0.8134328358208955,True,54.5,67.0,1028.9507801066754,1299.073238567094,171.0492198933243,91.04921989332432,False,118.1999323006148,True,False,0.0298048385790673,0.0011956660939277,2.0,False,1.0,8.000:8.000|29.087:27.486|31.703:28.488|57.902:27.120|78.859:44.796|79.679:49.859|83.308:59.339|90.545:66.954|88.852:68.771|84.793:73.417|72.336:68.825|62.823:54.780|59.479:80.807|46.391:68.566|24.161:69.570|29.836:68.576|47.353:38.769|46.905:35.452|43.926:34.651|45.471:46.267|27.377:43.770|27.334:38.794|25.977:29.880|28.305:29.547|20.613:20.472|8.000:8.000,0-9-8-7-20-17-10-21-29-28-2-19-13-27-16-26-4-14-32-1-18-22-30-5-23-0,42.0572998591233
91,calm,sparse,NearestNeighbor,32,31,0.96875,0.968503937007874,0.0,False,61.5,63.5,1299.123279574144,1292.6144978215202,-99.12327957414348,-179.12327957414348,True,161.9853714845956,False,True,0.0077310643886436,0.000242246937323,2.0,True,1.0,8.000:8.000|23.218:32.916|27.376:36.609|47.629:34.018|50.355:34.388|52.626:33.655|61.781:37.932|60.924:44.018|56.413:47.121|53.734:49.270|60.154:51.035|61.832:53.678|59.627:57.952|70.742:61.436|77.954:50.047|72.545:47.512|83.612:51.747|62.476:27.045|48.651:20.958|41.516:23.298|45.620:52.884|44.413:54.766|25.445:69.251|17.256:74.063|14.527:83.735|23.017:90.207|47.416:81.585|51.439:80.414|63.176:91.450|67.582:95.850|69.465:81.685|12.496:62.707|8.000:8.000,0-9-15-27-25-7-32-29-28-1-14-26-11-10-12-18-2-17-19-4-20-5-6-3-16-31-23-30-21-24-13-22-0,0.0020954848732799
91,calm,sparse,ValuePerDistance,32,28,0.875,0.889763779527559,0.0,False,56.5,63.5,1337.5790232733352,1332.4459295547551,-137.57902327333528,-217.57902327333528,True,160.67081080082374,False,True,0.0070421421290246,0.000243403313748,2.0,True,1.0,8.000:8.000|41.516:23.298|47.629:34.018|50.355:34.388|52.626:33.655|61.781:37.932|60.924:44.018|60.154:51.035|59.627:57.952|61.832:53.678|53.734:49.270|56.413:47.121|44.413:54.766|45.620:52.884|47.416:81.585|51.439:80.414|63.176:91.450|67.582:95.850|69.465:81.685|70.742:61.436|77.954:50.047|72.545:47.512|83.612:51.747|89.413:15.414|48.651:20.958|62.476:27.045|12.496:62.707|25.445:69.251|17.256:74.063|8.000:8.000,0-4-27-25-7-32-29-14-11-26-1-28-5-20-23-30-21-24-13-10-12-18-2-8-19-17-22-6-3-0,0.0015950568486005
91,calm,sparse,WindAwareGreedy,32,19,0.59375,0.7165354330708661,0.0,False,45.5,63.5,1348.3232070676313,1341.212191717696,-148.32320706763105,-228.32320706763105,True,145.91156628563482,False,True,0.0137456836814332,0.0006910503647657,2.0,True,1.0,8.000:8.000|47.629:34.018|44.413:54.766|60.154:51.035|77.954:50.047|53.734:49.270|59.627:57.952|47.416:81.585|23.017:90.207|12.496:62.707|25.445:69.251|63.176:91.450|67.582:95.850|70.742:61.436|41.516:23.298|50.355:34.388|61.781:37.932|60.924:44.018|45.620:52.884|56.413:47.121|8.000:8.000,0-27-5-14-12-1-11-23-31-22-6-21-24-10-4-25-32-29-20-28-0,0.001486622961238
91,calm,sparse,ReserveOnlyPlanner,32,19,0.59375,0.6929133858267716,0.6929133858267716,True,44.0,63.5,1115.771216561109,1147.6019879954135,84.2287834388911,4.228783438891099,False,127.39011642161428,True,False,0.0116069424531816,0.0005830657279492,2.0,False,1.0,8.000:8.000|41.516:23.298|47.629:34.018|44.413:54.766|60.154:51.035|77.954:50.047|53.734:49.270|59.627:57.952|47.416:81.585|23.017:90.207|14.527:83.735|12.496:62.707|25.445:69.251|17.256:74.063|63.176:91.450|67.582:95.850|51.439:80.414|45.620:52.884|27.376:36.609|23.218:32.916|8.000:8.000,0-4-27-5-14-12-1-11-23-31-16-22-6-3-21-24-30-20-15-9-0,0.0016110490541905
91,calm,sparse,FairRiskAwareGreedy,32,14,0.4375,0.5669291338582677,0.5669291338582677,True,36.0,63.5,1098.786523403082,1120.4035276156856,101.21347659691814,21.21347659691814,False,122.1730349392702,True,False,0.0075168130262482,0.0005022793927671,2.0,False,1.0,8.000:8.000|47.629:34.018|44.413:54.766|60.154:51.035|77.954:50.047|47.416:81.585|23.017:90.207|12.496:62.707|41.516:23.298|53.734:49.270|59.627:57.952|63.176:91.450|67.582:95.850|51.439:80.414|23.218:32.916|8.000:8.000,0-27-5-14-12-23-31-22-4-1-11-21-24-30-9-0,0.0025014169514179
91,calm,sparse,FairALNSPlanner,32,29,0.90625,0.937007874015748,0.937007874015748,True,59.5,63.5,1064.5503478323103,1134.7940334584855,135.44965216768918,55.44965216768918,False,140.7016260248952,True,False,0.0091905078789028,0.0003073949615093,2.0,False,1.0,8.000:8.000|41.516:23.298|48.651:20.958|47.629:34.018|50.355:34.388|61.781:37.932|60.924:44.018|72.545:47.512|77.954:50.047|83.612:51.747|70.742:61.436|69.465:81.685|67.582:95.850|63.176:91.450|23.017:90.207|14.527:83.735|17.256:74.063|12.496:62.707|25.445:69.251|47.416:81.585|51.439:80.414|59.627:57.952|61.832:53.678|60.154:51.035|56.413:47.121|53.734:49.270|45.620:52.884|44.413:54.766|27.376:36.609|23.218:32.916|8.000:8.000,0-4-19-27-25-32-29-18-12-2-10-13-24-21-31-16-3-22-6-23-30-11-26-14-28-1-20-5-15-9-0,17.57413496193476
91,calm,sparse,RAWA-RHP,32,30,0.9375,0.952755905511811,0.952755905511811,True,60.5,63.5,1057.0326587729862,1120.1549199679434,142.96734122701403,62.96734122701403,False,140.92236513691844,True,False,0.0103054828497511,0.0003337814162052,2.0,False,1.0,8.000:8.000|41.516:23.298|48.651:20.958|47.629:34.018|50.355:34.388|52.626:33.655|61.781:37.932|60.924:44.018|72.545:47.512|77.954:50.047|83.612:51.747|70.742:61.436|59.627:57.952|61.832:53.678|60.154:51.035|56.413:47.121|53.734:49.270|45.620:52.884|44.413:54.766|47.416:81.585|51.439:80.414|69.465:81.685|67.582:95.850|63.176:91.450|23.017:90.207|14.527:83.735|17.256:74.063|25.445:69.251|12.496:62.707|27.376:36.609|23.218:32.916|8.000:8.000,0-4-19-27-25-7-32-29-18-12-2-10-11-26-14-28-1-20-5-23-30-13-24-21-31-16-3-6-22-15-9-0,43.45277231698856
90,calm,cluttered,NearestNeighbor,32,30,0.9375,0.9448818897637796,0.0,False,60.0,63.5,1415.7237302366004,1413.683182388504,-215.72373023660003,-295.72373023660003,True,164.7370783781252,False,True,0.038667904424072,0.0012671613113576,2.0,True,1.0,8.000:8.000|27.138:13.489|45.052:14.827|46.457:18.327|41.491:25.119|42.658:30.427|34.813:45.540|52.108:51.493|51.528:54.376|54.361:61.173|45.730:65.327|45.768:74.019|51.140:72.767|37.164:74.674|42.404:82.400|23.904:68.560|18.064:73.025|9.046:66.814|29.388:85.386|66.825:67.441|62.645:47.970|66.413:37.141|66.726:34.894|72.149:29.054|64.637:25.688|63.343:21.253|72.511:14.105|69.482:9.490|52.718:9.562|93.375:11.151|95.829:17.384|8.000:8.000,0-22-31-21-6-28-27-4-18-29-13-30-3-25-10-15-14-20-17-2-7-9-8-19-23-16-12-24-32-1-26-0,0.0020905260462313
90,calm,cluttered,ValuePerDistance,32,27,0.84375,0.8661417322834646,0.0,False,55.0,63.5,1278.685750747702,1274.686437411944,-78.68575074770195,-158.68575074770197,True,144.94655097554343,False,True,0.0401286416999205,0.0014568046205331,2.0,True,1.0,8.000:8.000|27.138:13.489|41.491:25.119|42.658:30.427|45.052:14.827|46.457:18.327|52.718:9.562|63.343:21.253|64.637:25.688|72.149:29.054|66.413:37.141|66.726:34.894|72.511:14.105|69.482:9.490|93.375:11.151|95.829:17.384|90.493:34.516|66.825:67.441|51.140:72.767|45.768:74.019|37.164:74.674|45.730:65.327|54.361:61.173|51.528:54.376|52.108:51.493|62.645:47.970|77.313:49.460|34.813:45.540|8.000:8.000,0-22-6-28-31-21-32-16-23-19-9-8-12-24-1-26-11-2-3-30-25-13-29-18-4-7-5-27-0,0.001635992899537
90,calm,cluttered,WindAwareGreedy,32,20,0.625,0.7637795275590551,0.0,False,48.5,63.5,1351.508701276708,1350.1516778539246,-151.50870127670805,-231.50870127670805,True,145.1683915112734,False,True,0.0536507861948012,0.0026150403119099,2.0,True,1.0,8.000:8.000|41.491:25.119|64.637:25.688|63.343:21.253|72.511:14.105|52.718:9.562|45.052:14.827|27.138:13.489|42.658:30.427|66.413:37.141|66.825:67.441|37.164:74.674|9.046:66.814|23.904:68.560|51.140:72.767|45.730:65.327|54.361:61.173|52.108:51.493|90.493:34.516|95.829:17.384|93.375:11.151|8.000:8.000,0-6-23-16-12-32-31-22-28-9-2-25-20-15-3-13-29-4-11-26-1-0,0.0015391730703413
90,calm,cluttered,ReserveOnlyPlanner,32,19,0.59375,0.6220472440944882,0.6220472440944882,True,39.5,63.5,1112.96809137959,1155.8394595506293,87.0319086204098,7.031908620409794,False,122.87028409567333,True,False,0.0473479613172047,0.0024138335253549,2.0,False,1.0,8.000:8.000|41.491:25.119|42.658:30.427|64.637:25.688|63.343:21.253|72.511:14.105|52.718:9.562|45.052:14.827|27.138:13.489|46.457:18.327|66.413:37.141|72.149:29.054|90.493:34.516|95.829:17.384|93.375:11.151|69.482:9.490|66.726:34.894|52.108:51.493|54.361:61.173|34.813:45.540|8.000:8.000,0-6-28-23-16-12-32-31-22-21-9-19-11-26-1-24-8-4-29-27-0,0.0016125089023262
90,calm,cluttered,FairRiskAwareGreedy,32,14,0.4375,0.5590551181102362,0.5590551181102362,True,35.5,63.5,1098.2882459003156,1114.33666847167,101.71175409968436,21.71175409968437,False,121.11526031440542,True,False,0.0125706028605866,0.0008421200912279,2.0,False,1.0,8.000:8.000|41.491:25.119|9.046:66.814|63.343:21.253|64.637:25.688|72.511:14.105|66.413:37.141|66.825:67.441|37.164:74.674|51.140:72.767|45.730:65.327|27.138:13.489|52.718:9.562|45.052:14.827|46.457:18.327|8.000:8.000,0-6-20-16-23-12-9-2-25-3-13-22-32-31-21-0,0.0022170280572026
90,calm,cluttered,FairALNSPlanner,32,22,0.6875,0.7952755905511811,0.7952755905511811,True,50.5,63.5,1060.808546980344,1127.125202096907,139.19145301965602,59.19145301965602,False,130.48380937584693,True,False,0.0149059192526085,0.0006517346484245,2.0,False,1.0,8.000:8.000|27.138:13.489|42.658:30.427|41.491:25.119|46.457:18.327|45.052:14.827|52.718:9.562|34.813:45.540|63.343:21.253|72.511:14.105|64.637:25.688|72.149:29.054|90.493:34.516|66.413:37.141|52.108:51.493|51.528:54.376|54.361:61.173|66.825:67.441|51.140:72.767|45.730:65.327|37.164:74.674|23.904:68.560|9.046:66.814|8.000:8.000,0-22-28-6-21-31-32-27-16-12-23-19-11-9-4-18-29-2-3-13-25-15-20-0,13.882899424992502
90,calm,cluttered,RAWA-RHP,32,28,0.875,0.9291338582677166,0.9291338582677166,True,59.0,63.5,1037.0784421310368,1115.575996418761,162.9215578689633,82.9215578689633,False,137.73071177149032,True,False,0.0244267708875186,0.0008512832156352,2.0,False,1.0,8.000:8.000|27.138:13.489|42.658:30.427|41.491:25.119|46.457:18.327|45.052:14.827|52.718:9.562|69.482:9.490|72.511:14.105|63.343:21.253|64.637:25.688|66.726:34.894|66.413:37.141|72.149:29.054|93.375:11.151|95.829:17.384|90.493:34.516|77.313:49.460|66.825:67.441|54.361:61.173|51.528:54.376|52.108:51.493|45.730:65.327|51.140:72.767|45.768:74.019|37.164:74.674|23.904:68.560|18.064:73.025|9.046:66.814|8.000:8.000,0-22-28-6-21-31-32-24-12-16-23-8-9-19-1-26-11-5-2-29-18-4-13-3-30-25-15-14-20-0,77.63140107388608
91,moderate,sparse,NearestNeighbor,32,17,0.53125,0.5537190082644629,0.0,False,33.5,60.5,1348.32480988334,1308.6663585487245,-148.32480988333973,-228.32480988333973,True,98.32307094498016,False,True,0.0426192536432162,0.0023738172162301,2.0,True,1.0,8.000:8.000|19.096:15.122|22.806:30.693|34.014:31.120|39.408:39.520|46.593:41.009|51.763:43.943|55.100:46.472|62.412:52.874|69.428:49.208|72.606:28.119|81.756:20.901|87.610:24.382|95.313:20.714|91.975:10.213|88.259:9.510|54.150:30.750|24.455:69.679|8.000:8.000,0-10-1-4-20-11-27-8-17-13-25-7-23-31-24-6-16-26-0,0.0015809941105544
91,moderate,sparse,ValuePerDistance,32,16,0.5,0.5371900826446281,0.0,False,32.5,60.5,1337.177122812698,1392.6800474045897,-137.17712281269814,-217.17712281269812,True,99.79983322716326,False,True,0.0443915309342138,0.0026180219056342,2.0,True,1.0,8.000:8.000|19.096:15.122|34.014:31.120|39.408:39.520|46.593:41.009|51.763:43.943|55.100:46.472|62.412:52.874|69.428:49.208|54.150:30.750|81.756:20.901|87.610:24.382|95.313:20.714|88.259:9.510|91.975:10.213|72.606:28.119|24.455:69.679|8.000:8.000,0-10-4-20-11-27-8-17-13-16-7-23-31-6-24-25-26-0,0.0011346729006618
91,moderate,sparse,WindAwareGreedy,32,16,0.5,0.5619834710743802,0.0,False,34.0,60.5,1367.3342710252978,1350.0513266841988,-167.33427102529765,-247.33427102529765,True,100.40295562846217,False,True,0.1990374833418846,0.0126311668506172,2.0,True,1.0,8.000:8.000|19.096:15.122|34.014:31.120|39.408:39.520|46.593:41.009|54.150:30.750|62.412:52.874|55.100:46.472|51.763:43.943|18.770:78.722|17.966:76.383|15.834:74.439|24.455:69.679|24.878:87.435|33.924:79.010|33.415:88.035|43.561:94.461|8.000:8.000,0-10-4-20-11-16-17-8-27-32-2-15-26-22-30-21-29-0,0.0013459559995681
91,moderate,sparse,ReserveOnlyPlanner,32,13,0.40625,0.4628099173553719,0.4628099173553719,True,28.0,60.5,1012.3785039564348,1099.3459532640145,187.6214960435653,107.62149604356532,False,75.1134068112097,True,False,0.1185689241446407,0.0087803051586858,2.0,False,1.0,8.000:8.000|19.096:15.122|34.014:31.120|39.408:39.520|46.593:41.009|54.150:30.750|62.412:52.874|55.100:46.472|51.763:43.943|18.770:78.722|17.966:76.383|15.834:74.439|24.455:69.679|22.806:30.693|8.000:8.000,0-10-4-20-11-16-17-8-27-32-2-15-26-1-0,0.0012482351157814
91,moderate,sparse,FairRiskAwareGreedy,32,13,0.40625,0.4958677685950413,0.4958677685950413,True,30.0,60.5,1044.609809531092,1092.552284095364,155.39019046890795,75.39019046890795,False,107.15640397823404,True,False,0.0013000212890096,9.28589352307631e-05,2.8284271247461903,False,1.0,8.000:8.000|19.096:15.122|62.412:52.874|46.593:41.009|39.408:39.520|54.150:30.750|34.014:31.120|81.756:20.901|87.610:24.382|55.100:46.472|69.428:49.208|51.763:43.943|15.834:74.439|18.770:78.722|8.000:8.000,0-10-17-11-20-16-4-7-23-8-13-27-15-32-0,0.0019593921024352
91,moderate,sparse,FairALNSPlanner,32,23,0.71875,0.768595041322314,0.768595041322314,True,46.5,60.5,1028.6511455057137,1203.784022511251,171.3488544942865,91.34885449428651,False,123.97244359699222,True,False,0.0720898058404524,0.0030788791305357,2.0,False,1.0,8.000:8.000|18.770:78.722|17.966:76.383|15.834:74.439|24.878:87.435|33.415:88.035|43.561:94.461|72.932:72.673|80.592:65.967|85.042:64.898|87.610:24.382|95.313:20.714|81.756:20.901|72.606:28.119|54.150:30.750|69.428:49.208|62.412:52.874|55.100:46.472|51.763:43.943|46.593:41.009|39.408:39.520|34.014:31.120|22.806:30.693|19.096:15.122|8.000:8.000,0-32-2-15-22-21-29-28-18-5-23-31-7-25-16-13-17-8-27-11-20-4-1-10-0,12.390986459096894
91,moderate,sparse,RAWA-RHP,32,24,0.75,0.7768595041322314,0.7768595041322314,True,47.0,60.5,1049.5019781029553,1216.7384938852022,150.4980218970447,70.49802189704471,False,126.83894003884927,True,False,0.0707918439898505,0.0028736725397359,2.0,False,1.0,8.000:8.000|22.806:30.693|39.408:39.520|46.593:41.009|51.763:43.943|55.100:46.472|69.428:49.208|62.412:52.874|52.951:68.222|50.166:71.440|45.504:81.616|33.924:79.010|33.415:88.035|43.561:94.461|24.878:87.435|18.770:78.722|17.966:76.383|15.834:74.439|24.455:69.679|81.756:20.901|87.610:24.382|72.606:28.119|54.150:30.750|34.014:31.120|19.096:15.122|8.000:8.000,0-1-20-11-27-8-13-17-9-12-19-30-21-29-22-32-2-15-26-7-23-25-16-4-10-0,58.00982847204432
90,moderate,cluttered,NearestNeighbor,32,23,0.71875,0.7037037037037037,0.0,False,47.5,67.5,1313.1891728537894,1318.357283182368,-113.18917285378971,-193.18917285378973,True,118.41559214213773,False,True,0.0882265263812901,0.0038014619549649,2.0,True,1.0,8.000:8.000|22.740:15.474|37.457:19.958|37.987:22.783|39.629:28.637|25.447:33.452|33.923:42.701|54.949:49.547|61.974:37.155|63.382:38.583|69.114:42.945|69.654:24.174|83.586:24.206|88.955:29.335|85.324:46.932|80.207:58.656|60.470:63.454|50.282:66.719|59.517:76.398|47.637:80.599|43.810:81.509|36.491:78.098|29.272:79.612|25.198:77.499|8.000:8.000,0-2-6-7-20-15-9-12-28-13-14-18-19-1-26-21-4-30-29-3-25-11-5-17-0,0.001855423906818
90,moderate,cluttered,ValuePerDistance,32,21,0.65625,0.7037037037037037,0.0,False,47.5,67.5,1290.3859106147966,1281.0909943024171,-90.3859106147968,-170.3859106147968,True,112.69589777911597,False,True,0.0987190201381059,0.0046423971306211,2.0,True,1.0,8.000:8.000|22.740:15.474|37.987:22.783|37.457:19.958|25.447:33.452|33.923:42.701|54.931:26.847|61.974:37.155|63.382:38.583|69.114:42.945|69.654:24.174|83.586:24.206|88.955:29.335|85.324:46.932|80.207:58.656|60.470:63.454|50.282:66.719|47.637:80.599|43.810:81.509|29.272:79.612|25.198:77.499|20.513:70.925|8.000:8.000,0-2-7-6-15-9-27-28-13-14-18-19-1-26-21-4-30-3-25-5-17-32-0,0.0013510219287127
90,moderate,cluttered,WindAwareGreedy,32,15,0.46875,0.4888888888888889,0.0,False,33.0,67.5,1240.567017983684,1214.2386983870656,-40.56701798368374,-120.56701798368374,True,101.82804965197522,False,True,0.1530670949203766,0.0102357907962035,2.0,True,1.0,8.000:8.000|37.987:22.783|25.447:33.452|12.042:30.840|22.740:15.474|54.931:26.847|61.974:37.155|63.382:38.583|69.654:24.174|83.586:24.206|88.955:29.335|69.114:42.945|33.923:42.701|37.457:19.958|44.867:9.678|39.629:28.637|8.000:8.000,0-7-15-22-2-27-28-13-18-19-1-14-9-6-24-20-0,0.0012920470908284
90,moderate,cluttered,ReserveOnlyPlanner,32,14,0.4375,0.4814814814814814,0.4814814814814814,True,32.5,67.5,1069.3824306428724,1167.7559514215247,130.61756935712776,50.61756935712776,False,90.76809522968787,True,False,0.036444343798198,0.0024452244760038,2.0,False,1.0,8.000:8.000|22.740:15.474|37.987:22.783|25.447:33.452|12.042:30.840|33.923:42.701|54.931:26.847|61.974:37.155|63.382:38.583|69.654:24.174|83.586:24.206|88.955:29.335|85.324:46.932|80.207:58.656|54.949:49.547|8.000:8.000,0-2-7-15-22-9-27-28-13-18-19-1-26-21-12-0,0.0013026061933487
90,moderate,cluttered,FairRiskAwareGreedy,32,14,0.4375,0.5259259259259259,0.5259259259259259,True,35.5,67.5,1084.5190107852,1117.2587292182177,115.48098921479998,35.480989214799976,False,116.6661926565612,True,False,0.0142947034278327,0.0009581130349319,2.0,False,1.0,8.000:8.000|25.447:33.452|37.987:22.783|33.923:42.701|54.931:26.847|61.974:37.155|63.382:38.583|12.042:30.840|22.740:15.474|9.840:73.785|17.786:63.956|29.272:79.612|60.470:63.454|69.654:24.174|44.867:9.678|8.000:8.000,0-15-7-9-27-28-13-22-2-23-10-5-4-18-24-0,0.0018783730920404
90,moderate,cluttered,FairALNSPlanner,32,23,0.71875,0.762962962962963,0.762962962962963,True,51.5,67.5,1027.7505661050748,1185.546800445649,172.24943389492526,92.24943389492526,False,124.11978569078258,True,False,0.0928469512764452,0.0039860754878323,2.0,False,1.0,8.000:8.000|12.042:30.840|25.447:33.452|39.629:28.637|54.949:49.547|25.198:77.499|20.513:70.925|17.786:63.956|9.840:73.785|29.272:79.612|36.491:78.098|43.810:81.509|47.637:80.599|50.282:66.719|60.470:63.454|69.114:42.945|69.654:24.174|63.382:38.583|61.974:37.155|54.931:26.847|33.923:42.701|37.987:22.783|37.457:19.958|22.740:15.474|8.000:8.000,0-22-15-20-12-17-32-10-23-5-11-25-3-30-4-14-18-13-28-27-9-7-6-2-0,12.446704923873767
90,moderate,cluttered,RAWA-RHP,32,25,0.78125,0.8074074074074075,0.8074074074074075,True,54.5,67.5,1057.3195772631652,1186.93005080957,142.680422736835,62.680422736835,False,130.30695158088437,True,False,0.055047400587092,0.0021521259172329,2.0,False,1.0,8.000:8.000|22.740:15.474|37.457:19.958|37.987:22.783|44.867:9.678|54.931:26.847|61.974:37.155|63.382:38.583|69.654:24.174|69.114:42.945|80.207:58.656|60.470:63.454|50.282:66.719|59.517:76.398|47.637:80.599|43.810:81.509|36.491:78.098|25.198:77.499|9.840:73.785|17.786:63.956|20.513:70.925|29.272:79.612|33.923:42.701|39.629:28.637|25.447:33.452|12.042:30.840|8.000:8.000,0-2-6-7-24-27-28-13-18-14-21-4-30-29-3-25-11-17-23-10-32-5-9-20-15-22-0,76.4909036650788
92,severe,sparse,NearestNeighbor,32,15,0.46875,0.5304347826086957,0.0,False,30.5,57.5,2148.6048003241035,2117.492762889151,-948.6048003241034,-1028.6048003241035,True,97.32136115960436,False,True,0.0167383728501177,0.0010532761213175,2.8284271247461903,True,1.0,8.000:8.000|24.869:39.617|43.164:39.823|42.955:46.420|51.738:54.331|53.054:52.316|59.670:38.269|61.343:35.441|67.172:42.870|71.958:37.583|73.005:34.091|66.123:23.675|77.793:57.603|66.448:62.078|85.726:70.609|96.213:63.646|8.000:8.000,0-28-15-3-21-4-30-29-1-6-20-27-5-26-2-16-0,0.0014234001282602
92,severe,sparse,ValuePerDistance,32,17,0.53125,0.591304347826087,0.0,False,34.0,57.5,2022.9122652053425,1966.5872015410812,-822.9122652053424,-902.9122652053424,True,101.71711901631114,False,True,0.1596656011404278,0.0089056497377236,2.0,True,1.0,8.000:8.000|24.869:39.617|37.757:65.304|46.578:75.284|45.982:73.142|41.290:74.821|42.486:72.989|46.565:87.359|41.150:88.160|38.545:87.820|24.707:92.375|26.315:89.042|24.167:68.349|33.344:77.667|36.286:78.357|59.670:38.269|61.343:35.441|71.958:37.583|8.000:8.000,0-28-8-18-22-7-31-14-12-10-25-24-17-9-13-30-29-6-0,0.0012805848382413
92,severe,sparse,WindAwareGreedy,32,14,0.4375,0.6086956521739131,0.0,False,35.0,57.5,1839.68908343027,1829.9203445259664,-639.6890834302703,-719.6890834302703,True,94.76112908090938,False,True,0.1310452788665291,0.0090247491766565,2.0,True,1.0,8.000:8.000|24.869:39.617|59.670:38.269|61.343:35.441|71.958:37.583|73.005:34.091|77.793:57.603|66.448:62.078|46.578:75.284|46.565:87.359|24.707:92.375|24.167:68.349|37.757:65.304|41.290:74.821|42.486:72.989|8.000:8.000,0-28-30-29-6-20-5-26-18-14-25-17-8-7-31-0,0.0012017579283565
92,severe,sparse,ReserveOnlyPlanner,32,6,0.1875,0.2260869565217391,0.2260869565217391,True,13.0,57.5,1067.8729043420878,1132.9727886510225,132.12709565791238,52.12709565791238,False,46.85551618670444,True,False,0.0696122674055806,0.0100883803957989,2.0,False,1.0,8.000:8.000|24.869:39.617|43.164:39.823|59.670:38.269|61.343:35.441|67.172:42.870|42.955:46.420|8.000:8.000,0-28-15-30-29-1-3-0,0.0007010458502918
92,severe,sparse,FairRiskAwareGreedy,32,10,0.3125,0.4434782608695652,0.4434782608695652,True,25.5,57.5,1070.9764673491136,1114.8458965690445,129.0235326508863,49.023532650886295,False,93.89947578140593,True,False,0.0019308079952499,0.0001755801728971,2.8284271247461903,False,1.0,8.000:8.000|24.869:39.617|46.578:75.284|59.670:38.269|61.343:35.441|77.793:57.603|46.565:87.359|24.707:92.375|37.757:65.304|24.167:68.349|15.988:82.419|8.000:8.000,0-28-18-30-29-5-14-25-8-17-23-0,0.0016216209623962
92,severe,sparse,FairALNSPlanner,32,15,0.46875,0.6173913043478261,0.6173913043478261,True,35.5,57.5,1033.2978504724165,1171.877382051248,166.70214952758363,86.70214952758363,False,96.82913393703782,True,False,0.0121668128893652,0.0007636528142153,2.8284271247461903,False,1.0,8.000:8.000|24.869:39.617|37.757:65.304|42.486:72.989|41.290:74.821|46.578:75.284|66.448:62.078|67.172:42.870|71.958:37.583|73.005:34.091|77.793:57.603|46.565:87.359|51.738:54.331|53.054:52.316|59.670:38.269|61.343:35.441|8.000:8.000,0-28-8-31-7-18-26-1-6-20-5-14-21-4-30-29-0,5.46145184780471
92,severe,sparse,RAWA-RHP,32,23,0.71875,0.8,0.8,True,46.0,57.5,1044.8955134059313,1238.449924963316,155.1044865940694,75.10448659406939,False,111.44089635407975,True,False,0.0465875754613213,0.0019638648692855,2.0,False,1.0,8.000:8.000|43.164:39.823|42.955:46.420|51.738:54.331|53.054:52.316|59.670:38.269|61.343:35.441|67.172:42.870|71.958:37.583|73.005:34.091|77.793:57.603|66.448:62.078|46.565:87.359|38.545:87.820|24.707:92.375|26.315:89.042|33.344:77.667|36.286:78.357|41.290:74.821|46.578:75.284|45.982:73.142|42.486:72.989|37.757:65.304|24.869:39.617|8.000:8.000,0-15-3-21-4-30-29-1-6-20-5-26-14-10-25-24-9-13-7-18-22-31-8-28-0,21.24075316800736
91,severe,cluttered,NearestNeighbor,32,12,0.375,0.3461538461538461,0.0,False,22.5,65.0,1366.8671140845172,1348.5833552617871,-166.8671140845172,-246.8671140845172,True,69.50276257902179,False,True,0.0511525291022565,0.0039934702596254,2.0,True,1.0,8.000:8.000|18.721:33.724|21.293:32.233|33.920:23.242|39.271:33.323|37.756:36.576|40.308:46.453|43.148:48.286|45.263:50.518|42.122:55.881|40.003:61.688|50.430:54.801|70.553:65.168|8.000:8.000,0-24-12-16-8-26-25-11-30-22-31-19-28-0,0.0012467899359762
91,severe,cluttered,ValuePerDistance,32,10,0.3125,0.3384615384615385,0.0,False,22.0,65.0,1333.1161915826017,1348.1255721773066,-133.11619158260177,-213.11619158260177,True,62.40465456653418,False,True,0.1387223725195846,0.013092696772937,2.0,True,1.0,8.000:8.000|21.293:32.233|18.721:33.724|37.756:36.576|39.271:33.323|47.660:22.545|51.850:15.834|52.424:9.946|58.704:26.323|65.404:22.038|73.435:33.329|8.000:8.000,0-12-24-26-8-20-5-2-6-13-29-0,0.0008760460186749
91,severe,cluttered,WindAwareGreedy,32,10,0.3125,0.3384615384615385,0.0,False,22.0,65.0,1272.1676563657602,1259.6785786081484,-72.16765636576021,-152.1676563657602,True,61.0581318348313,False,True,0.1415370276310474,0.013372264039995,2.0,True,1.0,8.000:8.000|21.293:32.233|18.721:33.724|33.920:23.242|52.424:9.946|51.850:15.834|47.660:22.545|58.704:26.323|65.404:22.038|37.756:36.576|39.271:33.323|8.000:8.000,0-12-24-16-2-5-20-6-13-26-8-0,0.0009547371882945
91,severe,cluttered,ReserveOnlyPlanner,32,9,0.28125,0.3076923076923077,0.3076923076923077,True,20.0,65.0,1067.8373763984855,1259.3455736086823,132.16262360151416,52.16262360151416,False,54.85268064152278,True,False,0.1394286478522342,0.0144788157673122,2.0,False,1.0,8.000:8.000|21.293:32.233|18.721:33.724|33.920:23.242|52.424:9.946|51.850:15.834|47.660:22.545|58.704:26.323|39.271:33.323|37.756:36.576|8.000:8.000,0-12-24-16-2-5-20-6-8-26-0,0.0008911350741982
91,severe,cluttered,FairRiskAwareGreedy,32,5,0.15625,0.1615384615384615,0.1615384615384615,True,10.5,65.0,345.92696938579456,363.97922637241993,854.0730306142054,774.0730306142054,False,31.035777635865507,True,False,0.0011483852834677,0.0001914551940581,2.8284271247461903,False,1.0,8.000:8.000|21.293:32.233|18.721:33.724|37.756:36.576|39.271:33.323|33.920:23.242|8.000:8.000,0-12-24-26-8-16-0,0.0006817891262471
91,severe,cluttered,FairALNSPlanner,32,17,0.53125,0.6,0.6,True,39.0,65.0,1025.0912828880705,1203.699681459649,174.90871711192943,94.90871711192943,False,99.39987361568912,True,False,0.0064094305522729,0.0003569604590278,2.8284271247461903,False,1.0,8.000:8.000|52.424:9.946|51.850:15.834|47.660:22.545|70.553:65.168|77.472:71.099|84.873:72.006|78.276:61.527|78.838:47.167|79.975:40.187|73.435:33.329|65.404:22.038|58.704:26.323|50.430:54.801|40.003:61.688|19.159:60.679|18.721:33.724|21.293:32.233|8.000:8.000,0-2-5-20-28-17-1-15-23-7-29-13-6-19-31-3-24-12-0,9.96555553097278
91,severe,cluttered,RAWA-RHP,32,24,0.75,0.7692307692307693,0.7692307692307693,True,50.0,65.0,1057.881794414122,1268.0537872343282,142.11820558587775,62.118205585877774,False,114.74555395603056,True,False,0.0458000798599645,0.0018572445561851,2.0,False,1.0,8.000:8.000|18.721:33.724|21.293:32.233|39.271:33.323|37.756:36.576|45.263:50.518|43.148:48.286|40.308:46.453|40.003:61.688|38.957:80.878|40.200:78.294|42.122:55.881|50.430:54.801|70.553:65.168|77.472:71.099|84.873:72.006|78.276:61.527|78.838:47.167|79.975:40.187|73.435:33.329|65.404:22.038|58.704:26.323|47.660:22.545|51.850:15.834|52.424:9.946|8.000:8.000,0-24-12-8-26-30-11-25-31-27-9-22-19-28-17-1-15-23-7-29-13-6-20-5-2-0,38.55922585004009
91,moderate,cluttered,NearestNeighbor,32,20,0.625,0.639344262295082,0.0,False,39.0,61.0,1289.8800846752813,1260.5317541947595,-89.88008467528151,-169.88008467528152,True,99.39879540678336,False,True,0.1825796130002293,0.0093755426856683,2.0,True,1.0,8.000:8.000|32.889:19.552|36.515:27.178|36.414:29.397|43.173:20.949|57.782:28.578|61.507:22.243|67.743:21.449|75.135:25.530|83.479:31.974|94.661:26.821|97.006:24.090|91.528:19.251|89.067:49.062|84.319:48.686|75.462:44.564|67.528:48.673|67.443:57.626|61.488:62.565|55.108:57.233|42.179:53.783|8.000:8.000,0-21-9-1-19-18-10-32-30-25-31-7-22-29-11-23-13-2-16-3-20-0,0.001712730852887
91,moderate,cluttered,ValuePerDistance,32,16,0.5,0.5983606557377049,0.0,False,36.5,61.0,1362.2494248896317,1355.1856830922789,-162.2494248896317,-242.2494248896317,True,100.5496185103743,False,True,0.202552227427705,0.0129834436756506,2.0,True,1.0,8.000:8.000|32.889:19.552|43.173:20.949|36.515:27.178|36.414:29.397|61.507:22.243|67.743:21.449|75.135:25.530|75.462:44.564|67.528:48.673|67.443:57.626|55.108:57.233|61.488:62.565|60.736:80.986|77.737:81.027|28.230:80.539|23.718:90.065|8.000:8.000,0-21-19-9-1-10-32-30-23-13-2-3-16-17-26-28-5-0,0.0011685278732329
91,moderate,cluttered,WindAwareGreedy,32,12,0.375,0.4754098360655737,0.0,False,29.0,61.0,1258.73251223637,1261.8713323888185,-58.73251223636981,-138.7325122363698,True,86.4772864964301,False,True,0.0863644217046604,0.0068624244391758,2.0,True,1.0,8.000:8.000|32.889:19.552|43.173:20.949|36.515:27.178|36.414:29.397|13.655:40.011|17.535:63.555|28.230:80.539|23.718:90.065|41.621:79.841|55.108:57.233|61.507:22.243|67.743:21.449|8.000:8.000,0-21-19-9-1-6-4-28-5-15-3-10-32-0,0.0011124839074909
91,moderate,cluttered,ReserveOnlyPlanner,32,11,0.34375,0.3688524590163934,0.3688524590163934,True,22.5,61.0,1030.2473073010246,1102.1220935005308,169.7526926989753,89.7526926989753,False,73.18634886419525,True,False,0.0405552434005966,0.0034187123633249,2.0,False,1.0,8.000:8.000|32.889:19.552|43.173:20.949|36.515:27.178|36.414:29.397|13.655:40.011|17.535:63.555|14.235:56.575|28.230:80.539|23.718:90.065|19.531:73.659|22.285:60.949|8.000:8.000,0-21-19-9-1-6-4-8-28-5-12-24-0,0.0011135570239275
91,moderate,cluttered,FairRiskAwareGreedy,32,2,0.0625,0.0983606557377049,0.0983606557377049,True,6.0,61.0,193.89603093578444,201.11287331163112,1006.1039690642154,926.1039690642154,False,20.228570683247572,True,False,0.005256200240764,0.0017543751209701,2.0,False,1.0,8.000:8.000|32.889:19.552|43.173:20.949|8.000:8.000,0-21-19-0,0.0005435091443359
91,moderate,cluttered,FairALNSPlanner,32,2,0.0625,0.0983606557377049,0.0983606557377049,True,6.0,61.0,196.80552496058456,215.86471529133487,1003.1944750394154,923.1944750394154,False,20.228570683247572,True,False,0.005256200240764,0.0017543751209701,2.0,False,1.0,8.000:8.000|32.889:19.552|43.173:20.949|8.000:8.000,0-21-19-0,1.6032471319194883
91,moderate,cluttered,RAWA-RHP,32,26,0.8125,0.8770491803278688,0.8770491803278688,True,53.5,61.0,1051.2436509496526,1200.7500252625225,148.75634905034696,68.75634905034696,False,129.57244156295633,True,False,0.0818082774882911,0.0031137781353266,2.0,False,1.0,8.000:8.000|13.655:40.011|14.235:56.575|17.535:63.555|19.531:73.659|23.718:90.065|28.230:80.539|41.621:79.841|60.736:80.986|77.737:81.027|67.443:57.626|61.488:62.565|55.108:57.233|67.528:48.673|75.462:44.564|84.319:48.686|89.067:49.062|94.661:26.821|97.006:24.090|91.528:19.251|67.743:21.449|61.507:22.243|57.782:28.578|36.414:29.397|36.515:27.178|43.173:20.949|32.889:19.552|8.000:8.000,0-6-8-4-12-5-28-15-17-26-2-16-3-13-23-11-29-31-7-22-32-10-18-1-9-19-21-0,79.1866297009401
92,calm,sparse,NearestNeighbor,32,31,0.96875,0.9847328244274808,0.9847328244274808,True,64.5,65.5,1170.1606244947477,1175.0453313812432,29.83937550525212,-50.16062449474788,True,146.55950517403957,True,False,0.0101057941322253,0.0003169936451124,2.0,False,1.0,8.000:8.000|23.618:18.799|36.521:31.120|29.217:39.088|17.286:38.652|26.418:62.593|25.121:66.855|24.415:72.001|20.079:81.384|38.947:73.217|41.854:62.298|51.674:64.319|57.947:55.918|63.732:36.647|62.731:34.324|66.062:29.635|68.863:31.932|73.476:32.695|72.632:23.056|71.028:20.889|78.901:19.071|88.568:12.001|88.508:9.057|92.237:14.933|87.039:30.658|79.963:37.015|76.424:46.305|76.662:48.657|56.426:25.847|50.206:22.541|65.113:13.436|66.265:11.260|8.000:8.000,0-21-7-13-14-2-22-23-6-32-5-18-10-4-11-26-17-19-25-30-3-12-8-24-9-1-27-31-20-29-16-15-0,0.0021514198742806
92,calm,sparse,ValuePerDistance,32,29,0.90625,0.9465648854961832,0.0,False,62.0,65.5,1304.8582699002666,1302.4574505852363,-104.85826990026656,-184.85826990026652,True,153.98409777904277,False,True,0.0113063810029547,0.0003786776397839,2.0,True,1.0,8.000:8.000|17.286:38.652|29.217:39.088|36.521:31.120|56.426:25.847|68.863:31.932|73.476:32.695|72.632:23.056|71.028:20.889|66.265:11.260|65.113:13.436|87.039:30.658|79.963:37.015|76.424:46.305|76.662:48.657|57.947:55.918|51.674:64.319|38.947:73.217|25.121:66.855|26.418:62.593|24.415:72.001|20.079:81.384|41.854:62.298|62.731:34.324|63.732:36.647|66.062:29.635|78.901:19.071|88.508:9.057|88.568:12.001|92.237:14.933|8.000:8.000,0-14-13-7-20-17-19-25-30-15-16-9-1-27-31-10-18-32-22-2-23-6-5-11-4-26-3-8-12-24-0,0.0017015249468386
92,calm,sparse,WindAwareGreedy,32,22,0.6875,0.8091603053435115,0.0,False,53.0,65.5,1404.4586076286414,1404.5286146125468,-204.4586076286415,-284.4586076286415,True,153.15932494225945,False,True,0.0173451892772821,0.0007591969827597,2.0,True,1.0,8.000:8.000|17.286:38.652|25.121:66.855|51.674:64.319|38.947:73.217|26.418:62.593|29.217:39.088|36.521:31.120|68.863:31.932|71.028:20.889|66.265:11.260|87.039:30.658|76.424:46.305|76.662:48.657|56.426:25.847|72.632:23.056|88.508:9.057|88.568:12.001|73.476:32.695|62.731:34.324|57.947:55.918|41.854:62.298|20.079:81.384|8.000:8.000,0-14-22-18-32-2-13-7-17-30-15-9-27-31-20-25-8-12-19-11-10-5-6-0,0.0016182400286197
92,calm,sparse,ReserveOnlyPlanner,32,21,0.65625,0.7709923664122137,0.7709923664122137,True,50.5,65.5,1103.8341469967695,1135.352551139304,96.1658530032308,16.165853003230794,False,125.6884083611493,True,False,0.0175096455862991,0.0008013639234921,2.0,False,1.0,8.000:8.000|17.286:38.652|25.121:66.855|26.418:62.593|51.674:64.319|38.947:73.217|41.854:62.298|57.947:55.918|76.424:46.305|87.039:30.658|68.863:31.932|71.028:20.889|66.265:11.260|56.426:25.847|62.731:34.324|72.632:23.056|73.476:32.695|79.963:37.015|76.662:48.657|36.521:31.120|29.217:39.088|23.618:18.799|8.000:8.000,0-14-22-2-18-32-5-10-27-9-17-30-15-20-11-25-19-1-31-7-13-21-0,0.0017102779820561
92,calm,sparse,FairRiskAwareGreedy,32,15,0.46875,0.6106870229007634,0.6106870229007634,True,40.0,65.5,1103.6665357641505,1121.020541530586,96.33346423584914,16.333464235849135,False,124.97047372606713,True,False,0.0112836280405914,0.0007079173000636,2.0,False,1.0,8.000:8.000|17.286:38.652|25.121:66.855|51.674:64.319|68.863:31.932|71.028:20.889|66.265:11.260|87.039:30.658|76.424:46.305|56.426:25.847|72.632:23.056|88.508:9.057|88.568:12.001|36.521:31.120|29.217:39.088|38.947:73.217|8.000:8.000,0-14-22-18-17-30-15-9-27-20-25-8-12-7-13-32-0,0.0026154099032282
92,calm,sparse,FairALNSPlanner,32,31,0.96875,0.9847328244274808,0.9847328244274808,True,64.5,65.5,1033.3610013901443,1105.2714073074733,166.63899860985532,86.63899860985532,False,140.49231936922973,True,False,0.0152111052564364,0.0004783578943881,2.0,False,1.0,8.000:8.000|23.618:18.799|36.521:31.120|50.206:22.541|56.426:25.847|65.113:13.436|66.265:11.260|88.508:9.057|88.568:12.001|92.237:14.933|78.901:19.071|72.632:23.056|71.028:20.889|68.863:31.932|63.732:36.647|62.731:34.324|66.062:29.635|73.476:32.695|87.039:30.658|79.963:37.015|76.424:46.305|76.662:48.657|57.947:55.918|51.674:64.319|41.854:62.298|38.947:73.217|20.079:81.384|24.415:72.001|25.121:66.855|26.418:62.593|29.217:39.088|17.286:38.652|8.000:8.000,0-21-7-29-20-16-15-8-12-24-3-25-30-17-4-11-26-19-9-1-27-31-10-18-5-32-6-23-22-2-13-14-0,16.997072362108156
92,calm,sparse,RAWA-RHP,32,31,0.96875,0.9847328244274808,0.9847328244274808,True,64.5,65.5,1032.4585407063012,1110.3193371147074,167.54145929369858,87.54145929369858,False,140.49231936922976,True,False,0.0152111052564364,0.0004783578943881,2.0,False,1.0,8.000:8.000|17.286:38.652|29.217:39.088|26.418:62.593|25.121:66.855|24.415:72.001|20.079:81.384|38.947:73.217|41.854:62.298|51.674:64.319|57.947:55.918|76.662:48.657|76.424:46.305|79.963:37.015|87.039:30.658|73.476:32.695|66.062:29.635|62.731:34.324|63.732:36.647|68.863:31.932|71.028:20.889|72.632:23.056|78.901:19.071|92.237:14.933|88.568:12.001|88.508:9.057|66.265:11.260|65.113:13.436|56.426:25.847|50.206:22.541|36.521:31.120|23.618:18.799|8.000:8.000,0-14-13-2-22-23-6-32-5-18-10-31-27-1-9-19-26-11-4-17-30-25-3-24-12-8-15-16-20-29-7-21-0,50.80438335100189
91,severe,sparse,NearestNeighbor,32,16,0.5,0.512,0.0,False,32.0,62.5,1211.689388227328,1188.6166940363055,-11.689388227328353,-91.68938822732837,True,72.23176616241086,False,True,0.1194699582948762,0.00728039620176,2.0,True,1.0,8.000:8.000|30.154:8.166|28.844:23.640|31.928:24.069|38.442:29.401|37.791:32.773|52.620:41.602|55.390:43.970|44.574:60.383|37.892:58.585|35.339:57.360|36.127:64.562|25.901:68.688|22.229:69.552|21.123:64.481|22.401:60.618|21.515:52.694|8.000:8.000,0-26-29-4-30-25-21-31-3-8-27-12-2-10-9-20-24-0,0.0014509828761219
91,severe,sparse,ValuePerDistance,32,15,0.46875,0.496,0.496,True,31.0,62.5,1193.893758825179,1184.9238307648811,6.106241174820866,-73.89375882517913,True,69.50530576176911,True,False,0.1111146336176303,0.0071479976239122,2.0,False,1.0,8.000:8.000|31.928:24.069|28.844:23.640|38.442:29.401|37.791:32.773|52.620:41.602|55.390:43.970|44.574:60.383|35.339:57.360|37.892:58.585|36.127:64.562|25.901:68.688|22.229:69.552|21.123:64.481|22.401:60.618|21.515:52.694|8.000:8.000,0-4-29-30-25-21-31-3-27-8-12-2-10-9-20-24-0,0.001033429056406
91,severe,sparse,WindAwareGreedy,32,9,0.28125,0.304,0.0,False,19.0,62.5,1293.17378945791,1310.1560004015682,-93.17378945790986,-173.17378945790986,True,62.8521802363599,False,True,0.0002528668368089,2.528758068062187e-05,2.8284271247461903,True,1.0,8.000:8.000|31.928:24.069|28.844:23.640|38.442:29.401|37.791:32.773|30.154:8.166|52.620:41.602|35.339:57.360|44.574:60.383|37.892:58.585|8.000:8.000,0-4-29-30-25-26-21-27-3-8-0,0.0008759670890867
91,severe,sparse,ReserveOnlyPlanner,32,9,0.28125,0.304,0.304,True,19.0,62.5,1022.6773030314232,1109.5590870289782,177.32269696857702,97.32269696857702,False,52.53834296818502,True,False,0.1005124858818988,0.0100545271090608,2.0,False,1.0,8.000:8.000|30.154:8.166|31.928:24.069|28.844:23.640|38.442:29.401|37.791:32.773|52.620:41.602|55.390:43.970|35.339:57.360|21.515:52.694|8.000:8.000,0-26-4-29-30-25-21-31-27-24-0,0.0009299339726567
91,severe,sparse,FairRiskAwareGreedy,32,15,0.46875,0.56,0.56,True,35.0,62.5,1088.7351230130796,1158.55459548114,111.26487698692036,31.26487698692036,False,101.61746801492576,True,False,0.0022201034176498,0.0001388721250608,2.8284271247461903,False,1.0,8.000:8.000|31.928:24.069|28.844:23.640|38.442:29.401|37.791:32.773|35.339:57.360|44.574:60.383|45.460:80.357|21.123:64.481|28.155:75.476|22.229:69.552|21.515:52.694|9.764:78.462|32.018:84.889|52.620:41.602|55.390:43.970|8.000:8.000,0-4-29-30-25-27-3-13-9-14-10-24-7-23-21-31-0,0.001813193084672
91,severe,sparse,FairALNSPlanner,32,19,0.59375,0.632,0.632,True,39.5,62.5,1026.7525781283314,1190.368207061513,173.24742187166848,93.24742187166848,False,102.57995395061276,True,False,0.0385635819621551,0.0019556129732852,2.0,False,1.0,8.000:8.000|35.339:57.360|37.892:58.585|45.460:80.357|25.901:68.688|29.181:77.256|28.155:75.476|21.764:88.187|9.764:78.462|22.401:60.618|21.123:64.481|22.229:69.552|21.515:52.694|55.390:43.970|52.620:41.602|37.791:32.773|38.442:29.401|31.928:24.069|28.844:23.640|30.154:8.166|8.000:8.000,0-27-8-13-2-11-14-18-7-20-9-10-24-31-21-25-30-4-29-26-0,7.388050707988441
91,severe,sparse,RAWA-RHP,32,24,0.75,0.768,0.768,True,48.0,62.5,1031.2771529646996,1239.461577834281,168.72284703530042,88.72284703530042,False,111.61395636784135,True,False,0.0447954973484657,0.0018218669206899,2.0,False,1.0,8.000:8.000|30.154:8.166|28.844:23.640|31.928:24.069|38.442:29.401|37.791:32.773|52.620:41.602|55.390:43.970|44.574:60.383|37.892:58.585|35.339:57.360|36.127:64.562|53.878:74.971|45.460:80.357|39.873:83.129|32.018:84.889|9.764:78.462|21.764:88.187|28.155:75.476|25.901:68.688|29.181:77.256|22.229:69.552|21.123:64.481|22.401:60.618|21.515:52.694|8.000:8.000,0-26-29-4-30-25-21-31-3-8-27-12-6-13-15-23-7-18-14-2-11-10-9-20-24-0,67.47712965100072
92,severe,cluttered,NearestNeighbor,32,20,0.625,0.6016949152542372,0.0,False,35.5,59.0,1914.040023463872,1991.599324837793,-714.0400234638727,-794.0400234638727,True,100.69033295480956,False,True,0.1250445505645503,0.006263898734482,2.0,True,1.0,8.000:8.000|14.916:24.910|25.479:22.109|32.034:22.793|40.500:27.868|41.571:31.221|41.534:45.418|41.331:50.245|38.982:60.477|50.395:63.822|56.297:54.584|59.848:50.044|64.729:54.751|66.899:54.596|78.719:57.038|85.982:56.140|87.132:42.280|73.659:40.907|55.551:37.403|58.695:24.909|76.251:19.745|8.000:8.000,0-2-27-7-19-31-4-32-23-30-8-6-15-20-14-22-13-5-9-10-24-0,0.0017378339543938
92,severe,cluttered,ValuePerDistance,32,21,0.65625,0.6864406779661016,0.0,False,40.5,59.0,2169.617711129258,2207.535175762574,-969.6177111292584,-1049.6177111292586,True,112.53164217677237,False,True,0.2130679767260297,0.0103964696161478,2.0,True,1.0,8.000:8.000|14.916:24.910|32.034:22.793|40.500:27.868|41.571:31.221|41.534:45.418|41.331:50.245|38.982:60.477|50.395:63.822|48.541:76.050|48.447:79.336|54.978:77.591|58.853:81.890|41.060:88.885|35.912:85.168|35.180:81.748|66.899:54.596|64.729:54.751|59.848:50.044|56.297:54.584|78.719:57.038|85.982:56.140|8.000:8.000,0-2-7-19-31-4-32-23-30-28-26-3-18-25-16-21-20-15-6-8-14-22-0,0.0013660809490829
92,severe,cluttered,WindAwareGreedy,32,16,0.5,0.559322033898305,0.0,False,33.0,59.0,1646.9047753950135,1636.0015460080783,-446.9047753950138,-526.9047753950138,True,86.00810387584774,False,True,0.1320416682317251,0.0080898094489662,2.0,True,1.0,8.000:8.000|14.916:24.910|32.034:22.793|40.500:27.868|41.571:31.221|41.331:50.245|38.982:60.477|48.541:76.050|48.447:79.336|58.853:81.890|54.978:77.591|66.899:54.596|64.729:54.751|59.848:50.044|50.395:63.822|56.297:54.584|41.534:45.418|8.000:8.000,0-2-7-19-31-32-23-28-26-18-3-20-15-6-30-8-4-0,0.0013419718015938
92,severe,cluttered,ReserveOnlyPlanner,32,7,0.21875,0.2796610169491525,0.2796610169491525,True,16.5,59.0,1055.4712337720382,1128.5247471774287,144.52876622796202,64.52876622796202,False,51.466973871448445,True,False,0.0458206062036492,0.0057505573716017,2.0,False,1.0,8.000:8.000|14.916:24.910|32.034:22.793|40.500:27.868|41.571:31.221|41.331:50.245|38.982:60.477|48.541:76.050|8.000:8.000,0-2-7-19-31-32-23-28-0,0.0007879720069468
92,severe,cluttered,FairRiskAwareGreedy,32,15,0.46875,0.4915254237288136,0.4915254237288136,True,29.0,59.0,1088.9341983908073,1150.9744259758384,111.06580160919252,31.065801609192533,False,101.47133654616944,True,False,0.0098986101468806,0.000621095870009,2.8284271247461903,False,1.0,8.000:8.000|14.916:24.910|32.034:22.793|41.571:31.221|38.982:60.477|48.541:76.050|48.447:79.336|50.395:63.822|58.853:81.890|41.060:88.885|35.912:85.168|41.331:50.245|41.534:45.418|25.479:22.109|58.695:24.909|55.551:37.403|8.000:8.000,0-2-7-31-23-28-26-30-18-25-16-32-4-27-10-9-0,0.0016398080624639
92,severe,cluttered,FairALNSPlanner,32,20,0.625,0.6779661016949152,0.6779661016949152,True,40.0,59.0,1024.3529565059291,1214.549926890066,175.6470434940705,95.64704349407047,False,103.91169695521364,True,False,0.0243610777910783,0.0011704348680973,2.8284271247461903,False,1.0,8.000:8.000|25.479:22.109|32.034:22.793|41.571:31.221|40.500:27.868|41.534:45.418|56.297:54.584|59.848:50.044|64.729:54.751|66.899:54.596|79.243:78.841|76.352:89.562|58.853:81.890|54.978:77.591|41.060:88.885|48.447:79.336|48.541:76.050|50.395:63.822|41.331:50.245|38.982:60.477|14.916:24.910|8.000:8.000,0-27-7-31-19-4-8-6-15-20-29-17-18-3-25-26-28-30-32-23-2-0,8.747976468876004
92,severe,cluttered,RAWA-RHP,32,23,0.71875,0.7457627118644068,0.7457627118644068,True,44.0,59.0,1001.9426972519734,1191.5367614465824,198.05730274802684,118.05730274802684,False,107.41553824826602,True,False,0.0929748218197948,0.003998887313121,2.0,False,1.0,8.000:8.000|25.479:22.109|32.034:22.793|40.500:27.868|41.571:31.221|58.695:24.909|76.251:19.745|73.659:40.907|66.899:54.596|64.729:54.751|59.848:50.044|56.297:54.584|50.395:63.822|48.541:76.050|48.447:79.336|54.978:77.591|58.853:81.890|41.060:88.885|35.912:85.168|35.180:81.748|38.982:60.477|41.331:50.245|41.534:45.418|14.916:24.910|8.000:8.000,0-27-7-19-31-10-24-5-20-15-6-8-30-28-26-3-18-25-16-21-23-32-4-2-0,44.38008459913544
90,calm,sparse,NearestNeighbor,32,32,1.0,1.0,0.0,False,68.0,68.0,1407.3009851638965,1410.1867396518364,-207.3009851638965,-287.30098516389654,True,165.81683661967546,False,True,0.0181166714625876,0.0005521204085862,2.0,True,1.0,8.000:8.000|23.200:14.354|32.309:17.404|45.467:12.575|57.903:15.726|45.541:28.852|36.512:38.240|24.354:35.197|23.537:38.039|25.040:47.352|23.931:52.377|31.155:59.622|41.960:53.566|54.939:65.722|56.071:69.132|53.674:74.917|55.896:76.035|56.581:80.240|59.090:78.434|52.437:80.908|50.283:78.028|48.506:81.340|32.678:89.915|60.527:63.552|72.811:54.752|73.836:45.831|77.280:35.233|84.322:72.772|87.608:73.091|80.039:78.269|81.268:83.278|89.376:89.581|96.824:82.343|8.000:8.000,0-23-10-21-29-27-26-14-25-2-28-9-18-13-32-12-22-8-16-1-24-11-3-15-20-4-17-6-30-31-5-7-19-0,0.0023383919615298
90,calm,sparse,ValuePerDistance,32,29,0.90625,0.9338235294117648,0.0,False,63.5,68.0,1361.8717616835022,1351.4205448000062,-161.87176168350254,-241.8717616835025,True,157.38334109656384,False,True,0.033878380799169,0.0011446845144783,2.0,True,1.0,8.000:8.000|23.200:14.354|23.537:38.039|24.354:35.197|23.931:52.377|25.040:47.352|41.960:53.566|45.541:28.852|36.512:38.240|45.467:12.575|57.903:15.726|73.836:45.831|72.811:54.752|87.608:73.091|84.322:72.772|80.039:78.269|81.268:83.278|89.376:89.581|96.824:82.343|52.437:80.908|48.506:81.340|50.283:78.028|53.674:74.917|55.896:76.035|56.581:80.240|59.090:78.434|56.071:69.132|54.939:65.722|60.527:63.552|77.280:35.233|8.000:8.000,0-23-25-14-28-2-18-27-26-21-29-4-20-30-6-31-5-7-19-1-11-24-12-22-8-16-32-13-15-17-0,0.0016972061712294
90,calm,sparse,WindAwareGreedy,32,19,0.59375,0.7058823529411765,0.7058823529411765,True,48.0,68.0,1178.664367389116,1171.2052558727223,21.33563261088388,-58.66436738911612,True,127.17253080156712,True,False,0.0457000711770601,0.0023199868756426,2.0,False,1.0,8.000:8.000|23.200:14.354|23.537:38.039|23.931:52.377|41.960:53.566|45.541:28.852|45.467:12.575|24.354:35.197|36.512:38.240|25.040:47.352|48.506:81.340|52.437:80.908|53.674:74.917|87.608:73.091|89.376:89.581|72.811:54.752|73.836:45.831|77.280:35.233|57.903:15.726|32.309:17.404|8.000:8.000,0-23-25-28-18-27-21-14-26-2-11-1-12-30-7-20-4-17-29-10-0,0.0014828441198915
90,calm,sparse,ReserveOnlyPlanner,32,19,0.59375,0.7058823529411765,0.7058823529411765,True,48.0,68.0,1103.817003572938,1136.507418852749,96.18299642706188,16.18299642706188,False,120.84313490557204,True,False,0.0489249750333046,0.0024892731409838,2.0,False,1.0,8.000:8.000|23.200:14.354|23.537:38.039|24.354:35.197|45.541:28.852|45.467:12.575|57.903:15.726|41.960:53.566|23.931:52.377|25.040:47.352|36.512:38.240|73.836:45.831|72.811:54.752|87.608:73.091|53.674:74.917|52.437:80.908|48.506:81.340|56.581:80.240|56.071:69.132|60.527:63.552|8.000:8.000,0-23-25-14-27-21-29-18-28-2-26-4-20-30-12-1-11-8-32-15-0,0.0016016701702028
90,calm,sparse,FairRiskAwareGreedy,32,18,0.5625,0.625,0.625,True,42.5,68.0,1097.9241842924705,1114.428612493245,102.07581570752971,22.075815707529728,False,129.16966964498172,True,False,0.0086341459892859,0.0004558215371252,2.0,False,1.0,8.000:8.000|23.200:14.354|23.537:38.039|23.931:52.377|24.354:35.197|41.960:53.566|53.674:74.917|48.506:81.340|52.437:80.908|45.467:12.575|36.512:38.240|25.040:47.352|32.678:89.915|56.071:69.132|56.581:80.240|59.090:78.434|55.896:76.035|50.283:78.028|60.527:63.552|8.000:8.000,0-23-25-28-14-18-12-11-1-21-26-2-3-32-8-16-22-24-15-0,0.0026092969346791
90,calm,sparse,FairALNSPlanner,32,29,0.90625,0.9485294117647058,0.9485294117647058,True,64.5,68.0,1052.0613452775065,1133.3429986427582,147.9386547224937,67.93865472249371,False,140.82784370464938,True,False,0.0104886969659838,0.0003508910189684,2.0,False,1.0,8.000:8.000|24.354:35.197|23.537:38.039|25.040:47.352|23.931:52.377|31.155:59.622|32.678:89.915|48.506:81.340|50.283:78.028|52.437:80.908|53.674:74.917|55.896:76.035|56.071:69.132|56.581:80.240|59.090:78.434|80.039:78.269|81.268:83.278|89.376:89.581|84.322:72.772|87.608:73.091|72.811:54.752|73.836:45.831|77.280:35.233|57.903:15.726|45.467:12.575|45.541:28.852|41.960:53.566|36.512:38.240|32.309:17.404|23.200:14.354|8.000:8.000,0-14-25-2-28-9-3-11-24-1-12-22-32-8-16-31-5-7-6-30-20-4-17-29-21-27-18-26-10-23-0,17.92435616487637
90,calm,sparse,RAWA-RHP,32,29,0.90625,0.9485294117647058,0.9485294117647058,True,64.5,68.0,1036.640757845842,1112.2241939614378,163.35924215415807,83.35924215415807,False,138.5642000441421,True,False,0.011236426231366,0.0003760425108394,2.0,False,1.0,8.000:8.000|24.354:35.197|23.537:38.039|25.040:47.352|23.931:52.377|36.512:38.240|41.960:53.566|54.939:65.722|56.071:69.132|53.674:74.917|55.896:76.035|59.090:78.434|56.581:80.240|52.437:80.908|50.283:78.028|48.506:81.340|32.678:89.915|89.376:89.581|81.268:83.278|80.039:78.269|84.322:72.772|87.608:73.091|72.811:54.752|73.836:45.831|77.280:35.233|57.903:15.726|45.541:28.852|45.467:12.575|32.309:17.404|23.200:14.354|8.000:8.000,0-14-25-2-28-26-18-13-32-12-22-16-8-1-24-11-3-7-5-31-6-30-20-4-17-29-27-21-10-23-0,135.30338575388305
92,calm,cluttered,NearestNeighbor,32,32,1.0,1.0,1.0,True,65.5,65.5,1175.8671807981357,1177.055858961076,24.13281920186438,-55.86718079813562,True,148.90804537194134,True,False,0.0265606541273119,0.0008141539107722,2.0,False,1.0,8.000:8.000|24.431:20.132|27.480:14.226|37.435:10.820|46.218:15.175|48.226:15.080|44.166:19.470|39.341:24.402|37.488:25.555|39.468:27.345|33.381:26.549|25.703:34.015|40.855:44.025|50.050:49.003|56.285:49.722|59.900:58.396|50.578:66.910|45.821:74.360|41.634:68.956|29.546:73.951|37.210:83.394|53.201:89.012|63.017:80.042|94.059:73.282|91.708:51.885|86.120:51.725|75.486:39.024|83.955:35.228|75.280:28.048|66.407:25.767|61.529:17.296|57.146:17.632|54.272:21.648|8.000:8.000,0-28-24-14-23-7-19-20-12-9-3-29-22-2-18-1-30-8-15-25-17-21-10-5-11-31-27-32-16-13-26-6-4-0,0.0022386850323528
92,calm,cluttered,ValuePerDistance,32,28,0.875,0.9389312977099236,0.0,False,61.5,65.5,1252.5724205133674,1253.303281900323,-52.57242051336694,-132.57242051336695,True,146.31785965125198,False,True,0.0266568873358427,0.0009295147585445,2.0,True,1.0,8.000:8.000|24.431:20.132|27.480:14.226|39.468:27.345|37.488:25.555|39.341:24.402|44.166:19.470|46.218:15.175|48.226:15.080|57.146:17.632|61.529:17.296|75.280:28.048|83.955:35.228|86.120:51.725|91.708:51.885|94.059:73.282|59.900:58.396|50.578:66.910|45.821:74.360|41.634:68.956|53.201:89.012|37.210:83.394|29.546:73.951|50.050:49.003|56.285:49.722|40.855:44.025|25.703:34.015|33.381:26.549|37.435:10.820|8.000:8.000,0-28-24-9-12-20-19-23-7-6-26-16-32-31-11-5-1-30-8-15-21-17-25-2-18-22-29-3-14-0,0.0017036800272762
92,calm,cluttered,WindAwareGreedy,32,21,0.65625,0.7938931297709924,0.0,False,52.0,65.5,1366.7330213709065,1368.973584769253,-166.73302137090656,-246.73302137090656,True,148.93980769402933,False,True,0.0292700844661569,0.0013470537517331,2.0,True,1.0,8.000:8.000|39.468:27.345|46.218:15.175|48.226:15.080|44.166:19.470|25.703:34.015|24.431:20.132|37.488:25.555|39.341:24.402|75.280:28.048|59.900:58.396|50.050:49.003|50.578:66.910|41.634:68.956|45.821:74.360|53.201:89.012|37.210:83.394|29.546:73.951|56.285:49.722|86.120:51.725|94.059:73.282|83.955:35.228|8.000:8.000,0-9-23-7-19-29-28-12-20-16-1-2-30-15-8-21-17-25-18-31-5-32-0,0.0016156879719346
92,calm,cluttered,ReserveOnlyPlanner,32,21,0.65625,0.732824427480916,0.732824427480916,True,48.0,65.5,1115.7752246828418,1153.6328791910908,84.22477531715816,4.224775317158162,False,126.38233045010648,True,False,0.0223848406926451,0.001026991330767,2.0,False,1.0,8.000:8.000|39.468:27.345|46.218:15.175|48.226:15.080|44.166:19.470|25.703:34.015|24.431:20.132|37.488:25.555|39.341:24.402|33.381:26.549|27.480:14.226|37.435:10.820|75.280:28.048|59.900:58.396|50.578:66.910|41.634:68.956|45.821:74.360|53.201:89.012|37.210:83.394|29.546:73.951|50.050:49.003|40.855:44.025|8.000:8.000,0-9-23-7-19-29-28-12-20-3-24-14-16-1-30-15-8-21-17-25-2-22-0,0.0017428160645067
92,calm,cluttered,FairRiskAwareGreedy,32,18,0.5625,0.6717557251908397,0.6717557251908397,True,44.0,65.5,1068.6275497367444,1085.0236157506304,131.3724502632555,51.3724502632555,False,123.3445684745181,True,False,0.0143623203405763,0.0007601813087306,2.0,False,1.0,8.000:8.000|46.218:15.175|48.226:15.080|39.468:27.345|44.166:19.470|25.703:34.015|24.431:20.132|37.488:25.555|39.341:24.402|59.900:58.396|50.050:49.003|41.634:68.956|53.201:89.012|45.821:74.360|50.578:66.910|56.285:49.722|86.120:51.725|83.955:35.228|27.480:14.226|8.000:8.000,0-23-7-9-19-29-28-12-20-1-2-15-21-8-30-18-31-32-24-0,0.0027762770187109
92,calm,cluttered,FairALNSPlanner,32,26,0.8125,0.900763358778626,0.900763358778626,True,59.0,65.5,1064.6887551945758,1133.6513575654262,135.31124480542394,55.31124480542394,False,135.35012914268168,True,False,0.0132149658629243,0.000492066354998,2.0,False,1.0,8.000:8.000|27.480:14.226|24.431:20.132|25.703:34.015|33.381:26.549|37.488:25.555|39.341:24.402|39.468:27.345|56.285:49.722|50.050:49.003|40.855:44.025|41.634:68.956|45.821:74.360|37.210:83.394|53.201:89.012|50.578:66.910|59.900:58.396|94.059:73.282|91.708:51.885|86.120:51.725|83.955:35.228|75.280:28.048|57.146:17.632|48.226:15.080|44.166:19.470|46.218:15.175|37.435:10.820|8.000:8.000,0-24-28-29-3-12-20-9-18-2-22-15-8-17-21-30-1-5-11-31-32-16-6-7-19-23-14-0,16.230636602034792
92,calm,cluttered,RAWA-RHP,32,31,0.96875,0.9847328244274808,0.9847328244274808,True,64.5,65.5,1047.590072891501,1125.6283715561983,152.40992710849943,72.40992710849943,False,140.64299584427783,True,False,0.0110722132185655,0.0003473895878773,2.0,False,1.0,8.000:8.000|24.431:20.132|25.703:34.015|40.855:44.025|50.050:49.003|56.285:49.722|59.900:58.396|50.578:66.910|45.821:74.360|41.634:68.956|29.546:73.951|37.210:83.394|53.201:89.012|63.017:80.042|94.059:73.282|91.708:51.885|86.120:51.725|75.486:39.024|83.955:35.228|75.280:28.048|66.407:25.767|61.529:17.296|57.146:17.632|54.272:21.648|48.226:15.080|46.218:15.175|44.166:19.470|39.468:27.345|39.341:24.402|37.488:25.555|33.381:26.549|27.480:14.226|8.000:8.000,0-28-29-22-2-18-1-30-8-15-25-17-21-10-5-11-31-27-32-16-13-26-6-4-7-23-19-9-20-12-3-24-0,68.45494944206439
93,severe,cluttered,NearestNeighbor,32,16,0.5,0.5073529411764706,0.0,False,34.5,68.0,1701.0800220165554,1714.1402533370142,-501.0800220165553,-581.0800220165553,True,86.86546257846337,False,True,0.3942251034194074,0.0281985133813713,2.0,True,1.0,8.000:8.000|13.196:24.802|12.528:39.141|15.759:46.329|20.747:45.588|27.982:46.598|29.756:48.464|33.778:41.470|36.630:29.567|30.420:19.781|26.613:21.796|44.577:20.695|61.880:35.005|54.167:41.277|53.523:43.936|67.737:28.146|77.175:24.781|8.000:8.000,0-7-12-3-22-21-9-16-27-8-18-23-14-10-5-24-17-0,0.0015121379401534
93,severe,cluttered,ValuePerDistance,32,14,0.4375,0.4705882352941176,0.0,False,32.0,68.0,1993.453422002264,1946.8550123035984,-793.453422002264,-873.453422002264,True,92.7025294849264,False,True,0.3221016260721997,0.0245529252450446,2.0,True,1.0,8.000:8.000|26.613:21.796|30.420:19.781|44.577:20.695|61.880:35.005|67.737:28.146|77.175:24.781|89.823:41.193|92.919:50.915|87.071:81.270|93.817:85.278|73.447:89.112|70.708:88.521|58.554:74.820|44.462:82.564|8.000:8.000,0-18-8-23-14-24-17-20-29-32-19-15-31-25-30-0,0.0010800040327012
93,severe,cluttered,WindAwareGreedy,32,15,0.46875,0.5,0.0,False,34.0,68.0,2018.8580226887275,2001.8718359541645,-818.858022688727,-898.858022688727,True,94.42481150627164,False,True,0.2076846018400643,0.0141369201404903,2.0,True,1.0,8.000:8.000|12.528:39.141|15.759:46.329|21.777:62.277|36.469:62.605|29.756:48.464|33.778:41.470|27.982:46.598|20.747:45.588|26.613:21.796|30.420:19.781|44.577:20.695|61.880:35.005|53.523:43.936|54.167:41.277|64.108:62.008|8.000:8.000,0-12-3-2-28-9-16-21-22-18-8-23-14-5-10-26-0,0.0013000059407204
93,severe,cluttered,ReserveOnlyPlanner,32,11,0.34375,0.375,0.375,True,25.5,68.0,1069.7336413069686,1221.2283712514172,130.26635869303138,50.26635869303138,False,59.958155229869455,True,False,0.1643838702389339,0.0145995571377866,2.0,False,1.0,8.000:8.000|12.528:39.141|15.759:46.329|21.777:62.277|36.469:62.605|29.756:48.464|27.982:46.598|33.778:41.470|20.747:45.588|26.613:21.796|30.420:19.781|13.196:24.802|8.000:8.000,0-12-3-2-28-9-21-16-22-18-8-7-0,0.0010181339457631
93,severe,cluttered,FairRiskAwareGreedy,32,10,0.3125,0.3602941176470588,0.3602941176470588,True,24.5,68.0,909.3483612293504,967.1622188850264,290.6516387706497,210.6516387706497,False,80.07895985773804,True,False,0.0204001556240237,0.0018700084962739,2.0,False,1.0,8.000:8.000|33.778:41.470|61.880:35.005|30.420:19.781|26.613:21.796|21.777:62.277|12.528:39.141|27.982:46.598|29.756:48.464|36.469:62.605|13.196:24.802|8.000:8.000,0-16-14-8-18-2-12-21-9-28-7-0,0.0010526969563215
93,severe,cluttered,FairALNSPlanner,32,16,0.5,0.5220588235294118,0.5220588235294118,True,35.5,68.0,966.8637431130668,1125.1401583011582,233.13625688693327,153.13625688693327,False,92.35521639350308,True,False,0.0190928941707624,0.0011314138593085,2.0,False,1.0,8.000:8.000|12.528:39.141|21.777:62.277|36.469:62.605|29.756:48.464|27.982:46.598|20.747:45.588|15.759:46.329|33.778:41.470|54.167:41.277|53.523:43.936|61.880:35.005|64.108:62.008|44.577:20.695|30.420:19.781|26.613:21.796|13.196:24.802|8.000:8.000,0-12-2-28-9-21-22-3-16-10-5-14-26-23-8-18-7-0,4.867137948051095
93,severe,cluttered,RAWA-RHP,32,18,0.5625,0.5808823529411765,0.5808823529411765,True,39.5,68.0,1046.5364173705602,1215.8446828181543,153.46358262943988,73.46358262943988,False,100.70607987100374,True,False,0.0417605219609469,0.0022352171369618,2.0,False,1.0,8.000:8.000|13.196:24.802|12.528:39.141|10.708:68.873|21.777:62.277|36.469:62.605|29.756:48.464|27.982:46.598|20.747:45.588|15.759:46.329|33.778:41.470|54.167:41.277|53.523:43.936|75.479:71.104|64.108:62.008|61.880:35.005|44.577:20.695|30.420:19.781|26.613:21.796|8.000:8.000,0-7-12-11-2-28-9-21-22-3-16-10-5-4-26-14-23-8-18-0,20.565384273882955
93,severe,sparse,NearestNeighbor,32,19,0.59375,0.5491803278688525,0.0,False,33.5,61.0,1984.5578042134855,1927.5692389100757,-784.5578042134858,-864.5578042134858,True,95.24675608010418,False,True,0.258757869345248,0.0141693502379288,2.0,True,1.0,8.000:8.000|41.858:19.967|52.320:26.493|61.831:21.777|65.812:28.148|66.803:31.711|60.193:35.174|49.836:39.665|40.639:37.955|37.610:32.820|34.974:43.073|33.149:46.270|44.658:64.656|48.089:65.279|52.198:72.449|49.879:75.026|58.520:78.732|64.985:78.814|64.712:65.221|66.385:61.040|8.000:8.000,0-3-14-13-22-31-20-8-10-18-28-32-24-16-9-21-4-17-30-15-0,0.0009721049573272
93,severe,sparse,ValuePerDistance,32,16,0.5,0.5245901639344263,0.0,False,32.0,61.0,1967.6001598199284,1944.538097552632,-767.6001598199284,-847.6001598199284,True,95.42593448291402,False,True,0.2233922405957198,0.0139739185324246,2.0,True,1.0,8.000:8.000|52.320:26.493|61.831:21.777|65.812:28.148|66.803:31.711|60.193:35.174|79.450:22.481|82.058:55.286|66.385:61.040|64.712:65.221|52.198:72.449|49.879:75.026|44.658:64.656|48.089:65.279|37.375:70.993|34.581:75.860|27.650:81.266|8.000:8.000,0-14-13-22-31-20-12-29-15-30-9-21-24-16-25-19-26-0,0.0006305410061031
93,severe,sparse,WindAwareGreedy,32,17,0.53125,0.5655737704918032,0.0,False,34.5,61.0,2127.792877697096,2105.066800320509,-927.7928776970962,-1007.7928776970962,True,102.98307240276368,False,True,0.2334400094416856,0.0142213301507325,2.0,True,1.0,8.000:8.000|37.610:32.820|40.639:37.955|34.974:43.073|33.149:46.270|44.658:64.656|27.650:81.266|19.304:75.292|18.417:71.708|22.337:82.886|19.013:89.847|29.298:82.518|34.581:75.860|37.375:70.993|52.198:72.449|49.879:75.026|65.939:95.400|63.478:96.734|8.000:8.000,0-18-10-28-32-24-26-7-11-23-5-27-19-25-9-21-6-2-0,0.0007733248639851
93,severe,sparse,ReserveOnlyPlanner,32,7,0.21875,0.221311475409836,0.221311475409836,True,13.5,61.0,1049.6284719598518,1125.0483445010077,150.3715280401483,70.37152804014829,False,49.99610334796754,True,False,0.122339441739959,0.015839052097364,2.0,False,1.0,8.000:8.000|37.610:32.820|40.639:37.955|34.974:43.073|33.149:46.270|44.658:64.656|34.581:75.860|37.375:70.993|8.000:8.000,0-18-10-28-32-24-19-25-0,0.000428982079029
93,severe,sparse,FairRiskAwareGreedy,32,10,0.3125,0.3688524590163934,0.3688524590163934,True,22.5,61.0,1012.2997798096018,1041.7456971698327,187.70022019039845,107.70022019039844,False,84.31918128508907,True,False,0.0089641972464376,0.0008166608437106,2.8284271247461903,False,1.0,8.000:8.000|41.858:19.967|37.610:32.820|34.974:43.073|27.650:81.266|19.304:75.292|18.417:71.708|22.337:82.886|52.320:26.493|44.658:64.656|33.149:46.270|8.000:8.000,0-3-18-28-26-7-11-23-14-24-32-0,0.000714860856533
93,severe,sparse,FairALNSPlanner,32,13,0.40625,0.4180327868852459,0.4180327868852459,True,25.5,61.0,1052.7083182566353,1171.0974895204608,147.29168174336473,67.29168174336473,False,92.11146911900946,True,False,0.0229624352584084,0.001654608939258,2.8284271247461903,False,1.0,8.000:8.000|61.831:21.777|52.320:26.493|41.858:19.967|37.610:32.820|34.974:43.073|33.149:46.270|44.658:64.656|52.198:72.449|49.879:75.026|64.712:65.221|66.385:61.040|48.089:65.279|79.450:22.481|8.000:8.000,0-13-14-3-18-28-32-24-9-21-30-15-16-12-0,4.792695742100477
93,severe,sparse,RAWA-RHP,32,22,0.6875,0.7295081967213115,0.7295081967213115,True,44.5,61.0,1042.178881860873,1201.980235727294,157.8211181391272,77.82111813912721,False,106.7005629296034,True,False,0.0667569822703842,0.0029678675662455,2.0,False,1.0,8.000:8.000|41.858:19.967|52.320:26.493|61.831:21.777|79.450:22.481|65.812:28.148|66.803:31.711|66.385:61.040|64.712:65.221|52.198:72.449|49.879:75.026|44.658:64.656|37.375:70.993|34.581:75.860|27.650:81.266|29.298:82.518|22.337:82.886|19.304:75.292|18.417:71.708|33.149:46.270|34.974:43.073|37.610:32.820|40.639:37.955|8.000:8.000,0-3-14-13-12-22-31-15-30-9-21-24-25-19-26-27-23-7-11-32-28-18-10-0,27.883114692987878
93,calm,sparse,NearestNeighbor,32,30,0.9375,0.9473684210526316,0.0,False,63.0,66.5,1355.6510689448844,1349.7002359111202,-155.65106894488434,-235.65106894488437,True,156.40052348203437,False,True,0.0028803219278532,9.296215232274512e-05,2.0,True,1.0,8.000:8.000|10.455:30.702|38.438:27.777|39.389:34.240|45.524:29.633|49.742:32.191|64.243:44.613|66.250:44.171|64.578:47.739|55.439:50.785|51.457:55.806|53.691:56.090|45.366:49.083|47.307:46.546|42.903:67.344|49.133:70.470|55.224:77.334|47.088:80.136|41.690:88.099|36.168:85.005|25.361:82.733|19.506:73.148|61.215:63.751|76.070:60.184|82.759:64.937|86.594:67.688|90.624:55.092|92.972:46.516|81.938:33.434|72.452:41.174|93.493:10.000|8.000:8.000,0-29-7-3-12-2-19-21-4-18-26-17-14-24-10-20-13-25-22-30-5-32-11-6-23-15-16-8-9-1-27-0,0.0020594098605215
93,calm,sparse,ValuePerDistance,32,29,0.90625,0.9548872180451128,0.0,False,63.5,66.5,1492.2641614989752,1494.532182050917,-292.2641614989754,-372.2641614989754,True,168.79442442808875,False,True,0.0073735117348276,0.0002464419211381,2.0,True,1.0,8.000:8.000|10.455:30.702|45.524:29.633|49.742:32.191|39.389:34.240|45.366:49.083|47.307:46.546|55.439:50.785|53.691:56.090|51.457:55.806|61.215:63.751|49.133:70.470|47.088:80.136|55.224:77.334|65.398:83.878|82.759:64.937|86.594:67.688|76.070:60.184|66.250:44.171|64.243:44.613|64.578:47.739|72.452:41.174|81.938:33.434|92.972:46.516|90.624:55.092|25.361:82.733|19.506:73.148|36.168:85.005|41.690:88.099|60.555:92.453|8.000:8.000,0-29-12-2-3-14-24-18-17-26-11-20-25-13-28-23-15-6-21-19-4-1-9-8-16-5-32-30-22-31-0,0.0016129489522427
93,calm,sparse,WindAwareGreedy,32,22,0.6875,0.7969924812030075,0.0,False,53.0,66.5,1491.050847444511,1500.1512633667896,-291.05084744451057,-371.05084744451057,True,158.4129659276139,False,True,0.0354815884628229,0.0015648831405388,2.0,True,1.0,8.000:8.000|45.524:29.633|45.366:49.083|47.307:46.546|66.250:44.171|81.938:33.434|92.972:46.516|86.594:67.688|82.759:64.937|61.215:63.751|55.439:50.785|39.389:34.240|49.742:32.191|64.578:47.739|53.691:56.090|25.361:82.733|19.506:73.148|49.133:70.470|65.398:83.878|47.088:80.136|55.224:77.334|76.070:60.184|90.624:55.092|8.000:8.000,0-12-14-24-21-9-8-15-23-11-18-3-2-4-17-5-32-20-28-25-13-6-16-0,0.0016349249053746
93,calm,sparse,ReserveOnlyPlanner,32,20,0.625,0.7368421052631579,0.7368421052631579,True,49.0,66.5,1091.9656519785865,1126.1494298726911,108.03434802141368,28.03434802141369,False,120.75051385751996,True,False,0.0104233338080933,0.0004978375442734,2.0,False,1.0,8.000:8.000|45.524:29.633|39.389:34.240|45.366:49.083|47.307:46.546|66.250:44.171|81.938:33.434|92.972:46.516|86.594:67.688|82.759:64.937|61.215:63.751|55.439:50.785|53.691:56.090|64.578:47.739|64.243:44.613|76.070:60.184|65.398:83.878|47.088:80.136|25.361:82.733|19.506:73.148|10.455:30.702|8.000:8.000,0-12-3-14-24-21-9-8-15-23-11-18-17-4-19-6-28-25-5-32-29-0,0.0016661358531564
93,calm,sparse,FairRiskAwareGreedy,32,18,0.5625,0.6616541353383458,0.6616541353383458,True,44.0,66.5,1098.8614273832995,1123.5083586400306,101.13857261670054,21.138572616700543,False,130.11523256497244,True,False,0.0105426141210901,0.0005564174297287,2.0,False,1.0,8.000:8.000|45.524:29.633|39.389:34.240|45.366:49.083|47.307:46.546|66.250:44.171|81.938:33.434|55.439:50.785|25.361:82.733|19.506:73.148|10.455:30.702|49.742:32.191|64.578:47.739|61.215:63.751|82.759:64.937|86.594:67.688|76.070:60.184|53.691:56.090|51.457:55.806|8.000:8.000,0-12-3-14-24-21-9-18-5-32-29-2-4-11-23-15-6-17-26-0,0.0027776299975812
93,calm,sparse,FairALNSPlanner,32,27,0.84375,0.9172932330827068,0.9172932330827068,True,61.0,66.5,1062.0899424302015,1153.7347630466404,137.91005756979823,57.910057569798255,False,140.25087001302532,True,False,0.0071572442774354,0.0002562742290836,2.0,False,1.0,8.000:8.000|39.389:34.240|45.366:49.083|47.307:46.546|55.439:50.785|51.457:55.806|53.691:56.090|61.215:63.751|49.133:70.470|19.506:73.148|25.361:82.733|36.168:85.005|41.690:88.099|47.088:80.136|65.398:83.878|86.594:67.688|82.759:64.937|76.070:60.184|64.578:47.739|64.243:44.613|66.250:44.171|72.452:41.174|90.624:55.092|92.972:46.516|81.938:33.434|49.742:32.191|45.524:29.633|10.455:30.702|8.000:8.000,0-3-14-24-18-26-17-11-20-32-5-30-22-25-28-15-23-6-4-19-21-1-16-8-9-2-12-29-0,17.157794865081087
93,calm,sparse,RAWA-RHP,32,31,0.96875,0.9849624060150376,0.9849624060150376,True,65.5,66.5,1041.5563145646856,1133.9588181654783,158.4436854353143,78.44368543531431,False,142.7641267270464,True,False,0.009989876320725,0.0003130514968401,2.0,False,1.0,8.000:8.000|38.438:27.777|45.524:29.633|49.742:32.191|39.389:34.240|47.307:46.546|45.366:49.083|51.457:55.806|53.691:56.090|55.439:50.785|64.578:47.739|64.243:44.613|66.250:44.171|72.452:41.174|81.938:33.434|92.972:46.516|90.624:55.092|86.594:67.688|82.759:64.937|76.070:60.184|61.215:63.751|42.903:67.344|49.133:70.470|55.224:77.334|65.398:83.878|60.555:92.453|47.088:80.136|41.690:88.099|36.168:85.005|25.361:82.733|19.506:73.148|10.455:30.702|8.000:8.000,0-7-12-2-3-24-14-26-17-18-4-19-21-1-9-8-16-15-23-6-11-10-20-13-28-31-25-22-30-5-32-29-0,50.56084845680744
93,moderate,cluttered,NearestNeighbor,32,29,0.90625,0.9016393442622952,0.0,False,55.0,61.0,1684.395766731804,1697.2393946666607,-484.39576673180414,-564.3957667318041,True,157.60684508335672,False,True,0.1203987635733662,0.0041944517963829,2.0,True,1.0,8.000:8.000|11.989:31.303|19.362:39.650|22.759:48.101|22.415:64.800|28.364:66.239|26.612:73.934|26.032:80.635|24.943:82.370|44.177:66.693|55.568:59.086|50.359:51.530|52.533:37.325|38.589:34.339|40.245:24.572|42.268:17.218|62.139:9.244|79.263:32.984|88.926:35.976|89.019:43.651|81.936:50.917|76.311:53.118|75.976:69.572|68.297:68.920|64.786:68.069|64.375:75.571|81.593:75.310|85.320:75.928|74.927:94.628|74.584:96.742|8.000:8.000,0-3-20-28-2-10-22-31-16-18-17-15-14-7-27-29-6-8-4-32-12-1-23-21-30-26-24-5-9-25-0,0.0020471550524234
93,moderate,cluttered,ValuePerDistance,32,21,0.65625,0.7459016393442623,0.0,False,45.5,61.0,1433.458137649247,1419.6219580416162,-233.4581376492467,-313.45813764924674,True,122.74754119870536,False,True,0.0388904214871946,0.001783022596304,2.0,True,1.0,8.000:8.000|11.989:31.303|19.362:39.650|22.759:48.101|28.364:66.239|22.415:64.800|44.177:66.693|55.568:59.086|75.976:69.572|85.320:75.928|81.593:75.310|86.475:61.944|89.785:58.920|89.019:43.651|88.926:35.976|79.263:32.984|93.475:22.933|42.268:17.218|40.245:24.572|38.589:34.339|52.533:37.325|50.359:51.530|8.000:8.000,0-3-20-28-10-2-18-17-23-5-24-13-19-32-4-8-11-29-27-7-14-15-0,0.001404820010066
93,moderate,cluttered,WindAwareGreedy,32,14,0.4375,0.5983606557377049,0.0,False,36.5,61.0,1317.7293914993986,1319.7694672862908,-117.72939149939852,-197.7293914993985,True,105.6746220109357,False,True,0.0406024745589026,0.0027492096945116,2.0,True,1.0,8.000:8.000|42.268:17.218|22.759:48.101|28.364:66.239|44.177:66.693|75.976:69.572|85.320:75.928|74.584:96.742|74.927:94.628|64.786:68.069|89.019:43.651|88.926:35.976|79.263:32.984|62.139:9.244|40.245:24.572|8.000:8.000,0-29-28-10-18-23-5-25-9-30-32-4-8-6-27-0,0.0012479429133236
93,moderate,cluttered,ReserveOnlyPlanner,32,16,0.5,0.5491803278688525,0.5491803278688525,True,33.5,61.0,1092.4296834214776,1188.374728222258,107.5703165785224,27.57031657852241,False,98.0344113979136,True,False,0.0329463488042299,0.0019611991916573,2.0,False,1.0,8.000:8.000|11.989:31.303|22.759:48.101|28.364:66.239|44.177:66.693|75.976:69.572|85.320:75.928|74.584:96.742|74.927:94.628|64.375:75.571|64.786:68.069|68.297:68.920|55.568:59.086|50.359:51.530|42.268:17.218|40.245:24.572|38.589:34.339|8.000:8.000,0-3-28-10-18-23-5-25-9-26-30-21-17-15-29-27-7-0,0.0014429430011659
93,moderate,cluttered,FairRiskAwareGreedy,32,14,0.4375,0.5491803278688525,0.5491803278688525,True,33.5,61.0,1087.795098182474,1122.1392642230878,112.20490181752598,32.20490181752598,False,114.55271599517204,True,False,0.0102271239636861,0.000683674966764,2.0,False,1.0,8.000:8.000|42.268:17.218|22.759:48.101|28.364:66.239|44.177:66.693|75.976:69.572|85.320:75.928|88.926:35.976|79.263:32.984|62.139:9.244|11.989:31.303|19.362:39.650|40.245:24.572|38.589:34.339|52.533:37.325|8.000:8.000,0-29-28-10-18-23-5-4-8-6-3-20-27-7-14-0,0.0018525461200624
93,moderate,cluttered,FairALNSPlanner,32,24,0.75,0.8688524590163934,0.8688524590163934,True,53.0,61.0,1024.2105245422088,1178.380205501316,175.78947545779107,95.78947545779108,False,125.30137809813048,True,False,0.0235844176767557,0.0009505518520648,2.0,False,1.0,8.000:8.000|11.989:31.303|19.362:39.650|22.759:48.101|22.415:64.800|28.364:66.239|44.177:66.693|55.568:59.086|64.786:68.069|68.297:68.920|75.976:69.572|81.593:75.310|74.584:96.742|74.927:94.628|85.320:75.928|86.475:61.944|89.785:58.920|89.019:43.651|88.926:35.976|93.475:22.933|79.263:32.984|62.139:9.244|42.268:17.218|40.245:24.572|38.589:34.339|8.000:8.000,0-3-20-28-2-10-18-17-30-21-23-24-25-9-5-13-19-32-4-11-8-6-29-27-7-0,15.006083639105782
93,moderate,cluttered,RAWA-RHP,32,25,0.78125,0.8852459016393442,0.8852459016393442,True,54.0,61.0,1035.5471282451254,1190.680353870344,164.45287175487482,84.45287175487482,False,127.89805804383592,True,False,0.0224242366191811,0.0008699951257115,2.0,False,1.0,8.000:8.000|38.589:34.339|40.245:24.572|42.268:17.218|62.139:9.244|79.263:32.984|93.475:22.933|88.926:35.976|89.019:43.651|89.785:58.920|86.475:61.944|75.976:69.572|81.593:75.310|85.320:75.928|74.927:94.628|74.584:96.742|64.375:75.571|68.297:68.920|64.786:68.069|55.568:59.086|44.177:66.693|28.364:66.239|22.415:64.800|22.759:48.101|19.362:39.650|11.989:31.303|8.000:8.000,0-7-27-29-6-8-11-4-32-19-13-23-24-5-9-25-26-21-30-17-18-10-2-28-20-3-0,30.01126966695301
89,moderate,cluttered,NearestNeighbor,32,29,0.90625,0.9166666666666666,0.0,False,66.0,72.0,1382.1251446837862,1400.2809467912182,-182.1251446837861,-262.1251446837861,True,136.64079593746808,False,True,0.011127474016218,0.0003718014992982,2.0,True,1.0,8.000:8.000|38.408:10.297|45.691:16.696|46.429:21.671|46.935:23.630|42.010:29.401|39.821:28.583|35.754:29.770|29.129:37.997|31.353:58.666|25.451:66.275|20.005:64.365|15.065:76.371|32.735:80.622|44.587:67.492|52.756:65.074|71.049:63.629|80.221:68.965|79.393:74.619|87.923:62.339|79.983:54.742|76.778:46.989|69.709:44.533|85.556:43.274|77.291:30.613|65.962:24.482|64.736:21.058|66.887:21.614|62.205:16.842|57.999:28.487|8.000:8.000,0-6-18-10-24-5-2-8-11-28-13-12-14-26-16-7-31-4-25-20-21-15-19-3-29-9-32-30-27-23-0,0.0012242358643561
89,moderate,cluttered,ValuePerDistance,32,26,0.8125,0.8541666666666666,0.0,False,61.5,72.0,1469.81504422106,1468.2885265167242,-269.81504422106013,-349.81504422106013,True,143.53358516193398,False,True,0.0928068119421196,0.003554939115892,2.0,True,1.0,8.000:8.000|35.754:29.770|39.821:28.583|42.010:29.401|46.935:23.630|46.429:21.671|45.691:16.696|38.408:10.297|64.736:21.058|66.887:21.614|65.962:24.482|62.205:16.842|57.999:28.487|69.709:44.533|76.778:46.989|79.983:54.742|87.923:62.339|80.221:68.965|79.393:74.619|71.049:63.629|44.587:67.492|52.756:65.074|20.005:64.365|25.451:66.275|31.353:58.666|29.129:37.997|77.291:30.613|8.000:8.000,0-8-2-5-24-10-18-6-32-30-9-27-23-19-15-21-20-4-25-31-16-7-12-13-28-11-29-0,0.0009497359860688
89,moderate,cluttered,WindAwareGreedy,32,19,0.59375,0.6736111111111112,0.0,False,48.5,72.0,1338.550332372889,1345.949129905455,-138.55033237288905,-218.55033237288905,True,118.99078597534496,False,True,0.084017804252148,0.0043081792197078,2.0,True,1.0,8.000:8.000|35.754:29.770|46.935:23.630|46.429:21.671|45.691:16.696|38.408:10.297|64.736:21.058|66.887:21.614|65.962:24.482|62.205:16.842|75.900:8.077|76.778:46.989|71.049:63.629|87.923:62.339|69.709:44.533|57.999:28.487|29.129:37.997|20.005:64.365|25.451:66.275|31.353:58.666|8.000:8.000,0-8-24-10-18-6-32-30-9-27-22-15-31-20-19-23-11-12-13-28-0,0.0008556100074201
89,moderate,cluttered,ReserveOnlyPlanner,32,16,0.5,0.5625,0.5625,True,40.5,72.0,1062.1951823732684,1151.779192867723,137.80481762673162,57.80481762673162,False,99.44247247151534,True,False,0.1250551569045568,0.0076990973360844,2.0,False,1.0,8.000:8.000|35.754:29.770|46.935:23.630|46.429:21.671|45.691:16.696|38.408:10.297|64.736:21.058|66.887:21.614|65.962:24.482|62.205:16.842|75.900:8.077|57.999:28.487|76.778:46.989|69.709:44.533|71.049:63.629|79.983:54.742|29.129:37.997|8.000:8.000,0-8-24-10-18-6-32-30-9-27-22-23-15-19-31-21-11-0,0.0008173710666596
89,moderate,cluttered,FairRiskAwareGreedy,32,19,0.59375,0.6666666666666666,0.6666666666666666,True,48.0,72.0,1101.118001501215,1141.2003285083208,98.88199849878492,18.881998498784924,False,126.54371589095784,True,False,0.0026157652301589,0.0001309071687542,2.0,False,1.0,8.000:8.000|35.754:29.770|46.935:23.630|46.429:21.671|45.691:16.696|38.408:10.297|29.129:37.997|20.005:64.365|31.353:58.666|25.451:66.275|39.821:28.583|64.736:21.058|66.887:21.614|65.962:24.482|76.778:46.989|71.049:63.629|87.923:62.339|79.983:54.742|57.999:28.487|69.709:44.533|8.000:8.000,0-8-24-10-18-6-11-12-28-13-2-32-30-9-15-31-20-21-23-19-0,0.0012511569075286
89,moderate,cluttered,FairALNSPlanner,32,21,0.65625,0.6875,0.6875,True,49.5,72.0,1060.293462503536,1179.9877709444145,139.70653749646397,59.706537496463966,False,128.33911980185837,True,False,0.0989971528103326,0.0046561603547718,2.0,False,1.0,8.000:8.000|20.005:64.365|57.999:28.487|66.887:21.614|62.205:16.842|64.736:21.058|65.962:24.482|77.291:30.613|85.556:43.274|87.923:62.339|79.393:74.619|80.221:68.965|71.049:63.629|79.983:54.742|76.778:46.989|69.709:44.533|52.756:65.074|44.587:67.492|15.065:76.371|25.451:66.275|29.129:37.997|35.754:29.770|8.000:8.000,0-12-23-30-27-32-9-29-3-20-25-4-31-21-15-19-7-16-14-13-11-8-0,13.885870649013668
89,moderate,cluttered,RAWA-RHP,32,29,0.90625,0.9305555555555556,0.9305555555555556,True,67.0,72.0,1049.7680622503904,1204.800795609936,150.23193774960964,70.23193774960964,False,138.59461907710767,True,False,0.0670429140898822,0.0022761250173296,2.0,False,1.0,8.000:8.000|38.408:10.297|45.691:16.696|46.429:21.671|46.935:23.630|57.999:28.487|62.205:16.842|75.900:8.077|66.887:21.614|64.736:21.058|65.962:24.482|77.291:30.613|85.556:43.274|69.709:44.533|76.778:46.989|79.983:54.742|87.923:62.339|79.393:74.619|80.221:68.965|71.049:63.629|52.756:65.074|44.587:67.492|25.451:66.275|15.065:76.371|20.005:64.365|31.353:58.666|29.129:37.997|39.821:28.583|42.010:29.401|35.754:29.770|8.000:8.000,0-6-18-10-24-23-27-22-30-32-9-29-3-19-15-21-20-25-4-31-7-16-13-14-12-28-11-2-5-8-0,174.06236510700546
90,moderate,sparse,NearestNeighbor,32,29,0.90625,0.8809523809523809,0.0,False,55.5,63.0,1366.2044712607294,1396.1181937253882,-166.2044712607296,-246.2044712607296,True,133.0119238121912,False,True,0.077930668763254,0.0026866488186772,2.0,True,1.0,8.000:8.000|18.591:21.990|31.853:20.637|37.395:28.386|41.505:35.376|39.357:39.078|45.424:33.147|51.300:33.126|54.207:35.546|56.319:35.565|52.436:43.836|53.423:46.962|50.754:50.071|48.885:49.354|49.860:51.948|45.946:50.007|36.471:56.901|33.295:68.497|45.218:68.639|38.918:88.334|37.216:89.430|36.378:87.313|33.120:88.766|27.883:82.459|25.583:86.881|16.206:79.971|20.684:59.456|28.927:33.767|40.405:10.279|67.184:21.333|8.000:8.000,0-7-32-23-9-12-3-10-29-14-24-6-1-5-26-15-25-31-17-27-28-11-22-21-18-13-8-16-2-20-0,0.0020950958132743
90,moderate,sparse,ValuePerDistance,32,24,0.75,0.8333333333333334,0.0,False,52.5,63.0,1365.4127506926484,1369.924604965967,-165.41275069264847,-245.41275069264847,True,123.75414096051016,False,True,0.075068431730478,0.0030965457746572,2.0,True,1.0,8.000:8.000|31.853:20.637|37.395:28.386|41.505:35.376|39.357:39.078|51.300:33.126|54.207:35.546|56.319:35.565|53.423:46.962|50.754:50.071|48.885:49.354|49.860:51.948|45.946:50.007|73.006:50.721|89.266:61.610|87.818:71.022|38.918:88.334|36.378:87.313|37.216:89.430|33.120:88.766|27.883:82.459|25.583:86.881|20.684:59.456|33.295:68.497|45.218:68.639|8.000:8.000,0-32-23-9-12-10-29-14-6-1-5-26-15-4-30-19-27-11-28-22-21-18-8-31-17-0,0.0014706701040267
90,moderate,sparse,WindAwareGreedy,32,16,0.5,0.6428571428571429,0.0,False,40.5,63.0,1367.383578745479,1391.9332136898704,-167.38357874547907,-247.38357874547907,True,112.04424238701202,False,True,0.0291080994368029,0.0017252082942183,2.0,True,1.0,8.000:8.000|37.395:28.386|41.505:35.376|39.357:39.078|51.300:33.126|54.207:35.546|56.319:35.565|73.006:50.721|89.266:61.610|31.853:20.637|18.591:21.990|28.927:33.767|20.684:59.456|27.883:82.459|38.918:88.334|36.378:87.313|45.218:68.639|8.000:8.000,0-23-9-12-10-29-14-4-30-32-7-16-8-21-27-11-17-0,0.0013385699130594
90,moderate,sparse,ReserveOnlyPlanner,32,14,0.4375,0.5238095238095238,0.5238095238095238,True,33.0,63.0,1025.4517421032913,1131.191007440825,174.5482578967085,94.54825789670848,False,89.42928172077116,True,False,0.0257488138411482,0.0017265296151224,2.0,False,1.0,8.000:8.000|31.853:20.637|37.395:28.386|41.505:35.376|39.357:39.078|51.300:33.126|54.207:35.546|56.319:35.565|73.006:50.721|89.266:61.610|67.184:21.333|40.405:10.279|18.591:21.990|28.927:33.767|45.424:33.147|8.000:8.000,0-32-23-9-12-10-29-14-4-30-20-2-7-16-3-0,0.0013146041892468
90,moderate,sparse,FairRiskAwareGreedy,32,17,0.53125,0.6349206349206349,0.6349206349206349,True,40.0,63.0,1072.7710737246164,1105.4414291064222,127.22892627538404,47.228926275384055,False,117.72900408002728,True,False,0.000464867180846,2.5827139836435517e-05,2.8284271247461903,False,1.0,8.000:8.000|37.395:28.386|41.505:35.376|39.357:39.078|20.684:59.456|31.853:20.637|51.300:33.126|54.207:35.546|56.319:35.565|73.006:50.721|89.266:61.610|50.754:50.071|53.423:46.962|67.184:21.333|40.405:10.279|18.591:21.990|28.927:33.767|45.424:33.147|8.000:8.000,0-23-9-12-8-32-10-29-14-4-30-1-6-20-2-7-16-3-0,0.0022015259601175
90,moderate,sparse,FairALNSPlanner,32,22,0.6875,0.7619047619047619,0.7619047619047619,True,48.0,63.0,1054.0814775705844,1193.7920873371704,145.91852242941576,65.91852242941576,False,123.7818281745068,True,False,0.0121713063463769,0.0005301257144269,2.0,False,1.0,8.000:8.000|18.591:21.990|28.927:33.767|20.684:59.456|27.883:82.459|36.471:56.901|41.505:35.376|51.300:33.126|52.436:43.836|53.423:46.962|48.885:49.354|87.818:71.022|89.266:61.610|73.006:50.721|56.319:35.565|54.207:35.546|50.754:50.071|45.946:50.007|49.860:51.948|39.357:39.078|37.395:28.386|45.424:33.147|31.853:20.637|8.000:8.000,0-7-16-8-21-25-9-10-24-6-5-19-30-4-14-29-1-15-26-12-23-3-32-0,15.059499551076442
90,moderate,sparse,RAWA-RHP,32,29,0.90625,0.9444444444444444,0.9444444444444444,True,59.5,63.0,1031.177402453988,1175.963068123307,168.8225975460122,88.82259754601219,False,134.0827264128521,True,False,0.0814866935201976,0.002810929244147,2.0,False,1.0,8.000:8.000|31.853:20.637|37.395:28.386|45.424:33.147|41.505:35.376|39.357:39.078|45.946:50.007|49.860:51.948|50.754:50.071|48.885:49.354|53.423:46.962|52.436:43.836|56.319:35.565|54.207:35.546|51.300:33.126|67.184:21.333|73.006:50.721|89.266:61.610|87.818:71.022|45.218:68.639|38.918:88.334|36.378:87.313|37.216:89.430|33.120:88.766|27.883:82.459|25.583:86.881|16.206:79.971|20.684:59.456|28.927:33.767|18.591:21.990|8.000:8.000,0-32-23-3-9-12-15-26-1-5-6-24-14-29-10-20-4-30-19-17-27-11-28-22-21-18-13-8-16-7-0,152.49310264200903
94,severe,sparse,NearestNeighbor,32,10,0.3125,0.303030303030303,0.0,False,20.0,66.0,1308.141004063736,1329.2343439178608,-108.14100406373608,-188.1410040637361,True,64.88030469728193,False,True,0.1280201286715359,0.0121536573452748,2.0,True,1.0,8.000:8.000|28.883:25.587|41.986:35.339|45.102:27.612|48.056:20.356|64.462:17.952|69.289:13.406|65.227:28.843|72.274:30.646|76.996:32.401|82.806:44.258|8.000:8.000,0-5-6-22-17-14-1-11-29-21-3-0,0.0010791649110615
94,severe,sparse,ValuePerDistance,32,10,0.3125,0.2878787878787879,0.0,False,19.0,66.0,1324.9173101074873,1307.276009426913,-124.91731010748754,-204.91731010748757,True,64.92357546292382,False,True,0.1320259676565436,0.01257118860508,2.0,True,1.0,8.000:8.000|28.883:25.587|41.986:35.339|45.102:27.612|48.056:20.356|64.462:17.952|69.289:13.406|65.227:28.843|72.274:30.646|76.996:32.401|89.442:27.746|8.000:8.000,0-5-6-22-17-14-1-11-29-21-15-0,0.0007737651467323
94,severe,sparse,WindAwareGreedy,32,9,0.28125,0.3106060606060606,0.0,False,20.5,66.0,1306.0839609610994,1301.6393269082723,-106.0839609610994,-186.08396096109945,True,63.970511710424,False,True,0.1626759058767812,0.0171633648776513,2.0,True,1.0,8.000:8.000|28.883:25.587|48.056:20.356|45.102:27.612|41.986:35.339|36.845:66.012|37.531:59.256|18.480:70.835|34.345:69.443|43.570:54.820|8.000:8.000,0-5-17-22-6-24-23-19-10-16-0,0.0009059349540621
94,severe,sparse,ReserveOnlyPlanner,32,7,0.21875,0.2575757575757575,0.2575757575757575,True,17.0,66.0,1099.6965872290818,1179.9297861620537,100.30341277091816,20.30341277091816,False,52.81141941435256,True,False,0.1295645398347372,0.0166992059336051,2.0,False,1.0,8.000:8.000|28.883:25.587|48.056:20.356|45.102:27.612|41.986:35.339|36.845:66.012|37.531:59.256|34.345:69.443|8.000:8.000,0-5-17-22-6-24-23-10-0,0.0007611541077494
94,severe,sparse,FairRiskAwareGreedy,32,10,0.3125,0.3863636363636363,0.3863636363636363,True,25.5,66.0,1093.1059587222442,1145.1484256913136,106.89404127775596,26.89404127775597,False,93.34932436275918,True,False,0.0012411487705986,0.0001128796249313,2.8284271247461903,False,1.0,8.000:8.000|28.883:25.587|36.845:66.012|18.480:70.835|48.056:20.356|82.806:44.258|86.744:45.474|93.553:54.967|76.215:68.168|41.986:35.339|46.326:49.200|8.000:8.000,0-5-24-19-17-3-9-18-31-6-20-0,0.0014022679533809
94,severe,sparse,FairALNSPlanner,32,17,0.53125,0.6287878787878788,0.6287878787878788,True,41.5,66.0,1052.90764666381,1246.2509424983689,147.0923533361899,67.09235333618989,False,105.49124117008633,True,False,0.0129030458348644,0.0007193854677876,2.8284271247461903,False,1.0,8.000:8.000|48.056:20.356|82.806:44.258|93.553:54.967|76.215:68.168|66.656:71.694|56.124:63.759|57.397:59.291|56.081:66.748|64.660:83.733|61.463:93.593|18.480:70.835|34.345:69.443|36.845:66.012|37.531:59.256|46.326:49.200|41.986:35.339|28.883:25.587|8.000:8.000,0-17-3-18-31-12-2-7-8-4-27-19-10-24-23-20-6-5-0,6.042552670929581
94,severe,sparse,RAWA-RHP,32,21,0.65625,0.7272727272727273,0.7272727272727273,True,48.0,66.0,1044.7868871905955,1249.404921131151,155.21311280940478,75.21311280940478,False,109.89960862335104,True,False,0.0077833124724041,0.0003542884271873,2.8284271247461903,False,1.0,8.000:8.000|48.056:20.356|45.102:27.612|65.227:28.843|72.274:30.646|82.806:44.258|86.744:45.474|93.553:54.967|76.215:68.168|56.081:66.748|56.124:63.759|57.397:59.291|66.656:71.694|64.660:83.733|61.463:93.593|34.345:69.443|36.845:66.012|37.531:59.256|43.570:54.820|46.326:49.200|41.986:35.339|28.883:25.587|8.000:8.000,0-17-22-11-29-3-9-18-31-8-2-7-12-4-27-10-24-23-16-20-6-5-0,12.831818216945976
94,severe,cluttered,NearestNeighbor,32,10,0.3125,0.296875,0.0,False,19.0,64.0,1283.433718200592,1293.2021581313734,-83.43371820059195,-163.43371820059195,True,62.08654339203832,False,True,0.2826843473343742,0.0292045454730309,2.0,True,1.0,8.000:8.000|17.064:22.666|31.308:30.654|29.870:37.746|34.051:47.851|29.809:53.098|30.877:60.963|45.022:69.816|51.236:50.068|46.193:35.599|57.507:29.659|8.000:8.000,0-26-1-12-14-22-19-31-6-21-25-0,0.001082750968635
94,severe,cluttered,ValuePerDistance,32,12,0.375,0.4140625,0.0,False,26.5,64.0,1300.9112980853588,1323.8533467552684,-100.91129808535848,-180.91129808535848,True,68.83008956793736,False,True,0.5355820105135755,0.0562166757016317,2.0,True,1.0,8.000:8.000|31.215:17.627|32.401:19.465|31.308:30.654|29.870:37.746|19.574:47.605|18.433:45.933|29.809:53.098|30.877:60.963|34.051:47.851|46.193:35.599|50.858:21.775|57.507:29.659|8.000:8.000,0-28-24-1-12-16-27-22-19-14-21-4-25-0,0.0009199720807373
94,severe,cluttered,WindAwareGreedy,32,9,0.28125,0.3359375,0.0,False,21.5,64.0,1294.066571909006,1299.3577646772362,-94.0665719090059,-174.06657190900592,True,61.90844078261976,False,True,0.6221798840081694,0.0899366238393589,2.0,True,1.0,8.000:8.000|31.215:17.627|31.308:30.654|18.433:45.933|19.574:47.605|17.064:22.666|29.870:37.746|29.809:53.098|30.877:60.963|34.051:47.851|8.000:8.000,0-28-1-27-16-26-12-22-19-14-0,0.0008522160351276
94,severe,cluttered,ReserveOnlyPlanner,32,10,0.3125,0.3515625,0.3515625,True,22.5,64.0,1069.5383620324988,1198.7083202974636,130.4616379675013,50.4616379675013,False,55.438020966964366,True,False,0.425766528896555,0.0478065487755991,2.0,False,1.0,8.000:8.000|17.064:22.666|31.215:17.627|32.401:19.465|31.308:30.654|29.870:37.746|18.433:45.933|19.574:47.605|29.809:53.098|30.877:60.963|34.051:47.851|8.000:8.000,0-26-28-24-1-12-27-16-22-19-14-0,0.0009528480004519
94,severe,cluttered,FairRiskAwareGreedy,32,9,0.28125,0.375,0.375,True,24.0,64.0,1093.2146517141337,1139.0707088108256,106.7853482858664,26.785348285866405,False,90.6217559830798,True,False,0.0104565669101079,0.001048545411479,2.8284271247461903,False,1.0,8.000:8.000|18.433:45.933|19.574:47.605|46.193:35.599|68.876:32.162|50.858:21.775|70.866:58.679|76.901:77.771|96.189:40.479|78.102:53.687|8.000:8.000,0-27-16-21-23-4-17-11-29-8-0,0.0011894139461219
94,severe,cluttered,FairALNSPlanner,32,12,0.375,0.4296875,0.4296875,True,27.5,64.0,1059.0792660296845,1197.9007087665468,140.92073397031544,60.92073397031544,False,94.68112071389142,True,False,0.003860770335853,0.0002974270646584,2.8284271247461903,False,1.0,8.000:8.000|18.433:45.933|19.574:47.605|34.051:47.851|45.022:69.816|76.901:77.771|76.832:65.333|72.926:60.921|70.866:58.679|57.507:29.659|81.329:54.236|78.102:53.687|96.189:40.479|8.000:8.000,0-27-16-14-31-11-7-13-17-25-32-8-29-0,4.36113211279735
94,severe,cluttered,RAWA-RHP,32,21,0.65625,0.7109375,0.7109375,True,45.5,64.0,1057.368037783961,1241.0215687078928,142.63196221603926,62.631962216039256,False,107.32135879176242,True,False,0.0286915336421842,0.0013187508878921,2.0,False,1.0,8.000:8.000|18.433:45.933|19.574:47.605|34.051:47.851|29.809:53.098|31.308:30.654|29.870:37.746|46.193:35.599|51.236:50.068|70.866:58.679|72.926:60.921|76.832:65.333|76.901:77.771|79.255:69.334|90.301:54.605|86.238:52.331|81.329:54.236|78.102:53.687|68.876:32.162|50.858:21.775|31.215:17.627|32.401:19.465|8.000:8.000,0-27-16-14-22-1-12-21-6-17-13-7-11-30-9-5-32-8-23-4-28-24-0,26.581469452008605
93,calm,cluttered,NearestNeighbor,32,31,0.96875,0.9606299212598424,0.0,False,61.0,63.5,1550.0446306283695,1531.2800297205968,-350.04463062837,-430.04463062837,True,173.59628805383002,False,True,0.0513498555750605,0.0016419257810283,2.0,True,1.0,8.000:8.000|18.993:15.712|23.125:8.949|34.541:15.062|29.395:22.369|30.959:31.969|22.579:37.125|28.890:47.940|30.986:49.046|35.544:52.227|45.019:54.315|46.626:56.413|51.678:55.640|58.292:50.948|61.565:30.379|59.416:26.270|71.371:23.438|73.724:30.859|80.406:18.005|88.310:15.651|46.264:22.607|21.136:52.638|15.804:72.470|33.691:73.253|38.918:84.023|56.542:70.057|77.995:59.401|83.092:79.189|83.687:82.449|83.668:85.128|78.888:89.589|91.075:76.207|8.000:8.000,0-4-28-6-9-7-24-17-26-10-13-23-8-25-22-3-19-15-11-18-16-21-1-2-20-12-30-29-31-5-27-32-0,0.0020807147957384
93,calm,cluttered,ValuePerDistance,32,26,0.8125,0.8740157480314961,0.0,False,55.5,63.5,1335.03614008397,1330.1236750824974,-135.03614008397034,-215.03614008397037,True,149.89593726774586,False,True,0.0565608479468718,0.002146659888583,2.0,True,1.0,8.000:8.000|18.993:15.712|29.395:22.369|30.959:31.969|28.890:47.940|30.986:49.046|35.544:52.227|46.626:56.413|45.019:54.315|51.678:55.640|58.292:50.948|61.565:30.379|59.416:26.270|73.724:30.859|71.371:23.438|88.310:15.651|80.406:18.005|83.687:82.449|83.668:85.128|83.092:79.189|91.075:76.207|77.995:59.401|56.542:70.057|38.918:84.023|33.691:73.253|33.288:98.059|15.804:72.470|8.000:8.000,0-4-9-7-17-26-10-23-13-8-25-22-3-15-19-18-11-31-5-29-32-30-12-20-2-14-1-0,0.0015384710859507
93,calm,cluttered,WindAwareGreedy,32,21,0.65625,0.7952755905511811,0.0,False,50.5,63.5,1481.0257744554624,1492.8650584411346,-281.0257744554623,-361.0257744554623,True,157.02303170054572,False,True,0.0700939693777354,0.0032856910162614,2.0,True,1.0,8.000:8.000|18.993:15.712|29.395:22.369|30.959:31.969|28.890:47.940|30.986:49.046|35.544:52.227|33.691:73.253|38.918:84.023|83.668:85.128|83.687:82.449|91.075:76.207|88.310:15.651|73.724:30.859|61.565:30.379|59.416:26.270|58.292:50.948|46.626:56.413|56.542:70.057|77.995:59.401|21.136:52.638|33.288:98.059|8.000:8.000,0-4-9-7-17-26-10-2-20-5-31-32-18-15-22-3-25-23-12-30-21-14-0,0.0015739498194307
93,calm,cluttered,ReserveOnlyPlanner,32,19,0.59375,0.6377952755905512,0.6377952755905512,True,40.5,63.5,1101.1386321220798,1132.4371853709863,98.86136787791996,18.86136787791997,False,120.06554498147533,True,False,0.0439883366261024,0.0022370157295509,2.0,False,1.0,8.000:8.000|18.993:15.712|29.395:22.369|30.959:31.969|28.890:47.940|30.986:49.046|35.544:52.227|46.626:56.413|58.292:50.948|61.565:30.379|59.416:26.270|88.310:15.651|73.724:30.859|71.371:23.438|46.264:22.607|34.541:15.062|23.125:8.949|21.136:52.638|33.691:73.253|15.804:72.470|8.000:8.000,0-4-9-7-17-26-10-23-25-22-3-18-15-19-16-6-28-21-2-1-0,0.001618999056518
93,calm,cluttered,FairRiskAwareGreedy,32,17,0.53125,0.6062992125984252,0.6062992125984252,True,38.5,63.5,1092.010957978416,1114.184074352776,107.9890420215841,27.989042021584098,False,126.82947156800104,True,False,0.0171953223787553,0.0009612799921557,2.0,False,1.0,8.000:8.000|18.993:15.712|29.395:22.369|30.959:31.969|88.310:15.651|28.890:47.940|30.986:49.046|35.544:52.227|21.136:52.638|46.626:56.413|58.292:50.948|61.565:30.379|59.416:26.270|73.724:30.859|38.918:84.023|33.691:73.253|15.804:72.470|22.579:37.125|8.000:8.000,0-4-9-7-18-17-26-10-21-23-25-22-3-15-20-2-1-24-0,0.0024247120600193
93,calm,cluttered,FairALNSPlanner,32,21,0.65625,0.7322834645669292,0.7322834645669292,True,46.5,63.5,1064.618167995642,1129.46381165634,135.38183200435816,55.38183200435816,False,128.93184052640635,True,False,0.0534160772292808,0.0024829328097972,2.0,False,1.0,8.000:8.000|29.395:22.369|30.959:31.969|22.579:37.125|28.890:47.940|30.986:49.046|35.544:52.227|46.626:56.413|51.678:55.640|56.542:70.057|58.292:50.948|45.019:54.315|33.691:73.253|38.918:84.023|33.288:98.059|78.888:89.589|83.668:85.128|83.687:82.449|91.075:76.207|88.310:15.651|59.416:26.270|18.993:15.712|8.000:8.000,0-9-7-24-17-26-10-23-8-12-25-13-2-20-14-27-5-31-32-18-3-4-0,13.732887430815026
93,calm,cluttered,RAWA-RHP,32,27,0.84375,0.8740157480314961,0.8740157480314961,True,55.5,63.5,1044.9934288190384,1115.807352551253,155.00657118096134,75.00657118096134,False,136.7006219234292,True,False,0.0304106005619007,0.0011001262857684,2.0,False,1.0,8.000:8.000|30.959:31.969|21.136:52.638|28.890:47.940|30.986:49.046|35.544:52.227|45.019:54.315|46.626:56.413|56.542:70.057|33.691:73.253|38.918:84.023|78.888:89.589|83.668:85.128|83.687:82.449|83.092:79.189|91.075:76.207|77.995:59.401|88.310:15.651|80.406:18.005|71.371:23.438|73.724:30.859|61.565:30.379|59.416:26.270|46.264:22.607|29.395:22.369|34.541:15.062|23.125:8.949|18.993:15.712|8.000:8.000,0-7-21-17-26-10-13-23-12-2-20-27-5-31-29-32-30-18-11-19-15-22-3-16-9-6-28-4-0,73.89195189997554
92,moderate,cluttered,NearestNeighbor,32,23,0.71875,0.7443609022556391,0.0,False,49.5,66.5,1320.6299361021188,1304.500214408088,-120.62993610211852,-200.6299361021185,True,108.5734346167069,False,True,0.1118912940472267,0.0048781979153269,2.0,True,1.0,8.000:8.000|42.427:16.748|49.515:22.771|51.387:24.792|53.794:26.047|57.345:26.953|59.294:28.052|65.624:21.520|61.236:19.143|71.298:13.160|85.111:22.463|75.838:57.706|68.357:67.425|68.296:70.670|63.517:65.231|61.135:65.133|63.796:76.876|62.140:84.295|58.848:88.317|54.341:81.505|54.432:76.610|52.085:77.889|51.554:74.011|43.766:63.061|8.000:8.000,0-21-11-31-3-30-13-32-26-2-4-17-24-27-20-8-23-15-1-12-6-9-14-10-0,0.0018709008581936
92,moderate,cluttered,ValuePerDistance,32,23,0.71875,0.7518796992481203,0.0,False,50.0,66.5,1300.371629019995,1305.2037005019438,-100.37162901999515,-180.3716290199952,True,109.70730670738556,False,True,0.1025024887240296,0.0044610725533676,2.0,True,1.0,8.000:8.000|42.427:16.748|49.515:22.771|51.387:24.792|53.794:26.047|57.345:26.953|59.294:28.052|65.624:21.520|71.298:13.160|61.236:19.143|63.517:65.231|61.135:65.133|68.357:67.425|68.296:70.670|63.796:76.876|62.140:84.295|58.848:88.317|54.341:81.505|54.432:76.610|52.085:77.889|51.554:74.011|35.230:83.984|39.632:75.581|43.766:63.061|8.000:8.000,0-21-11-31-3-30-13-32-2-26-20-8-24-27-23-15-1-12-6-9-14-7-19-10-0,0.0014355529565364
92,moderate,cluttered,WindAwareGreedy,32,18,0.5625,0.5864661654135338,0.0,False,39.0,66.5,1383.1523791506256,1412.178386279748,-183.15237915062576,-263.15237915062573,True,107.28136054965016,False,True,0.2459242535727589,0.0143033103234775,2.0,True,1.0,8.000:8.000|42.427:16.748|71.298:13.160|65.624:21.520|49.515:22.771|51.387:24.792|53.794:26.047|57.345:26.953|59.294:28.052|61.236:19.143|85.111:22.463|75.838:57.706|63.517:65.231|68.357:67.425|61.135:65.133|51.554:74.011|54.341:81.505|62.140:84.295|54.432:76.610|8.000:8.000,0-21-2-32-11-31-3-30-13-26-4-17-20-24-8-14-12-15-6-0,0.001470458926633
92,moderate,cluttered,ReserveOnlyPlanner,32,12,0.375,0.3157894736842105,0.3157894736842105,True,21.0,66.5,1106.3285411169627,1193.091522123803,93.67145888303736,13.67145888303736,False,81.94799973893575,True,False,0.2988720273930662,0.0262883957825028,2.0,False,1.0,8.000:8.000|42.427:16.748|71.298:13.160|65.624:21.520|49.515:22.771|51.387:24.792|53.794:26.047|57.345:26.953|59.294:28.052|61.236:19.143|85.111:22.463|75.838:57.706|46.639:55.917|8.000:8.000,0-21-2-32-11-31-3-30-13-26-4-17-22-0,0.0012039730791002
92,moderate,cluttered,FairRiskAwareGreedy,32,14,0.4375,0.556390977443609,0.556390977443609,True,37.0,66.5,1075.6272935900022,1104.701423203411,124.37270640999785,44.372706409997846,False,107.93007906992244,True,False,0.0070072556238893,0.0004684863388652,2.0,False,1.0,8.000:8.000|71.298:13.160|63.517:65.231|68.357:67.425|54.341:81.505|62.140:84.295|69.103:94.959|35.230:83.984|52.056:94.135|58.848:88.317|54.432:76.610|52.085:77.889|43.766:63.061|61.135:65.133|42.427:16.748|8.000:8.000,0-2-20-24-12-15-28-7-16-1-6-9-10-8-21-0,0.0019500500056892
92,moderate,cluttered,FairALNSPlanner,32,23,0.71875,0.7744360902255639,0.7744360902255639,True,51.5,66.5,1040.0649100012563,1150.0410092108343,159.9350899987433,79.93508999874331,False,123.94668250831008,True,False,0.0932306287590742,0.004038415998323,2.0,False,1.0,8.000:8.000|38.063:56.564|43.766:63.061|51.554:74.011|54.432:76.610|52.085:77.889|35.230:83.984|54.341:81.505|69.103:94.959|52.056:94.135|58.848:88.317|62.140:84.295|63.796:76.876|68.296:70.670|68.357:67.425|75.838:57.706|63.517:65.231|61.135:65.133|46.639:55.917|39.632:75.581|51.339:47.808|53.794:26.047|51.387:24.792|49.515:22.771|8.000:8.000,0-29-10-14-6-9-7-12-28-16-1-15-23-27-24-17-20-8-22-19-25-3-31-11-0,15.667647048830986
92,moderate,cluttered,RAWA-RHP,32,28,0.875,0.8872180451127819,0.8872180451127819,True,59.0,66.5,1049.70567667699,1167.690518469744,150.29432332301008,70.29432332301008,False,130.8665360561356,True,False,0.0436596999837329,0.0015280050996276,2.0,False,1.0,8.000:8.000|30.853:57.220|35.230:83.984|52.056:94.135|69.103:94.959|58.848:88.317|62.140:84.295|54.341:81.505|52.085:77.889|51.554:74.011|54.432:76.610|63.796:76.876|68.296:70.670|68.357:67.425|75.838:57.706|63.517:65.231|61.135:65.133|43.766:63.061|38.063:56.564|46.639:55.917|51.339:47.808|61.236:19.143|65.624:21.520|59.294:28.052|57.345:26.953|53.794:26.047|51.387:24.792|49.515:22.771|42.427:16.748|8.000:8.000,0-18-7-16-28-1-15-12-9-14-6-23-27-24-17-20-8-10-29-22-25-26-32-13-30-3-31-11-21-0,101.73800926702096
94,calm,cluttered,NearestNeighbor,32,31,0.96875,0.9647887323943662,0.0,False,68.5,71.0,1316.3002979767364,1322.0297058702122,-116.3002979767363,-196.30029797673632,True,159.5271594396288,False,True,0.0279091676142991,0.0008820125011665,2.0,True,1.0,8.000:8.000|19.228:19.472|13.695:22.104|12.665:51.451|25.163:60.525|38.960:59.086|44.402:55.751|50.337:42.213|54.481:34.465|54.277:30.172|55.310:22.750|61.583:22.212|79.575:24.023|85.026:15.909|88.481:17.912|85.378:35.802|77.664:38.255|68.941:35.891|60.022:41.290|65.164:46.937|73.279:47.832|83.554:50.428|81.055:56.021|87.924:45.208|89.532:75.444|80.013:82.087|79.151:80.142|56.032:75.787|47.150:74.314|45.060:68.410|48.216:82.754|27.812:78.121|8.000:8.000,0-2-27-24-30-9-10-22-11-20-25-14-31-26-29-28-13-19-12-23-15-32-8-6-5-16-4-7-21-3-17-18-0,0.002064281143248
94,calm,cluttered,ValuePerDistance,32,27,0.84375,0.8802816901408451,0.0,False,62.5,71.0,1364.819207535793,1346.125471512979,-164.8192075357938,-244.8192075357938,True,155.40422669238046,False,True,0.0395357254141218,0.0014356558867234,2.0,True,1.0,8.000:8.000|19.228:19.472|13.695:22.104|43.894:8.457|55.310:22.750|61.583:22.212|68.941:35.891|73.279:47.832|83.554:50.428|81.055:56.021|87.924:45.208|85.378:35.802|79.575:24.023|85.026:15.909|88.481:17.912|54.481:34.465|54.277:30.172|50.337:42.213|60.022:41.290|65.164:46.937|38.960:59.086|44.402:55.751|25.163:60.525|47.150:74.314|48.216:82.754|56.032:75.787|45.060:68.410|27.812:78.121|8.000:8.000,0-2-27-1-25-14-19-15-32-8-6-28-31-26-29-11-20-22-12-23-9-10-30-21-17-7-3-18-0,0.001571079948917
94,calm,cluttered,WindAwareGreedy,32,21,0.65625,0.7394366197183099,0.0,False,52.5,71.0,1254.2436438446305,1255.6336058683542,-54.24364384463054,-134.24364384463053,True,139.42039503729987,False,True,0.0219776972168798,0.0010075750380231,2.0,True,1.0,8.000:8.000|19.228:19.472|43.894:8.457|55.310:22.750|68.941:35.891|81.055:56.021|83.554:50.428|73.279:47.832|38.960:59.086|25.163:60.525|47.150:74.314|48.216:82.754|56.032:75.787|79.151:80.142|80.013:82.087|54.481:34.465|54.277:30.172|50.337:42.213|44.402:55.751|45.060:68.410|27.812:78.121|12.665:51.451|8.000:8.000,0-2-1-25-19-8-32-15-9-30-21-17-7-4-16-11-20-22-10-3-18-24-0,0.0016698630061
94,calm,cluttered,ReserveOnlyPlanner,32,19,0.59375,0.6830985915492958,0.6830985915492958,True,48.5,71.0,1099.7648781937771,1143.6797975548536,100.23512180622302,20.23512180622302,False,121.51291933012207,True,False,0.028920115213613,0.0014631683985855,2.0,False,1.0,8.000:8.000|19.228:19.472|43.894:8.457|55.310:22.750|54.481:34.465|68.941:35.891|81.055:56.021|83.554:50.428|73.279:47.832|38.960:59.086|25.163:60.525|47.150:74.314|48.216:82.754|56.032:75.787|45.060:68.410|44.402:55.751|50.337:42.213|54.277:30.172|61.583:22.212|79.575:24.023|8.000:8.000,0-2-1-25-11-19-8-32-15-9-30-21-17-7-3-10-22-20-14-31-0,0.0017168580088764
94,calm,cluttered,FairRiskAwareGreedy,32,18,0.5625,0.6338028169014085,0.6338028169014085,True,45.0,71.0,1084.632509401207,1109.7122936366302,115.3674905987929,35.3674905987929,False,127.20903882910838,True,False,0.0099872461770305,0.0005273888034158,2.0,False,1.0,8.000:8.000|19.228:19.472|25.163:60.525|38.960:59.086|47.150:74.314|48.216:82.754|81.055:56.021|83.554:50.428|73.279:47.832|54.481:34.465|55.310:22.750|43.894:8.457|85.026:15.909|85.378:35.802|79.575:24.023|50.337:42.213|54.277:30.172|44.402:55.751|13.695:22.104|8.000:8.000,0-2-30-9-21-17-8-32-15-11-25-1-26-28-31-22-20-10-27-0,0.0023794970475137
94,calm,cluttered,FairALNSPlanner,32,25,0.78125,0.8591549295774648,0.8591549295774648,True,61.0,71.0,1038.543996332924,1113.1822356652117,161.45600366707612,81.45600366707612,False,132.62635528738875,True,False,0.0229941664062325,0.0008927374354276,2.0,False,1.0,8.000:8.000|19.228:19.472|55.310:22.750|54.277:30.172|54.481:34.465|60.022:41.290|68.941:35.891|79.575:24.023|85.026:15.909|85.378:35.802|87.924:45.208|83.554:50.428|73.279:47.832|81.055:56.021|79.151:80.142|80.013:82.087|56.032:75.787|48.216:82.754|47.150:74.314|45.060:68.410|25.163:60.525|38.960:59.086|44.402:55.751|50.337:42.213|61.583:22.212|43.894:8.457|8.000:8.000,0-2-25-20-11-12-19-31-26-28-6-32-15-8-4-16-7-17-21-3-30-9-10-22-14-1-0,15.62379288394004
94,calm,cluttered,RAWA-RHP,32,27,0.84375,0.8943661971830986,0.8943661971830986,True,63.5,71.0,1048.3880238800186,1124.9492883216872,151.61197611998094,71.61197611998094,False,135.8536574460658,True,False,0.0105383691395728,0.0003777778220536,2.0,False,1.0,8.000:8.000|43.894:8.457|61.583:22.212|88.481:17.912|85.026:15.909|79.575:24.023|85.378:35.802|77.664:38.255|68.941:35.891|60.022:41.290|65.164:46.937|73.279:47.832|83.554:50.428|81.055:56.021|79.151:80.142|80.013:82.087|56.032:75.787|48.216:82.754|47.150:74.314|45.060:68.410|25.163:60.525|38.960:59.086|44.402:55.751|50.337:42.213|54.481:34.465|54.277:30.172|55.310:22.750|19.228:19.472|8.000:8.000,0-1-14-29-26-31-28-13-19-12-23-15-32-8-4-16-7-17-21-3-30-9-10-22-11-20-25-2-0,56.78128762193956
95,calm,sparse,NearestNeighbor,32,32,1.0,1.0,0.0,False,66.0,66.0,1352.8937196754127,1355.6072998053426,-152.8937196754132,-232.8937196754132,True,166.30094639846902,False,True,0.0077505213525834,0.0002353196364614,2.0,True,1.0,8.000:8.000|8.298:17.589|27.273:16.916|27.550:43.267|28.244:48.665|23.784:54.285|18.377:50.736|11.249:58.551|14.155:69.498|15.885:72.852|11.957:76.409|13.471:87.980|23.657:92.783|27.229:83.403|30.336:76.944|34.021:70.680|45.550:73.603|49.161:73.575|50.923:68.237|59.712:60.698|59.582:56.509|67.312:64.550|72.306:63.369|79.064:57.843|64.245:44.720|70.858:25.700|83.080:20.603|88.046:26.284|89.349:87.839|89.420:90.496|58.344:80.185|37.801:87.231|32.830:88.986|8.000:8.000,0-31-19-26-8-23-27-16-20-15-11-14-13-32-2-6-4-22-29-10-5-21-1-18-24-30-7-25-28-3-12-9-17-0,0.0021434479858726
95,calm,sparse,ValuePerDistance,32,27,0.84375,0.8939393939393939,0.0,False,59.0,66.0,1335.0504487266403,1331.2366211986446,-135.05044872664075,-215.05044872664075,True,155.0734086319336,False,True,0.019732738146264,0.0007093317486157,2.0,True,1.0,8.000:8.000|8.298:17.589|27.273:16.916|18.377:50.736|11.249:58.551|15.885:72.852|14.155:69.498|11.957:76.409|34.021:70.680|30.336:76.944|27.229:83.403|32.830:88.986|37.801:87.231|45.550:73.603|49.161:73.575|50.923:68.237|59.712:60.698|59.582:56.509|67.312:64.550|72.306:63.369|79.064:57.843|89.349:87.839|89.420:90.496|58.344:80.185|83.080:20.603|88.046:26.284|70.858:25.700|64.245:44.720|8.000:8.000,0-31-19-27-16-15-20-11-6-2-32-17-9-4-22-29-10-5-21-1-18-28-3-12-7-25-30-24-0,0.0016790009103715
95,calm,sparse,WindAwareGreedy,32,21,0.65625,0.7651515151515151,0.0,False,50.5,66.0,1443.1164757772597,1443.3196773793527,-243.11647577725935,-323.1164757772594,True,156.17286130246842,False,True,0.0078229869268082,0.0003562410375038,2.0,True,1.0,8.000:8.000|8.298:17.589|18.377:50.736|11.249:58.551|15.885:72.852|34.021:70.680|37.801:87.231|67.312:64.550|59.712:60.698|59.582:56.509|45.550:73.603|30.336:76.944|27.229:83.403|32.830:88.986|89.349:87.839|89.420:90.496|83.080:20.603|88.046:26.284|64.245:44.720|58.344:80.185|50.923:68.237|72.306:63.369|8.000:8.000,0-31-27-16-15-6-9-21-10-5-4-2-32-17-28-3-7-25-24-12-29-1-0,0.0021637701429426
95,calm,sparse,ReserveOnlyPlanner,32,21,0.65625,0.75,0.75,True,49.5,66.0,1107.7416907107463,1151.2702098729224,92.2583092892537,12.258309289253702,False,128.01611587394157,True,False,0.0095525540281425,0.0004355921832451,2.0,False,1.0,8.000:8.000|8.298:17.589|18.377:50.736|11.249:58.551|15.885:72.852|34.021:70.680|37.801:87.231|45.550:73.603|67.312:64.550|59.712:60.698|59.582:56.509|89.349:87.839|89.420:90.496|58.344:80.185|50.923:68.237|30.336:76.944|27.229:83.403|32.830:88.986|23.657:92.783|11.957:76.409|14.155:69.498|28.244:48.665|8.000:8.000,0-31-27-16-15-6-9-4-21-10-5-28-3-12-29-2-32-17-13-11-20-8-0,0.0018664780072867
95,calm,sparse,FairRiskAwareGreedy,32,16,0.5,0.6363636363636364,0.6363636363636364,True,42.0,66.0,1098.6846023689002,1122.1556687953853,101.3153976310997,21.3153976310997,False,124.22783232353947,True,False,0.0129529835235681,0.0007651615892828,2.0,False,1.0,8.000:8.000|8.298:17.589|18.377:50.736|11.249:58.551|15.885:72.852|34.021:70.680|37.801:87.231|67.312:64.550|59.712:60.698|59.582:56.509|83.080:20.603|89.349:87.839|45.550:73.603|30.336:76.944|27.229:83.403|32.830:88.986|27.550:43.267|8.000:8.000,0-31-27-16-15-6-9-21-10-5-7-28-4-2-32-17-26-0,0.0027491559740155
95,calm,sparse,FairALNSPlanner,32,23,0.71875,0.8181818181818182,0.8181818181818182,True,54.0,66.0,1060.0786793625357,1136.8313607394416,139.9213206374644,59.92132063746439,False,131.7667360740369,True,False,0.0115302166190871,0.0004811023114459,2.0,False,1.0,8.000:8.000|18.377:50.736|34.021:70.680|45.550:73.603|50.923:68.237|59.712:60.698|59.582:56.509|67.312:64.550|72.306:63.369|79.064:57.843|83.080:20.603|88.046:26.284|89.349:87.839|89.420:90.496|58.344:80.185|37.801:87.231|32.830:88.986|27.229:83.403|30.336:76.944|11.957:76.409|15.885:72.852|14.155:69.498|11.249:58.551|8.298:17.589|8.000:8.000,0-27-6-4-29-10-5-21-1-18-7-25-28-3-12-9-17-32-2-11-15-20-16-31-0,13.032053237082437
95,calm,sparse,RAWA-RHP,32,27,0.84375,0.8712121212121212,0.8712121212121212,True,57.5,66.0,1023.433936032047,1095.8331917425326,176.56606396795314,96.56606396795314,False,134.30001237671453,True,False,0.0066735096193225,0.0002387372011488,2.0,False,1.0,8.000:8.000|8.298:17.589|27.550:43.267|28.244:48.665|23.784:54.285|18.377:50.736|11.249:58.551|14.155:69.498|15.885:72.852|11.957:76.409|34.021:70.680|45.550:73.603|37.801:87.231|32.830:88.986|27.229:83.403|30.336:76.944|50.923:68.237|49.161:73.575|58.344:80.185|89.420:90.496|89.349:87.839|79.064:57.843|72.306:63.369|67.312:64.550|59.712:60.698|59.582:56.509|64.245:44.720|27.273:16.916|8.000:8.000,0-31-26-8-23-27-16-20-15-11-6-4-9-17-32-2-29-22-12-3-28-18-1-21-10-5-24-19-0,37.50525887683034
93,moderate,sparse,NearestNeighbor,32,30,0.9375,0.9469026548672568,0.0,False,53.5,56.5,1464.5487371633328,1479.880013575849,-264.548737163333,-344.548737163333,True,140.95743297830109,False,True,0.1723902484813213,0.0059766516780886,2.0,True,1.0,8.000:8.000|27.632:18.996|48.420:15.891|47.484:8.599|56.120:9.776|52.277:26.067|57.854:28.727|66.755:28.569|79.974:30.776|82.689:30.366|90.522:33.102|88.272:37.662|81.350:43.516|75.909:40.184|72.349:41.565|77.039:53.130|72.213:59.182|68.931:59.239|80.370:65.251|83.323:64.976|93.197:60.756|94.166:68.640|90.977:74.526|58.384:75.610|57.305:86.034|40.826:77.403|31.950:74.023|27.905:67.019|28.125:63.065|18.620:69.483|11.719:61.212|8.000:8.000,0-30-27-9-25-11-3-2-29-17-15-20-18-1-24-12-22-31-28-13-32-10-7-21-19-16-6-8-23-14-5-0,0.0029038651846349
93,moderate,sparse,ValuePerDistance,32,27,0.84375,0.8938053097345132,0.0,False,50.5,56.5,1494.62022864094,1496.947335571922,-294.6202286409395,-374.6202286409395,True,135.59228703022674,False,True,0.1553162371730244,0.0058839394182345,2.0,True,1.0,8.000:8.000|47.484:8.599|48.420:15.891|57.854:28.727|66.755:28.569|72.349:41.565|75.909:40.184|81.350:43.516|88.272:37.662|90.522:33.102|82.689:30.366|79.974:30.776|76.377:12.186|77.039:53.130|72.213:59.182|68.931:59.239|80.370:65.251|83.323:64.976|93.197:60.756|94.166:68.640|90.977:74.526|58.384:75.610|40.826:77.403|31.950:74.023|27.905:67.019|28.125:63.065|18.620:69.483|11.719:61.212|8.000:8.000,0-9-27-3-2-24-1-18-20-15-17-29-4-12-22-31-28-13-32-10-7-21-16-6-8-23-14-5-0,0.0016803098842501
93,moderate,sparse,WindAwareGreedy,32,18,0.5625,0.6991150442477876,0.0,False,39.5,56.5,1455.7188829807696,1460.0623016603647,-255.71888298076948,-335.7188829807695,True,122.40786532733628,False,True,0.0341968981910336,0.0018191457729141,2.0,True,1.0,8.000:8.000|47.484:8.599|57.854:28.727|66.755:28.569|72.349:41.565|80.370:65.251|72.213:59.182|40.826:77.403|31.950:74.023|27.905:67.019|28.125:63.065|18.620:69.483|58.384:75.610|57.305:86.034|77.039:53.130|88.272:37.662|90.522:33.102|81.350:43.516|75.909:40.184|8.000:8.000,0-9-3-2-24-28-22-16-6-8-23-14-21-19-12-20-15-18-1-0,0.0014574660453945
93,moderate,sparse,ReserveOnlyPlanner,32,15,0.46875,0.5575221238938053,0.5575221238938053,True,31.5,56.5,1073.2612383998933,1152.7381241243293,126.7387616001069,46.7387616001069,False,94.05113783709533,True,False,0.2001832357405029,0.0135176097108817,2.0,False,1.0,8.000:8.000|27.632:18.996|47.484:8.599|57.854:28.727|66.755:28.569|72.349:41.565|80.370:65.251|72.213:59.182|58.384:75.610|40.826:77.403|31.950:74.023|27.905:67.019|28.125:63.065|18.620:69.483|11.719:61.212|36.244:56.660|8.000:8.000,0-30-9-3-2-24-28-22-21-16-6-8-23-14-5-26-0,0.0020071528851985
93,moderate,sparse,FairRiskAwareGreedy,32,15,0.46875,0.5929203539823009,0.5929203539823009,True,33.5,56.5,1062.7870756786726,1101.6876439047717,137.21292432132773,57.21292432132773,False,114.87829787207612,True,False,0.0008532992873756,5.334811604937317e-05,2.8284271247461903,False,1.0,8.000:8.000|47.484:8.599|57.854:28.727|66.755:28.569|72.349:41.565|76.377:12.186|90.522:33.102|88.272:37.662|80.370:65.251|31.950:74.023|27.905:67.019|28.125:63.065|40.826:77.403|27.632:18.996|48.420:15.891|52.277:26.067|8.000:8.000,0-9-3-2-24-4-15-20-28-6-8-23-16-30-27-11-0,0.002582182874903
93,moderate,sparse,FairALNSPlanner,32,21,0.65625,0.7699115044247787,0.7699115044247787,True,43.5,56.5,1016.961980576694,1137.452227147838,183.03801942330625,103.03801942330624,False,121.34492434695352,True,False,0.0002813563160981,1.2789153055788164e-05,2.8284271247461903,False,1.0,8.000:8.000|47.484:8.599|48.420:15.891|52.277:26.067|57.854:28.727|66.755:28.569|76.377:12.186|72.349:41.565|75.909:40.184|81.350:43.516|88.272:37.662|90.522:33.102|77.039:53.130|80.370:65.251|57.305:86.034|58.384:75.610|18.620:69.483|31.950:74.023|40.826:77.403|27.905:67.019|28.125:63.065|27.632:18.996|8.000:8.000,0-9-27-11-3-2-4-24-1-18-20-15-12-28-19-21-14-6-16-8-23-30-0,13.39128633402288
93,moderate,sparse,RAWA-RHP,32,27,0.84375,0.8938053097345132,0.8938053097345132,True,50.5,56.5,1032.6747070111803,1164.6227643852358,167.32529298881946,87.32529298881946,False,131.0244668765955,True,False,0.0927182708063645,0.0033985302148329,2.0,False,1.0,8.000:8.000|27.632:18.996|28.125:63.065|27.905:67.019|18.620:69.483|31.950:74.023|40.826:77.403|58.384:75.610|57.305:86.034|80.370:65.251|83.323:64.976|68.931:59.239|72.213:59.182|77.039:53.130|72.349:41.565|75.909:40.184|81.350:43.516|88.272:37.662|90.522:33.102|82.689:30.366|79.974:30.776|76.377:12.186|66.755:28.569|57.854:28.727|52.277:26.067|48.420:15.891|56.120:9.776|47.484:8.599|8.000:8.000,0-30-23-8-14-6-16-21-19-28-13-31-22-12-24-1-18-20-15-17-29-4-2-3-11-27-25-9-0,88.8148791580461
95,calm,cluttered,NearestNeighbor,32,31,0.96875,0.976,0.0,False,61.0,62.5,1455.925901686353,1456.3562839640845,-255.9259016863525,-335.92590168635246,True,170.6077490091617,False,True,0.0320493815100864,0.001015567713958,2.0,True,1.0,8.000:8.000|22.912:35.645|28.482:40.838|31.753:31.406|48.612:28.385|46.677:22.007|57.812:15.130|60.781:13.932|74.230:11.344|81.919:25.430|88.575:26.785|87.826:47.918|95.096:57.497|80.034:63.547|78.276:60.257|61.488:62.240|60.084:66.799|61.140:52.406|58.745:51.908|53.488:46.932|51.049:39.025|42.617:51.342|43.916:64.780|30.879:62.666|24.503:61.182|27.477:71.271|21.678:77.212|20.180:81.281|22.981:83.596|30.623:81.266|10.478:88.035|60.184:83.803|8.000:8.000,0-28-32-8-15-23-31-4-6-18-22-26-9-29-17-21-30-1-11-5-24-20-25-16-14-3-27-2-10-13-12-19-0,0.0021244562231004
95,calm,cluttered,ValuePerDistance,32,28,0.875,0.912,0.0,False,57.0,62.5,1521.197822968125,1516.1736262049303,-321.1978229681253,-401.1978229681253,True,171.8282946598175,False,True,0.0280803285204718,0.0009783865850802,2.0,True,1.0,8.000:8.000|22.912:35.645|28.482:40.838|31.753:31.406|30.879:62.666|24.503:61.182|27.477:71.271|21.678:77.212|20.180:81.281|22.981:83.596|30.623:81.266|43.916:64.780|61.488:62.240|60.084:66.799|87.826:47.918|88.575:26.785|81.919:25.430|60.781:13.932|57.812:15.130|74.230:11.344|42.617:51.342|51.049:39.025|53.488:46.932|58.745:51.908|61.140:52.406|78.276:60.257|80.034:63.547|60.184:83.803|76.861:91.367|8.000:8.000,0-28-32-8-16-14-3-27-2-10-13-25-21-30-26-22-18-4-31-6-20-24-5-11-1-17-29-19-7-0,0.0016462870407849
95,calm,cluttered,WindAwareGreedy,32,22,0.6875,0.824,0.0,False,51.5,62.5,1473.3119759090555,1477.4390308863049,-273.3119759090556,-353.3119759090556,True,158.33378549472314,False,True,0.0135902582018909,0.000593399665363,2.0,True,1.0,8.000:8.000|22.912:35.645|31.753:31.406|28.482:40.838|24.503:61.182|30.879:62.666|27.477:71.271|43.916:64.780|61.488:62.240|87.826:47.918|60.781:13.932|57.812:15.130|74.230:11.344|88.575:26.785|81.919:25.430|42.617:51.342|21.678:77.212|20.180:81.281|10.478:88.035|22.981:83.596|30.623:81.266|60.184:83.803|76.861:91.367|8.000:8.000,0-28-8-32-14-16-3-25-21-26-4-31-6-22-18-20-27-2-12-10-13-19-7-0,0.0016256500966846
95,calm,cluttered,ReserveOnlyPlanner,32,18,0.5625,0.68,0.68,True,42.5,62.5,1103.2295967833895,1136.473927950236,96.7704032166102,16.77040321661019,False,120.60899434440915,True,False,0.0122928901437475,0.0006489928263222,2.0,False,1.0,8.000:8.000|22.912:35.645|31.753:31.406|28.482:40.838|30.879:62.666|24.503:61.182|27.477:71.271|43.916:64.780|61.488:62.240|87.826:47.918|88.575:26.785|60.781:13.932|57.812:15.130|74.230:11.344|81.919:25.430|78.276:60.257|80.034:63.547|42.617:51.342|51.049:39.025|8.000:8.000,0-28-8-32-16-14-3-25-21-26-22-4-31-6-18-17-29-20-24-0,0.0015735269989818
95,calm,cluttered,FairRiskAwareGreedy,32,16,0.5,0.648,0.648,True,40.5,62.5,1086.2338147823464,1112.5471870805234,113.76618521765394,33.76618521765394,False,124.47691050840449,True,False,0.010744712767143,0.0006346407282601,2.0,False,1.0,8.000:8.000|60.781:13.932|57.812:15.130|31.753:31.406|22.912:35.645|30.879:62.666|24.503:61.182|27.477:71.271|43.916:64.780|61.488:62.240|87.826:47.918|28.482:40.838|42.617:51.342|21.678:77.212|20.180:81.281|10.478:88.035|22.981:83.596|8.000:8.000,0-4-31-8-28-16-14-3-25-21-26-32-20-27-2-12-10-0,0.0026707069482654
95,calm,cluttered,FairALNSPlanner,32,24,0.75,0.856,0.856,True,53.5,62.5,1040.3347387610502,1119.658108271798,159.66526123894985,79.66526123894985,False,131.137567505278,True,False,0.0161712225162932,0.0006513281910309,2.0,False,1.0,8.000:8.000|57.812:15.130|60.781:13.932|74.230:11.344|81.919:25.430|88.575:26.785|87.826:47.918|78.276:60.257|80.034:63.547|61.488:62.240|60.084:66.799|42.617:51.342|43.916:64.780|60.184:83.803|30.623:81.266|22.981:83.596|10.478:88.035|20.180:81.281|21.678:77.212|27.477:71.271|24.503:61.182|30.879:62.666|28.482:40.838|31.753:31.406|22.912:35.645|8.000:8.000,0-31-4-6-18-22-26-17-29-21-30-20-25-19-13-10-12-2-27-3-14-16-32-8-28-0,15.08295855508186
95,calm,cluttered,RAWA-RHP,32,27,0.84375,0.872,0.872,True,54.5,62.5,1065.9284733857105,1146.910620918828,134.0715266142894,54.07152661428941,False,136.9192838710379,True,False,0.0230202410241384,0.0008295590439855,2.0,False,1.0,8.000:8.000|22.912:35.645|28.482:40.838|31.753:31.406|48.612:28.385|57.812:15.130|60.781:13.932|74.230:11.344|81.919:25.430|88.575:26.785|87.826:47.918|78.276:60.257|80.034:63.547|61.488:62.240|60.084:66.799|43.916:64.780|30.623:81.266|22.981:83.596|20.180:81.281|21.678:77.212|27.477:71.271|24.503:61.182|30.879:62.666|42.617:51.342|58.745:51.908|61.140:52.406|53.488:46.932|51.049:39.025|8.000:8.000,0-28-32-8-15-31-4-6-18-22-26-17-29-21-30-25-13-10-2-27-3-14-16-20-11-1-5-24-0,33.88462070515379
94,calm,sparse,NearestNeighbor,32,32,1.0,1.0,0.0,False,62.5,62.5,1257.2591305897474,1267.3406688198938,-57.259130589747656,-137.25913058974766,True,155.20346281473255,False,True,0.0095242518069843,0.0002894260195927,2.0,True,1.0,8.000:8.000|20.912:21.851|28.546:34.951|30.207:38.049|29.726:46.563|24.662:51.662|40.032:55.384|38.034:59.829|29.049:70.151|42.570:77.194|45.921:76.445|47.707:79.390|53.372:77.298|53.722:83.462|52.702:86.588|52.324:89.726|46.083:94.388|38.660:83.628|57.465:56.540|63.266:50.302|66.539:50.923|70.932:49.871|79.803:59.644|66.466:68.291|48.001:41.000|56.146:36.123|49.612:16.829|55.964:12.703|59.679:10.895|71.269:15.615|74.377:14.791|80.269:22.886|82.448:32.620|8.000:8.000,0-22-5-1-25-28-32-14-11-9-21-2-23-6-29-4-10-12-15-8-31-27-17-3-26-7-24-13-19-20-16-30-18-0,0.0021092928946018
94,calm,sparse,ValuePerDistance,32,30,0.9375,0.968,0.0,False,60.5,62.5,1294.6399014279552,1294.1839084636083,-94.63990142795554,-174.63990142795552,True,155.85167178958918,False,True,0.0179124727627777,0.0005819974999842,2.0,True,1.0,8.000:8.000|20.912:21.851|28.546:34.951|30.207:38.049|24.662:51.662|40.032:55.384|38.034:59.829|57.465:56.540|63.266:50.302|66.539:50.923|70.932:49.871|79.803:59.644|53.722:83.462|47.707:79.390|45.921:76.445|42.570:77.194|38.660:83.628|53.372:77.298|52.324:89.726|52.702:86.588|46.083:94.388|48.001:41.000|49.612:16.829|55.964:12.703|59.679:10.895|71.269:15.615|74.377:14.791|80.269:22.886|82.448:32.620|56.146:36.123|29.726:46.563|8.000:8.000,0-22-5-1-28-32-14-15-8-31-27-17-6-2-21-9-12-23-4-29-10-26-24-13-19-20-16-30-18-7-25-0,0.0016369309742003
94,calm,sparse,WindAwareGreedy,32,24,0.75,0.864,0.0,False,54.0,62.5,1427.965019944197,1428.8207269340014,-227.96501994419677,-307.96501994419674,True,159.93556646222856,False,True,0.0173923362966894,0.0007002070112889,2.0,True,1.0,8.000:8.000|49.612:16.829|55.964:12.703|59.679:10.895|71.269:15.615|74.377:14.791|57.465:56.540|63.266:50.302|48.001:41.000|40.032:55.384|24.662:51.662|28.546:34.951|30.207:38.049|20.912:21.851|47.707:79.390|53.722:83.462|53.372:77.298|45.921:76.445|42.570:77.194|52.324:89.726|79.803:59.644|66.539:50.923|70.932:49.871|38.034:59.829|38.660:83.628|8.000:8.000,0-24-13-19-20-16-15-8-26-32-28-5-1-22-2-6-23-21-9-4-17-31-27-14-12-0,0.0017117320094257
94,calm,sparse,ReserveOnlyPlanner,32,24,0.75,0.864,0.864,True,54.0,62.5,1062.7387883566375,1096.9085300964252,137.26121164336246,57.26121164336246,False,126.42345253906151,True,False,0.0133542680394173,0.0005367161188528,2.0,False,1.0,8.000:8.000|20.912:21.851|28.546:34.951|30.207:38.049|24.662:51.662|40.032:55.384|57.465:56.540|63.266:50.302|66.539:50.923|79.803:59.644|53.722:83.462|47.707:79.390|45.921:76.445|42.570:77.194|53.372:77.298|52.324:89.726|46.083:94.388|38.660:83.628|38.034:59.829|48.001:41.000|49.612:16.829|55.964:12.703|59.679:10.895|71.269:15.615|74.377:14.791|8.000:8.000,0-22-5-1-28-32-15-8-31-17-6-2-21-9-23-4-10-12-14-26-24-13-19-20-16-0,0.0018514010589569
94,calm,sparse,FairRiskAwareGreedy,32,19,0.59375,0.712,0.712,True,44.5,62.5,1088.465226854438,1115.9181138383844,111.53477314556196,31.53477314556196,False,129.11350900372025,True,False,0.0057123139233015,0.0002856159936867,2.0,False,1.0,8.000:8.000|49.612:16.829|55.964:12.703|59.679:10.895|71.269:15.615|57.465:56.540|40.032:55.384|28.546:34.951|24.662:51.662|48.001:41.000|63.266:50.302|79.803:59.644|47.707:79.390|53.722:83.462|53.372:77.298|45.921:76.445|42.570:77.194|20.912:21.851|30.207:38.049|29.726:46.563|8.000:8.000,0-24-13-19-20-15-32-5-28-26-8-17-2-6-23-21-9-22-1-25-0,0.0030177610460668
94,calm,sparse,FairALNSPlanner,32,32,1.0,1.0,1.0,True,62.5,62.5,1036.976507797074,1126.583434609951,163.0234922029262,83.0234922029262,False,142.36456386521073,True,False,0.0115555991958273,0.0003515387405881,2.0,False,1.0,8.000:8.000|20.912:21.851|28.546:34.951|30.207:38.049|29.726:46.563|24.662:51.662|40.032:55.384|38.034:59.829|29.049:70.151|38.660:83.628|42.570:77.194|45.921:76.445|47.707:79.390|46.083:94.388|52.324:89.726|52.702:86.588|53.722:83.462|53.372:77.298|66.466:68.291|79.803:59.644|70.932:49.871|66.539:50.923|63.266:50.302|57.465:56.540|48.001:41.000|56.146:36.123|82.448:32.620|80.269:22.886|74.377:14.791|71.269:15.615|59.679:10.895|55.964:12.703|49.612:16.829|8.000:8.000,0-22-5-1-25-28-32-14-11-12-9-21-2-10-4-29-6-23-3-17-27-31-8-15-26-7-18-30-16-20-19-13-24-0,19.13556401291862
94,calm,sparse,RAWA-RHP,32,32,1.0,1.0,1.0,True,62.5,62.5,1058.8919757672318,1151.6951981012123,141.10802423276834,61.10802423276834,False,146.85381888408125,True,False,0.0045491042337857,0.0001380061551367,2.0,False,1.0,8.000:8.000|49.612:16.829|55.964:12.703|59.679:10.895|71.269:15.615|74.377:14.791|80.269:22.886|82.448:32.620|79.803:59.644|70.932:49.871|66.539:50.923|63.266:50.302|57.465:56.540|66.466:68.291|53.722:83.462|52.702:86.588|52.324:89.726|46.083:94.388|53.372:77.298|47.707:79.390|45.921:76.445|42.570:77.194|38.660:83.628|29.049:70.151|38.034:59.829|40.032:55.384|56.146:36.123|48.001:41.000|29.726:46.563|24.662:51.662|30.207:38.049|28.546:34.951|20.912:21.851|8.000:8.000,0-24-13-19-20-16-30-18-17-27-31-8-15-3-6-29-4-10-23-2-21-9-12-11-14-32-7-26-25-28-1-5-22-0,72.39883594401181
95,severe,sparse,NearestNeighbor,32,20,0.625,0.6290322580645161,0.0,False,39.0,62.0,1818.819862301792,1859.8449666614956,-618.819862301792,-698.819862301792,True,117.47130513032982,False,True,0.2845039578243217,0.0151960258115237,2.0,True,1.0,8.000:8.000|38.489:11.260|34.125:24.835|39.253:30.085|41.729:28.240|45.482:23.077|48.301:35.817|45.864:39.854|37.234:45.269|13.910:64.028|20.467:74.527|19.888:78.906|10.927:83.183|17.273:94.346|20.375:95.678|25.408:91.171|31.965:80.874|43.417:79.256|44.476:76.044|69.121:92.797|84.365:88.261|8.000:8.000,0-3-29-18-20-23-31-16-28-27-25-5-17-19-12-8-24-32-6-2-13-0,0.0018136301077902
95,severe,sparse,ValuePerDistance,32,18,0.5625,0.6290322580645161,0.0,False,39.0,62.0,1809.6108643757923,1750.0490005120414,-609.6108643757921,-689.6108643757921,True,112.57283406511289,False,True,0.2702954575196926,0.0159534243631554,2.0,True,1.0,8.000:8.000|34.125:24.835|39.253:30.085|41.729:28.240|48.301:35.817|45.864:39.854|37.234:45.269|13.910:64.028|19.888:78.906|20.467:74.527|25.408:91.171|20.375:95.678|17.273:94.346|43.417:79.256|44.476:76.044|31.965:80.874|82.984:51.811|82.193:48.818|86.618:48.957|8.000:8.000,0-29-18-20-31-16-28-27-5-25-8-12-19-32-6-24-10-4-15-0,0.0012641630601137
95,severe,sparse,WindAwareGreedy,32,14,0.4375,0.4677419354838709,0.0,False,29.0,62.0,1989.185569593432,1916.7263609791976,-789.1855695934316,-869.1855695934316,True,112.7681303883726,False,True,0.2079076103784428,0.0150387335045642,2.0,True,1.0,8.000:8.000|48.301:35.817|45.864:39.854|37.234:45.269|13.910:64.028|25.408:91.171|20.375:95.678|17.273:94.346|43.417:79.256|44.476:76.044|19.888:78.906|31.965:80.874|20.467:74.527|10.927:83.183|69.121:92.797|8.000:8.000,0-31-16-28-27-8-12-19-32-6-5-24-25-17-2-0,0.0012185929808765
95,severe,sparse,ReserveOnlyPlanner,32,10,0.3125,0.3709677419354839,0.3709677419354839,True,23.0,62.0,1072.1306785874635,1180.598181486616,127.86932141253668,47.86932141253669,False,68.07584988596817,True,False,0.1157029379622303,0.0106426749300939,2.0,False,1.0,8.000:8.000|34.125:24.835|48.301:35.817|45.864:39.854|37.234:45.269|13.910:64.028|25.408:91.171|20.375:95.678|17.273:94.346|19.888:78.906|20.467:74.527|8.000:8.000,0-29-31-16-28-27-8-12-19-5-25-0,0.0010141960810869
95,severe,sparse,FairRiskAwareGreedy,32,11,0.34375,0.4032258064516129,0.4032258064516129,True,25.0,62.0,1067.4577621813448,1117.366855465703,132.5422378186551,52.54223781865511,False,100.90309346340692,True,False,0.0002355607048536,1.963165305241913e-05,2.8284271247461903,False,1.0,8.000:8.000|48.301:35.817|37.234:45.269|13.910:64.028|25.408:91.171|43.417:79.256|82.984:51.811|34.125:24.835|39.253:30.085|41.729:28.240|78.096:11.675|38.489:11.260|8.000:8.000,0-31-28-27-8-32-10-29-18-20-30-3-0,0.001539102056995
95,severe,sparse,FairALNSPlanner,32,16,0.5,0.5725806451612904,0.5725806451612904,True,35.5,62.0,1014.4488201827044,1181.3781154127562,185.5511798172956,105.55117981729558,False,103.84113710096692,True,False,0.0433704374715202,0.0025737525795348,2.0,False,1.0,8.000:8.000|37.234:45.269|13.910:64.028|20.467:74.527|19.888:78.906|31.965:80.874|17.273:94.346|20.375:95.678|25.408:91.171|43.417:79.256|44.476:76.044|92.218:46.847|92.156:43.917|82.984:51.811|45.864:39.854|48.301:35.817|45.482:23.077|8.000:8.000,0-28-27-25-5-24-19-12-8-32-6-7-22-10-16-31-23-0,7.30072733387351
95,severe,sparse,RAWA-RHP,32,23,0.71875,0.782258064516129,0.782258064516129,True,48.5,62.0,1041.774475513747,1271.6787781487774,158.22552448625356,78.22552448625356,False,117.81292587581336,True,False,0.1084547838791246,0.0047347134701366,2.0,False,1.0,8.000:8.000|13.910:64.028|19.888:78.906|25.408:91.171|20.375:95.678|17.273:94.346|43.417:79.256|44.476:76.044|82.193:48.818|82.984:51.811|86.618:48.957|92.218:46.847|92.156:43.917|90.855:38.351|87.424:34.492|85.676:32.374|71.058:32.207|37.234:45.269|45.864:39.854|48.301:35.817|45.482:23.077|41.729:28.240|39.253:30.085|34.125:24.835|8.000:8.000,0-27-5-8-12-19-32-6-4-10-15-7-22-11-14-21-26-28-16-31-23-20-18-29-0,34.40250894194469
95,severe,cluttered,NearestNeighbor,32,23,0.71875,0.7368421052631579,0.0,False,42.0,57.0,2183.540178512329,2141.4424510717795,-983.54017851233,-1063.54017851233,True,133.99291174984037,False,True,0.2826962328159512,0.0127927706959766,2.0,True,1.0,8.000:8.000|11.436:18.801|22.390:23.788|26.472:20.600|27.032:29.522|27.572:31.916|40.585:19.504|41.587:15.313|51.503:26.885|54.444:29.535|63.117:31.479|64.722:20.641|56.345:41.636|51.056:45.636|50.801:52.138|43.396:47.530|50.017:65.198|46.009:71.968|28.931:74.362|30.154:80.571|75.290:82.253|79.559:92.722|74.204:98.109|87.302:90.637|8.000:8.000,0-2-12-14-13-16-29-5-19-30-20-26-7-9-22-10-28-23-32-21-6-8-31-15-0,0.0019376422278583
95,severe,cluttered,ValuePerDistance,32,23,0.71875,0.7719298245614035,0.0,False,44.0,57.0,2116.9441395529266,2144.205900025855,-916.9441395529268,-996.9441395529268,True,130.68403589060276,False,True,0.3406184458016815,0.0167691721356865,2.0,True,1.0,8.000:8.000|26.472:20.600|22.390:23.788|27.032:29.522|27.572:31.916|41.587:15.313|40.585:19.504|51.503:26.885|54.444:29.535|56.345:41.636|51.056:45.636|43.396:47.530|50.801:52.138|46.009:71.968|50.017:65.198|75.024:64.141|70.552:62.990|76.899:58.146|84.436:48.431|81.746:51.310|75.610:40.547|91.476:76.517|79.559:92.722|74.204:98.109|8.000:8.000,0-14-12-13-16-5-29-19-30-7-9-10-22-23-28-1-24-4-17-27-11-18-8-31-0,0.0014525039587169
95,severe,cluttered,WindAwareGreedy,32,16,0.5,0.6228070175438597,0.0,False,35.5,57.0,1857.4724884633915,1853.1161687515191,-657.4724884633914,-737.4724884633914,True,109.49161266490589,False,True,0.4568155500834215,0.0342171674015616,2.0,True,1.0,8.000:8.000|26.472:20.600|27.032:29.522|27.572:31.916|22.390:23.788|41.587:15.313|51.503:26.885|54.444:29.535|56.345:41.636|51.056:45.636|46.009:71.968|28.931:74.362|30.154:80.571|79.559:92.722|91.476:76.517|75.290:82.253|75.024:64.141|8.000:8.000,0-14-13-16-12-5-19-30-7-9-23-32-21-8-18-6-1-0,0.0013269030023366
95,severe,cluttered,ReserveOnlyPlanner,32,12,0.375,0.4473684210526316,0.4473684210526316,True,25.5,57.0,1048.1428949614271,1162.4578161135698,151.8571050385728,71.8571050385728,False,71.60714869987314,True,False,0.192052823512523,0.0158219369587297,2.0,False,1.0,8.000:8.000|26.472:20.600|27.032:29.522|27.572:31.916|22.390:23.788|41.587:15.313|51.503:26.885|54.444:29.535|56.345:41.636|51.056:45.636|46.009:71.968|28.931:74.362|11.436:18.801|8.000:8.000,0-14-13-16-12-5-19-30-7-9-23-32-2-0,0.0011278209276497
95,severe,cluttered,FairRiskAwareGreedy,32,12,0.375,0.3947368421052631,0.3947368421052631,True,22.5,57.0,1088.8498646493608,1166.8033540524882,111.15013535063906,31.15013535063906,False,106.7505982552155,True,False,0.0001912760342906,1.4713950302024636e-05,2.8284271247461903,False,1.0,8.000:8.000|26.472:20.600|27.032:29.522|27.572:31.916|41.587:15.313|22.390:23.788|11.436:18.801|46.009:71.968|43.396:47.530|28.931:74.362|64.722:20.641|50.801:52.138|50.017:65.198|8.000:8.000,0-14-13-16-5-12-2-23-10-32-26-22-28-0,0.0015978871379047
95,severe,cluttered,FairALNSPlanner,32,20,0.625,0.6491228070175439,0.6491228070175439,True,37.0,57.0,1035.5020645122995,1240.4391293261128,164.4979354877002,84.4979354877002,False,113.85404778599715,True,False,0.0440459104692257,0.0021230691405297,2.0,False,1.0,8.000:8.000|22.390:23.788|26.472:20.600|27.572:31.916|46.009:71.968|43.396:47.530|51.056:45.636|56.345:41.636|75.610:40.547|84.436:48.431|81.746:51.310|76.899:58.146|91.476:76.517|88.187:59.884|75.024:64.141|70.552:62.990|50.801:52.138|27.032:29.522|41.587:15.313|40.585:19.504|11.436:18.801|8.000:8.000,0-12-14-16-23-10-9-7-11-17-27-4-18-3-1-24-22-13-5-29-2-0,8.112309433054179
95,severe,cluttered,RAWA-RHP,32,24,0.75,0.7368421052631579,0.7368421052631579,True,42.0,57.0,1021.4761201525034,1223.0461414157105,178.52387984749654,98.52387984749654,False,116.69954709353937,True,False,0.0647331587713879,0.0026167661152688,2.0,False,1.0,8.000:8.000|64.722:20.641|51.503:26.885|54.444:29.535|63.117:31.479|75.610:40.547|84.436:48.431|81.746:51.310|88.187:59.884|76.899:58.146|75.024:64.141|70.552:62.990|56.345:41.636|51.056:45.636|50.801:52.138|50.017:65.198|46.009:71.968|43.396:47.530|27.572:31.916|27.032:29.522|41.587:15.313|40.585:19.504|26.472:20.600|22.390:23.788|11.436:18.801|8.000:8.000,0-26-19-30-20-11-17-27-3-4-1-24-7-9-22-28-23-10-16-13-5-29-14-12-2-0,37.34340553404763
96,severe,cluttered,NearestNeighbor,32,12,0.375,0.3902439024390244,0.0,False,24.0,61.5,1351.5118119406447,1365.8846120872945,-151.51181194064463,-231.51181194064463,True,68.69365899654328,False,True,0.1512122775175324,0.0121103650295844,2.0,True,1.0,8.000:8.000|40.616:20.821|42.502:19.197|35.107:28.566|34.696:30.818|31.358:37.657|31.768:42.333|22.096:49.995|32.164:56.895|39.626:51.928|53.664:55.429|47.700:64.676|35.273:72.399|8.000:8.000,0-26-8-22-5-24-27-7-14-6-21-3-1-0,0.0012015271931886
96,severe,cluttered,ValuePerDistance,32,12,0.375,0.4308943089430894,0.4308943089430894,True,26.5,61.5,1184.6223230724693,1206.5299094609968,15.3776769275307,-64.6223230724693,True,66.09048156775398,True,False,0.1371323122038393,0.0110823657899254,2.0,False,1.0,8.000:8.000|35.107:28.566|34.696:30.818|40.616:20.821|42.502:19.197|49.829:29.042|56.793:24.386|53.138:40.929|53.048:36.015|39.626:51.928|31.768:42.333|31.358:37.657|22.096:49.995|8.000:8.000,0-22-5-26-8-28-23-19-20-6-27-24-7-0,0.0009393240325152
96,severe,cluttered,WindAwareGreedy,32,11,0.34375,0.4065040650406504,0.4065040650406504,True,25.0,61.5,1197.1768775896928,1180.7850527898568,2.823122410307107,-77.1768775896929,True,63.64857356355365,True,False,0.3164949450315224,0.0302468028817089,2.0,False,1.0,8.000:8.000|35.107:28.566|34.696:30.818|40.616:20.821|42.502:19.197|49.829:29.042|56.793:24.386|53.138:40.929|39.626:51.928|31.768:42.333|22.096:49.995|31.358:37.657|8.000:8.000,0-22-5-26-8-28-23-19-6-27-7-24-0,0.0009809948969632
96,severe,cluttered,ReserveOnlyPlanner,32,10,0.3125,0.3739837398373983,0.3739837398373983,True,23.0,61.5,1054.7494338561633,1140.823650732039,145.2505661438367,65.25056614383669,False,56.64241641544025,True,False,0.2522341746828592,0.0251297135422983,2.0,False,1.0,8.000:8.000|35.107:28.566|34.696:30.818|40.616:20.821|42.502:19.197|49.829:29.042|56.793:24.386|53.138:40.929|39.626:51.928|31.768:42.333|31.358:37.657|8.000:8.000,0-22-5-26-8-28-23-19-6-27-24-0,0.0009772761259227
96,severe,cluttered,FairRiskAwareGreedy,32,12,0.375,0.4552845528455284,0.4552845528455284,True,28.0,61.5,1090.8096662068704,1138.765147414401,109.19033379312964,29.19033379312964,False,94.88193840633252,True,False,0.0017710524203506,0.0001363332336733,2.8284271247461903,False,1.0,8.000:8.000|35.107:28.566|34.696:30.818|40.616:20.821|39.626:51.928|53.138:40.929|49.829:29.042|53.048:36.015|35.273:72.399|21.130:74.007|22.096:49.995|70.962:58.788|53.664:55.429|8.000:8.000,0-22-5-26-6-19-28-20-1-11-7-17-21-0,0.0017136938404291
96,severe,cluttered,FairALNSPlanner,32,1,0.03125,0.040650406504065,0.040650406504065,True,2.5,61.5,342.9106287531091,398.0885194786793,857.0893712468909,777.0893712468909,False,25.114295725380664,True,False,0.0003005076688924,0.0001502651242499,2.8284271247461903,False,1.0,8.000:8.000|56.793:24.386|8.000:8.000,0-23-0,1.0562405830714852
96,severe,cluttered,RAWA-RHP,32,18,0.5625,0.6016260162601627,0.6016260162601627,True,37.0,61.5,981.2762901195356,1136.5467966850606,218.7237098804644,138.72370988046436,False,96.10422476849644,True,False,0.0472473727275361,0.0025082301808675,2.0,False,1.0,8.000:8.000|56.793:24.386|49.829:29.042|53.048:36.015|53.138:40.929|53.664:55.429|39.626:51.928|47.700:64.676|44.835:82.983|35.273:72.399|21.130:74.007|32.164:56.895|22.096:49.995|31.358:37.657|31.768:42.333|34.696:30.818|35.107:28.566|40.616:20.821|42.502:19.197|8.000:8.000,0-23-28-20-19-21-6-3-16-1-11-14-7-24-27-5-22-26-8-0,19.762507937848568
92,moderate,sparse,NearestNeighbor,32,21,0.65625,0.6507936507936508,0.0,False,41.0,63.0,1334.553649326537,1338.8424823089344,-134.55364932653683,-214.55364932653683,True,107.45039526459576,False,True,0.0854522188394951,0.0039270321311553,2.0,True,1.0,8.000:8.000|17.744:19.258|20.314:24.941|27.691:30.262|31.140:43.990|27.311:47.483|45.350:49.929|50.951:41.139|64.909:34.793|64.030:29.122|68.873:41.645|84.609:49.410|81.557:68.312|79.892:69.918|65.259:72.814|65.417:76.082|61.922:70.142|62.937:60.620|52.773:80.998|53.159:83.022|50.294:80.649|48.527:81.689|8.000:8.000,0-4-8-14-12-21-23-3-26-17-1-29-6-25-10-32-31-24-22-28-2-16-0,0.0017209521029144
92,moderate,sparse,ValuePerDistance,32,19,0.59375,0.6031746031746031,0.6031746031746031,True,38.0,63.0,1193.0406663191006,1178.0281677673386,6.959333680899405,-73.0406663191006,True,98.29286190192607,True,False,0.101647724834889,0.0052051734209355,2.0,False,1.0,8.000:8.000|17.744:19.258|20.314:24.941|27.691:30.262|31.140:43.990|27.311:47.483|45.350:49.929|50.951:41.139|62.937:60.620|65.259:72.814|65.417:76.082|61.922:70.142|81.557:68.312|79.892:69.918|84.609:49.410|68.873:41.645|64.909:34.793|64.030:29.122|74.377:20.791|28.491:15.266|8.000:8.000,0-4-8-14-12-21-23-3-24-10-32-31-6-25-29-1-26-17-11-13-0,0.0012416709214448
92,moderate,sparse,WindAwareGreedy,32,14,0.4375,0.492063492063492,0.0,False,31.0,63.0,1326.40429759499,1285.5552468973951,-126.4042975949898,-206.40429759498983,True,93.53768232748342,False,True,0.1490419906066304,0.010505571849454,2.0,True,1.0,8.000:8.000|17.744:19.258|28.491:15.266|31.140:43.990|27.311:47.483|45.350:49.929|62.937:60.620|84.609:49.410|81.557:68.312|79.892:69.918|65.259:72.814|68.873:41.645|74.377:20.791|64.030:29.122|50.951:41.139|8.000:8.000,0-4-13-12-21-23-24-29-6-25-10-1-11-17-3-0,0.0012112720869481
92,moderate,sparse,ReserveOnlyPlanner,32,14,0.4375,0.4365079365079365,0.4365079365079365,True,27.5,63.0,1089.462016068138,1223.6111693687355,110.5379839318624,30.537983931862385,False,86.03443245602226,True,False,0.1311615881242321,0.0091491599719654,2.0,False,1.0,8.000:8.000|17.744:19.258|28.491:15.266|20.314:24.941|27.691:30.262|31.140:43.990|27.311:47.483|45.350:49.929|62.937:60.620|84.609:49.410|68.873:41.645|64.030:29.122|74.377:20.791|64.909:34.793|50.951:41.139|8.000:8.000,0-4-13-8-14-12-21-23-24-29-1-17-11-26-3-0,0.0012956419959664
92,moderate,sparse,FairRiskAwareGreedy,32,11,0.34375,0.4285714285714285,0.4285714285714285,True,27.0,63.0,1078.2273632976617,1112.7825160173218,121.77263670233832,41.77263670233832,False,107.54026913134676,True,False,0.0002761767605281,2.3016323103484487e-05,2.8284271247461903,False,1.0,8.000:8.000|31.140:43.990|17.744:19.258|27.311:47.483|27.987:88.993|62.937:60.620|84.609:49.410|81.557:68.312|45.350:49.929|65.259:72.814|68.873:41.645|28.491:15.266|8.000:8.000,0-12-4-21-9-24-29-6-23-10-1-13-0,0.0017494871281087
92,moderate,sparse,FairALNSPlanner,32,26,0.8125,0.8571428571428571,0.8571428571428571,True,54.0,63.0,1048.1395197070349,1192.6898929016609,151.86048029296498,71.86048029296498,False,131.47958645767784,True,False,0.0459888219374299,0.0017338508757408,2.0,False,1.0,8.000:8.000|11.658:82.051|13.162:86.118|13.106:90.074|18.024:93.406|22.327:92.620|27.987:88.993|40.674:88.332|49.188:96.149|53.159:83.022|52.773:80.998|61.922:70.142|65.417:76.082|65.259:72.814|62.937:60.620|79.892:69.918|81.557:68.312|84.609:49.410|45.350:49.929|50.951:41.139|68.873:41.645|64.909:34.793|31.140:43.990|27.311:47.483|27.691:30.262|20.314:24.941|17.744:19.258|8.000:8.000,0-30-19-18-7-27-9-15-5-28-22-31-32-10-24-25-6-29-23-3-1-26-12-21-14-8-4-0,17.52004022197798
92,moderate,sparse,RAWA-RHP,32,29,0.90625,0.9285714285714286,0.9285714285714286,True,58.5,63.0,1037.3384961025115,1195.466462971911,162.66150389748802,82.66150389748802,False,134.0392684952836,True,False,0.0668516029370589,0.002285090808895,2.0,False,1.0,8.000:8.000|28.491:15.266|31.140:43.990|27.311:47.483|11.658:82.051|13.162:86.118|13.106:90.074|18.024:93.406|22.327:92.620|27.987:88.993|40.674:88.332|49.188:96.149|53.159:83.022|52.773:80.998|50.294:80.649|61.922:70.142|65.417:76.082|65.259:72.814|62.937:60.620|79.892:69.918|81.557:68.312|84.609:49.410|68.873:41.645|64.909:34.793|64.030:29.122|50.951:41.139|45.350:49.929|27.691:30.262|20.314:24.941|17.744:19.258|8.000:8.000,0-13-12-21-30-19-18-7-27-9-15-5-28-22-2-31-32-10-24-25-6-29-1-26-17-3-23-14-8-4-0,158.8419621679932
95,moderate,cluttered,NearestNeighbor,32,23,0.71875,0.7338709677419355,0.0,False,45.5,62.0,1234.0039741803423,1285.1931054917834,-34.00397418034245,-114.00397418034244,True,116.77565737348812,False,True,0.1330878797048731,0.0058600762157314,2.0,True,1.0,8.000:8.000|29.729:48.699|22.834:56.053|28.342:67.898|33.495:67.607|35.337:63.137|39.768:67.823|43.262:72.042|51.076:65.521|53.311:65.491|59.698:63.321|65.374:65.125|74.916:61.627|72.270:46.643|82.752:42.178|91.407:29.127|85.498:22.704|72.534:11.009|64.982:15.790|68.521:27.956|52.220:33.469|52.779:35.886|51.031:30.226|55.847:49.816|8.000:8.000,0-12-26-32-10-2-21-18-22-7-14-3-9-24-23-28-16-31-6-4-27-1-30-20-0,0.0018331229221075
95,moderate,cluttered,ValuePerDistance,32,23,0.71875,0.717741935483871,0.0,False,44.5,62.0,1268.9481524380235,1258.874018915258,-68.94815243802411,-148.94815243802412,True,117.629107880484,False,True,0.1133394918479616,0.0049545675183449,2.0,True,1.0,8.000:8.000|29.729:48.699|22.834:56.053|28.342:67.898|33.495:67.607|35.337:63.137|39.768:67.823|43.262:72.042|48.967:82.353|54.168:81.129|62.556:80.392|81.685:91.699|93.284:86.918|74.916:61.627|65.374:65.125|59.698:63.321|53.311:65.491|51.076:65.521|55.847:49.816|52.779:35.886|52.220:33.469|51.031:30.226|68.521:27.956|64.982:15.790|8.000:8.000,0-12-26-32-10-2-21-18-25-5-11-29-8-9-3-14-7-22-20-1-27-30-4-6-0,0.0014321529306471
95,moderate,cluttered,WindAwareGreedy,32,15,0.46875,0.532258064516129,0.0,False,33.0,62.0,1249.1920468349044,1276.0619133772077,-49.19204683490442,-129.19204683490443,True,103.88531347788812,False,True,0.1935569022792043,0.0131436315678788,2.0,True,1.0,8.000:8.000|29.729:48.699|28.342:67.898|33.495:67.607|48.967:82.353|43.262:72.042|55.847:49.816|52.779:35.886|52.220:33.469|51.031:30.226|85.498:22.704|91.407:29.127|72.534:11.009|64.982:15.790|68.521:27.956|72.270:46.643|8.000:8.000,0-12-32-10-25-18-20-1-27-30-16-28-31-6-4-24-0,0.0012870079372078
95,moderate,cluttered,ReserveOnlyPlanner,32,15,0.46875,0.4919354838709677,0.4919354838709677,True,30.5,62.0,1096.8035900700845,1196.597029370258,103.19640992991592,23.19640992991592,False,92.7247561368172,True,False,0.1994067663149175,0.013577085240213,2.0,False,1.0,8.000:8.000|29.729:48.699|28.342:67.898|33.495:67.607|35.337:63.137|22.834:56.053|32.916:83.173|48.967:82.353|43.262:72.042|51.076:65.521|55.847:49.816|52.779:35.886|52.220:33.469|51.031:30.226|68.521:27.956|64.982:15.790|8.000:8.000,0-12-32-10-2-26-19-25-18-22-20-1-27-30-4-6-0,0.0013565940316766
95,moderate,cluttered,FairRiskAwareGreedy,32,12,0.375,0.4274193548387097,0.4274193548387097,True,26.5,62.0,997.8852191726118,1037.61832692827,202.1147808273883,122.1147808273883,False,108.18773338468964,True,False,0.0076963782245003,0.0005924047165381,2.0,False,1.0,8.000:8.000|28.342:67.898|51.076:65.521|29.729:48.699|59.698:63.321|81.685:91.699|62.556:80.392|53.311:65.491|68.521:27.956|64.982:15.790|85.498:22.704|91.407:29.127|72.534:11.009|8.000:8.000,0-32-22-12-14-29-11-7-4-6-16-28-31-0,0.0013830650132149
95,moderate,cluttered,FairALNSPlanner,32,18,0.5625,0.5967741935483871,0.5967741935483871,True,37.0,62.0,1051.8562258462812,1177.208483862652,148.1437741537186,68.1437741537186,False,119.62756439761716,True,False,0.0061088252667347,0.000321600169183,2.0,False,1.0,8.000:8.000|22.834:56.053|28.342:67.898|33.495:67.607|35.337:63.137|55.847:49.816|52.779:35.886|52.220:33.469|59.698:63.321|72.270:46.643|74.916:61.627|65.374:65.125|93.284:86.918|93.869:57.187|82.752:42.178|91.407:29.127|85.498:22.704|72.534:11.009|64.982:15.790|8.000:8.000,0-26-32-10-2-20-1-27-14-24-9-3-8-17-23-28-16-31-6-0,9.638336803996935
95,moderate,cluttered,RAWA-RHP,32,23,0.71875,0.782258064516129,0.782258064516129,True,48.5,62.0,1056.7713537901116,1199.7584961285295,143.22864620988838,63.22864620988838,False,129.53860281208966,True,False,0.0355896243646629,0.0015004979888667,2.0,False,1.0,8.000:8.000|29.729:48.699|35.337:63.137|33.495:67.607|28.342:67.898|32.916:83.173|48.967:82.353|54.168:81.129|62.556:80.392|81.685:91.699|93.284:86.918|93.869:57.187|74.916:61.627|65.374:65.125|59.698:63.321|53.311:65.491|51.076:65.521|55.847:49.816|52.220:33.469|52.779:35.886|68.521:27.956|85.498:22.704|91.407:29.127|72.534:11.009|8.000:8.000,0-12-2-10-32-19-25-5-11-29-8-17-9-3-14-7-22-20-27-1-4-16-28-31-0,69.41054056119174
96,calm,sparse,NearestNeighbor,32,32,1.0,1.0,0.0,False,69.5,69.5,1228.8504036470124,1225.0467834162737,-28.85040364701217,-108.85040364701216,True,151.16234152606924,False,True,0.0068579681057636,0.0002082310910934,2.0,True,1.0,8.000:8.000|21.860:30.971|36.435:37.351|38.819:35.661|42.409:32.100|43.823:28.894|45.968:30.650|49.108:27.736|46.845:38.096|52.013:57.504|38.271:56.305|30.660:51.783|21.253:48.240|15.534:53.319|13.899:56.114|22.124:65.743|26.089:78.615|33.086:82.750|37.101:74.179|48.334:87.948|40.801:92.830|65.158:73.458|75.883:64.055|67.510:53.972|65.230:53.459|69.919:47.063|76.466:43.606|77.962:39.518|82.497:33.328|87.333:32.040|86.094:48.145|83.760:47.434|43.595:17.195|8.000:8.000,0-5-24-23-10-7-30-12-9-4-22-25-8-11-2-32-20-27-18-1-28-19-6-17-21-16-31-26-14-3-13-15-29-0,0.0021185281220823
96,calm,sparse,ValuePerDistance,32,30,0.9375,0.9712230215827338,0.0,False,67.5,69.5,1270.4422083308607,1279.986166365018,-70.44220833086109,-150.4422083308611,True,152.65494553138734,False,True,0.0191914645157834,0.0006237887023745,2.0,True,1.0,8.000:8.000|21.860:30.971|36.435:37.351|38.819:35.661|42.409:32.100|43.823:28.894|49.108:27.736|45.968:30.650|46.845:38.096|52.013:57.504|65.230:53.459|67.510:53.972|76.466:43.606|77.962:39.518|82.497:33.328|87.333:32.040|83.760:47.434|86.094:48.145|65.158:73.458|40.801:92.830|48.334:87.948|33.086:82.750|26.089:78.615|37.101:74.179|30.660:51.783|21.253:48.240|13.899:56.114|15.534:53.319|22.124:65.743|38.271:56.305|43.595:17.195|8.000:8.000,0-5-24-23-10-7-12-30-9-4-21-17-31-26-14-3-15-13-19-28-1-27-20-18-25-8-2-11-32-22-29-0,0.0016355910338461
96,calm,sparse,WindAwareGreedy,32,25,0.78125,0.8705035971223022,0.0,False,60.5,69.5,1396.1898631278038,1393.252515457713,-196.18986312780464,-276.18986312780464,True,153.79133693263276,False,True,0.0257330488630241,0.0009998528732852,2.0,True,1.0,8.000:8.000|21.860:30.971|36.435:37.351|38.819:35.661|52.013:57.504|65.230:53.459|67.510:53.972|83.760:47.434|82.497:33.328|87.333:32.040|76.466:43.606|49.108:27.736|43.595:17.195|43.823:28.894|42.409:32.100|46.845:38.096|13.899:56.114|21.253:48.240|30.660:51.783|26.089:78.615|40.801:92.830|33.086:82.750|65.158:73.458|48.334:87.948|37.101:74.179|22.124:65.743|8.000:8.000,0-5-24-23-4-21-17-15-14-3-31-12-29-7-10-9-2-8-25-20-28-27-19-1-18-32-0,0.0017125450540333
96,calm,sparse,ReserveOnlyPlanner,32,23,0.71875,0.7913669064748201,0.7913669064748201,True,55.0,69.5,1106.648066899759,1156.7448571131456,93.35193310024088,13.35193310024087,False,128.26799182284208,True,False,0.0177885915375235,0.0007459033907045,2.0,False,1.0,8.000:8.000|21.860:30.971|36.435:37.351|38.819:35.661|52.013:57.504|65.230:53.459|67.510:53.972|83.760:47.434|76.466:43.606|82.497:33.328|87.333:32.040|77.962:39.518|49.108:27.736|43.595:17.195|43.823:28.894|42.409:32.100|46.845:38.096|30.660:51.783|13.899:56.114|21.253:48.240|15.534:53.319|26.089:78.615|33.086:82.750|37.101:74.179|8.000:8.000,0-5-24-23-4-21-17-15-31-14-3-26-12-29-7-10-9-25-2-8-11-20-27-18-0,0.0017781499773263
96,calm,sparse,FairRiskAwareGreedy,32,18,0.5625,0.6402877697841727,0.6402877697841727,True,44.5,69.5,1086.6215330296232,1111.767169797053,113.3784669703766,33.37846697037659,False,127.63919874936464,True,False,0.006900659798557,0.0003639615299575,2.0,False,1.0,8.000:8.000|21.860:30.971|36.435:37.351|52.013:57.504|65.230:53.459|83.760:47.434|82.497:33.328|49.108:27.736|43.595:17.195|43.823:28.894|42.409:32.100|13.899:56.114|40.801:92.830|33.086:82.750|26.089:78.615|21.253:48.240|30.660:51.783|46.845:38.096|15.534:53.319|8.000:8.000,0-5-24-4-21-15-14-12-29-7-10-2-28-27-20-8-25-9-11-0,0.0028246832080185
96,calm,sparse,FairALNSPlanner,32,29,0.90625,0.9280575539568344,0.9280575539568344,True,64.5,69.5,1032.4979762501591,1114.4028147390968,167.50202374984065,87.50202374984065,False,137.82577790495642,True,False,0.0110360405188915,0.0003681090461528,2.0,False,1.0,8.000:8.000|43.595:17.195|43.823:28.894|42.409:32.100|46.845:38.096|45.968:30.650|49.108:27.736|82.497:33.328|87.333:32.040|86.094:48.145|83.760:47.434|76.466:43.606|77.962:39.518|69.919:47.063|67.510:53.972|65.230:53.459|52.013:57.504|65.158:73.458|48.334:87.948|40.801:92.830|33.086:82.750|37.101:74.179|26.089:78.615|22.124:65.743|13.899:56.114|15.534:53.319|21.253:48.240|30.660:51.783|36.435:37.351|38.819:35.661|8.000:8.000,0-29-7-10-9-30-12-14-3-13-15-31-26-16-17-21-4-19-1-28-27-18-20-32-2-11-8-25-24-23-0,19.12305170088075
96,calm,sparse,RAWA-RHP,32,31,0.96875,0.9856115107913668,0.9856115107913668,True,68.5,69.5,1051.274649763691,1123.4845949255223,148.7253502363085,68.72535023630849,False,142.384828773582,True,False,0.0145061032215693,0.0004547516967752,2.0,False,1.0,8.000:8.000|21.860:30.971|38.819:35.661|36.435:37.351|46.845:38.096|52.013:57.504|65.230:53.459|67.510:53.972|69.919:47.063|76.466:43.606|77.962:39.518|82.497:33.328|87.333:32.040|86.094:48.145|83.760:47.434|75.883:64.055|65.158:73.458|48.334:87.948|40.801:92.830|33.086:82.750|37.101:74.179|26.089:78.615|22.124:65.743|13.899:56.114|15.534:53.319|21.253:48.240|30.660:51.783|42.409:32.100|43.823:28.894|45.968:30.650|49.108:27.736|43.595:17.195|8.000:8.000,0-5-23-24-9-4-21-17-16-31-26-14-3-13-15-6-19-1-28-27-18-20-32-2-11-8-25-10-7-30-12-29-0,58.5488061059732
96,severe,sparse,NearestNeighbor,32,15,0.46875,0.4724409448818897,0.0,False,30.0,63.5,1345.965187056106,1377.981177727188,-145.96518705610617,-225.96518705610617,True,76.23475618851546,False,True,0.2296397065482203,0.0153934694379631,2.0,True,1.0,8.000:8.000|16.442:12.916|16.141:44.234|35.228:42.821|38.024:42.696|42.647:28.826|51.123:35.997|52.813:44.099|58.709:39.229|60.692:43.218|64.472:48.621|59.114:52.954|53.482:53.384|45.481:60.848|47.508:66.904|39.528:64.756|8.000:8.000,0-19-17-30-14-11-7-1-24-8-3-10-25-29-26-20-0,0.0014000688679516
96,severe,sparse,ValuePerDistance,32,12,0.375,0.3937007874015748,0.0,False,25.0,63.5,1291.016976132504,1369.4735447294304,-91.01697613250391,-171.01697613250394,True,69.23925373392909,False,True,0.1183819991259619,0.0093469463986215,2.0,True,1.0,8.000:8.000|16.442:12.916|52.644:11.771|51.419:13.686|56.898:11.609|59.674:22.318|51.123:35.997|60.692:43.218|58.709:39.229|52.813:44.099|59.114:52.954|64.472:48.621|74.601:43.844|8.000:8.000,0-19-23-13-28-4-7-8-24-1-10-3-5-0,0.0010034251026809
96,severe,sparse,WindAwareGreedy,32,10,0.3125,0.3622047244094488,0.0,False,23.0,63.5,1291.5414570405972,1293.187608456657,-91.54145704059717,-171.54145704059715,True,63.83688831136524,False,True,0.2723294563701214,0.0271829899398959,2.0,True,1.0,8.000:8.000|16.442:12.916|52.644:11.771|42.647:28.826|35.228:42.821|38.024:42.696|51.123:35.997|60.692:43.218|59.114:52.954|52.813:44.099|58.709:39.229|8.000:8.000,0-19-23-11-30-14-7-8-10-1-24-0,0.0009549469687044
96,severe,sparse,ReserveOnlyPlanner,32,8,0.25,0.2204724409448819,0.2204724409448819,True,14.0,63.5,921.936523004164,1043.3246484121423,278.063476995836,198.06347699583603,False,49.08198250516455,True,False,0.1386553537016002,0.0159822525689086,2.0,False,1.0,8.000:8.000|16.442:12.916|52.644:11.771|51.419:13.686|56.898:11.609|42.647:28.826|35.228:42.821|38.024:42.696|16.141:44.234|8.000:8.000,0-19-23-13-28-11-30-14-17-0,0.000883346190676
96,severe,sparse,FairRiskAwareGreedy,32,15,0.46875,0.5511811023622047,0.5511811023622047,True,35.0,63.5,1083.5214985282123,1158.1260192706263,116.47850147178784,36.47850147178785,False,101.24671431341363,True,False,0.0027062386342027,0.0001692658827928,2.8284271247461903,False,1.0,8.000:8.000|16.442:12.916|52.644:11.771|56.898:11.609|74.601:43.844|59.114:52.954|60.692:43.218|51.123:35.997|42.647:28.826|58.709:39.229|47.321:72.234|44.073:73.162|35.228:42.821|47.508:66.904|45.481:60.848|16.141:44.234|8.000:8.000,0-19-23-28-5-10-8-7-11-24-32-2-30-26-29-17-0,0.0020676990970969
96,severe,sparse,FairALNSPlanner,32,17,0.53125,0.6220472440944882,0.6220472440944882,True,39.5,63.5,1040.5384132620106,1198.8145824960193,159.46158673798928,79.46158673798928,False,99.97082372412709,True,False,0.013414808020752,0.0007484813430561,2.8284271247461903,False,1.0,8.000:8.000|16.442:12.916|51.419:13.686|52.644:11.771|56.898:11.609|74.601:43.844|81.972:62.778|84.443:81.110|59.114:52.954|58.709:39.229|60.692:43.218|47.508:66.904|47.321:72.234|52.806:74.115|44.073:73.162|45.481:60.848|35.228:42.821|38.024:42.696|8.000:8.000,0-19-13-23-28-5-18-12-10-24-8-26-32-15-2-29-30-14-0,7.834248139988631
96,severe,sparse,RAWA-RHP,32,22,0.6875,0.7637795275590551,0.7637795275590551,True,48.5,63.5,1049.0058466585183,1246.7677524748217,150.99415334148168,70.99415334148168,False,107.39974927968991,True,False,0.0022187645990988,9.655500142529524e-05,2.8284271247461903,False,1.0,8.000:8.000|16.442:12.916|42.647:28.826|51.123:35.997|52.813:44.099|58.709:39.229|60.692:43.218|53.482:53.384|59.114:52.954|64.472:48.621|74.601:43.844|81.972:62.778|91.011:70.292|85.797:85.448|84.443:81.110|64.255:67.665|52.806:74.115|44.073:73.162|47.321:72.234|47.508:66.904|45.481:60.848|35.228:42.821|38.024:42.696|8.000:8.000,0-19-11-7-1-24-8-25-10-3-5-18-16-27-12-6-15-2-32-26-29-30-14-0,32.5233644109685
94,moderate,sparse,NearestNeighbor,32,27,0.84375,0.875,0.0,False,56.0,64.0,1400.6150276162996,1394.7095489084093,-200.61502761629924,-280.61502761629924,True,135.3627423494316,False,True,0.0883345454717253,0.0032709163393691,2.0,True,1.0,8.000:8.000|24.844:22.070|28.723:33.115|31.327:33.446|36.909:27.436|45.096:9.926|56.879:20.602|66.030:17.010|71.611:12.504|79.588:9.124|82.969:10.597|84.855:12.872|72.726:26.606|81.600:27.434|80.700:37.253|86.881:45.212|86.873:48.008|83.615:48.681|95.654:41.493|77.491:65.204|60.536:78.684|54.289:73.274|41.797:77.190|36.098:76.242|26.647:69.241|39.680:63.029|47.968:54.867|56.064:59.582|8.000:8.000,0-2-13-19-14-10-25-18-27-29-16-24-26-4-28-7-9-30-3-15-22-11-6-20-23-17-8-21-0,0.0020176148973405
94,moderate,sparse,ValuePerDistance,32,24,0.75,0.7890625,0.0,False,50.5,64.0,1482.3686505015123,1465.2413043801523,-282.3686505015121,-362.36865050151215,True,137.53447200843996,False,True,0.0657916363304376,0.0027032892453675,2.0,True,1.0,8.000:8.000|24.844:22.070|28.723:33.115|31.327:33.446|36.909:27.436|45.096:9.926|56.879:20.602|61.668:33.733|80.700:37.253|81.600:27.434|95.654:41.493|86.881:45.212|86.873:48.008|83.615:48.681|77.491:65.204|56.064:59.582|47.968:54.867|39.680:63.029|36.098:76.242|41.797:77.190|46.134:89.490|60.536:78.684|54.289:73.274|26.647:69.241|18.543:92.150|8.000:8.000,0-2-13-19-14-10-25-31-28-4-3-7-9-30-15-21-8-17-20-6-12-22-11-23-32-0,0.0014725551009178
94,moderate,sparse,WindAwareGreedy,32,15,0.46875,0.5625,0.0,False,36.0,64.0,1434.3555579206277,1431.4309961713989,-234.3555579206273,-314.35555792062723,True,116.99796558463076,False,True,0.0206511332251559,0.0012982849514504,2.0,True,1.0,8.000:8.000|14.752:39.091|36.909:27.436|31.327:33.446|28.723:33.115|24.844:22.070|45.096:9.926|47.968:54.867|56.064:59.582|41.797:77.190|36.098:76.242|39.680:63.029|26.647:69.241|20.221:35.956|80.700:37.253|86.881:45.212|8.000:8.000,0-1-14-19-13-2-10-8-21-6-20-17-23-5-28-7-0,0.0012987169902771
94,moderate,sparse,ReserveOnlyPlanner,32,13,0.40625,0.484375,0.484375,True,31.0,64.0,1000.68161495376,1070.7386799530905,199.31838504623988,119.31838504623988,False,86.66767325088638,True,False,0.0445672383755201,0.0032294089246274,2.0,False,1.0,8.000:8.000|14.752:39.091|20.221:35.956|28.723:33.115|36.909:27.436|31.327:33.446|24.844:22.070|45.096:9.926|47.968:54.867|56.064:59.582|41.797:77.190|36.098:76.242|39.680:63.029|26.647:69.241|8.000:8.000,0-1-5-13-14-19-2-10-8-21-6-20-17-23-0,0.0012537850998342
94,moderate,sparse,FairRiskAwareGreedy,32,13,0.40625,0.515625,0.515625,True,33.0,64.0,967.6375224308072,1001.0743613898508,232.3624775691928,152.36247756919278,False,104.5823449951569,True,False,0.0048905369149554,0.0003498435534643,2.0,False,1.0,8.000:8.000|36.909:27.436|14.752:39.091|56.064:59.582|41.797:77.190|36.098:76.242|39.680:63.029|47.968:54.867|45.096:9.926|84.855:12.872|82.969:10.597|24.844:22.070|28.723:33.115|20.221:35.956|8.000:8.000,0-14-1-21-6-20-17-8-10-24-16-2-13-5-0,0.0020261749159544
94,moderate,sparse,FairALNSPlanner,32,4,0.125,0.140625,0.140625,True,9.0,64.0,367.2306789069571,415.246320407922,832.7693210930429,752.7693210930429,False,39.58953521033168,True,False,3.432512163392687e-09,6.865024326785373e-10,4.0,False,1.0,8.000:8.000|45.096:9.926|79.588:9.124|82.969:10.597|84.855:12.872|8.000:8.000,0-10-29-16-24-0,4.429999482817948
94,moderate,sparse,RAWA-RHP,32,28,0.875,0.921875,0.921875,True,59.0,64.0,1038.0009207203198,1193.0216287287749,161.99907927968044,81.99907927968044,False,135.22994715884283,True,False,0.0845444869916671,0.0030004862579334,2.0,False,1.0,8.000:8.000|24.844:22.070|28.723:33.115|31.327:33.446|36.909:27.436|45.096:9.926|56.879:20.602|66.030:17.010|71.611:12.504|79.588:9.124|82.969:10.597|84.855:12.872|81.600:27.434|80.700:37.253|86.881:45.212|95.654:41.493|86.873:48.008|83.615:48.681|77.491:65.204|60.536:78.684|54.289:73.274|56.064:59.582|47.968:54.867|39.680:63.029|41.797:77.190|36.098:76.242|26.647:69.241|20.221:35.956|14.752:39.091|8.000:8.000,0-2-13-19-14-10-25-18-27-29-16-24-4-28-7-3-9-30-15-22-11-21-8-17-6-20-23-5-1-0,127.50936476094648
97,severe,sparse,NearestNeighbor,32,12,0.375,0.4201680672268907,0.4201680672268907,True,25.0,59.5,943.2295179748072,981.9630263782834,256.7704820251926,176.77048202519262,False,59.50741990312317,True,False,0.1043585255336896,0.0082650901180366,2.0,False,1.0,8.000:8.000|10.585:30.243|20.001:30.393|27.246:30.293|37.654:33.787|44.587:31.050|56.938:27.128|62.553:37.612|63.612:34.875|69.409:35.117|66.604:20.309|38.447:19.477|34.313:17.657|8.000:8.000,0-31-7-10-23-25-8-32-13-12-5-20-16-0,0.0013617821969091
97,severe,sparse,ValuePerDistance,32,11,0.34375,0.4033613445378151,0.0,False,24.0,59.5,1232.4144940016186,1216.2808214903932,-32.41449400161869,-112.41449400161868,True,67.9648670648889,False,True,0.3267141157129074,0.031825881785555,2.0,True,1.0,8.000:8.000|27.246:30.293|34.313:17.657|38.447:19.477|44.587:31.050|37.654:33.787|63.612:34.875|62.553:37.612|69.409:35.117|56.938:27.128|66.604:20.309|10.585:30.243|8.000:8.000,0-10-16-20-25-23-13-32-12-8-5-31-0,0.0008894749917089
97,severe,sparse,WindAwareGreedy,32,9,0.28125,0.3109243697478991,0.0,False,18.5,59.5,1308.14834438067,1317.8071704702943,-108.14834438067008,-188.1483443806701,True,69.26489795136942,False,True,0.2660967998536512,0.0299129179099074,2.0,True,1.0,8.000:8.000|34.313:17.657|27.246:30.293|10.585:30.243|38.447:19.477|44.587:31.050|37.654:33.787|20.001:30.393|56.938:27.128|66.604:20.309|8.000:8.000,0-16-10-31-20-25-23-7-8-5-0,0.0008742790669202
97,severe,sparse,ReserveOnlyPlanner,32,9,0.28125,0.3361344537815126,0.3361344537815126,True,20.0,59.5,1090.58525944475,1198.9830808147517,109.41474055525012,29.41474055525012,False,59.50119596098513,True,False,0.2788224423982417,0.0317501255523412,2.0,False,1.0,8.000:8.000|10.585:30.243|27.246:30.293|34.313:17.657|38.447:19.477|20.001:30.393|37.654:33.787|44.587:31.050|56.938:27.128|63.612:34.875|8.000:8.000,0-31-10-16-20-7-23-25-8-13-0,0.0008967549074441
97,severe,sparse,FairRiskAwareGreedy,32,16,0.5,0.6050420168067226,0.6050420168067226,True,36.0,59.5,1067.7237508275043,1150.7032975480029,132.2762491724953,52.27624917249531,False,102.56640632511798,True,False,0.0038614157305706,0.0002272953437181,2.0,False,1.0,8.000:8.000|27.246:30.293|10.585:30.243|34.313:17.657|38.447:19.477|44.587:31.050|56.938:27.128|62.553:37.612|61.493:63.893|82.091:68.399|92.048:70.772|69.740:94.230|61.141:81.271|63.863:83.118|66.810:81.396|63.601:80.835|20.001:30.393|8.000:8.000,0-10-31-16-20-25-8-32-6-14-24-3-11-26-30-19-7-0,0.0020611600484699
97,severe,sparse,FairALNSPlanner,32,19,0.59375,0.6302521008403361,0.6302521008403361,True,37.5,59.5,1052.9877489063326,1232.8738213254578,147.0122510936676,67.0122510936676,False,105.76999536553436,True,False,0.0452545866778288,0.0022991353078212,2.0,False,1.0,8.000:8.000|34.313:17.657|44.587:31.050|37.654:33.787|61.493:63.893|69.382:69.379|73.462:75.500|82.091:68.399|85.834:69.409|91.257:74.178|89.457:79.670|69.740:94.230|53.525:98.118|66.705:86.919|63.863:83.118|66.810:81.396|63.601:80.835|61.141:81.271|56.938:27.128|38.447:19.477|8.000:8.000,0-16-25-23-6-18-15-14-29-21-1-3-27-2-26-30-19-11-8-20-0,10.771560665918514
97,severe,sparse,RAWA-RHP,32,20,0.625,0.7478991596638656,0.7478991596638656,True,44.5,59.5,1049.1162593444349,1235.8058773419489,150.8837406555649,70.8837406555649,False,108.6387771599317,True,False,0.0615031554172351,0.0029962373410376,2.0,False,1.0,8.000:8.000|10.585:30.243|27.246:30.293|53.525:98.118|61.141:81.271|63.863:83.118|66.705:86.919|69.740:94.230|89.457:79.670|93.315:77.726|91.257:74.178|92.048:70.772|85.834:69.409|82.091:68.399|61.493:63.893|63.612:34.875|62.553:37.612|56.938:27.128|44.587:31.050|38.447:19.477|34.313:17.657|8.000:8.000,0-31-10-27-11-26-2-3-1-9-21-24-29-14-6-13-32-8-25-20-16-0,27.39145196392201
97,severe,cluttered,NearestNeighbor,32,10,0.3125,0.3114754098360656,0.0,False,19.0,61.0,1382.9483964162343,1349.5808450512438,-182.9483964162345,-262.94839641623446,True,73.5796889925238,False,True,0.2427251322147016,0.0219856005439256,2.0,True,1.0,8.000:8.000|17.729:18.567|19.766:17.885|28.922:23.374|35.640:35.172|36.630:38.043|55.058:29.632|64.329:23.196|68.910:15.231|87.551:11.263|89.764:43.232|8.000:8.000,0-11-5-26-31-23-21-18-9-30-6-0,0.0011435491032898
97,severe,cluttered,ValuePerDistance,32,14,0.4375,0.4754098360655737,0.0,False,29.0,61.0,1332.213892894949,1300.795360868955,-132.21389289494866,-212.21389289494863,True,75.59280791003651,False,True,0.1966657864723631,0.014112848500163,2.0,True,1.0,8.000:8.000|19.766:17.885|17.729:18.567|28.922:23.374|36.630:38.043|35.640:35.172|24.728:55.537|30.350:56.067|36.225:65.075|38.341:71.909|42.440:80.669|22.843:76.611|13.857:80.041|14.008:87.491|18.019:67.107|8.000:8.000,0-5-11-26-23-31-15-2-27-29-24-17-4-14-10-0,0.0010445229709148
97,severe,cluttered,WindAwareGreedy,32,13,0.40625,0.4180327868852459,0.0,False,25.5,61.0,1266.705765679845,1299.858562938792,-66.70576567984476,-146.70576567984477,True,74.77345551082772,False,True,0.3742744460872917,0.0312828422221678,2.0,True,1.0,8.000:8.000|19.766:17.885|17.729:18.567|28.922:23.374|36.630:38.043|35.640:35.172|24.728:55.537|22.843:76.611|14.008:87.491|13.857:80.041|18.019:67.107|18.541:60.575|30.350:56.067|36.225:65.075|8.000:8.000,0-5-11-26-23-31-15-17-14-4-10-1-2-27-0,0.0011241571046411
97,severe,cluttered,ReserveOnlyPlanner,32,11,0.34375,0.3688524590163934,0.3688524590163934,True,22.5,61.0,1095.2983522877114,1227.439980300622,104.70164771228832,24.70164771228832,False,65.22660534316621,True,False,0.2364247360196077,0.0214612777117741,2.0,False,1.0,8.000:8.000|19.766:17.885|17.729:18.567|28.922:23.374|36.630:38.043|35.640:35.172|24.728:55.537|30.350:56.067|18.541:60.575|22.843:76.611|14.008:87.491|13.857:80.041|8.000:8.000,0-5-11-26-23-31-15-2-1-17-14-4-0,0.0011357499752193
97,severe,cluttered,FairRiskAwareGreedy,32,11,0.34375,0.4180327868852459,0.4180327868852459,True,25.5,61.0,1076.1042725148698,1117.1965055767091,123.8957274851301,43.895727485130095,False,94.72790662558548,True,False,0.0013450821542325,0.000112138766095,2.8284271247461903,False,1.0,8.000:8.000|19.766:17.885|36.630:38.043|28.922:23.374|24.728:55.537|42.440:80.669|36.225:65.075|22.843:76.611|55.058:29.632|68.910:15.231|87.551:11.263|17.729:18.567|8.000:8.000,0-5-23-26-15-24-27-17-21-9-30-11-0,0.0015724650584161
97,severe,cluttered,FairALNSPlanner,32,17,0.53125,0.5491803278688525,0.5491803278688525,True,33.5,61.0,1031.371327977344,1236.4531377576868,168.62867202265602,88.62867202265602,False,103.08210857350984,True,False,0.0107673168252295,0.0005988535954006,2.0,False,1.0,8.000:8.000|18.541:60.575|18.019:67.107|22.843:76.611|55.364:88.126|42.440:80.669|36.225:65.075|38.341:71.909|30.350:56.067|24.728:55.537|28.922:23.374|35.640:35.172|36.630:38.043|56.392:44.283|69.094:37.544|55.058:29.632|19.766:17.885|17.729:18.567|8.000:8.000,0-1-10-17-22-24-27-29-2-15-26-31-23-16-8-21-5-11-0,6.470386963803321
97,severe,cluttered,RAWA-RHP,32,19,0.59375,0.680327868852459,0.680327868852459,True,41.5,61.0,1044.0320430289048,1228.9998342084627,155.9679569710952,75.96795697109519,False,104.71452857667984,True,False,0.0616882406837556,0.0031330121350625,2.0,False,1.0,8.000:8.000|24.728:55.537|30.350:56.067|36.225:65.075|38.341:71.909|22.843:76.611|42.440:80.669|55.364:88.126|62.527:78.473|81.374:90.809|93.812:77.617|88.152:66.647|78.085:49.448|69.094:37.544|55.058:29.632|36.630:38.043|35.640:35.172|28.922:23.374|19.766:17.885|17.729:18.567|8.000:8.000,0-15-2-27-29-17-24-22-3-19-28-32-13-8-21-23-31-26-5-11-0,19.902261301875114
96,moderate,cluttered,NearestNeighbor,32,23,0.71875,0.7419354838709677,0.0,False,46.0,62.0,1570.5979912608586,1551.5267990279672,-370.59799126085846,-450.59799126085846,True,126.3659211260944,False,True,0.0783868379384584,0.0033510408458412,2.0,True,1.0,8.000:8.000|28.032:30.659|34.751:35.791|44.137:33.994|48.071:13.338|56.943:14.727|66.557:21.468|71.279:17.614|68.213:8.743|63.914:28.039|76.502:26.832|82.769:48.280|92.924:53.478|85.619:68.083|77.105:63.062|72.765:74.675|59.190:68.644|45.284:86.964|44.190:88.986|29.022:79.292|26.200:90.353|22.916:90.202|12.084:74.863|15.318:65.548|8.000:8.000,0-3-26-12-23-27-13-9-17-6-20-22-7-10-19-21-24-31-8-32-15-1-14-29-0,0.0019217429216951
96,moderate,cluttered,ValuePerDistance,32,20,0.625,0.6612903225806451,0.0,False,41.0,62.0,1439.2778131656528,1425.8598093997516,-239.27781316565304,-319.277813165653,True,113.66065324350576,False,True,0.1700670977350878,0.0087194271673959,2.0,True,1.0,8.000:8.000|34.751:35.791|28.032:30.659|21.743:47.159|19.524:47.135|19.929:50.859|23.992:51.502|27.438:58.669|20.407:65.646|15.318:65.548|12.084:74.863|22.916:90.202|26.200:90.353|29.022:79.292|45.284:86.964|44.190:88.986|72.765:74.675|77.105:63.062|82.769:48.280|92.924:53.478|63.914:28.039|8.000:8.000,0-26-3-2-30-5-11-16-28-29-14-1-15-32-31-8-21-19-22-7-6-0,0.0014240681193768
96,moderate,cluttered,WindAwareGreedy,32,16,0.5,0.6129032258064516,0.0,False,38.0,62.0,1473.5060785660182,1462.815705499147,-273.50607856601823,-353.50607856601823,True,109.97635098125116,False,True,0.1625426438482152,0.0100327082889164,2.0,True,1.0,8.000:8.000|34.751:35.791|21.743:47.159|20.407:65.646|22.916:90.202|26.200:90.353|45.284:86.964|44.190:88.986|72.765:74.675|77.105:63.062|63.914:28.039|56.943:14.727|48.071:13.338|68.213:8.743|71.279:17.614|66.557:21.468|76.502:26.832|8.000:8.000,0-26-2-28-1-15-31-8-21-19-6-27-23-17-9-13-20-0,0.0013236210215836
96,moderate,cluttered,ReserveOnlyPlanner,32,15,0.46875,0.4838709677419355,0.4838709677419355,True,30.0,62.0,1097.7902871721053,1164.5430284466077,102.20971282789463,22.209712827894634,False,82.88611350039295,True,False,0.1921989103225706,0.0128710792486406,2.0,False,1.0,8.000:8.000|34.751:35.791|21.743:47.159|19.524:47.135|19.929:50.859|27.438:58.669|20.407:65.646|15.318:65.548|12.084:74.863|22.916:90.202|26.200:90.353|45.284:86.964|44.190:88.986|29.022:79.292|28.587:66.459|25.416:66.149|8.000:8.000,0-26-2-30-5-16-28-29-14-1-15-31-8-32-25-4-0,0.0013611989561468
96,moderate,cluttered,FairRiskAwareGreedy,32,15,0.46875,0.5403225806451613,0.5403225806451613,True,33.5,62.0,1084.0361733922944,1129.362398270267,115.96382660770551,35.96382660770551,False,116.06871191717391,True,False,0.0062329040884508,0.0003903679168721,2.0,False,1.0,8.000:8.000|34.751:35.791|48.071:13.338|56.943:14.727|68.213:8.743|63.914:28.039|66.557:21.468|71.279:17.614|82.769:48.280|76.502:26.832|92.924:53.478|72.765:74.675|45.284:86.964|44.190:88.986|77.105:63.062|28.032:30.659|8.000:8.000,0-26-23-27-17-6-13-9-22-20-7-21-31-8-19-3-0,0.0016289488412439
96,moderate,cluttered,FairALNSPlanner,32,17,0.53125,0.5483870967741935,0.5483870967741935,True,34.0,62.0,1047.2938112457327,1176.7520280824242,152.70618875426732,72.70618875426732,False,114.0318486472187,True,False,0.0402250370027473,0.0022715672828825,2.0,False,1.0,8.000:8.000|34.751:35.791|21.743:47.159|27.438:58.669|26.200:90.353|22.916:90.202|29.022:79.292|20.407:65.646|25.416:66.149|28.587:66.459|45.284:86.964|44.190:88.986|83.204:94.374|23.992:51.502|19.929:50.859|19.524:47.135|44.137:33.994|48.071:13.338|8.000:8.000,0-26-2-16-15-1-32-28-4-25-31-8-18-11-5-30-12-23-0,9.991603537928311
96,moderate,cluttered,RAWA-RHP,32,27,0.84375,0.8870967741935484,0.8870967741935484,True,55.0,62.0,1043.7593538276788,1186.2464478418617,156.24064617232148,76.24064617232148,False,129.3288371867827,True,False,0.0545063723067288,0.0019779086408359,2.0,False,1.0,8.000:8.000|48.071:13.338|56.943:14.727|68.213:8.743|71.279:17.614|66.557:21.468|63.914:28.039|82.769:48.280|77.105:63.062|72.765:74.675|59.190:68.644|45.284:86.964|44.190:88.986|29.022:79.292|26.200:90.353|22.916:90.202|12.084:74.863|15.318:65.548|25.416:66.149|20.407:65.646|28.587:66.459|27.438:58.669|23.992:51.502|19.929:50.859|19.524:47.135|21.743:47.159|34.751:35.791|28.032:30.659|8.000:8.000,0-23-27-17-9-13-6-22-19-21-24-31-8-32-15-1-14-29-4-28-25-16-11-5-30-2-26-3-0,73.22194980597124
96,moderate,sparse,NearestNeighbor,32,30,0.9375,0.931297709923664,0.0,False,61.0,65.5,1714.838589840317,1728.1660083832448,-514.8385898403168,-594.8385898403168,True,150.2725229411538,False,True,0.0281137443222646,0.0009157696853804,2.0,True,1.0,8.000:8.000|50.393:35.208|57.314:38.718|55.524:41.827|61.743:47.292|64.799:48.252|71.489:50.863|73.161:54.821|72.800:60.832|69.436:64.489|58.574:62.266|57.358:58.929|58.479:53.432|71.932:37.248|71.307:35.296|72.335:32.407|74.388:33.387|77.430:29.270|75.536:27.593|61.945:30.071|60.991:24.412|87.707:18.426|94.628:24.853|89.369:41.257|93.430:61.837|85.358:70.494|87.790:80.734|57.357:87.348|58.523:90.885|35.936:78.533|31.789:84.161|8.000:8.000,0-19-18-14-31-20-16-17-24-8-23-9-32-3-6-7-11-22-26-29-21-15-27-5-10-30-13-4-1-25-2-0,0.002135531976819
96,moderate,sparse,ValuePerDistance,32,26,0.8125,0.8702290076335878,0.0,False,57.0,65.5,1670.814055239463,1667.886531388545,-470.8140552394629,-550.8140552394628,True,140.58339444594748,False,True,0.0499938995817209,0.0018816505455683,2.0,True,1.0,8.000:8.000|55.524:41.827|57.314:38.718|50.393:35.208|61.945:30.071|60.991:24.412|72.335:32.407|74.388:33.387|71.307:35.296|71.932:37.248|75.536:27.593|77.430:29.270|87.707:18.426|94.628:24.853|73.161:54.821|71.489:50.863|64.799:48.252|61.743:47.292|57.358:58.929|58.574:62.266|69.436:64.489|72.800:60.832|85.358:70.494|87.790:80.734|57.357:87.348|58.523:90.885|27.488:84.006|8.000:8.000,0-14-18-19-29-21-7-11-6-3-26-22-15-27-17-16-20-31-9-23-8-24-30-13-4-1-12-0,0.0015934258699417
96,moderate,sparse,WindAwareGreedy,32,20,0.625,0.7251908396946565,0.0,False,47.5,65.5,1714.9395561601016,1732.4309671838018,-514.9395561601018,-594.9395561601018,True,133.71247560137053,False,True,0.1504856656764617,0.0075627625019315,2.0,True,1.0,8.000:8.000|55.524:41.827|57.358:58.929|73.161:54.821|61.743:47.292|50.393:35.208|57.314:38.718|72.335:32.407|71.307:35.296|75.536:27.593|74.388:33.387|61.945:30.071|60.991:24.412|87.707:18.426|94.628:24.853|64.799:48.252|71.489:50.863|69.436:64.489|57.357:87.348|27.488:84.006|31.789:84.161|8.000:8.000,0-14-9-17-31-19-18-7-6-26-11-29-21-15-27-20-16-8-4-12-2-0,0.0016310990322381
96,moderate,sparse,ReserveOnlyPlanner,32,9,0.28125,0.3053435114503817,0.3053435114503817,True,20.0,65.5,1062.0307701735248,1140.1470562542318,137.9692298264751,57.9692298264751,False,73.61079364999391,True,False,0.0688924984871552,0.0068948238874285,2.0,False,1.0,8.000:8.000|55.524:41.827|57.358:58.929|58.574:62.266|57.357:87.348|58.523:90.885|27.488:84.006|31.789:84.161|21.427:74.868|35.936:78.533|8.000:8.000,0-14-9-23-4-1-12-2-28-25-0,0.0010521342046558
96,moderate,sparse,FairRiskAwareGreedy,32,16,0.5,0.5801526717557252,0.5801526717557252,True,38.0,65.5,1099.9863839366426,1146.7971294431454,100.01361606335716,20.013616063357148,False,119.29717689769356,True,False,0.0021980204411912,0.0001294001564478,2.8284271247461903,False,1.0,8.000:8.000|55.524:41.827|57.358:58.929|61.743:47.292|73.161:54.821|50.393:35.208|75.536:27.593|72.335:32.407|71.307:35.296|74.388:33.387|60.991:24.412|61.945:30.071|87.707:18.426|94.628:24.853|57.357:87.348|58.574:62.266|58.479:53.432|8.000:8.000,0-14-9-31-17-19-26-7-6-11-21-29-15-27-4-23-32-0,0.0022654228378087
96,moderate,sparse,FairALNSPlanner,32,24,0.75,0.8091603053435115,0.8091603053435115,True,53.0,65.5,1056.1242868405875,1191.992219954249,143.87571315941256,63.87571315941256,False,125.91065079793395,True,False,0.0244107757716773,0.0009774004587165,2.0,False,1.0,8.000:8.000|50.393:35.208|57.314:38.718|55.524:41.827|61.743:47.292|64.799:48.252|71.489:50.863|73.161:54.821|71.932:37.248|71.307:35.296|72.335:32.407|74.388:33.387|77.430:29.270|75.536:27.593|87.707:18.426|94.628:24.853|85.358:70.494|87.790:80.734|57.357:87.348|69.436:64.489|58.574:62.266|57.358:58.929|58.479:53.432|61.945:30.071|60.991:24.412|8.000:8.000,0-19-18-14-31-20-16-17-3-6-7-11-22-26-15-27-30-13-4-8-23-9-32-29-21-0,13.935687033925204
96,moderate,sparse,RAWA-RHP,32,27,0.84375,0.8778625954198473,0.8778625954198473,True,57.5,65.5,1046.1448206192154,1197.82384724318,153.8551793807845,73.85517938078453,False,131.51336666561153,True,False,0.0491968677759002,0.0017845056246897,2.0,False,1.0,8.000:8.000|50.393:35.208|60.991:24.412|61.945:30.071|57.314:38.718|55.524:41.827|61.743:47.292|64.799:48.252|71.932:37.248|71.307:35.296|72.335:32.407|74.388:33.387|77.430:29.270|75.536:27.593|87.707:18.426|94.628:24.853|89.369:41.257|71.489:50.863|73.161:54.821|72.800:60.832|69.436:64.489|58.574:62.266|57.358:58.929|57.357:87.348|35.936:78.533|31.789:84.161|27.488:84.006|21.427:74.868|8.000:8.000,0-19-21-29-18-14-31-20-3-6-7-11-22-26-15-27-5-16-17-24-8-23-9-4-25-2-12-28-0,88.05390378506854
97,calm,cluttered,NearestNeighbor,32,28,0.875,0.8615384615384616,0.0,False,56.0,65.0,1307.127473510999,1291.8090265054254,-107.12747351099831,-187.12747351099836,True,148.6729139041398,False,True,0.0673506396759346,0.0023896167229074,2.0,True,1.0,8.000:8.000|22.733:22.978|38.529:24.015|40.737:18.868|33.250:44.169|34.079:47.840|27.115:54.315|23.658:61.438|16.858:47.168|17.138:42.399|42.347:52.988|52.728:44.738|54.201:61.271|51.609:76.649|49.599:81.434|43.811:86.868|35.242:79.679|41.487:72.279|67.688:80.404|69.821:81.670|70.748:87.564|75.826:88.357|91.618:95.687|91.885:75.351|87.148:77.719|85.908:59.963|78.504:56.608|67.383:39.714|65.931:37.146|8.000:8.000,0-7-5-21-25-12-9-16-20-31-30-32-15-19-8-3-28-24-26-23-17-27-4-14-18-29-22-6-13-0,0.0020667149219661
97,calm,cluttered,ValuePerDistance,32,27,0.84375,0.8769230769230769,0.0,False,57.0,65.0,1298.049551475666,1285.1744196393888,-98.0495514756658,-178.0495514756658,True,145.48460875553766,False,True,0.0608153412913692,0.0022293663077165,2.0,True,1.0,8.000:8.000|22.733:22.978|38.529:24.015|40.737:18.868|78.050:20.754|87.156:16.012|96.774:28.225|65.931:37.146|67.383:39.714|78.504:56.608|85.908:59.963|87.148:77.719|91.885:75.351|91.618:95.687|75.826:88.357|70.748:87.564|69.821:81.670|67.688:80.404|54.201:61.271|49.599:81.434|43.811:86.868|51.609:76.649|41.487:72.279|35.242:79.679|23.658:61.438|27.115:54.315|34.079:47.840|33.250:44.169|8.000:8.000,0-7-5-21-1-2-11-13-6-22-29-18-14-4-27-17-23-26-15-8-3-19-24-28-16-9-12-25-0,0.0016498749610036
97,calm,cluttered,WindAwareGreedy,32,21,0.65625,0.7153846153846154,0.0,False,46.5,65.0,1411.9866250469884,1411.653063649757,-211.9866250469886,-291.9866250469886,True,146.51947889627132,False,True,0.0551605615956776,0.0025682392681211,2.0,True,1.0,8.000:8.000|22.733:22.978|17.138:42.399|38.529:24.015|40.737:18.868|78.050:20.754|65.931:37.146|54.201:61.271|49.599:81.434|43.811:86.868|35.242:79.679|23.658:61.438|27.115:54.315|16.858:47.168|34.079:47.840|42.347:52.988|67.688:80.404|69.821:81.670|91.618:95.687|87.148:77.719|75.826:88.357|70.748:87.564|8.000:8.000,0-7-31-5-21-1-13-15-8-3-28-16-9-20-12-30-26-23-4-18-27-17-0,0.001569528831169
97,calm,cluttered,ReserveOnlyPlanner,32,20,0.625,0.7076923076923077,0.7076923076923077,True,46.0,65.0,1074.951214259356,1112.9377605738766,125.04878574064426,45.04878574064426,False,119.96985129975351,True,False,0.0345347177540378,0.0016652769702745,2.0,False,1.0,8.000:8.000|22.733:22.978|17.138:42.399|16.858:47.168|23.658:61.438|49.599:81.434|43.811:86.868|35.242:79.679|54.201:61.271|67.688:80.404|69.821:81.670|75.826:88.357|91.618:95.687|87.148:77.719|91.885:75.351|85.908:59.963|78.504:56.608|65.931:37.146|78.050:20.754|38.529:24.015|40.737:18.868|8.000:8.000,0-7-31-20-16-8-3-28-15-26-23-27-4-18-14-29-22-13-1-5-21-0,0.0016750539653003
97,calm,cluttered,FairRiskAwareGreedy,32,14,0.4375,0.4769230769230769,0.4769230769230769,True,31.0,65.0,1096.3151985952916,1113.2018635165657,103.68480140470852,23.68480140470851,False,120.99275460374332,True,False,0.0200427853973512,0.0013465298069805,2.0,False,1.0,8.000:8.000|17.138:42.399|38.529:24.015|78.050:20.754|96.774:28.225|49.599:81.434|43.811:86.868|54.201:61.271|22.733:22.978|40.737:18.868|23.658:61.438|16.858:47.168|27.115:54.315|34.079:47.840|33.250:44.169|8.000:8.000,0-31-5-1-11-8-3-15-7-21-16-20-9-12-25-0,0.0021512019447982
97,calm,cluttered,FairALNSPlanner,32,21,0.65625,0.7461538461538462,0.7461538461538462,True,48.5,65.0,1066.3591782637,1136.1772483082862,133.64082173629984,53.64082173629984,False,127.36786359309173,True,False,0.0475260141253878,0.002201315080248,2.0,False,1.0,8.000:8.000|40.737:18.868|38.529:24.015|96.774:28.225|87.156:16.012|78.050:20.754|65.931:37.146|67.383:39.714|85.908:59.963|87.148:77.719|91.885:75.351|91.618:95.687|75.826:88.357|69.821:81.670|67.688:80.404|54.201:61.271|51.609:76.649|49.599:81.434|43.811:86.868|35.242:79.679|17.138:42.399|22.733:22.978|8.000:8.000,0-21-5-11-2-1-13-6-29-18-14-4-27-23-26-15-19-8-3-28-31-7-0,11.320787652162837
97,calm,cluttered,RAWA-RHP,32,26,0.8125,0.8307692307692308,0.8307692307692308,True,54.0,65.0,1058.525336404878,1119.1349316802418,141.474663595122,61.474663595122,False,135.65102687190063,True,False,0.0240975352929981,0.0009004155027196,2.0,False,1.0,8.000:8.000|22.733:22.978|17.138:42.399|16.858:47.168|23.658:61.438|41.487:72.279|43.811:86.868|49.599:81.434|51.609:76.649|54.201:61.271|67.688:80.404|69.821:81.670|70.748:87.564|75.826:88.357|87.148:77.719|91.885:75.351|85.908:59.963|96.774:28.225|87.156:16.012|78.050:20.754|65.931:37.146|67.383:39.714|52.728:44.738|34.079:47.840|33.250:44.169|38.529:24.015|40.737:18.868|8.000:8.000,0-7-31-20-16-24-3-8-19-15-26-23-17-27-18-14-29-11-2-1-13-6-32-12-25-5-21-0,72.4888645389583
96,calm,cluttered,NearestNeighbor,32,30,0.9375,0.9316239316239316,0.0,False,54.5,58.5,1246.1025758031196,1243.9817767908771,-46.102575803119294,-126.1025758031193,True,149.6116930907813,False,True,0.0433561864183589,0.0014224229214013,2.0,True,1.0,8.000:8.000|21.010:21.446|36.570:29.839|43.991:41.380|52.540:41.721|71.311:42.852|71.441:46.043|70.855:48.464|71.346:38.320|66.300:29.602|81.619:25.376|87.136:24.546|89.713:18.298|91.696:50.592|81.672:75.552|73.337:77.278|54.948:78.784|42.653:75.613|38.981:87.055|37.585:90.776|28.483:94.179|24.500:90.093|22.987:87.756|16.216:85.081|21.303:65.404|29.249:61.945|37.836:58.843|47.942:62.807|58.608:62.691|62.675:59.669|28.160:45.985|8.000:8.000,0-11-28-27-1-3-21-5-13-6-25-17-4-22-26-10-19-12-9-20-31-18-15-8-29-2-24-16-7-14-30-0,0.0021215798333287
96,calm,cluttered,ValuePerDistance,32,27,0.84375,0.8974358974358975,0.0,False,52.5,58.5,1376.2264646983515,1382.5879995943287,-176.22646469835155,-256.22646469835155,True,155.07922783737473,False,True,0.0359658161957621,0.0013040374053214,2.0,True,1.0,8.000:8.000|21.010:21.446|36.570:29.839|28.160:45.985|37.836:58.843|47.942:62.807|58.608:62.691|62.675:59.669|71.441:46.043|71.311:42.852|71.346:38.320|66.300:29.602|87.136:24.546|89.713:18.298|81.619:25.376|91.696:50.592|81.672:75.552|73.337:77.278|87.289:94.411|37.585:90.776|38.981:87.055|42.653:75.613|22.987:87.756|24.500:90.093|28.483:94.179|16.216:85.081|29.249:61.945|21.303:65.404|8.000:8.000,0-11-28-30-24-16-7-14-21-3-13-6-17-4-25-22-26-10-23-20-9-12-15-18-31-8-2-29-0,0.0015924340113997
96,calm,cluttered,WindAwareGreedy,32,17,0.53125,0.6581196581196581,0.0,False,38.5,58.5,1345.7007992804706,1342.954560235756,-145.70079928047053,-225.70079928047053,True,137.7766774204778,False,True,0.0391376830952922,0.00220730269786,2.0,True,1.0,8.000:8.000|36.570:29.839|47.942:62.807|58.608:62.691|71.441:46.043|66.300:29.602|71.311:42.852|91.696:50.592|81.672:75.552|87.289:94.411|22.987:87.756|37.585:90.776|42.653:75.613|37.836:58.843|28.160:45.985|21.010:21.446|53.934:14.679|52.540:41.721|8.000:8.000,0-28-16-7-21-6-3-22-26-23-15-20-12-24-30-11-32-1-0,0.0013843260239809
96,calm,cluttered,ReserveOnlyPlanner,32,18,0.5625,0.6752136752136753,0.6752136752136753,True,39.5,58.5,1114.487121195329,1150.1623229382787,85.51287880467069,5.512878804670692,False,120.01943681777604,True,False,0.03751340521549,0.0020043150139832,2.0,False,1.0,8.000:8.000|36.570:29.839|47.942:62.807|58.608:62.691|71.441:46.043|71.311:42.852|66.300:29.602|91.696:50.592|81.672:75.552|87.289:94.411|73.337:77.278|42.653:75.613|22.987:87.756|24.500:90.093|37.585:90.776|38.981:87.055|37.836:58.843|28.160:45.985|21.010:21.446|8.000:8.000,0-28-16-7-21-3-6-22-26-23-10-12-15-18-20-9-24-30-11-0,0.0015352270565927
96,calm,cluttered,FairRiskAwareGreedy,32,12,0.375,0.4957264957264957,0.4957264957264957,True,29.0,58.5,1046.13106370001,1066.3641648928738,153.8689362999896,73.8689362999896,False,114.62475887835213,True,False,0.0244588831613495,0.0018998154285479,2.0,False,1.0,8.000:8.000|36.570:29.839|47.942:62.807|71.441:46.043|66.300:29.602|91.696:50.592|58.608:62.691|28.160:45.985|22.987:87.756|37.836:58.843|42.653:75.613|37.585:90.776|21.010:21.446|8.000:8.000,0-28-16-21-6-22-7-30-15-24-12-20-11-0,0.0019399009179323
96,calm,cluttered,FairALNSPlanner,32,25,0.78125,0.8376068376068376,0.8376068376068376,True,49.0,58.5,1058.832709318876,1130.2255364966582,141.16729068112437,61.16729068112437,False,136.34708809335356,True,False,0.0260149651715766,0.0010101470402901,2.0,False,1.0,8.000:8.000|36.570:29.839|66.300:29.602|81.619:25.376|87.136:24.546|91.696:50.592|87.289:94.411|81.672:75.552|73.337:77.278|71.311:42.852|71.441:46.043|70.855:48.464|62.675:59.669|58.608:62.691|47.942:62.807|42.653:75.613|38.981:87.055|37.585:90.776|28.483:94.179|24.500:90.093|22.987:87.756|21.303:65.404|29.249:61.945|37.836:58.843|28.160:45.985|21.010:21.446|8.000:8.000,0-28-6-25-17-22-23-26-10-3-21-5-14-7-16-12-9-20-31-18-15-29-2-24-30-11-0,15.56261557387188
96,calm,cluttered,RAWA-RHP,32,25,0.78125,0.8461538461538461,0.8461538461538461,True,49.5,58.5,1052.3366782040157,1121.7366433919988,147.66332179598476,67.66332179598476,False,135.21221994161328,True,False,0.024127148090324,0.0009357436191936,2.0,False,1.0,8.000:8.000|36.570:29.839|66.300:29.602|71.441:46.043|71.311:42.852|71.346:38.320|81.619:25.376|87.136:24.546|91.696:50.592|87.289:94.411|81.672:75.552|73.337:77.278|58.608:62.691|47.942:62.807|42.653:75.613|38.981:87.055|37.585:90.776|28.483:94.179|24.500:90.093|22.987:87.756|16.216:85.081|21.303:65.404|29.249:61.945|37.836:58.843|28.160:45.985|21.010:21.446|8.000:8.000,0-28-6-21-3-13-25-17-22-23-26-10-7-16-12-9-20-31-18-15-8-29-2-24-30-11-0,97.85786413191818
97,moderate,cluttered,NearestNeighbor,32,19,0.59375,0.6106194690265486,0.0,False,34.5,56.5,1253.4618320354434,1235.8859282896767,-53.46183203544325,-133.46183203544325,True,103.13944401239614,False,True,0.1041542757944303,0.0053780850540122,2.0,True,1.0,8.000:8.000|22.575:17.583|27.708:16.421|30.127:28.518|45.581:39.837|44.471:50.474|55.446:56.626|66.260:67.530|76.534:64.908|72.962:57.546|80.015:48.603|77.047:44.173|79.004:32.412|79.539:20.466|73.561:13.402|60.273:11.287|49.741:26.808|47.541:26.229|62.158:33.509|19.625:47.645|8.000:8.000,0-27-2-8-30-1-26-24-31-22-6-19-20-32-17-10-23-16-9-29-0,0.0017006869893521
97,moderate,cluttered,ValuePerDistance,32,18,0.5625,0.6017699115044248,0.0,False,34.0,56.5,1216.8387157965244,1224.1345141998622,-16.838715796524752,-96.83871579652477,True,102.82738641349762,False,True,0.0704983586304909,0.0038050451627495,2.0,True,1.0,8.000:8.000|15.426:27.269|22.575:17.583|27.708:16.421|30.127:28.518|45.581:39.837|55.446:56.626|66.260:67.530|76.534:64.908|72.962:57.546|80.015:48.603|77.047:44.173|62.158:33.509|49.741:26.808|47.541:26.229|73.561:13.402|79.539:20.466|79.004:32.412|60.273:11.287|8.000:8.000,0-18-27-2-8-30-26-24-31-22-6-19-9-23-16-17-32-20-10-0,0.0012729819864034
97,moderate,cluttered,WindAwareGreedy,32,14,0.4375,0.5575221238938053,0.0,False,31.5,56.5,1258.3742765931534,1270.9441760616105,-58.37427659315309,-138.37427659315307,True,99.6195660218072,False,True,0.2537146291012389,0.0187577588912248,2.0,True,1.0,8.000:8.000|15.426:27.269|27.708:16.421|22.575:17.583|19.625:47.645|12.054:58.496|55.446:56.626|66.260:67.530|72.962:57.546|76.534:64.908|44.752:87.767|38.962:75.924|45.581:39.837|49.741:26.808|47.541:26.229|8.000:8.000,0-18-2-27-29-28-26-24-22-31-13-7-30-23-16-0,0.0012412620708346
97,moderate,cluttered,ReserveOnlyPlanner,32,13,0.40625,0.4336283185840708,0.4336283185840708,True,24.5,56.5,1110.3318542706045,1165.1687377322503,89.66814572939565,9.668145729395649,False,89.75197817198713,True,False,0.2030461718402274,0.0158731023802146,2.0,False,1.0,8.000:8.000|15.426:27.269|27.708:16.421|22.575:17.583|19.625:47.645|12.054:58.496|16.415:77.478|55.446:56.626|45.581:39.837|49.741:26.808|47.541:26.229|62.158:33.509|73.561:13.402|60.273:11.287|8.000:8.000,0-18-2-27-29-28-12-26-30-23-16-9-17-10-0,0.0012417859397828
97,moderate,cluttered,FairRiskAwareGreedy,32,15,0.46875,0.5486725663716814,0.5486725663716814,True,31.0,56.5,1088.4321290894948,1125.149066819475,111.5678709105052,31.567870910505192,False,117.0397793943502,True,False,0.0003677222193469,2.2982969232442085e-05,2.8284271247461903,False,1.0,8.000:8.000|15.426:27.269|55.446:56.626|66.260:67.530|76.534:64.908|72.962:57.546|62.158:33.509|27.708:16.421|22.575:17.583|49.741:26.808|47.541:26.229|73.561:13.402|79.539:20.466|38.962:75.924|19.625:47.645|30.127:28.518|8.000:8.000,0-18-26-24-31-22-9-2-27-23-16-17-32-7-29-8-0,0.0019558239728212
97,moderate,cluttered,FairALNSPlanner,32,20,0.625,0.7168141592920354,0.7168141592920354,True,40.5,56.5,1032.7312370081231,1186.6010984088111,167.2687629918768,87.2687629918768,False,118.9830628673054,True,False,0.0545682839200482,0.002635989234556,2.0,False,1.0,8.000:8.000|15.426:27.269|19.625:47.645|12.054:58.496|16.415:77.478|31.081:93.851|44.752:87.767|38.962:75.924|65.084:78.970|70.476:89.997|66.260:67.530|55.446:56.626|80.015:48.603|72.962:57.546|76.534:64.908|62.158:33.509|49.741:26.808|47.541:26.229|27.708:16.421|30.127:28.518|22.575:17.583|8.000:8.000,0-18-29-28-12-11-13-7-4-21-24-26-6-22-31-9-23-16-2-8-27-0,10.925829506944863
97,moderate,cluttered,RAWA-RHP,32,24,0.75,0.8053097345132744,0.8053097345132744,True,45.5,56.5,1039.3211146264766,1198.5203071383166,160.67888537352297,80.67888537352297,False,124.409793617272,True,False,0.0818614431805931,0.0033760337314971,2.0,False,1.0,8.000:8.000|15.426:27.269|19.625:47.645|12.054:58.496|16.415:77.478|31.081:93.851|44.752:87.767|38.962:75.924|44.098:76.177|55.446:56.626|56.967:78.448|65.084:78.970|70.476:89.997|66.260:67.530|76.534:64.908|72.962:57.546|80.015:48.603|77.047:44.173|62.158:33.509|49.741:26.808|47.541:26.229|45.581:39.837|30.127:28.518|27.708:16.421|22.575:17.583|8.000:8.000,0-18-29-28-12-11-13-7-3-26-5-4-21-24-31-22-6-19-9-23-16-30-8-2-27-0,67.95572395203635
98,calm,sparse,NearestNeighbor,32,30,0.9375,0.9296875,0.0,False,59.5,64.0,1326.048042309706,1322.4164062793182,-126.04804230970618,-206.04804230970615,True,158.222477234935,False,True,0.0299131873959012,0.000976455454332,2.0,True,1.0,8.000:8.000|39.929:17.912|44.507:17.827|52.909:19.839|59.986:30.939|66.026:25.648|76.422:29.776|77.373:33.238|83.177:41.342|81.613:44.163|71.759:49.690|70.004:54.638|79.549:57.300|72.974:77.304|53.013:81.369|49.490:80.295|47.825:82.416|47.279:73.450|44.308:91.187|46.432:95.216|49.256:96.992|28.677:81.827|26.515:83.416|17.048:78.225|23.214:70.273|29.358:69.178|18.332:47.545|42.060:39.294|43.920:37.745|67.288:43.026|86.229:19.416|8.000:8.000,0-21-2-17-15-25-8-5-27-16-19-7-23-9-30-31-1-32-13-24-10-3-26-22-4-18-12-11-28-14-29-0,0.0021206189412623
98,calm,sparse,ValuePerDistance,32,29,0.90625,0.9453125,0.0,False,60.5,64.0,1354.1607800391157,1351.0490710208717,-154.16078003911554,-234.16078003911556,True,157.71078960300682,False,True,0.0146625496086283,0.0004915587529623,2.0,True,1.0,8.000:8.000|44.507:17.827|52.909:19.839|59.986:30.939|66.026:25.648|77.373:33.238|76.422:29.776|81.613:44.163|83.177:41.342|71.759:49.690|70.004:54.638|79.549:57.300|72.974:77.304|53.013:81.369|47.825:82.416|49.490:80.295|47.279:73.450|44.308:91.187|46.432:95.216|49.256:96.992|26.515:83.416|28.677:81.827|23.047:93.627|10.032:86.176|17.048:78.225|23.214:70.273|29.358:69.178|42.060:39.294|43.920:37.745|86.229:19.416|8.000:8.000,0-2-17-15-25-5-8-16-27-19-7-23-9-30-1-31-32-13-24-10-26-3-6-20-22-4-18-11-28-29-0,0.0016309809871017
98,calm,sparse,WindAwareGreedy,32,21,0.65625,0.78125,0.0,False,50.0,64.0,1318.2795007440836,1309.9286037005184,-118.27950074408348,-198.2795007440835,True,142.70395000978408,False,True,0.0314250254971922,0.0014477220768303,2.0,True,1.0,8.000:8.000|44.507:17.827|52.909:19.839|59.986:30.939|77.373:33.238|81.613:44.163|79.549:57.300|71.759:49.690|86.229:19.416|66.026:25.648|76.422:29.776|83.177:41.342|70.004:54.638|26.515:83.416|23.047:93.627|44.308:91.187|47.825:82.416|47.279:73.450|53.013:81.369|28.677:81.827|10.032:86.176|23.214:70.273|8.000:8.000,0-2-17-15-5-16-23-19-29-25-8-27-7-26-6-13-1-32-30-3-20-4-0,0.001579439966008
98,calm,sparse,ReserveOnlyPlanner,32,18,0.5625,0.6484375,0.6484375,True,41.5,64.0,1112.2740983983747,1147.2542636108722,87.72590160162534,7.725901601625338,False,120.97039123276488,True,False,0.0272076141083553,0.0014479331969734,2.0,False,1.0,8.000:8.000|44.507:17.827|52.909:19.839|59.986:30.939|77.373:33.238|81.613:44.163|79.549:57.300|71.759:49.690|70.004:54.638|86.229:19.416|66.026:25.648|76.422:29.776|83.177:41.342|67.288:43.026|26.515:83.416|23.047:93.627|28.677:81.827|23.214:70.273|18.332:47.545|8.000:8.000,0-2-17-15-5-16-23-19-7-29-25-8-27-14-26-6-3-4-12-0,0.0015519179869443
98,calm,sparse,FairRiskAwareGreedy,32,17,0.53125,0.6328125,0.6328125,True,40.5,64.0,1097.9033043573315,1118.005117225066,102.09669564266834,22.096695642668337,False,126.31654174271348,True,False,0.0213146095070805,0.0011947240245472,2.0,False,1.0,8.000:8.000|44.507:17.827|52.909:19.839|77.373:33.238|86.229:19.416|59.986:30.939|26.515:83.416|23.047:93.627|44.308:91.187|47.825:82.416|79.549:57.300|71.759:49.690|70.004:54.638|66.026:25.648|76.422:29.776|83.177:41.342|67.288:43.026|42.060:39.294|8.000:8.000,0-2-17-5-29-15-26-6-13-1-23-19-7-25-8-27-14-11-0,0.0027294280007481
98,calm,sparse,FairALNSPlanner,32,26,0.8125,0.890625,0.890625,True,57.0,64.0,1065.0977822812144,1126.9801324604691,134.90221771878566,54.902217718785664,False,136.4777966749597,True,False,0.019158437294977,0.0007149002477508,2.0,False,1.0,8.000:8.000|39.929:17.912|44.507:17.827|52.909:19.839|66.026:25.648|86.229:19.416|59.986:30.939|76.422:29.776|77.373:33.238|83.177:41.342|81.613:44.163|67.288:43.026|71.759:49.690|70.004:54.638|79.549:57.300|72.974:77.304|53.013:81.369|47.279:73.450|47.825:82.416|44.308:91.187|46.432:95.216|28.677:81.827|26.515:83.416|23.047:93.627|10.032:86.176|17.048:78.225|23.214:70.273|8.000:8.000,0-21-2-17-25-29-15-8-5-27-16-14-19-7-23-9-30-32-1-13-24-3-26-6-20-22-4-0,17.915218680165708
98,calm,sparse,RAWA-RHP,32,29,0.90625,0.9375,0.9375,True,60.0,64.0,1045.506799173174,1116.9717726937345,154.49320082682632,74.49320082682632,False,138.93307886406038,True,False,0.019079658709337,0.0006407465209649,2.0,False,1.0,8.000:8.000|39.929:17.912|44.507:17.827|52.909:19.839|59.986:30.939|66.026:25.648|86.229:19.416|76.422:29.776|77.373:33.238|83.177:41.342|81.613:44.163|67.288:43.026|71.759:49.690|70.004:54.638|79.549:57.300|72.974:77.304|53.013:81.369|47.279:73.450|49.490:80.295|47.825:82.416|44.308:91.187|49.256:96.992|46.432:95.216|28.677:81.827|26.515:83.416|23.047:93.627|10.032:86.176|17.048:78.225|23.214:70.273|18.332:47.545|8.000:8.000,0-21-2-17-15-25-29-8-5-27-16-14-19-7-23-9-30-32-31-1-13-10-24-3-26-6-20-22-4-12-0,46.396279715932906
94,moderate,cluttered,NearestNeighbor,32,26,0.8125,0.8306451612903226,0.0,False,51.5,62.0,1558.3220748723247,1561.272656750432,-358.3220748723245,-438.3220748723245,True,145.13770948635994,False,True,0.1501755141151938,0.0059027245550228,2.0,True,1.0,8.000:8.000|12.824:28.323|31.897:26.660|37.942:23.264|44.560:34.664|43.292:38.474|48.236:38.368|58.891:39.327|64.756:36.485|66.991:30.374|60.773:21.209|60.724:19.042|85.207:21.919|84.566:24.602|92.477:35.374|92.121:15.782|76.093:44.595|85.359:55.533|87.524:53.696|78.744:58.840|64.814:58.640|52.978:62.518|45.724:59.308|67.031:73.208|69.772:71.072|84.088:82.960|68.588:88.975|8.000:8.000,0-23-29-8-12-32-2-5-26-30-19-22-10-17-27-31-6-14-15-1-20-16-11-28-9-21-24-0,0.0019641758408397
94,moderate,cluttered,ValuePerDistance,32,28,0.875,0.9032258064516128,0.0,False,56.0,62.0,1347.3819474739769,1350.476224130272,-147.3819474739765,-227.3819474739765,True,136.04538904855082,False,True,0.1505436460981389,0.0055105814377658,2.0,True,1.0,8.000:8.000|12.824:28.323|31.897:26.660|37.942:23.264|44.560:34.664|43.292:38.474|48.236:38.368|58.891:39.327|64.756:36.485|66.991:30.374|60.724:19.042|60.773:21.209|85.207:21.919|84.566:24.602|92.477:35.374|87.524:53.696|85.359:55.533|78.744:58.840|64.814:58.640|69.772:71.072|67.031:73.208|45.724:59.308|52.978:62.518|17.833:48.105|21.265:46.539|25.192:46.021|13.756:52.384|8.023:61.733|11.590:59.746|8.000:8.000,0-23-29-8-12-32-2-5-26-30-22-19-10-17-27-15-14-1-20-9-28-11-16-4-3-18-25-13-7-0,0.0015721949748694
94,moderate,cluttered,WindAwareGreedy,32,20,0.625,0.7419354838709677,0.0,False,46.0,62.0,1381.372604997287,1396.1541838025078,-181.37260499728728,-261.3726049972873,True,120.69852047132169,False,True,0.1422577013356596,0.0071496377305483,2.0,True,1.0,8.000:8.000|12.824:28.323|17.833:48.105|13.756:52.384|21.265:46.539|31.897:26.660|37.942:23.264|44.560:34.664|45.724:59.308|58.891:39.327|64.756:36.485|66.991:30.374|60.724:19.042|60.773:21.209|85.207:21.919|92.477:35.374|87.524:53.696|64.814:58.640|67.031:73.208|69.772:71.072|52.978:62.518|8.000:8.000,0-23-4-25-3-29-8-12-11-5-26-30-22-19-10-27-15-20-28-9-16-0,0.0015439849812537
94,moderate,cluttered,ReserveOnlyPlanner,32,18,0.5625,0.6451612903225806,0.6451612903225806,True,40.0,62.0,1055.1094973523009,1142.4455488598694,144.8905026476993,64.8905026476993,False,94.96923864212974,True,False,0.0840069711592451,0.0045555063748136,2.0,False,1.0,8.000:8.000|12.824:28.323|17.833:48.105|13.756:52.384|21.265:46.539|25.192:46.021|31.897:26.660|37.942:23.264|44.560:34.664|45.724:59.308|52.978:62.518|67.031:73.208|69.772:71.072|64.814:58.640|58.891:39.327|64.756:36.485|66.991:30.374|60.724:19.042|60.773:21.209|8.000:8.000,0-23-4-25-3-18-29-8-12-11-16-28-9-20-5-26-30-22-19-0,0.0016064911615103
94,moderate,cluttered,FairRiskAwareGreedy,32,13,0.40625,0.4435483870967742,0.4435483870967742,True,27.5,62.0,892.4648553437189,933.1796481591988,307.53514465628103,227.53514465628103,False,100.10238462662792,True,False,0.0056636536421611,0.0004054716204813,2.0,False,1.0,8.000:8.000|12.824:28.323|17.833:48.105|31.897:26.660|37.942:23.264|60.724:19.042|60.773:21.209|66.991:30.374|21.265:46.539|13.756:52.384|64.756:36.485|25.192:46.021|8.023:61.733|11.590:59.746|8.000:8.000,0-23-4-29-8-22-19-30-3-25-26-18-13-7-0,0.0016434560529887
94,moderate,cluttered,FairALNSPlanner,32,13,0.40625,0.4516129032258064,0.4516129032258064,True,28.0,62.0,616.4052493471579,692.1497943635813,583.5947506528422,503.5947506528422,False,72.84689896495522,True,False,0.0377088279971288,0.0027147315026351,2.0,False,1.0,8.000:8.000|12.824:28.323|8.023:61.733|11.590:59.746|13.756:52.384|17.833:48.105|21.265:46.539|25.192:46.021|31.897:26.660|60.724:19.042|60.773:21.209|64.756:36.485|58.891:39.327|44.560:34.664|8.000:8.000,0-23-13-7-25-4-3-18-29-22-19-26-5-12-0,13.259883645921946
94,moderate,cluttered,RAWA-RHP,32,29,0.90625,0.935483870967742,0.935483870967742,True,58.0,62.0,1037.3086039408531,1195.2668891096616,162.69139605914685,82.69139605914685,False,136.30602939477976,True,False,0.0950508682045555,0.0032871887891121,2.0,False,1.0,8.000:8.000|31.897:26.660|37.942:23.264|60.724:19.042|60.773:21.209|66.991:30.374|64.756:36.485|58.891:39.327|84.566:24.602|85.207:21.919|92.121:15.782|92.477:35.374|87.524:53.696|85.359:55.533|78.744:58.840|69.772:71.072|67.031:73.208|64.814:58.640|52.978:62.518|45.724:59.308|48.236:38.368|44.560:34.664|43.292:38.474|25.192:46.021|21.265:46.539|17.833:48.105|13.756:52.384|8.023:61.733|11.590:59.746|12.824:28.323|8.000:8.000,0-29-8-22-19-30-26-5-17-10-31-27-15-14-1-9-28-20-16-11-2-12-32-18-3-4-25-13-7-23-0,160.0981766099576
98,severe,cluttered,NearestNeighbor,32,17,0.53125,0.5223880597014925,0.0,False,35.0,67.0,2069.212431520989,2049.0657260033704,-869.212431520989,-949.212431520989,True,97.54064657212824,False,True,0.0303352154852779,0.0017039755753121,2.0,True,1.0,8.000:8.000|28.332:38.985|32.636:42.558|37.690:43.212|40.949:38.937|54.784:47.167|63.304:48.618|76.470:46.297|77.946:59.353|80.342:58.147|71.245:58.240|69.298:59.569|74.462:66.552|74.428:77.621|66.588:82.476|68.180:89.264|74.157:95.464|87.945:89.022|8.000:8.000,0-9-18-7-19-31-17-21-13-23-28-22-29-24-14-26-25-16-0,0.0016640471294522
98,severe,cluttered,ValuePerDistance,32,12,0.375,0.4776119402985074,0.0,False,32.0,67.0,2204.509991831765,2234.499224395119,-1004.5099918317652,-1084.509991831765,True,95.20740891370446,False,True,0.1669687072582913,0.0135370968455431,2.0,True,1.0,8.000:8.000|28.332:38.985|37.690:43.212|40.949:38.937|42.169:65.638|26.290:67.785|26.320:63.746|20.809:55.959|29.221:81.464|17.850:93.845|11.386:89.151|59.178:74.793|74.428:77.621|8.000:8.000,0-9-7-19-3-6-15-1-12-20-5-10-24-0,0.0010259030386805
98,severe,cluttered,WindAwareGreedy,32,15,0.46875,0.5223880597014925,0.0,False,35.0,67.0,2065.463433550797,2006.5395364431915,-865.4634335507966,-945.4634335507966,True,97.1936592112416,False,True,0.3988784845901167,0.0301100791240623,2.0,True,1.0,8.000:8.000|28.332:38.985|37.690:43.212|40.949:38.937|57.508:15.461|53.181:14.756|48.678:11.671|54.784:47.167|71.245:58.240|80.342:58.147|77.946:59.353|74.462:66.552|74.428:77.621|68.180:89.264|59.178:74.793|69.298:59.569|8.000:8.000,0-9-7-19-11-4-32-31-28-23-13-29-24-26-10-22-0,0.0013047731481492
98,severe,cluttered,ReserveOnlyPlanner,32,7,0.21875,0.2164179104477611,0.2164179104477611,True,14.5,67.0,1012.8850837774498,1157.449346274124,187.1149162225504,107.1149162225504,False,50.63079706518481,True,False,0.0649868818731407,0.0081672598422074,2.0,False,1.0,8.000:8.000|28.332:38.985|37.690:43.212|40.949:38.937|57.508:15.461|53.181:14.756|48.678:11.671|32.636:42.558|8.000:8.000,0-9-7-19-11-4-32-18-0,0.0009983400814235
98,severe,cluttered,FairRiskAwareGreedy,32,14,0.4375,0.5373134328358209,0.5373134328358209,True,36.0,67.0,1037.834307201128,1084.4274968122118,162.1656927988721,82.1656927988721,False,92.44911877413077,True,False,0.0135498840734402,0.0009084222166705,2.8284271247461903,False,1.0,8.000:8.000|28.332:38.985|37.690:43.212|40.949:38.937|42.169:65.638|29.221:81.464|26.290:67.785|20.809:55.959|26.320:63.746|54.784:47.167|71.245:58.240|80.342:58.147|57.508:15.461|53.181:14.756|48.678:11.671|8.000:8.000,0-9-7-19-3-12-6-1-15-31-28-23-11-4-32-0,0.0016569360159337
98,severe,cluttered,FairALNSPlanner,32,17,0.53125,0.5597014925373134,0.5597014925373134,True,37.5,67.0,1050.0176238422082,1228.087773854897,149.9823761577922,69.9823761577922,False,98.44142865293304,True,False,0.0391517403313377,0.0022076095815848,2.0,False,1.0,8.000:8.000|28.332:38.985|40.949:38.937|37.690:43.212|54.784:47.167|76.470:46.297|80.342:58.147|77.946:59.353|59.178:74.793|74.428:77.621|87.945:89.022|74.462:66.552|69.298:59.569|71.245:58.240|63.304:48.618|57.508:15.461|53.181:14.756|48.678:11.671|8.000:8.000,0-9-19-7-31-21-23-13-10-24-16-29-22-28-17-11-4-32-0,7.04763148794882
98,severe,cluttered,RAWA-RHP,32,20,0.625,0.7089552238805971,0.7089552238805971,True,47.5,67.0,1044.2093775321962,1207.0503720222,155.79062246780393,75.79062246780393,False,104.6516048096202,True,False,0.0610943617094477,0.0029300088290653,2.0,False,1.0,8.000:8.000|53.181:14.756|57.508:15.461|76.470:46.297|80.342:58.147|77.946:59.353|71.245:58.240|69.298:59.569|74.462:66.552|74.428:77.621|59.178:74.793|42.169:65.638|43.305:76.942|29.221:81.464|26.290:67.785|26.320:63.746|20.809:55.959|28.332:38.985|32.636:42.558|37.690:43.212|40.949:38.937|8.000:8.000,0-4-11-21-23-13-28-22-29-24-10-3-2-12-6-15-1-9-18-7-19-0,21.329637767048556
98,calm,cluttered,NearestNeighbor,32,29,0.90625,0.8951612903225806,0.0,False,55.5,62.0,1203.4383353146834,1197.3906390873906,-3.4383353146833286,-83.43833531468333,True,147.1652035853413,False,True,0.0377761343956378,0.0012791262611951,2.0,True,1.0,8.000:8.000|13.567:29.539|13.227:43.114|21.454:45.713|31.322:44.915|33.322:42.640|27.705:54.267|36.774:60.862|37.654:62.887|39.921:60.575|41.422:68.128|50.796:60.321|55.095:67.072|61.172:70.790|64.304:66.354|80.768:66.964|86.972:63.108|69.482:48.642|61.054:50.401|43.902:49.622|42.061:31.212|51.158:27.815|54.245:30.463|53.668:20.110|46.428:14.153|63.101:23.309|82.679:37.849|91.180:41.894|92.110:22.988|29.325:27.178|8.000:8.000,0-11-25-24-27-14-15-4-9-28-31-18-13-8-30-7-1-20-21-5-29-23-3-19-17-12-22-6-16-26-0,0.0020697750151157
98,calm,cluttered,ValuePerDistance,32,28,0.875,0.9032258064516128,0.0,False,56.0,62.0,1270.79879478945,1267.37638646375,-70.79879478945023,-150.79879478945023,True,150.84282757253726,False,True,0.0319077447933515,0.0011163203666462,2.0,True,1.0,8.000:8.000|13.567:29.539|13.227:43.114|21.454:45.713|31.322:44.915|33.322:42.640|27.705:54.267|39.921:60.575|37.654:62.887|36.774:60.862|55.095:67.072|61.172:70.790|64.304:66.354|80.768:66.964|86.972:63.108|88.401:87.152|74.734:82.885|69.482:48.642|61.054:50.401|51.158:27.815|54.245:30.463|63.101:23.309|53.668:20.110|46.428:14.153|29.325:27.178|42.061:31.212|43.902:49.622|50.796:60.321|41.422:68.128|8.000:8.000,0-11-25-24-27-14-15-28-9-4-13-8-30-7-1-32-2-20-21-23-3-12-19-17-26-29-5-18-31-0,0.0015856770332902
98,calm,cluttered,WindAwareGreedy,32,20,0.625,0.7419354838709677,0.0,False,46.0,62.0,1354.0058054760443,1359.9821810449228,-154.00580547604437,-234.0058054760444,True,145.40397695348352,False,True,0.0240347043556882,0.0011564701797344,2.0,True,1.0,8.000:8.000|13.567:29.539|33.322:42.640|31.322:44.915|51.158:27.815|63.101:23.309|69.482:48.642|55.095:67.072|61.172:70.790|27.705:54.267|21.454:45.713|13.227:43.114|29.325:27.178|42.061:31.212|43.902:49.622|39.921:60.575|37.654:62.887|23.105:72.709|88.401:87.152|80.768:66.964|64.304:66.354|8.000:8.000,0-11-14-27-23-12-20-13-8-15-24-25-26-29-5-28-9-10-32-7-30-0,0.001567147905007
98,calm,cluttered,ReserveOnlyPlanner,32,21,0.65625,0.7338709677419355,0.7338709677419355,True,45.5,62.0,1109.3951293848104,1137.621820527046,90.60487061518975,10.604870615189752,False,125.28677479409656,True,False,0.0171135218133317,0.0007834146896606,2.0,False,1.0,8.000:8.000|13.567:29.539|33.322:42.640|31.322:44.915|27.705:54.267|21.454:45.713|13.227:43.114|51.158:27.815|63.101:23.309|53.668:20.110|54.245:30.463|42.061:31.212|29.325:27.178|43.902:49.622|55.095:67.072|61.172:70.790|64.304:66.354|69.482:48.642|61.054:50.401|39.921:60.575|37.654:62.887|23.105:72.709|8.000:8.000,0-11-14-27-15-24-25-23-12-19-3-29-26-5-13-8-30-20-21-28-9-10-0,0.0018181619234383
98,calm,cluttered,FairRiskAwareGreedy,32,15,0.46875,0.6048387096774194,0.6048387096774194,True,37.5,62.0,1079.766557639506,1101.5322372557089,120.23344236049408,40.23344236049408,False,122.4103093623324,True,False,0.0051641285354625,0.0003231302619879,2.0,False,1.0,8.000:8.000|13.567:29.539|33.322:42.640|31.322:44.915|27.705:54.267|55.095:67.072|51.158:27.815|63.101:23.309|69.482:48.642|61.172:70.790|88.401:87.152|80.768:66.964|39.921:60.575|21.454:45.713|13.227:43.114|23.105:72.709|8.000:8.000,0-11-14-27-15-13-23-12-20-8-32-7-28-24-25-10-0,0.0024753240868449
98,calm,cluttered,FairALNSPlanner,32,28,0.875,0.9112903225806452,0.9112903225806452,True,56.5,62.0,1057.4988713181726,1137.497124772493,142.50112868182737,62.50112868182737,False,139.42563204954365,True,False,0.0181199134285515,0.0006293886348155,2.0,False,1.0,8.000:8.000|46.428:14.153|53.668:20.110|63.101:23.309|51.158:27.815|54.245:30.463|61.054:50.401|69.482:48.642|86.972:63.108|80.768:66.964|88.401:87.152|74.734:82.885|61.172:70.790|64.304:66.354|55.095:67.072|50.796:60.321|43.902:49.622|42.061:31.212|33.322:42.640|31.322:44.915|36.774:60.862|39.921:60.575|41.422:68.128|37.654:62.887|23.105:72.709|27.705:54.267|21.454:45.713|13.227:43.114|13.567:29.539|8.000:8.000,0-17-19-12-23-3-21-20-1-7-32-2-8-30-13-18-5-29-14-27-4-28-31-9-10-15-24-25-11-0,18.61700065410696
98,calm,cluttered,RAWA-RHP,32,28,0.875,0.9193548387096774,0.9193548387096774,True,57.0,62.0,1030.537861185135,1105.857089924397,169.462138814865,89.462138814865,False,136.70650779522504,True,False,0.0276381955897259,0.0009645585767633,2.0,False,1.0,8.000:8.000|13.567:29.539|13.227:43.114|21.454:45.713|33.322:42.640|31.322:44.915|27.705:54.267|23.105:72.709|37.654:62.887|36.774:60.862|39.921:60.575|41.422:68.128|43.902:49.622|50.796:60.321|55.095:67.072|64.304:66.354|61.172:70.790|74.734:82.885|88.401:87.152|80.768:66.964|86.972:63.108|69.482:48.642|61.054:50.401|63.101:23.309|53.668:20.110|51.158:27.815|54.245:30.463|42.061:31.212|29.325:27.178|8.000:8.000,0-11-25-24-14-27-15-10-9-4-28-31-5-18-13-30-8-2-32-7-1-20-21-12-19-23-3-29-26-0,52.62422548909672
98,severe,sparse,NearestNeighbor,32,20,0.625,0.6102941176470589,0.0,False,41.5,68.0,1985.616417499421,1974.999674669972,-785.6164174994209,-865.6164174994209,True,101.67583193441531,False,True,0.1623140891529965,0.0081646700301727,2.0,True,1.0,8.000:8.000|36.114:24.136|47.515:29.674|44.274:38.028|42.967:39.829|42.896:42.997|44.633:48.202|44.969:57.162|51.848:53.048|54.852:53.173|58.994:41.343|66.846:28.317|70.210:27.125|75.106:36.739|85.892:32.669|86.596:27.133|79.126:18.150|87.656:44.765|89.893:51.439|75.536:51.246|75.348:54.713|8.000:8.000,0-30-32-6-11-13-24-27-9-12-25-26-31-20-7-17-14-10-28-18-1-0,0.00175102497451
98,severe,sparse,ValuePerDistance,32,19,0.59375,0.6176470588235294,0.0,False,42.0,68.0,1931.7282093711976,1894.5316346395623,-731.7282093711979,-811.7282093711979,True,97.59533991454852,False,True,0.0424247377953325,0.0021310158599444,2.0,True,1.0,8.000:8.000|36.114:24.136|47.515:29.674|44.274:38.028|42.967:39.829|42.896:42.997|44.633:48.202|51.848:53.048|54.852:53.173|48.347:65.323|56.980:75.336|70.792:76.035|66.163:61.374|75.536:51.246|75.348:54.713|89.893:51.439|87.656:44.765|86.596:27.133|85.892:32.669|75.106:36.739|8.000:8.000,0-30-32-6-11-13-24-9-12-3-22-15-2-18-1-28-10-17-7-20-0,0.0014484908897429
98,severe,sparse,WindAwareGreedy,32,16,0.5,0.5661764705882353,0.0,False,38.5,68.0,1938.6880427196663,1995.286651050405,-738.6880427196661,-818.6880427196661,True,95.56467052833428,False,True,0.0402655728552961,0.002371907108303,2.0,True,1.0,8.000:8.000|36.114:24.136|47.515:29.674|70.210:27.125|66.846:28.317|58.994:41.343|51.848:53.048|44.633:48.202|42.896:42.997|44.274:38.028|42.967:39.829|34.697:37.611|26.573:47.547|48.347:65.323|56.980:75.336|70.792:76.035|66.163:61.374|8.000:8.000,0-30-32-31-26-25-9-24-13-6-11-16-8-3-22-15-2-0,0.0014079939574003
98,severe,sparse,ReserveOnlyPlanner,32,6,0.1875,0.2205882352941176,0.2205882352941176,True,15.0,68.0,1067.2235128981529,1143.6696999261387,132.77648710184712,52.77648710184712,False,46.909743626019605,True,False,0.0416313514356987,0.0059633476928044,2.0,False,1.0,8.000:8.000|36.114:24.136|47.515:29.674|70.210:27.125|66.846:28.317|58.994:41.343|51.848:53.048|8.000:8.000,0-30-32-31-26-25-9-0,0.0007474608719348
98,severe,sparse,FairRiskAwareGreedy,32,14,0.4375,0.5073529411764706,0.5073529411764706,True,34.5,68.0,1030.4309543953316,1074.657738519456,169.5690456046686,89.56904560466859,False,93.91018407522256,True,False,0.0081952595858227,0.0005477601152561,2.8284271247461903,False,1.0,8.000:8.000|36.114:24.136|44.633:48.202|51.848:53.048|48.347:65.323|42.896:42.997|44.274:38.028|47.515:29.674|70.210:27.125|58.994:41.343|70.792:76.035|56.980:75.336|47.410:84.416|26.573:47.547|25.473:45.835|8.000:8.000,0-30-24-9-3-13-6-32-31-25-15-22-21-8-23-0,0.0020050532184541
98,severe,sparse,FairALNSPlanner,32,23,0.71875,0.75,0.75,True,51.0,68.0,1053.3820982602665,1248.481740722399,146.6179017397338,66.61790173973381,False,109.84961853124057,True,False,0.0104719619492928,0.0004371585268725,2.0,False,1.0,8.000:8.000|36.114:24.136|47.515:29.674|66.846:28.317|70.210:27.125|58.994:41.343|75.536:51.246|75.348:54.713|66.163:61.374|70.792:76.035|56.980:75.336|47.410:84.416|40.836:87.793|48.347:65.323|44.969:57.162|51.848:53.048|54.852:53.173|44.633:48.202|42.896:42.997|42.967:39.829|44.274:38.028|34.697:37.611|26.573:47.547|25.473:45.835|8.000:8.000,0-30-32-26-31-25-18-1-2-15-22-21-19-3-27-9-12-24-13-11-6-16-8-23-0,12.84115981287323
98,severe,sparse,RAWA-RHP,32,23,0.71875,0.75,0.75,True,51.0,68.0,1039.657606308802,1248.481740722399,160.34239369119828,80.34239369119828,False,109.84961853124057,True,False,0.0104719619492928,0.0004371585268725,2.0,False,1.0,8.000:8.000|36.114:24.136|47.515:29.674|66.846:28.317|70.210:27.125|58.994:41.343|75.536:51.246|75.348:54.713|66.163:61.374|70.792:76.035|56.980:75.336|47.410:84.416|40.836:87.793|48.347:65.323|44.969:57.162|51.848:53.048|54.852:53.173|44.633:48.202|42.896:42.997|42.967:39.829|44.274:38.028|34.697:37.611|26.573:47.547|25.473:45.835|8.000:8.000,0-30-32-26-31-25-18-1-2-15-22-21-19-3-27-9-12-24-13-11-6-16-8-23-0,39.25697080907412
95,moderate,sparse,NearestNeighbor,32,22,0.6875,0.6870229007633588,0.0,False,45.0,65.5,1372.291386503498,1364.5668382477595,-172.29138650349816,-252.29138650349816,True,124.37001753378856,False,True,0.0217714033658146,0.0009511874686422,2.0,True,1.0,8.000:8.000|10.850:16.881|14.343:40.774|29.913:43.521|37.518:49.307|38.555:53.204|41.446:55.192|30.845:61.979|28.609:59.577|27.275:61.950|29.069:72.853|12.888:83.710|53.464:68.215|67.605:56.733|74.126:52.238|78.701:47.040|82.306:58.611|78.287:70.701|72.962:69.384|68.713:75.510|73.240:79.649|83.708:82.051|75.272:95.503|8.000:8.000,0-18-24-7-3-29-26-10-25-27-30-4-17-12-13-31-22-21-2-19-8-20-11-0,0.0017891798634082
95,moderate,sparse,ValuePerDistance,32,20,0.625,0.6564885496183206,0.0,False,43.0,65.5,1287.5983556981132,1308.0772928372826,-87.598355698113,-167.59835569811298,True,115.17978711711812,False,True,0.0894038225107609,0.0043759148337552,2.0,True,1.0,8.000:8.000|10.850:16.881|29.374:23.649|31.072:18.532|29.913:43.521|41.446:55.192|38.555:53.204|37.518:49.307|30.845:61.979|28.609:59.577|27.275:61.950|29.069:72.853|53.464:68.215|72.962:69.384|78.287:70.701|73.240:79.649|68.713:75.510|83.708:82.051|75.272:95.503|67.605:56.733|74.126:52.238|8.000:8.000,0-18-28-6-7-26-29-3-10-25-27-30-17-2-21-8-19-20-11-12-13-0,0.001336749177426
95,moderate,sparse,WindAwareGreedy,32,18,0.5625,0.6793893129770993,0.0,False,44.5,65.5,1308.27195173004,1317.6026063459824,-108.27195173004006,-188.2719517300401,True,113.56724068709184,False,True,0.0625604147886352,0.0033641476077532,2.0,True,1.0,8.000:8.000|10.850:16.881|29.913:43.521|29.374:23.649|31.072:18.532|14.343:40.774|41.446:55.192|38.555:53.204|37.518:49.307|54.458:31.217|52.313:28.746|71.627:25.038|69.158:37.523|67.605:56.733|72.962:69.384|78.287:70.701|73.240:79.649|83.708:82.051|53.464:68.215|8.000:8.000,0-18-7-28-6-24-26-29-3-1-5-15-32-12-2-21-8-20-17-0,0.0014531319029629
95,moderate,sparse,ReserveOnlyPlanner,32,17,0.53125,0.5114503816793893,0.5114503816793893,True,33.5,65.5,1106.5399231052254,1237.5091705716643,93.4600768947744,13.460076894774389,False,99.22955535918476,True,False,0.0271654861599071,0.0015092022065443,2.0,False,1.0,8.000:8.000|10.850:16.881|29.374:23.649|31.072:18.532|29.913:43.521|14.343:40.774|41.446:55.192|38.555:53.204|37.518:49.307|30.845:61.979|28.609:59.577|27.275:61.950|29.069:72.853|12.888:83.710|53.464:68.215|56.477:42.373|54.458:31.217|52.313:28.746|8.000:8.000,0-18-28-6-7-24-26-29-3-10-25-27-30-4-17-9-1-5-0,0.0014788520056754
95,moderate,sparse,FairRiskAwareGreedy,32,16,0.5,0.5954198473282443,0.5954198473282443,True,39.0,65.5,1058.5690641998244,1098.8573198242937,141.43093580017546,61.43093580017546,False,119.38123295821178,True,False,2.6030165590773532e-05,1.5312013312513842e-06,2.8284271247461903,False,1.0,8.000:8.000|10.850:16.881|29.913:43.521|41.446:55.192|38.555:53.204|72.962:69.384|78.287:70.701|67.605:56.733|69.158:37.523|52.313:28.746|54.458:31.217|31.072:18.532|71.627:25.038|65.423:21.211|14.343:40.774|56.477:42.373|63.805:35.400|8.000:8.000,0-18-7-26-29-2-21-12-32-5-1-6-15-14-24-9-23-0,0.0023731070104986
95,moderate,sparse,FairALNSPlanner,32,8,0.25,0.2595419847328244,0.2595419847328244,True,17.0,65.5,451.0421540515246,515.7847818853004,748.9578459484753,668.9578459484753,False,53.83329775915613,True,False,0.0321389539079659,0.0035710194236625,2.0,False,1.0,8.000:8.000|31.072:18.532|29.374:23.649|56.477:42.373|63.805:35.400|54.458:31.217|52.313:28.746|65.423:21.211|71.627:25.038|8.000:8.000,0-6-28-9-23-1-5-14-15-0,11.125757371075451
95,moderate,sparse,RAWA-RHP,32,29,0.90625,0.9389312977099236,0.9389312977099236,True,61.5,65.5,1042.183074692975,1211.9067057675306,157.81692530702506,77.81692530702506,False,136.35813181150186,True,False,0.064164481560395,0.0021863456089455,2.0,False,1.0,8.000:8.000|31.072:18.532|29.374:23.649|56.477:42.373|63.805:35.400|54.458:31.217|52.313:28.746|65.423:21.211|71.627:25.038|69.158:37.523|78.701:47.040|74.126:52.238|67.605:56.733|72.962:69.384|78.287:70.701|68.713:75.510|73.240:79.649|83.708:82.051|75.272:95.503|60.407:83.488|53.464:68.215|30.845:61.979|27.275:61.950|28.609:59.577|41.446:55.192|38.555:53.204|37.518:49.307|29.913:43.521|14.343:40.774|10.850:16.881|8.000:8.000,0-6-28-9-23-1-5-14-15-32-31-13-12-2-21-19-8-20-11-16-17-10-27-25-26-29-3-7-24-18-0,168.5055530432146
97,moderate,sparse,NearestNeighbor,32,20,0.625,0.6470588235294118,0.0,False,44.0,68.0,1214.981798746221,1227.183324146305,-14.981798746221273,-94.98179874622129,True,107.45172998700536,False,True,0.0405040223033668,0.001941947356557,2.0,True,1.0,8.000:8.000|10.557:24.358|17.760:36.562|21.968:33.409|27.984:39.499|24.504:51.367|23.196:54.130|21.630:52.571|20.883:50.699|15.069:56.776|16.400:58.694|12.338:44.390|30.702:62.039|38.693:51.244|47.110:43.537|38.819:33.936|33.932:11.352|60.994:13.941|68.377:33.314|61.060:41.897|56.488:54.737|8.000:8.000,0-30-13-5-31-2-17-10-23-22-25-8-18-32-7-29-28-19-4-9-12-0,0.0017413839232176
97,moderate,sparse,ValuePerDistance,32,23,0.71875,0.7426470588235294,0.0,False,50.5,68.0,1233.760637123352,1234.8164646984956,-33.7606371233521,-113.7606371233521,True,114.04127279939452,False,True,0.0850297134367108,0.0036346068806436,2.0,True,1.0,8.000:8.000|10.557:24.358|21.968:33.409|17.760:36.562|27.984:39.499|38.819:33.936|38.693:51.244|30.702:62.039|20.883:50.699|21.630:52.571|23.196:54.130|15.069:56.776|16.400:58.694|12.338:44.390|24.504:51.367|61.060:41.897|72.958:50.433|75.164:45.454|69.667:58.185|66.482:61.056|68.592:63.634|66.665:64.822|56.488:54.737|47.110:43.537|8.000:8.000,0-30-5-13-31-29-32-18-23-10-17-22-25-8-2-9-21-16-24-20-3-6-12-7-0,0.00143355387263
97,moderate,sparse,WindAwareGreedy,32,16,0.5,0.5588235294117647,0.0,False,38.0,68.0,1249.4528991517132,1246.2277201242955,-49.4528991517132,-129.4528991517132,True,103.67883410885426,False,True,0.180731729139434,0.0114915085819038,2.0,True,1.0,8.000:8.000|21.968:33.409|38.819:33.936|27.984:39.499|20.883:50.699|15.069:56.776|16.400:58.694|30.702:62.039|38.693:51.244|61.060:41.897|33.932:11.352|10.557:24.358|12.338:44.390|21.630:52.571|17.760:36.562|23.196:54.130|24.504:51.367|8.000:8.000,0-5-29-31-23-22-25-18-32-9-28-30-8-10-13-17-2-0,0.0013154880143702
97,moderate,sparse,ReserveOnlyPlanner,32,16,0.5,0.5367647058823529,0.5367647058823529,True,36.5,68.0,1102.921319101854,1217.684516466821,97.07868089814588,17.078680898145876,False,93.80568908870978,True,False,0.109674033356257,0.0067081439163287,2.0,False,1.0,8.000:8.000|10.557:24.358|21.968:33.409|27.984:39.499|20.883:50.699|15.069:56.776|16.400:58.694|12.338:44.390|17.760:36.562|38.819:33.936|33.932:11.352|38.693:51.244|30.702:62.039|21.630:52.571|23.196:54.130|24.504:51.367|47.110:43.537|8.000:8.000,0-30-5-31-23-22-25-8-13-29-28-32-18-10-17-2-7-0,0.0014257058501243
97,moderate,sparse,FairRiskAwareGreedy,32,17,0.53125,0.6470588235294118,0.6470588235294118,True,44.0,68.0,1095.2855643673008,1135.4518166922196,104.71443563269888,24.71443563269888,False,122.98225109272934,True,False,0.0005707170313872,3.1710952820636816e-05,2.8284271247461903,False,1.0,8.000:8.000|21.968:33.409|38.819:33.936|61.060:41.897|38.693:51.244|20.883:50.699|15.069:56.776|16.400:58.694|36.746:90.257|30.702:62.039|21.630:52.571|12.338:44.390|10.557:24.358|33.932:11.352|60.994:13.941|72.958:50.433|69.667:58.185|66.482:61.056|8.000:8.000,0-5-29-9-32-23-22-25-1-18-10-8-30-28-19-21-24-20-0,0.0023005278781056
97,moderate,sparse,FairALNSPlanner,32,26,0.8125,0.875,0.875,True,59.5,68.0,1061.508891607532,1221.265167730524,138.49110839246833,58.491108392468334,False,133.86454463621516,True,False,0.0087887690595556,0.0003258678596136,2.0,False,1.0,8.000:8.000|10.557:24.358|21.968:33.409|27.984:39.499|38.819:33.936|47.110:43.537|61.060:41.897|68.377:33.314|79.297:27.418|75.164:45.454|72.958:50.433|69.667:58.185|66.482:61.056|68.592:63.634|66.665:64.822|36.746:90.257|67.984:86.579|30.702:62.039|38.693:51.244|24.504:51.367|20.883:50.699|23.196:54.130|21.630:52.571|15.069:56.776|16.400:58.694|12.338:44.390|33.932:11.352|8.000:8.000,0-30-5-31-29-7-9-4-11-16-21-24-20-3-6-1-14-18-32-2-23-17-10-22-25-8-28-0,17.856050522997975
97,moderate,sparse,RAWA-RHP,32,25,0.78125,0.8529411764705882,0.8529411764705882,True,58.0,68.0,1039.6596825343083,1188.285925361224,160.34031746569153,80.34031746569153,False,128.64689106076193,True,False,0.0081693209284178,0.0003143806025962,2.0,False,1.0,8.000:8.000|33.932:11.352|38.819:33.936|60.994:13.941|79.297:27.418|68.377:33.314|61.060:41.897|75.164:45.454|72.958:50.433|69.667:58.185|66.482:61.056|76.763:78.169|67.984:86.579|36.746:90.257|16.400:58.694|15.069:56.776|20.883:50.699|21.630:52.571|23.196:54.130|24.504:51.367|30.702:62.039|38.693:51.244|27.984:39.499|21.968:33.409|17.760:36.562|10.557:24.358|8.000:8.000,0-28-29-19-11-4-9-16-21-24-20-26-14-1-25-22-23-10-17-2-18-32-31-5-13-30-0,106.98714229906908
99,calm,cluttered,NearestNeighbor,32,28,0.875,0.8604651162790697,0.0,False,55.5,64.5,1366.476212943463,1363.1882395352895,-166.47621294346283,-246.47621294346283,True,161.6657632420844,False,True,0.0230086461325768,0.000801319999787,2.0,True,1.0,8.000:8.000|25.299:33.037|20.111:39.633|25.761:43.186|25.128:48.400|31.558:38.647|49.251:38.462|52.866:37.672|58.846:40.638|59.385:48.425|71.884:37.727|73.635:32.955|77.005:34.656|91.188:24.886|86.093:12.644|41.369:20.756|41.594:52.576|32.282:56.309|31.603:71.217|42.016:73.032|44.061:76.481|51.006:78.464|53.299:74.297|60.676:68.184|77.167:60.426|70.925:90.418|74.601:94.535|87.703:91.958|43.732:84.680|8.000:8.000,0-19-2-15-18-30-12-16-27-14-9-3-31-5-22-23-29-17-25-28-32-24-6-20-1-8-11-4-13-0,0.0025578318163752
99,calm,cluttered,ValuePerDistance,32,28,0.875,0.9147286821705426,0.0,False,59.0,64.5,1478.7151434420628,1470.3672351291334,-278.7151434420629,-358.7151434420629,True,167.7999652900405,False,True,0.0216972862937692,0.000755397249301,2.0,True,1.0,8.000:8.000|25.299:33.037|20.111:39.633|25.761:43.186|25.128:48.400|31.558:38.647|49.251:38.462|52.866:37.672|58.846:40.638|71.884:37.727|73.635:32.955|77.005:34.656|91.188:24.886|86.093:12.644|77.167:60.426|60.676:68.184|53.299:74.297|42.016:73.032|44.061:76.481|31.603:71.217|26.026:93.186|20.194:96.056|13.675:88.757|33.881:90.523|43.732:84.680|51.006:78.464|70.925:90.418|74.601:94.535|87.703:91.958|8.000:8.000,0-19-2-15-18-30-12-16-27-9-3-31-5-22-1-20-6-28-32-25-7-21-26-10-13-24-8-11-4-0,0.0018886481411755
99,calm,cluttered,WindAwareGreedy,32,21,0.65625,0.751937984496124,0.0,False,48.5,64.5,1365.8013711973374,1367.0568779880605,-165.80137119733735,-245.80137119733732,True,149.4147828452085,False,True,0.0143490532642512,0.0006560254469044,2.0,True,1.0,8.000:8.000|25.128:48.400|25.299:33.037|20.111:39.633|31.603:71.217|42.016:73.032|71.884:37.727|73.635:32.955|77.005:34.656|49.251:38.462|31.558:38.647|25.761:43.186|41.594:52.576|58.846:40.638|77.167:60.426|60.676:68.184|53.299:74.297|44.061:76.481|26.026:93.186|20.194:96.056|13.675:88.757|33.881:90.523|8.000:8.000,0-18-19-2-25-28-9-3-31-12-30-15-29-27-1-20-6-32-7-21-26-10-0,0.0017382770311087
99,calm,cluttered,ReserveOnlyPlanner,32,20,0.625,0.689922480620155,0.689922480620155,True,44.5,64.5,1087.5217970637077,1107.711377440106,112.47820293629286,32.47820293629286,False,124.00453520708577,True,False,0.0163553960952986,0.0007840040208152,2.0,False,1.0,8.000:8.000|25.299:33.037|25.128:48.400|25.761:43.186|20.111:39.633|31.558:38.647|49.251:38.462|73.635:32.955|71.884:37.727|77.005:34.656|91.188:24.886|86.093:12.644|58.846:40.638|31.603:71.217|42.016:73.032|44.061:76.481|53.299:74.297|60.676:68.184|77.167:60.426|41.594:52.576|32.282:56.309|8.000:8.000,0-19-18-15-2-30-12-3-9-31-5-22-27-25-28-32-6-20-1-29-17-0,0.0018988749943673
99,calm,cluttered,FairRiskAwareGreedy,32,16,0.5,0.5736434108527132,0.5736434108527132,True,37.0,64.5,1097.6028924861132,1116.0331936545092,102.397107513887,22.397107513887008,False,125.42972132861844,True,False,0.0083238604355199,0.0004910968085908,2.0,False,1.0,8.000:8.000|25.128:48.400|25.299:33.037|31.603:71.217|71.884:37.727|73.635:32.955|49.251:38.462|31.558:38.647|20.111:39.633|25.761:43.186|42.016:73.032|26.026:93.186|20.194:96.056|13.675:88.757|41.594:52.576|32.282:56.309|41.369:20.756|8.000:8.000,0-18-19-25-9-3-12-30-2-15-28-7-21-26-29-17-23-0,0.0035060499794781
99,calm,cluttered,FairALNSPlanner,32,27,0.84375,0.8682170542635659,0.8682170542635659,True,56.0,64.5,1041.4776516867323,1111.0072978114472,158.5223483132676,78.5223483132676,False,135.06276605591074,True,False,0.0084485800771475,0.0003027819756603,2.0,False,1.0,8.000:8.000|20.111:39.633|31.558:38.647|49.251:38.462|52.866:37.672|58.846:40.638|59.385:48.425|71.884:37.727|73.635:32.955|77.005:34.656|91.188:24.886|77.167:60.426|60.676:68.184|53.299:74.297|51.006:78.464|42.016:73.032|44.061:76.481|43.732:84.680|33.881:90.523|26.026:93.186|20.194:96.056|13.675:88.757|31.603:71.217|41.594:52.576|32.282:56.309|25.128:48.400|25.761:43.186|25.299:33.037|8.000:8.000,0-2-30-12-16-27-14-9-3-31-5-1-20-6-24-28-32-13-10-7-21-26-25-29-17-18-15-19-0,18.710181371076036
99,calm,cluttered,RAWA-RHP,32,25,0.78125,0.8062015503875969,0.8062015503875969,True,52.0,64.5,1039.0034629619404,1107.890109893416,160.9965370380596,80.99653703805961,False,131.81638260752203,True,False,0.0073823576758856,0.0002847876478113,2.0,False,1.0,8.000:8.000|20.111:39.633|31.558:38.647|25.299:33.037|25.128:48.400|32.282:56.309|42.016:73.032|44.061:76.481|53.299:74.297|60.676:68.184|51.006:78.464|43.732:84.680|33.881:90.523|26.026:93.186|20.194:96.056|13.675:88.757|31.603:71.217|41.594:52.576|59.385:48.425|71.884:37.727|77.005:34.656|73.635:32.955|58.846:40.638|52.866:37.672|49.251:38.462|25.761:43.186|8.000:8.000,0-2-30-19-18-17-28-32-6-20-24-13-10-7-21-26-25-29-14-9-31-3-27-16-12-15-0,30.065214443020523
98,moderate,cluttered,NearestNeighbor,32,21,0.65625,0.6782608695652174,0.0,False,39.0,57.5,1363.2747031535189,1361.0334187993103,-163.2747031535183,-243.2747031535183,True,127.7449201504692,False,True,0.3285466842226603,0.0176276672020041,2.0,True,1.0,8.000:8.000|24.590:20.132|20.008:30.461|29.296:30.204|23.396:38.813|25.821:40.622|23.676:53.233|27.511:62.377|30.483:64.917|28.805:71.093|44.541:70.352|46.543:81.609|34.352:87.461|39.258:60.235|51.616:47.568|46.795:43.443|67.557:44.597|68.167:41.379|71.672:25.369|58.304:13.000|54.365:12.574|98.429:19.591|8.000:8.000,0-10-19-21-30-6-11-20-23-29-8-18-16-17-5-31-24-3-32-14-22-9-0,0.0018117160070687
98,moderate,cluttered,ValuePerDistance,32,19,0.59375,0.6869565217391305,0.0,False,39.5,57.5,1414.0725681972958,1407.1342769278972,-214.0725681972956,-294.0725681972956,True,124.97701605717651,False,True,0.2463975014011126,0.0137818974764518,2.0,True,1.0,8.000:8.000|29.296:30.204|25.821:40.622|23.396:38.813|23.676:53.233|39.258:60.235|44.541:70.352|46.543:81.609|34.352:87.461|30.483:64.917|27.511:62.377|28.805:71.093|51.616:47.568|46.795:43.443|68.167:41.379|67.557:44.597|91.677:38.982|96.926:30.545|98.429:19.591|92.611:49.654|8.000:8.000,0-21-6-30-11-17-8-18-16-23-20-29-5-31-3-24-7-27-9-25-0,0.0013473608996719
98,moderate,cluttered,WindAwareGreedy,32,15,0.46875,0.5304347826086957,0.0,False,30.5,57.5,1263.9441074637548,1266.0336640941791,-63.9441074637548,-143.9441074637548,True,109.07337342552268,False,True,0.2532043677978369,0.0178186162704715,2.0,True,1.0,8.000:8.000|29.296:30.204|25.821:40.622|23.676:53.233|39.258:60.235|51.616:47.568|68.167:41.379|91.677:38.982|96.926:30.545|98.429:19.591|54.365:12.574|58.304:13.000|23.396:38.813|20.008:30.461|24.590:20.132|46.795:43.443|8.000:8.000,0-21-6-11-17-5-3-7-27-9-22-14-30-19-10-31-0,0.0013487378600984
98,moderate,cluttered,ReserveOnlyPlanner,32,15,0.46875,0.5565217391304348,0.5565217391304348,True,32.0,57.5,1100.1848746981875,1161.9579792332722,99.81512530181226,19.81512530181226,False,101.69686650933888,True,False,0.1700619348128708,0.0113812702798519,2.0,False,1.0,8.000:8.000|29.296:30.204|25.821:40.622|23.396:38.813|23.676:53.233|39.258:60.235|51.616:47.568|68.167:41.379|54.365:12.574|58.304:13.000|98.429:19.591|96.926:30.545|91.677:38.982|92.611:49.654|80.729:55.816|67.557:44.597|8.000:8.000,0-21-6-30-11-17-5-3-22-14-9-27-7-25-26-24-0,0.0014682880137115
98,moderate,cluttered,FairRiskAwareGreedy,32,11,0.34375,0.4347826086956521,0.4347826086956521,True,25.0,57.5,1091.634883072384,1129.613486604314,108.36511692761644,28.36511692761644,False,109.81257292134453,True,False,0.0040734815589358,0.0003398246084315,2.0,False,1.0,8.000:8.000|25.821:40.622|23.396:38.813|39.258:60.235|44.541:70.352|29.296:30.204|68.167:41.379|75.037:67.098|78.860:73.830|46.543:81.609|91.677:38.982|98.429:19.591|8.000:8.000,0-6-30-17-8-21-3-4-2-18-7-9-0,0.0015103258192539
98,moderate,cluttered,FairALNSPlanner,32,17,0.53125,0.6173913043478261,0.6173913043478261,True,35.5,57.5,1057.3825294436826,1166.0062307943713,142.61747055631733,62.61747055631733,False,118.86109378488794,True,False,0.0165204899528715,0.0009219460964585,2.0,False,1.0,8.000:8.000|29.296:30.204|23.396:38.813|25.821:40.622|20.008:30.461|68.167:41.379|67.557:44.597|39.258:60.235|51.616:47.568|44.541:70.352|23.676:53.233|27.511:62.377|30.483:64.917|28.805:71.093|46.543:81.609|68.515:68.968|78.860:73.830|75.037:67.098|8.000:8.000,0-21-30-6-19-3-24-17-5-8-11-20-23-29-18-13-2-4-0,9.609929155791178
98,moderate,cluttered,RAWA-RHP,32,26,0.8125,0.8869565217391304,0.8869565217391304,True,51.0,57.5,1052.1232644343663,1206.8845105448393,147.87673556563345,67.87673556563345,False,135.74521592785388,True,False,0.0852730469916439,0.0032635479334038,2.0,False,1.0,8.000:8.000|54.365:12.574|58.304:13.000|98.429:19.591|96.926:30.545|91.677:38.982|92.611:49.654|80.729:55.816|67.557:44.597|68.167:41.379|68.515:68.968|70.003:75.177|78.860:73.830|75.037:67.098|72.020:65.945|46.543:81.609|44.541:70.352|51.616:47.568|39.258:60.235|30.483:64.917|28.805:71.093|27.511:62.377|23.676:53.233|23.396:38.813|25.821:40.622|29.296:30.204|24.590:20.132|8.000:8.000,0-22-14-9-27-7-25-26-24-3-13-28-2-4-12-18-8-5-17-23-29-20-11-30-6-21-10-0,69.4326299240347
99,severe,cluttered,NearestNeighbor,32,15,0.46875,0.423728813559322,0.0,False,25.0,59.0,1410.4909223873046,1368.762409247699,-210.4909223873044,-290.4909223873044,True,78.35918234119241,False,True,0.219908244029346,0.0144174262353888,2.0,True,1.0,8.000:8.000|22.105:28.272|23.924:30.977|32.430:25.683|30.741:20.399|49.130:13.905|48.716:18.993|64.611:25.578|65.597:34.675|62.312:40.996|62.017:50.424|61.151:55.819|63.310:57.970|71.675:47.210|79.367:42.285|73.052:31.045|8.000:8.000,0-28-27-6-22-5-14-20-16-18-11-15-32-31-23-3-0,0.0014083217829465
99,severe,cluttered,ValuePerDistance,32,16,0.5,0.5,0.0,False,29.5,59.0,1430.7981384649431,1434.3247614645647,-230.7981384649434,-310.7981384649434,True,82.27237416666156,False,True,0.1386728053101811,0.0083860407028218,2.0,True,1.0,8.000:8.000|22.105:28.272|23.924:30.977|32.430:25.683|30.741:20.399|52.800:45.936|54.775:47.599|62.017:50.424|61.151:55.819|63.310:57.970|71.675:47.210|79.367:42.285|65.597:34.675|62.312:40.996|43.855:44.046|48.716:18.993|49.130:13.905|8.000:8.000,0-28-27-6-22-21-13-11-15-32-31-23-16-18-26-14-5-0,0.0011371921282261
99,severe,cluttered,WindAwareGreedy,32,12,0.375,0.3728813559322034,0.0,False,22.0,59.0,1484.9635199068966,1541.1158791621742,-284.9635199068966,-364.9635199068966,True,77.29923964184248,False,True,0.2216278819075171,0.0178995249948293,2.0,True,1.0,8.000:8.000|22.105:28.272|23.924:30.977|32.430:25.683|30.741:20.399|49.130:13.905|48.716:18.993|52.800:45.936|43.855:44.046|65.597:34.675|64.611:25.578|79.367:42.285|71.675:47.210|8.000:8.000,0-28-27-6-22-5-14-21-26-16-20-23-31-0,0.0010688661132007
99,severe,cluttered,ReserveOnlyPlanner,32,9,0.28125,0.2288135593220339,0.2288135593220339,True,13.5,59.0,1001.1519382260616,1091.3373711120214,198.84806177393853,118.84806177393853,False,55.112172724888254,True,False,0.232010080168507,0.0246088875221596,2.0,False,1.0,8.000:8.000|22.105:28.272|23.924:30.977|32.430:25.683|30.741:20.399|49.130:13.905|48.716:18.993|64.611:25.578|65.597:34.675|73.052:31.045|8.000:8.000,0-28-27-6-22-5-14-20-16-3-0,0.0009274401236325
99,severe,cluttered,FairRiskAwareGreedy,32,10,0.3125,0.3389830508474576,0.3389830508474576,True,20.0,59.0,1090.8838830807151,1135.249571271785,109.11611691928483,29.11611691928485,False,94.398841784223,True,False,0.0005126676924406,4.66154307647848e-05,4.0,False,1.0,8.000:8.000|23.924:30.977|22.105:28.272|52.800:45.936|32.430:25.683|8.263:81.288|30.741:20.399|54.775:47.599|62.017:50.424|65.597:34.675|64.611:25.578|8.000:8.000,0-27-28-21-6-17-22-13-11-16-20-0,0.0012245739344507
99,severe,cluttered,FairALNSPlanner,32,7,0.21875,0.2542372881355932,0.2542372881355932,True,15.0,59.0,784.4390127139786,866.7921297734089,415.5609872860215,335.5609872860215,False,67.16127802628782,True,False,0.0644680971795312,0.0081294250706622,2.0,False,1.0,8.000:8.000|22.105:28.272|23.924:30.977|27.353:66.965|61.151:55.819|63.310:57.970|83.047:74.714|88.007:83.369|8.000:8.000,0-28-27-2-15-32-30-9-0,6.434337526094168
99,severe,cluttered,RAWA-RHP,32,21,0.65625,0.6864406779661016,0.6864406779661016,True,40.5,59.0,1009.8521404922308,1218.8497769653968,190.14785950776903,110.14785950776906,False,106.09199625704156,True,False,0.0504258174053825,0.00234298144752,2.0,False,1.0,8.000:8.000|22.105:28.272|23.924:30.977|43.855:44.046|39.038:58.648|52.800:45.936|54.775:47.599|62.017:50.424|61.151:55.819|63.310:57.970|83.047:74.714|88.007:83.369|93.673:65.561|79.367:42.285|71.675:47.210|62.312:40.996|65.597:34.675|64.611:25.578|49.130:13.905|48.716:18.993|32.430:25.683|30.741:20.399|8.000:8.000,0-28-27-26-19-21-13-11-15-32-30-9-25-23-31-18-16-20-5-14-6-22-0,24.44404535694048
97,calm,sparse,NearestNeighbor,32,31,0.96875,0.9833333333333332,0.0,False,59.0,60.0,1289.1798228698458,1301.7508096290028,-89.17982286984598,-169.17982286984596,True,153.9831844097465,False,True,0.0339291450812658,0.001074478553742,2.0,True,1.0,8.000:8.000|11.533:27.340|22.426:23.492|30.517:33.954|28.036:36.835|34.385:36.728|39.102:42.197|47.221:39.876|47.814:33.038|37.528:27.667|28.516:56.044|24.420:55.500|23.731:60.321|19.401:51.942|29.009:70.141|27.390:74.770|36.609:78.369|40.606:76.581|44.093:73.375|45.751:71.394|51.943:81.508|68.545:83.504|89.341:69.191|82.042:53.677|77.366:42.881|72.093:35.697|70.561:32.640|64.055:44.559|64.337:47.013|66.721:51.338|36.242:65.357|11.618:73.034|8.000:8.000,0-29-32-17-18-3-7-25-20-1-4-14-15-16-2-8-28-19-23-12-30-21-10-11-26-13-5-6-31-24-27-22-0,0.0021771190222352
97,calm,sparse,ValuePerDistance,32,29,0.90625,0.95,0.0,False,57.0,60.0,1302.4918337629742,1308.8955301624942,-102.49183376297424,-182.49183376297424,True,151.3223970470135,False,True,0.0156447759984298,0.0005243635436576,2.0,True,1.0,8.000:8.000|11.533:27.340|28.036:36.835|30.517:33.954|34.385:36.728|39.102:42.197|47.221:39.876|47.814:33.038|37.528:27.667|70.561:32.640|72.093:35.697|77.366:42.881|89.341:69.191|68.545:83.504|51.943:81.508|44.093:73.375|40.606:76.581|36.609:78.369|29.009:70.141|27.390:74.770|11.618:73.034|23.731:60.321|28.516:56.044|24.420:55.500|19.401:51.942|36.242:65.357|45.751:71.394|64.055:44.559|64.337:47.013|66.721:51.338|8.000:8.000,0-29-18-17-3-7-25-20-1-5-13-26-10-21-30-23-19-28-2-8-22-15-4-14-16-27-12-6-31-24-0,0.0016705950256437
97,calm,sparse,WindAwareGreedy,32,20,0.625,0.7666666666666667,0.0,False,46.0,60.0,1297.721528602471,1301.226292148156,-97.72152860247088,-177.72152860247087,True,135.37151370775436,False,True,0.0350040380314888,0.001692311571557,2.0,True,1.0,8.000:8.000|11.533:27.340|39.102:42.197|47.221:39.876|44.093:73.375|29.009:70.141|11.618:73.034|19.401:51.942|23.731:60.321|28.516:56.044|34.385:36.728|30.517:33.954|28.036:36.835|47.814:33.038|77.366:42.881|70.561:32.640|89.341:69.191|51.943:81.508|40.606:76.581|36.242:65.357|24.420:55.500|8.000:8.000,0-29-7-25-23-2-22-16-15-4-3-17-18-20-26-5-10-30-19-27-14-0,0.0015596630983054
97,calm,sparse,ReserveOnlyPlanner,32,22,0.6875,0.7166666666666667,0.7166666666666667,True,43.0,60.0,1092.071058912675,1130.1850083301397,107.92894108732504,27.928941087325043,False,122.84153453208496,True,False,0.0255096791278508,0.0011196957211418,2.0,False,1.0,8.000:8.000|11.533:27.340|39.102:42.197|47.221:39.876|47.814:33.038|30.517:33.954|28.036:36.835|34.385:36.728|28.516:56.044|29.009:70.141|44.093:73.375|51.943:81.508|40.606:76.581|11.618:73.034|23.731:60.321|19.401:51.942|24.420:55.500|36.242:65.357|27.390:74.770|36.609:78.369|45.751:71.394|37.528:27.667|22.426:23.492|8.000:8.000,0-29-7-25-20-17-18-3-4-2-23-30-19-22-15-16-14-27-8-28-12-1-32-0,0.0017650951631367
97,calm,sparse,FairRiskAwareGreedy,32,18,0.5625,0.6833333333333333,0.6833333333333333,True,41.0,60.0,1077.7016832819877,1099.8591242667142,122.29831671801236,42.29831671801237,False,125.80011156927212,True,False,0.0155323341919884,0.0008219283131178,2.0,False,1.0,8.000:8.000|11.533:27.340|39.102:42.197|47.221:39.876|44.093:73.375|11.618:73.034|29.009:70.141|23.731:60.321|19.401:51.942|28.036:36.835|30.517:33.954|34.385:36.728|28.516:56.044|70.561:32.640|89.341:69.191|77.366:42.881|47.814:33.038|37.528:27.667|22.426:23.492|8.000:8.000,0-29-7-25-23-22-2-15-16-18-17-3-4-5-10-26-20-1-32-0,0.0026587939355522
97,calm,sparse,FairALNSPlanner,32,28,0.875,0.925,0.925,True,55.5,60.0,1053.0488046478893,1134.957952505959,146.95119535211114,66.95119535211114,False,138.26341014868828,True,False,0.0222146148734742,0.0007721019868635,2.0,False,1.0,8.000:8.000|22.426:23.492|37.528:27.667|47.814:33.038|47.221:39.876|66.721:51.338|64.337:47.013|64.055:44.559|39.102:42.197|70.561:32.640|72.093:35.697|77.366:42.881|82.042:53.677|89.341:69.191|68.545:83.504|51.943:81.508|44.093:73.375|40.606:76.581|29.009:70.141|27.390:74.770|11.618:73.034|23.731:60.321|28.516:56.044|24.420:55.500|19.401:51.942|28.036:36.835|34.385:36.728|30.517:33.954|11.533:27.340|8.000:8.000,0-32-1-20-25-24-31-6-7-5-13-26-11-10-21-30-23-19-2-8-22-15-4-14-16-18-3-17-29-0,17.808691823855042
97,calm,sparse,RAWA-RHP,32,31,0.96875,0.9833333333333332,0.9833333333333332,True,59.0,60.0,1016.570767734198,1095.2062839796686,183.42923226580191,103.42923226580191,False,139.19956021874725,True,False,0.0270076317159767,0.0008530388898775,2.0,False,1.0,8.000:8.000|11.533:27.340|19.401:51.942|24.420:55.500|28.516:56.044|23.731:60.321|11.618:73.034|27.390:74.770|29.009:70.141|36.242:65.357|45.751:71.394|44.093:73.375|40.606:76.581|36.609:78.369|51.943:81.508|68.545:83.504|89.341:69.191|82.042:53.677|77.366:42.881|70.561:32.640|72.093:35.697|64.055:44.559|64.337:47.013|66.721:51.338|47.814:33.038|47.221:39.876|39.102:42.197|34.385:36.728|28.036:36.835|30.517:33.954|37.528:27.667|22.426:23.492|8.000:8.000,0-29-16-14-4-15-22-8-2-27-12-23-19-28-30-21-10-11-26-5-13-6-31-24-20-25-7-3-18-17-1-32-0,127.15171283879316
99,calm,sparse,NearestNeighbor,32,32,1.0,1.0,0.0,False,65.0,65.0,1229.775336475383,1240.141260629887,-29.7753364753828,-109.7753364753828,True,156.1392230508759,False,True,0.0091322784658961,0.0002775462695411,2.0,True,1.0,8.000:8.000|24.573:27.440|39.632:27.962|42.757:21.205|56.533:21.382|61.985:30.792|65.322:29.289|68.045:39.289|53.067:40.534|50.122:40.737|29.383:42.625|27.117:47.707|21.664:50.495|16.011:56.393|18.635:59.309|26.381:65.434|27.989:67.621|41.455:70.254|40.503:72.812|40.779:74.873|54.464:79.388|56.903:71.582|65.318:64.419|72.286:60.709|74.638:59.176|80.639:63.908|78.241:66.597|85.331:74.293|71.898:73.005|66.357:82.113|83.012:89.341|45.656:93.617|33.915:87.767|8.000:8.000,0-19-4-3-1-29-26-8-6-18-25-30-15-11-20-9-22-10-14-5-16-17-7-24-2-23-12-31-21-13-27-32-28-0,0.0022093199659138
99,calm,sparse,ValuePerDistance,32,30,0.9375,0.9692307692307692,0.0,False,63.0,65.0,1310.089912705473,1298.8299882674962,-110.0899127054733,-190.0899127054733,True,158.52338367910886,False,True,0.0093576558716108,0.0003028499437535,2.0,True,1.0,8.000:8.000|24.573:27.440|39.632:27.962|42.757:21.205|56.533:21.382|65.322:29.289|61.985:30.792|68.045:39.289|50.122:40.737|53.067:40.534|56.903:71.582|54.464:79.388|40.503:72.812|40.779:74.873|41.455:70.254|27.989:67.621|26.381:65.434|16.011:56.393|18.635:59.309|21.664:50.495|27.117:47.707|29.383:42.625|71.898:73.005|78.241:66.597|80.639:63.908|72.286:60.709|74.638:59.176|65.318:64.419|66.357:82.113|45.656:93.617|33.915:87.767|8.000:8.000,0-19-4-3-1-26-29-8-18-6-17-16-14-5-10-22-9-11-20-15-30-25-21-12-23-24-2-7-13-32-28-0,0.0017036881763488
99,calm,sparse,WindAwareGreedy,32,24,0.75,0.8461538461538461,0.0,False,55.0,65.0,1372.627459338119,1379.6856595786962,-172.62745933811925,-252.62745933811925,True,155.64178279603368,False,True,0.0153243095422856,0.0006169591131286,2.0,True,1.0,8.000:8.000|42.757:21.205|39.632:27.962|24.573:27.440|50.122:40.737|56.533:21.382|65.322:29.289|56.903:71.582|54.464:79.388|40.503:72.812|71.898:73.005|72.286:60.709|74.638:59.176|80.639:63.908|78.241:66.597|68.045:39.289|53.067:40.534|21.664:50.495|16.011:56.393|26.381:65.434|27.989:67.621|41.455:70.254|40.779:74.873|33.915:87.767|45.656:93.617|8.000:8.000,0-3-4-19-18-1-26-17-16-14-21-24-2-23-12-8-6-15-11-9-22-10-5-28-32-0,0.0017334991134703
99,calm,sparse,ReserveOnlyPlanner,32,23,0.71875,0.8076923076923077,0.8076923076923077,True,52.5,65.0,1112.2886527708522,1159.1232498321451,87.71134722914755,7.711347229147549,False,131.8755793314329,True,False,0.0155282173541184,0.0006513361234816,2.0,False,1.0,8.000:8.000|24.573:27.440|42.757:21.205|39.632:27.962|56.533:21.382|50.122:40.737|53.067:40.534|56.903:71.582|54.464:79.388|40.503:72.812|41.455:70.254|40.779:74.873|71.898:73.005|72.286:60.709|74.638:59.176|80.639:63.908|78.241:66.597|68.045:39.289|65.322:29.289|61.985:30.792|29.383:42.625|21.664:50.495|16.011:56.393|26.381:65.434|8.000:8.000,0-19-3-4-1-18-6-17-16-14-10-5-21-24-2-23-12-8-26-29-25-15-11-9-0,0.0018094831611961
99,calm,sparse,FairRiskAwareGreedy,32,18,0.5625,0.6615384615384615,0.6615384615384615,True,43.0,65.0,1080.6078586712829,1102.8373195782954,119.39214132871714,39.392141328717145,False,125.11648613221482,True,False,0.0112881224755767,0.0005965619781304,2.0,False,1.0,8.000:8.000|42.757:21.205|39.632:27.962|24.573:27.440|40.503:72.812|56.903:71.582|54.464:79.388|71.898:73.005|50.122:40.737|56.533:21.382|65.322:29.289|72.286:60.709|74.638:59.176|53.067:40.534|21.664:50.495|16.011:56.393|27.989:67.621|26.381:65.434|29.383:42.625|8.000:8.000,0-3-4-19-14-17-16-21-18-1-26-24-2-6-15-11-22-9-25-0,0.0030156997963786
99,calm,sparse,FairALNSPlanner,32,30,0.9375,0.9692307692307692,0.9692307692307692,True,63.0,65.0,1055.2097029670051,1137.042451727106,144.79029703299437,64.79029703299437,False,141.2137120838212,True,False,0.0089211493870052,0.000288679104315,2.0,False,1.0,8.000:8.000|24.573:27.440|39.632:27.962|42.757:21.205|56.533:21.382|61.985:30.792|65.322:29.289|68.045:39.289|72.286:60.709|74.638:59.176|80.639:63.908|78.241:66.597|71.898:73.005|66.357:82.113|54.464:79.388|56.903:71.582|65.318:64.419|41.455:70.254|40.503:72.812|40.779:74.873|45.656:93.617|33.915:87.767|27.989:67.621|26.381:65.434|18.635:59.309|16.011:56.393|21.664:50.495|27.117:47.707|29.383:42.625|53.067:40.534|50.122:40.737|8.000:8.000,0-19-4-3-1-29-26-8-24-2-23-12-21-13-16-17-7-10-14-5-32-28-22-9-20-11-15-30-25-6-18-0,19.36949586099945
99,calm,sparse,RAWA-RHP,32,31,0.96875,0.9846153846153848,0.9846153846153848,True,64.0,65.0,1040.2851655668974,1120.5257086532931,159.71483443310234,79.71483443310234,False,140.15867688262992,True,False,0.0091322506374343,0.0002862770963561,2.0,False,1.0,8.000:8.000|24.573:27.440|39.632:27.962|42.757:21.205|56.533:21.382|61.985:30.792|65.322:29.289|68.045:39.289|50.122:40.737|53.067:40.534|72.286:60.709|74.638:59.176|80.639:63.908|78.241:66.597|85.331:74.293|71.898:73.005|66.357:82.113|65.318:64.419|56.903:71.582|54.464:79.388|45.656:93.617|33.915:87.767|40.779:74.873|40.503:72.812|41.455:70.254|27.989:67.621|26.381:65.434|18.635:59.309|16.011:56.393|21.664:50.495|27.117:47.707|29.383:42.625|8.000:8.000,0-19-4-3-1-29-26-8-18-6-24-2-23-12-31-21-13-7-17-16-32-28-5-14-10-22-9-20-11-15-30-25-0,62.25141132203862
98,moderate,sparse,NearestNeighbor,32,25,0.78125,0.7985611510791367,0.0,False,55.5,69.5,1293.1009676754747,1299.352697528513,-93.10096767547452,-173.10096767547452,True,130.52419368851264,False,True,0.1095240113014617,0.0044016295867639,2.0,True,1.0,8.000:8.000|41.600:15.267|44.229:15.072|53.004:12.139|61.495:17.658|61.636:21.911|55.739:30.843|52.695:43.707|63.126:47.308|71.419:50.699|79.240:42.494|71.538:38.854|81.577:29.713|85.239:28.157|92.313:24.401|93.593:20.582|89.142:10.561|92.279:45.199|88.125:63.295|91.975:66.252|78.950:73.952|62.512:72.187|59.881:77.553|62.139:81.248|49.322:71.086|37.811:78.938|8.000:8.000,0-15-9-5-6-22-28-23-10-16-1-24-18-26-20-3-27-29-8-17-21-2-19-14-7-13-0,0.0019263480789959
98,moderate,sparse,ValuePerDistance,32,22,0.6875,0.7266187050359713,0.0,False,50.5,69.5,1389.502587876049,1381.2334722432136,-189.5025878760488,-269.5025878760488,True,129.48465006237083,False,True,0.1692169314085611,0.0079029568075167,2.0,True,1.0,8.000:8.000|53.004:12.139|44.229:15.072|41.600:15.267|61.636:21.911|61.495:17.658|71.538:38.854|79.240:42.494|92.279:45.199|88.125:63.295|91.975:66.252|78.950:73.952|62.512:72.187|59.881:77.553|62.139:81.248|49.322:71.086|58.999:58.916|57.567:56.826|64.463:64.640|52.695:43.707|63.126:47.308|71.419:50.699|85.239:28.157|8.000:8.000,0-5-9-15-22-6-24-1-29-8-17-21-2-19-14-7-25-12-11-23-10-16-26-0,0.0014110580086708
98,moderate,sparse,WindAwareGreedy,32,19,0.59375,0.6690647482014388,0.0,False,46.5,69.5,1307.1457502721614,1294.532725865758,-107.1457502721613,-187.1457502721613,True,120.78581635538228,False,True,0.2201215013667424,0.0121641965435636,2.0,True,1.0,8.000:8.000|53.004:12.139|61.636:21.911|61.495:17.658|44.229:15.072|41.600:15.267|52.695:43.707|79.240:42.494|71.538:38.854|92.313:24.401|93.593:20.582|89.142:10.561|85.239:28.157|92.279:45.199|88.125:63.295|78.950:73.952|62.512:72.187|49.322:71.086|58.999:58.916|57.567:56.826|8.000:8.000,0-5-22-6-9-15-23-1-24-20-3-27-26-29-8-21-2-7-25-12-0,0.0014465190470218
98,moderate,sparse,ReserveOnlyPlanner,32,15,0.46875,0.4892086330935252,0.4892086330935252,True,34.0,69.5,1089.2274607325126,1174.169407190882,110.77253926748732,30.77253926748732,False,99.18086858015826,True,False,0.1877646574187047,0.0126941044064891,2.0,False,1.0,8.000:8.000|53.004:12.139|61.636:21.911|61.495:17.658|44.229:15.072|41.600:15.267|52.695:43.707|71.538:38.854|79.240:42.494|92.313:24.401|93.593:20.582|89.142:10.561|85.239:28.157|81.577:29.713|92.279:45.199|63.126:47.308|8.000:8.000,0-5-22-6-9-15-23-24-1-20-3-27-26-18-29-10-0,0.0013424670323729
98,moderate,sparse,FairRiskAwareGreedy,32,14,0.4375,0.5107913669064749,0.5107913669064749,True,35.5,69.5,1038.0175005906915,1076.5424265575305,161.9824994093084,81.98249940930839,False,118.19420615832377,True,False,0.0001290663660798,8.604425692622837e-06,3.0,False,1.0,8.000:8.000|53.004:12.139|89.142:10.561|61.636:21.911|79.240:42.494|78.950:73.952|62.512:72.187|52.695:43.707|49.322:71.086|26.828:89.234|53.370:96.611|55.844:95.798|58.999:58.916|41.600:15.267|44.229:15.072|8.000:8.000,0-5-27-22-1-21-2-23-7-30-4-32-25-15-9-0,0.0020250191446393
98,moderate,sparse,FairALNSPlanner,32,16,0.5,0.5683453237410072,0.5683453237410072,True,39.5,69.5,1058.7675193542193,1184.657217536194,141.2324806457808,61.23248064578081,False,123.45499776084588,True,False,0.0264827719338139,0.0015663794761259,2.0,False,1.0,8.000:8.000|26.828:89.234|37.811:78.938|49.322:71.086|52.695:43.707|61.636:21.911|61.495:17.658|71.538:38.854|79.240:42.494|78.950:73.952|88.125:63.295|92.313:24.401|92.279:45.199|62.512:72.187|64.463:64.640|58.999:58.916|57.567:56.826|8.000:8.000,0-30-13-7-23-22-6-24-1-21-8-20-29-2-11-25-12-0,8.903497644001618
98,moderate,sparse,RAWA-RHP,32,27,0.84375,0.8920863309352518,0.8920863309352518,True,62.0,69.5,1047.0109096857457,1205.7422349658216,152.9890903142543,72.9890903142543,False,136.41912086545207,True,False,0.0876578056942716,0.0032315673030907,2.0,False,1.0,8.000:8.000|41.600:15.267|44.229:15.072|53.004:12.139|61.495:17.658|61.636:21.911|71.538:38.854|79.240:42.494|81.577:29.713|85.239:28.157|92.313:24.401|92.279:45.199|91.975:66.252|88.125:63.295|78.950:73.952|62.512:72.187|59.881:77.553|49.322:71.086|37.811:78.938|26.828:89.234|53.370:96.611|55.844:95.798|58.382:97.106|62.139:81.248|64.463:64.640|58.999:58.916|57.567:56.826|52.695:43.707|8.000:8.000,0-15-9-5-6-22-24-1-18-26-20-29-17-8-21-2-19-7-13-30-4-32-31-14-11-25-12-23-0,110.17496616696008
99,moderate,cluttered,NearestNeighbor,32,20,0.625,0.6416666666666667,0.0,False,38.5,60.0,1507.1294044991678,1515.9578624977553,-307.1294044991677,-387.1294044991677,True,120.09801491436836,False,True,0.0982851352432276,0.0048437893082455,2.0,True,1.0,8.000:8.000|24.979:26.378|10.635:35.860|26.002:43.938|35.310:44.735|42.603:39.847|59.800:58.581|71.952:62.604|78.461:57.732|85.995:62.004|85.877:65.943|94.641:51.368|82.676:33.579|79.803:31.531|70.194:25.240|71.020:46.826|58.670:75.995|63.679:84.138|63.019:88.801|70.973:87.457|71.087:85.016|8.000:8.000,0-3-26-19-13-32-14-18-21-29-2-5-20-27-25-22-30-16-10-28-8-0,0.0017443769611418
99,moderate,cluttered,ValuePerDistance,32,18,0.5625,0.6416666666666667,0.0,False,38.5,60.0,1531.777538194009,1502.8154287796588,-331.7775381940086,-411.7775381940086,True,113.82278931233724,False,True,0.0248557101060297,0.0013134748254028,2.0,True,1.0,8.000:8.000|24.979:26.378|10.635:35.860|35.310:44.735|42.603:39.847|71.020:46.826|79.803:31.531|82.676:33.579|95.122:17.973|94.641:51.368|85.877:65.943|85.995:62.004|78.461:57.732|71.952:62.604|58.670:75.995|63.679:84.138|63.019:88.801|71.087:85.016|70.973:87.457|8.000:8.000,0-3-26-13-32-22-27-20-31-5-2-29-21-18-30-16-10-8-28-0,0.0012421328574419
99,moderate,cluttered,WindAwareGreedy,32,17,0.53125,0.575,0.0,False,34.5,60.0,1369.4897340869588,1349.2220461927927,-169.4897340869583,-249.4897340869583,True,109.38735207425827,False,True,0.1644138925542985,0.0097994603476388,2.0,True,1.0,8.000:8.000|24.979:26.378|10.635:35.860|35.310:44.735|30.260:70.235|20.310:63.471|16.642:64.053|13.823:70.518|23.565:87.858|37.351:77.053|58.670:75.995|63.019:88.801|63.679:84.138|42.801:84.605|44.000:89.184|25.876:86.941|16.759:75.359|33.093:63.419|8.000:8.000,0-3-26-13-6-9-15-1-11-24-30-10-16-7-4-12-23-17-0,0.0014436738565564
99,moderate,cluttered,ReserveOnlyPlanner,32,13,0.40625,0.4833333333333333,0.4833333333333333,True,29.0,60.0,1093.2819364035463,1190.2357237349115,106.71806359645392,26.71806359645393,False,88.32070926493141,True,False,0.0412774467903735,0.0029915140941326,2.0,False,1.0,8.000:8.000|24.979:26.378|10.635:35.860|35.310:44.735|20.310:63.471|16.642:64.053|13.823:70.518|23.565:87.858|30.260:70.235|37.351:77.053|42.801:84.605|58.670:75.995|63.679:84.138|33.093:63.419|8.000:8.000,0-3-26-13-9-15-1-11-6-24-7-30-16-17-0,0.0012478800490498
99,moderate,cluttered,FairRiskAwareGreedy,32,13,0.40625,0.475,0.475,True,28.5,60.0,1092.3852419581774,1126.02768939347,107.61475804182255,27.61475804182257,False,111.63778111868724,True,False,0.0066885923003003,0.0004785157651356,2.0,False,1.0,8.000:8.000|24.979:26.378|10.635:35.860|30.260:70.235|58.670:75.995|63.019:88.801|71.020:46.826|95.122:17.973|85.877:65.943|94.641:51.368|82.676:33.579|70.194:25.240|42.603:39.847|26.002:43.938|8.000:8.000,0-3-26-6-30-10-22-31-2-5-20-25-32-19-0,0.0018149360548704
99,moderate,cluttered,FairALNSPlanner,32,22,0.6875,0.7916666666666666,0.7916666666666666,True,47.5,60.0,1059.4266900725,1189.408633818293,140.57330992750008,60.57330992750008,False,124.11327208131448,True,False,0.0282288199349394,0.0012353825795227,2.0,False,1.0,8.000:8.000|24.979:26.378|10.635:35.860|26.002:43.938|35.310:44.735|71.020:46.826|79.803:31.531|82.676:33.579|95.122:17.973|94.641:51.368|85.995:62.004|85.877:65.943|71.087:85.016|70.973:87.457|63.019:88.801|63.679:84.138|58.670:75.995|42.801:84.605|30.260:70.235|33.093:63.419|20.310:63.471|16.642:64.053|13.823:70.518|8.000:8.000,0-3-26-19-13-22-27-20-31-5-29-2-8-28-10-16-30-7-6-17-9-15-1-0,11.864571104990318
99,moderate,cluttered,RAWA-RHP,32,24,0.75,0.825,0.825,True,49.5,60.0,1026.293532551764,1172.8198989910727,173.7064674482362,93.7064674482362,False,125.84072111335593,True,False,0.0838872249095593,0.0034709891263595,2.0,False,1.0,8.000:8.000|24.979:26.378|70.194:25.240|95.122:17.973|79.803:31.531|82.676:33.579|71.020:46.826|78.461:57.732|85.995:62.004|85.877:65.943|71.087:85.016|70.973:87.457|63.019:88.801|63.679:84.138|58.670:75.995|42.801:84.605|37.351:77.053|30.260:70.235|16.759:75.359|13.823:70.518|16.642:64.053|20.310:63.471|35.310:44.735|26.002:43.938|10.635:35.860|8.000:8.000,0-3-25-31-27-20-22-21-29-2-8-28-10-16-30-7-24-6-23-1-15-9-13-19-26-0,59.832570946076885
100,severe,cluttered,NearestNeighbor,32,16,0.5,0.4740740740740741,0.0,False,32.0,67.5,1527.3155234541036,1517.440118530179,-327.31552345410387,-407.3155234541039,True,95.05159903499782,False,True,0.2341043692521437,0.0153400456541783,2.0,True,1.0,8.000:8.000|9.344:22.348|23.428:17.678|32.490:22.969|31.417:37.426|24.245:43.168|24.084:47.496|32.138:54.321|44.681:46.774|53.391:63.663|55.234:67.228|52.881:74.152|58.160:73.996|69.505:79.153|68.584:86.812|81.977:85.516|49.092:88.817|8.000:8.000,0-24-31-12-32-26-16-9-5-8-25-21-1-3-23-18-29-0,0.0015284458640962
100,severe,cluttered,ValuePerDistance,32,12,0.375,0.4296296296296296,0.0,False,29.0,67.5,1453.915820313693,1447.2923724311056,-253.91582031369308,-333.9158203136931,True,79.38194138559282,False,True,0.3435602267397066,0.031295532450528,2.0,True,1.0,8.000:8.000|23.428:17.678|32.490:22.969|31.417:37.426|24.245:43.168|24.084:47.496|32.138:54.321|44.681:46.774|61.264:38.019|60.735:42.573|80.548:24.471|76.505:25.205|75.465:52.090|8.000:8.000,0-31-12-32-26-16-9-5-30-11-22-2-10-0,0.0009772970806807
100,severe,cluttered,WindAwareGreedy,32,12,0.375,0.4222222222222222,0.0,False,28.5,67.5,1254.0893407032215,1228.473585065315,-54.08934070322145,-134.08934070322147,True,76.96172125564581,False,True,0.4330482202186472,0.0409732508706695,2.0,True,1.0,8.000:8.000|23.428:17.678|31.417:37.426|24.084:47.496|32.138:54.321|13.454:78.595|20.708:73.372|28.120:72.797|36.188:74.943|35.540:90.152|21.642:91.445|24.245:43.168|9.344:22.348|8.000:8.000,0-31-32-16-9-4-28-14-13-6-19-26-24-0,0.0012135689612478
100,severe,cluttered,ReserveOnlyPlanner,32,10,0.3125,0.3407407407407407,0.3407407407407407,True,23.0,67.5,1069.572763597017,1195.5665280994451,130.42723640298317,50.42723640298317,False,66.52463382968544,True,False,0.3120481241878936,0.0322656717463047,2.0,False,1.0,8.000:8.000|9.344:22.348|23.428:17.678|31.417:37.426|24.084:47.496|24.245:43.168|32.138:54.321|13.454:78.595|20.708:73.372|28.120:72.797|36.188:74.943|8.000:8.000,0-24-31-32-16-26-9-4-28-14-13-0,0.0010235849767923
100,severe,cluttered,FairRiskAwareGreedy,32,12,0.375,0.4,0.4,True,27.0,67.5,1082.680095396037,1155.9941330963827,117.31990460396374,37.319904603963735,False,102.3351998682392,True,False,0.0185527097495694,0.0014372601244421,2.8284271247461903,False,1.0,8.000:8.000|23.428:17.678|44.681:46.774|32.138:54.321|13.454:78.595|20.708:73.372|24.084:47.496|9.344:22.348|31.417:37.426|36.188:74.943|28.120:72.797|49.092:88.817|32.490:22.969|8.000:8.000,0-31-5-9-4-28-16-24-32-13-14-29-12-0,0.0012485361658036
100,severe,cluttered,FairALNSPlanner,32,7,0.21875,0.237037037037037,0.237037037037037,True,16.0,67.5,596.8061575783149,673.5191197849531,603.1938424216851,523.1938424216851,False,58.23569008900934,True,False,0.031722562656782,0.0040052393258425,2.0,False,1.0,8.000:8.000|23.428:17.678|32.490:22.969|36.188:74.943|28.120:72.797|20.708:73.372|13.454:78.595|21.642:91.445|8.000:8.000,0-31-12-13-14-28-4-19-0,4.746016093995422
100,severe,cluttered,RAWA-RHP,32,20,0.625,0.6592592592592592,0.6592592592592592,True,44.5,67.5,1019.3353184283352,1212.0359480750428,180.6646815716645,100.66468157166452,False,110.52418640874173,True,False,0.0324719461132044,0.0015640658185496,2.0,False,1.0,8.000:8.000|23.428:17.678|32.490:22.969|31.417:37.426|44.681:46.774|32.138:54.321|58.160:73.996|52.881:74.152|55.234:67.228|53.391:63.663|69.505:79.153|68.584:86.812|49.092:88.817|35.540:90.152|21.642:91.445|13.454:78.595|28.120:72.797|36.188:74.943|20.708:73.372|24.084:47.496|9.344:22.348|8.000:8.000,0-31-12-32-5-9-1-21-25-8-3-23-29-6-19-4-14-13-28-16-24-0,33.18773939902894
101,calm,cluttered,NearestNeighbor,32,29,0.90625,0.8740740740740741,0.0,False,59.0,67.5,1437.3075099633015,1444.7419688049856,-237.30750996330127,-317.3075099633013,True,167.75752098938153,False,True,0.0194911041286564,0.0006545247709821,2.0,True,1.0,8.000:8.000|26.113:35.704|29.855:35.894|21.578:38.362|15.492:44.871|30.470:66.056|33.096:72.539|32.206:77.666|24.434:85.860|45.424:83.950|45.323:69.296|49.394:69.434|65.134:63.394|67.956:63.236|68.431:70.789|68.434:49.960|64.762:43.499|58.493:35.022|56.191:29.446|53.614:26.864|56.107:22.039|54.164:17.222|44.576:32.963|41.711:31.070|40.587:21.410|43.622:51.554|77.473:23.462|91.959:23.277|93.220:62.344|88.227:66.023|8.000:8.000,0-4-25-24-10-12-7-20-13-2-1-27-6-28-11-21-29-22-32-9-19-16-5-30-23-15-8-3-31-17-0,0.0021624499931931
101,calm,cluttered,ValuePerDistance,32,25,0.78125,0.837037037037037,0.0,False,56.5,67.5,1324.3206817414366,1333.0933510315897,-124.32068174143652,-204.3206817414365,True,151.85900234571085,False,True,0.0133604485211109,0.0005164932899026,2.0,True,1.0,8.000:8.000|54.164:17.222|56.107:22.039|53.614:26.864|56.191:29.446|58.493:35.022|44.576:32.963|41.711:31.070|43.622:51.554|45.323:69.296|49.394:69.434|68.431:70.789|67.956:63.236|65.134:63.394|68.434:49.960|64.762:43.499|90.824:78.069|88.227:66.023|93.220:62.344|87.308:95.472|83.714:95.201|24.434:85.860|33.096:72.539|30.470:66.056|32.206:77.666|45.424:83.950|8.000:8.000,0-16-19-9-32-22-5-30-15-1-27-11-28-6-21-29-26-17-31-18-14-13-7-12-20-2-0,0.0015944091137498
101,calm,cluttered,WindAwareGreedy,32,22,0.6875,0.7925925925925926,0.0,False,53.5,67.5,1453.8126635232493,1460.325278317123,-253.81266352324928,-333.8126635232493,True,159.2867559100699,False,True,0.0146728204642019,0.0006411450767725,2.0,True,1.0,8.000:8.000|54.164:17.222|56.107:22.039|53.614:26.864|56.191:29.446|43.622:51.554|45.323:69.296|68.431:70.789|90.824:78.069|88.227:66.023|93.220:62.344|91.959:23.277|77.473:23.462|58.493:35.022|44.576:32.963|41.711:31.070|29.855:35.894|15.492:44.871|24.434:85.860|33.096:72.539|45.424:83.950|87.308:95.472|83.714:95.201|8.000:8.000,0-16-19-9-32-15-1-11-26-17-31-3-8-22-5-30-25-10-13-7-2-18-14-0,0.0016449890099465
101,calm,cluttered,ReserveOnlyPlanner,32,20,0.625,0.6592592592592592,0.6592592592592592,True,44.5,67.5,1024.940675781459,1057.8757058259357,175.05932421854104,95.05932421854104,False,118.61995866387647,True,False,0.0135918642199523,0.0006500427479349,2.0,False,1.0,8.000:8.000|54.164:17.222|56.107:22.039|53.614:26.864|56.191:29.446|43.622:51.554|45.323:69.296|68.431:70.789|90.824:78.069|88.227:66.023|93.220:62.344|91.959:23.277|77.473:23.462|58.493:35.022|44.576:32.963|41.711:31.070|29.855:35.894|15.492:44.871|21.578:38.362|26.113:35.704|40.587:21.410|8.000:8.000,0-16-19-9-32-15-1-11-26-17-31-3-8-22-5-30-25-10-24-4-23-0,0.0016850559040904
101,calm,cluttered,FairRiskAwareGreedy,32,17,0.53125,0.6592592592592592,0.6592592592592592,True,44.5,67.5,1090.815968550738,1114.2063925138596,109.1840314492619,29.18403144926189,False,125.7448397664531,True,False,0.0202660126848858,0.0011346375006791,2.0,False,1.0,8.000:8.000|54.164:17.222|56.107:22.039|53.614:26.864|43.622:51.554|45.323:69.296|24.434:85.860|68.431:70.789|90.824:78.069|87.308:95.472|83.714:95.201|88.227:66.023|93.220:62.344|91.959:23.277|44.576:32.963|56.191:29.446|58.493:35.022|41.711:31.070|8.000:8.000,0-16-19-9-15-1-13-11-26-18-14-17-31-3-5-32-22-30-0,0.0026868740096688
101,calm,cluttered,FairALNSPlanner,32,20,0.625,0.7407407407407407,0.7407407407407407,True,50.0,67.5,1061.31210080611,1125.7662652334186,138.68789919389,58.68789919388999,False,126.6182376398943,True,False,0.0177859223243895,0.0008528883763689,2.0,False,1.0,8.000:8.000|54.164:17.222|56.107:22.039|53.614:26.864|56.191:29.446|58.493:35.022|44.576:32.963|43.622:51.554|68.434:49.960|91.959:23.277|93.220:62.344|88.227:66.023|90.824:78.069|87.308:95.472|83.714:95.201|68.431:70.789|49.394:69.434|45.323:69.296|33.096:72.539|24.434:85.860|15.492:44.871|8.000:8.000,0-16-19-9-32-22-5-15-21-3-31-17-26-18-14-11-27-1-7-13-10-0,12.354205432115124
101,calm,cluttered,RAWA-RHP,32,26,0.8125,0.8740740740740741,0.8740740740740741,True,59.0,67.5,1052.903696776956,1141.6534464497563,147.0963032230442,67.0963032230442,False,136.10297475431247,True,False,0.0080214319251654,0.0002977544280921,2.0,False,1.0,8.000:8.000|54.164:17.222|56.107:22.039|53.614:26.864|56.191:29.446|43.622:51.554|45.323:69.296|33.096:72.539|24.434:85.860|45.424:83.950|83.714:95.201|87.308:95.472|90.824:78.069|93.220:62.344|88.227:66.023|68.431:70.789|65.134:63.394|67.956:63.236|68.434:49.960|64.762:43.499|58.493:35.022|44.576:32.963|41.711:31.070|29.855:35.894|26.113:35.704|21.578:38.362|15.492:44.871|8.000:8.000,0-16-19-9-32-15-1-7-13-2-14-18-26-31-17-11-6-28-21-29-22-5-30-25-4-24-10-0,31.97391210705973
99,severe,sparse,NearestNeighbor,32,18,0.5625,0.5813953488372093,0.0,False,37.5,64.5,1374.5019739924358,1388.4517361619812,-174.50197399243584,-254.50197399243584,True,81.14533968728972,False,True,0.1359037665462465,0.0075048508050261,2.0,True,1.0,8.000:8.000|20.171:21.115|26.797:26.493|31.386:27.326|36.383:23.649|34.549:17.869|36.169:16.234|49.896:21.208|52.372:19.163|55.088:20.666|57.212:24.369|59.523:23.988|61.143:25.279|54.274:39.243|41.809:34.334|44.411:31.013|32.653:47.133|26.292:53.776|34.778:60.978|8.000:8.000,0-27-3-13-15-18-19-20-28-22-30-11-10-12-14-1-5-8-4-0,0.0016208991874009
99,severe,sparse,ValuePerDistance,32,17,0.53125,0.5658914728682171,0.0,False,36.5,64.5,1291.1979180055089,1280.4950885251594,-91.19791800550844,-171.19791800550843,True,75.74915190982806,False,True,0.0330255980967466,0.0018542108108353,2.0,True,1.0,8.000:8.000|20.171:21.115|26.797:26.493|36.383:23.649|34.549:17.869|36.169:16.234|49.896:21.208|52.372:19.163|55.088:20.666|57.212:24.369|59.523:23.988|61.143:25.279|54.274:39.243|41.809:34.334|44.411:31.013|32.653:47.133|26.292:53.776|31.386:27.326|8.000:8.000,0-27-3-15-18-19-20-28-22-30-11-10-12-14-1-5-8-13-0,0.001163762062788
99,severe,sparse,WindAwareGreedy,32,15,0.46875,0.5193798449612403,0.0,False,33.5,64.5,1237.3468575450945,1192.062797852804,-37.3468575450944,-117.3468575450944,True,70.71560091947151,False,True,0.1734520672142441,0.0111513464456824,2.0,True,1.0,8.000:8.000|20.171:21.115|26.797:26.493|34.549:17.869|36.169:16.234|49.896:21.208|52.372:19.163|55.088:20.666|57.212:24.369|61.143:25.279|59.523:23.988|36.383:23.649|41.809:34.334|32.653:47.133|26.292:53.776|31.386:27.326|8.000:8.000,0-27-3-18-19-20-28-22-30-10-11-15-14-5-8-13-0,0.0012504381593316
99,severe,sparse,ReserveOnlyPlanner,32,14,0.4375,0.4573643410852713,0.4573643410852713,True,29.5,64.5,949.09205360814,1074.2508829133417,250.90794639185967,170.90794639185972,False,61.68200969594025,True,False,0.1615048410584354,0.0109450724932756,2.0,False,1.0,8.000:8.000|20.171:21.115|26.797:26.493|34.549:17.869|36.169:16.234|49.896:21.208|52.372:19.163|55.088:20.666|57.212:24.369|61.143:25.279|59.523:23.988|36.383:23.649|41.809:34.334|44.411:31.013|31.386:27.326|8.000:8.000,0-27-3-18-19-20-28-22-30-10-11-15-14-1-13-0,0.0020185022149235
99,severe,sparse,FairRiskAwareGreedy,32,15,0.46875,0.5426356589147286,0.5426356589147286,True,35.0,64.5,1001.6129561557924,1061.554095155324,198.38704384420743,118.38704384420744,False,94.5688844300049,True,False,0.0013002377801336,8.130994009413611e-05,2.8284271247461903,False,1.0,8.000:8.000|49.896:21.208|52.372:19.163|34.549:17.869|41.809:34.334|26.797:26.493|36.383:23.649|36.169:16.234|32.653:47.133|67.541:59.624|65.671:62.679|54.274:39.243|61.143:25.279|55.088:20.666|57.212:24.369|59.523:23.988|8.000:8.000,0-20-28-18-14-3-15-19-5-23-24-12-10-22-30-11-0,0.0024308690335601
99,severe,sparse,FairALNSPlanner,32,18,0.5625,0.6356589147286822,0.6356589147286822,True,41.0,64.5,1044.4150022502583,1209.2290610522175,155.5849977497417,75.58499774974169,False,104.40652485760292,True,False,0.0504920695650437,0.0027051136220626,2.0,False,1.0,8.000:8.000|10.840:81.148|26.292:53.776|32.653:47.133|40.625:56.259|65.337:81.664|61.871:83.242|67.541:59.624|54.274:39.243|41.809:34.334|44.411:31.013|36.383:23.649|49.896:21.208|55.088:20.666|52.372:19.163|36.169:16.234|34.549:17.869|31.386:27.326|26.797:26.493|8.000:8.000,0-26-8-5-17-16-9-23-12-14-1-15-20-22-28-19-18-13-3-0,10.19845922710374
99,severe,sparse,RAWA-RHP,32,26,0.8125,0.8217054263565892,0.8217054263565892,True,53.0,64.5,1025.7969719893304,1252.274063926394,174.20302801066978,94.20302801066978,False,115.51944445392787,True,False,0.1302787584181629,0.0051062869813015,2.0,False,1.0,8.000:8.000|20.171:21.115|26.797:26.493|31.386:27.326|36.383:23.649|44.411:31.013|41.809:34.334|32.653:47.133|26.292:53.776|27.007:73.034|22.673:72.290|34.778:60.978|40.625:56.259|67.381:81.569|65.337:81.664|61.871:83.242|67.541:59.624|65.671:62.679|54.274:39.243|61.143:25.279|59.523:23.988|57.212:24.369|55.088:20.666|52.372:19.163|49.896:21.208|34.549:17.869|36.169:16.234|8.000:8.000,0-27-3-13-15-1-14-5-8-31-25-4-17-7-16-9-23-24-12-10-11-30-22-28-20-18-19-0,67.43857241189107
100,moderate,cluttered,NearestNeighbor,32,21,0.65625,0.6491228070175439,0.0,False,37.0,57.0,1297.2866552107905,1295.89355779092,-97.2866552107902,-177.2866552107902,True,119.16219189403397,False,True,0.1372490843540038,0.0065541654495908,2.0,True,1.0,8.000:8.000|43.124:9.526|58.214:18.506|69.386:23.549|82.227:24.673|87.325:10.530|93.290:11.982|96.436:35.051|96.990:37.331|88.002:42.740|81.160:41.741|75.276:52.048|86.472:59.211|79.757:73.484|75.733:82.848|69.489:86.558|81.258:90.286|65.154:67.097|48.353:64.481|40.414:61.917|34.173:66.707|33.593:47.491|8.000:8.000,0-14-18-8-13-30-15-10-1-9-25-5-2-26-29-27-6-11-7-4-24-32-0,0.0018250511493533
100,moderate,cluttered,ValuePerDistance,32,19,0.59375,0.631578947368421,0.0,False,36.0,57.0,1221.275522751141,1218.4598637380109,-21.27552275114074,-101.27552275114074,True,111.483526334022,False,True,0.0952185097515692,0.0049333865356882,2.0,True,1.0,8.000:8.000|43.124:9.526|58.214:18.506|69.386:23.549|82.227:24.673|87.325:10.530|93.290:11.982|88.002:42.740|81.160:41.741|96.436:35.051|96.990:37.331|86.472:59.211|75.276:52.048|55.406:37.944|44.629:30.972|50.879:26.049|22.137:40.647|33.593:47.491|35.895:38.454|35.710:34.019|8.000:8.000,0-14-18-8-13-30-15-9-25-10-1-2-5-3-12-17-28-32-19-21-0,0.00130660017021
100,moderate,cluttered,WindAwareGreedy,32,17,0.53125,0.631578947368421,0.0,False,36.0,57.0,1292.4029770470129,1324.3610491997913,-92.40297704701324,-172.40297704701322,True,117.5850662588068,False,True,0.18275823160654,0.0109212825132138,2.0,True,1.0,8.000:8.000|43.124:9.526|58.214:18.506|69.386:23.549|82.227:24.673|87.325:10.530|88.002:42.740|81.160:41.741|55.406:37.944|22.137:40.647|35.895:38.454|44.629:30.972|50.879:26.049|35.710:34.019|33.593:47.491|48.353:64.481|23.299:88.086|17.868:83.768|8.000:8.000,0-14-18-8-13-30-9-25-3-28-19-12-17-21-32-7-20-23-0,0.0013982749078422
100,moderate,cluttered,ReserveOnlyPlanner,32,14,0.4375,0.5263157894736842,0.5263157894736842,True,30.0,57.0,1061.6248867539807,1121.676884480149,138.3751132460194,58.3751132460194,False,91.3856538488542,True,False,0.0856665635078758,0.0059019868850983,2.0,False,1.0,8.000:8.000|43.124:9.526|58.214:18.506|69.386:23.549|82.227:24.673|87.325:10.530|93.290:11.982|88.002:42.740|81.160:41.741|96.436:35.051|96.990:37.331|86.472:59.211|55.406:37.944|44.629:30.972|22.137:40.647|8.000:8.000,0-14-18-8-13-30-15-9-25-10-1-2-3-12-28-0,0.0013298040721565
100,moderate,cluttered,FairRiskAwareGreedy,32,16,0.5,0.6140350877192983,0.6140350877192983,True,35.0,57.0,1080.5289660172264,1127.2307972457593,119.47103398277362,39.47103398277362,False,120.4815019888302,True,False,0.0043744237342948,0.0002575009987314,2.0,False,1.0,8.000:8.000|43.124:9.526|58.214:18.506|87.325:10.530|82.227:24.673|88.002:42.740|22.137:40.647|23.299:88.086|17.868:83.768|19.878:78.589|23.373:77.724|48.353:64.481|55.406:37.944|69.386:23.549|33.593:47.491|35.895:38.454|35.710:34.019|8.000:8.000,0-14-18-30-13-9-28-20-23-16-31-7-3-8-32-19-21-0,0.0021350090391933
100,moderate,cluttered,FairALNSPlanner,32,21,0.65625,0.7543859649122807,0.7543859649122807,True,43.0,57.0,1039.8167262432491,1170.102475114072,160.18327375675088,80.18327375675088,False,127.02548081256084,True,False,0.0462952133317303,0.0021273962914196,2.0,False,1.0,8.000:8.000|22.137:40.647|35.895:38.454|35.710:34.019|44.629:30.972|43.124:9.526|58.214:18.506|69.386:23.549|82.227:24.673|87.325:10.530|93.290:11.982|96.436:35.051|96.990:37.331|81.160:41.741|88.002:42.740|55.406:37.944|33.593:47.491|48.353:64.481|23.299:88.086|17.868:83.768|23.373:77.724|19.878:78.589|8.000:8.000,0-28-19-21-12-14-18-8-13-30-15-10-1-25-9-3-32-7-20-23-31-16-0,12.393266933970152
100,moderate,cluttered,RAWA-RHP,32,24,0.75,0.8157894736842105,0.8157894736842105,True,46.5,57.0,1059.4986041890409,1212.496193000995,140.50139581095908,60.50139581095908,False,129.56319937161737,True,False,0.0445963868497026,0.0018028501000968,2.0,False,1.0,8.000:8.000|22.137:40.647|35.710:34.019|35.895:38.454|33.593:47.491|40.414:61.917|34.173:66.707|23.373:77.724|19.878:78.589|17.868:83.768|23.299:88.086|48.353:64.481|81.160:41.741|88.002:42.740|96.990:37.331|96.436:35.051|93.290:11.982|87.325:10.530|82.227:24.673|69.386:23.549|55.406:37.944|50.879:26.049|44.629:30.972|58.214:18.506|43.124:9.526|8.000:8.000,0-28-21-19-32-4-24-31-16-23-20-7-25-9-1-10-15-30-13-8-3-17-12-18-14-0,57.02297912212089
99,moderate,sparse,NearestNeighbor,32,23,0.71875,0.7322834645669292,0.0,False,46.5,63.5,1289.914384856272,1297.142926086467,-89.91438485627182,-169.91438485627182,True,111.22567565719032,False,True,0.1161712773858865,0.0049959831576114,2.0,True,1.0,8.000:8.000|19.154:32.623|11.278:42.886|18.745:62.883|23.277:64.324|29.016:70.787|38.566:72.447|42.280:73.698|46.967:68.118|50.927:64.928|64.927:64.212|67.620:66.140|75.010:63.086|75.327:58.828|84.245:54.351|67.824:43.267|66.596:45.032|65.713:38.832|54.697:34.039|44.205:30.493|45.993:15.486|45.636:13.317|70.419:9.283|72.768:13.959|8.000:8.000,0-27-26-6-3-13-30-24-25-28-8-31-10-17-5-29-15-4-2-20-1-32-21-23-0,0.0019192749168723
99,moderate,sparse,ValuePerDistance,32,22,0.6875,0.7007874015748031,0.0,False,44.5,63.5,1254.4033951131005,1230.5937488078323,-54.40339511310023,-134.40339511310023,True,110.50900546778892,False,True,0.0759696720475324,0.0033216069770095,2.0,True,1.0,8.000:8.000|45.993:15.486|45.636:13.317|72.768:13.959|70.419:9.283|54.697:34.039|65.713:38.832|67.824:43.267|66.596:45.032|67.620:66.140|64.927:64.212|75.010:63.086|75.327:58.828|84.245:54.351|50.927:64.928|46.967:68.118|42.280:73.698|38.566:72.447|29.016:70.787|18.745:62.883|23.277:64.324|11.278:42.886|19.154:32.623|8.000:8.000,0-1-32-23-21-2-4-29-15-31-8-10-17-5-28-25-24-30-13-6-3-26-27-0,0.0015303378459066
99,moderate,sparse,WindAwareGreedy,32,15,0.46875,0.5196850393700787,0.0,False,33.0,63.5,1304.525057565447,1298.3347735856985,-104.52505756544736,-184.52505756544736,True,105.92898538298192,False,True,0.0106494896347705,0.0006671414342594,2.0,True,1.0,8.000:8.000|45.993:15.486|45.636:13.317|54.697:34.039|44.205:30.493|19.154:32.623|11.278:42.886|18.745:62.883|29.016:70.787|50.927:64.928|58.243:92.493|53.651:84.410|42.280:73.698|38.566:72.447|10.319:91.545|23.277:64.324|8.000:8.000,0-1-32-2-20-27-26-6-13-28-19-7-24-30-22-3-0,0.0013206410221755
99,moderate,sparse,ReserveOnlyPlanner,32,12,0.375,0.3858267716535433,0.3858267716535433,True,24.5,63.5,1053.8023999277946,1164.0997540742885,146.19760007220552,66.19760007220552,False,87.36926448153734,True,False,0.0785894667991915,0.0061649358324198,2.0,False,1.0,8.000:8.000|19.154:32.623|11.278:42.886|18.745:62.883|29.016:70.787|10.319:91.545|58.243:92.493|53.651:84.410|50.927:64.928|42.280:73.698|38.566:72.447|47.397:82.814|23.277:64.324|8.000:8.000,0-27-26-6-13-22-19-7-28-24-30-9-3-0,0.001197402132675
99,moderate,sparse,FairRiskAwareGreedy,32,14,0.4375,0.5196850393700787,0.5196850393700787,True,33.0,63.5,1047.138867813848,1081.729502115502,152.8611321861519,72.86113218615193,False,113.97430392486255,True,False,0.0014094015721727,9.399248622338578e-05,2.0,False,1.0,8.000:8.000|45.993:15.486|45.636:13.317|72.768:13.959|54.697:34.039|19.154:32.623|11.278:42.886|29.016:70.787|50.927:64.928|58.243:92.493|53.651:84.410|67.620:66.140|44.205:30.493|18.745:62.883|23.277:64.324|8.000:8.000,0-1-32-23-2-27-26-13-28-19-7-31-20-6-3-0,0.0023022769019007
99,moderate,sparse,FairALNSPlanner,32,23,0.71875,0.7795275590551181,0.7795275590551181,True,49.5,63.5,1060.0108277320323,1187.5630849292515,139.98917226796786,59.98917226796786,False,126.3048152647751,True,False,0.0239730360821055,0.001002956170474,2.0,False,1.0,8.000:8.000|45.636:13.317|45.993:15.486|70.419:9.283|72.768:13.959|54.697:34.039|50.927:64.928|64.927:64.212|67.620:66.140|65.713:38.832|84.245:54.351|75.327:58.828|75.010:63.086|84.042:88.218|63.139:91.152|58.243:92.493|53.651:84.410|47.397:82.814|42.280:73.698|29.016:70.787|23.277:64.324|18.745:62.883|11.278:42.886|19.154:32.623|8.000:8.000,0-32-1-21-23-2-28-8-31-4-5-17-10-14-16-19-7-9-24-13-3-6-26-27-0,14.9232330059167
99,moderate,sparse,RAWA-RHP,32,25,0.78125,0.8267716535433071,0.8267716535433071,True,52.5,63.5,1037.6756199718573,1178.359068330413,162.32438002814257,82.32438002814257,False,129.45622821264504,True,False,0.0225799653232802,0.0008710272052648,2.0,False,1.0,8.000:8.000|45.993:15.486|45.636:13.317|72.768:13.959|65.713:38.832|67.824:43.267|66.596:45.032|84.245:54.351|75.327:58.828|75.010:63.086|67.620:66.140|64.927:64.212|50.927:64.928|63.139:91.152|58.243:92.493|53.651:84.410|47.397:82.814|42.280:73.698|38.566:72.447|29.016:70.787|23.277:64.324|18.745:62.883|54.697:34.039|44.205:30.493|19.154:32.623|11.278:42.886|8.000:8.000,0-1-32-23-4-29-15-5-17-10-31-8-28-16-19-7-9-24-30-13-3-6-2-20-27-26-0,82.53065213095397
100,severe,sparse,NearestNeighbor,32,16,0.5,0.453125,0.0,False,29.0,64.0,1483.060491563654,1455.1904782950342,-283.06049156365367,-363.06049156365367,True,86.4888031438395,False,True,0.0051117824962061,0.0003010329509382,2.8284271247461903,True,1.0,8.000:8.000|20.231:12.942|13.755:25.480|16.419:35.370|19.427:41.660|26.158:42.858|28.216:50.287|33.662:29.029|29.059:25.351|52.946:31.344|63.440:23.861|66.760:33.119|70.358:34.054|70.866:40.283|78.332:43.380|79.324:49.150|68.173:62.135|8.000:8.000,0-26-9-30-31-12-21-17-13-8-18-3-23-20-32-5-4-0,0.0015049250796437
100,severe,sparse,ValuePerDistance,32,13,0.40625,0.4609375,0.0,False,29.5,64.0,1377.7039441500044,1367.8200875148243,-177.70394415000445,-257.7039441500044,True,79.50500057098681,False,True,0.028988027653835,0.0020707340863914,2.0,True,1.0,8.000:8.000|13.755:25.480|19.427:41.660|26.158:42.858|28.216:50.287|52.226:58.544|60.942:43.118|60.650:40.486|70.866:40.283|70.358:34.054|66.760:33.119|79.324:49.150|78.332:43.380|93.536:41.991|8.000:8.000,0-9-31-12-21-19-2-29-20-23-3-5-32-10-0,0.0010718270204961
100,severe,sparse,WindAwareGreedy,32,11,0.34375,0.359375,0.0,False,23.0,64.0,1429.8573532321498,1394.3381931292165,-229.85735323214985,-309.8573532321498,True,82.41626429692371,False,True,0.0047876620285345,0.0003994462780488,2.8284271247461903,True,1.0,8.000:8.000|13.755:25.480|19.427:41.660|28.216:50.287|26.158:42.858|33.662:29.029|20.231:12.942|29.059:25.351|16.419:35.370|52.226:58.544|68.396:72.769|62.666:73.786|8.000:8.000,0-9-31-21-12-17-26-13-30-19-6-7-0,0.0011403660755604
100,severe,sparse,ReserveOnlyPlanner,32,9,0.28125,0.28125,0.28125,True,18.0,64.0,1097.647197781186,1214.4533890796329,102.35280221881388,22.35280221881388,False,64.19277410155182,True,False,0.0904075470905453,0.0090411727824103,2.0,False,1.0,8.000:8.000|13.755:25.480|19.427:41.660|28.216:50.287|26.158:42.858|16.419:35.370|20.231:12.942|33.662:29.029|29.059:25.351|60.942:43.118|8.000:8.000,0-9-31-21-12-30-26-17-13-2-0,0.0009860950522124
100,severe,sparse,FairRiskAwareGreedy,32,13,0.40625,0.484375,0.484375,True,31.0,64.0,1085.515141514946,1135.0083776729457,114.4848584850542,34.48485848505419,False,101.52460803283168,True,False,0.0118317353492601,0.0008484577479611,2.8284271247461903,False,1.0,8.000:8.000|19.427:41.660|13.755:25.480|28.216:50.287|26.158:42.858|33.662:29.029|60.650:40.486|60.942:43.118|68.396:72.769|52.226:58.544|74.730:86.272|62.666:73.786|70.866:40.283|20.231:12.942|8.000:8.000,0-31-9-21-12-17-29-2-6-19-28-7-20-26-0,0.0020418800413608
100,severe,sparse,FairALNSPlanner,32,24,0.75,0.8125,0.8125,True,52.0,64.0,1040.2950442341892,1246.7702489330782,159.70495576581143,79.70495576581143,False,115.77730651380736,True,False,0.0453524753484241,0.001839387223344,2.0,False,1.0,8.000:8.000|33.662:29.029|60.942:43.118|60.650:40.486|70.866:40.283|79.324:49.150|68.173:62.135|69.755:64.634|75.830:70.989|68.396:72.769|64.208:93.331|80.614:93.716|85.072:91.338|90.529:91.608|89.089:94.651|77.633:83.751|74.730:86.272|62.666:73.786|52.226:58.544|28.216:50.287|26.158:42.858|19.427:41.660|16.419:35.370|13.755:25.480|20.231:12.942|8.000:8.000,0-17-2-29-20-5-4-22-15-6-27-1-24-14-25-16-28-7-19-21-12-31-30-9-26-0,11.051920511992648
100,severe,sparse,RAWA-RHP,32,25,0.78125,0.84375,0.84375,True,54.0,64.0,1029.164812587451,1244.2984838999753,170.83518741254903,90.83518741254905,False,117.48705620633,True,False,0.0470784045050897,0.0018379858273099,2.0,False,1.0,8.000:8.000|20.231:12.942|33.662:29.029|52.946:31.344|60.942:43.118|60.650:40.486|70.358:34.054|70.866:40.283|79.324:49.150|68.173:62.135|69.755:64.634|75.830:70.989|68.396:72.769|62.666:73.786|89.089:94.651|90.529:91.608|85.072:91.338|80.614:93.716|77.633:83.751|74.730:86.272|52.226:58.544|28.216:50.287|26.158:42.858|19.427:41.660|16.419:35.370|13.755:25.480|8.000:8.000,0-26-17-8-2-29-23-20-5-4-22-15-6-7-25-14-24-1-16-28-19-21-12-31-30-9-0,51.722538396017626
101,calm,sparse,NearestNeighbor,32,29,0.90625,0.9097744360902256,0.0,False,60.5,66.5,1297.8434373021105,1299.5105710640942,-97.84343730211025,-177.84343730211026,True,156.47740601127174,False,True,0.0067348810358035,0.0002250393870534,2.0,True,1.0,8.000:8.000|40.861:16.086|44.192:21.857|49.398:12.489|55.152:15.030|70.347:27.483|59.201:36.322|50.975:32.039|46.220:32.762|48.752:42.738|54.007:47.767|63.655:46.111|67.971:54.402|65.416:55.778|62.642:60.677|55.211:61.556|56.167:64.795|61.639:71.385|72.940:56.620|81.939:50.928|79.813:47.804|89.475:53.811|89.896:67.854|88.223:11.511|32.957:48.693|34.495:54.600|28.590:64.467|27.783:69.486|19.506:64.939|17.631:74.994|8.000:8.000,0-12-18-20-22-1-19-3-9-24-32-27-29-30-13-2-11-16-17-6-21-10-7-31-14-23-26-28-25-5-0,0.0020369251724332
101,calm,sparse,ValuePerDistance,32,27,0.84375,0.8872180451127819,0.0,False,59.0,66.5,1374.9307676575863,1369.589662314958,-174.93076765758622,-254.93076765758624,True,158.5872526664537,False,True,0.0085155992005904,0.0003050633653745,2.0,True,1.0,8.000:8.000|50.975:32.039|46.220:32.762|48.752:42.738|59.201:36.322|70.347:27.483|79.813:47.804|81.939:50.928|89.475:53.811|89.896:67.854|72.940:56.620|65.416:55.778|62.642:60.677|56.167:64.795|55.211:61.556|61.639:71.385|17.631:74.994|19.506:64.939|27.783:69.486|28.590:64.467|34.495:54.600|32.957:48.693|21.788:43.993|16.123:52.032|18.940:86.902|54.007:47.767|63.655:46.111|67.971:54.402|8.000:8.000,0-3-9-24-19-1-21-6-10-7-17-30-13-11-2-16-5-25-28-26-23-14-8-4-15-32-27-29-0,0.0016767207998782
101,calm,sparse,WindAwareGreedy,32,21,0.65625,0.7518796992481203,0.0,False,50.0,66.5,1265.2956522036484,1269.6881965914265,-65.29565220364849,-145.2956522036485,True,141.0530502132739,False,True,0.0032954725959957,0.0001497943079593,2.0,True,1.0,8.000:8.000|50.975:32.039|70.347:27.483|79.813:47.804|72.940:56.620|89.475:53.811|81.939:50.928|59.201:36.322|46.220:32.762|40.861:16.086|55.152:15.030|48.752:42.738|62.642:60.677|65.416:55.778|56.167:64.795|17.631:74.994|19.506:64.939|27.783:69.486|18.940:86.902|32.957:48.693|21.788:43.993|16.123:52.032|8.000:8.000,0-3-1-21-17-10-6-19-9-12-22-24-13-30-11-5-25-28-15-14-8-4-0,0.0016197520308196
101,calm,sparse,ReserveOnlyPlanner,32,19,0.59375,0.6616541353383458,0.6616541353383458,True,44.0,66.5,1112.5936279093926,1145.9639069255766,87.40637209060779,7.406372090607789,False,125.43200299686264,True,False,0.0063895034633925,0.0003199395890299,2.0,False,1.0,8.000:8.000|50.975:32.039|70.347:27.483|59.201:36.322|72.940:56.620|79.813:47.804|89.475:53.811|81.939:50.928|62.642:60.677|65.416:55.778|56.167:64.795|61.639:71.385|89.896:67.854|48.752:42.738|46.220:32.762|40.861:16.086|55.152:15.030|44.192:21.857|21.788:43.993|16.123:52.032|8.000:8.000,0-3-1-19-17-21-10-6-13-30-11-16-7-24-9-12-22-18-8-4-0,0.0016318710986524
101,calm,sparse,FairRiskAwareGreedy,32,17,0.53125,0.6165413533834586,0.6165413533834586,True,41.0,66.5,1085.8408145058777,1107.7075646414355,114.15918549412196,34.15918549412196,False,125.17155327893184,True,False,0.0055486108813843,0.0003087783180888,2.0,False,1.0,8.000:8.000|50.975:32.039|70.347:27.483|79.813:47.804|72.940:56.620|89.475:53.811|81.939:50.928|59.201:36.322|17.631:74.994|19.506:64.939|18.940:86.902|62.642:60.677|48.752:42.738|46.220:32.762|40.861:16.086|55.152:15.030|44.192:21.857|49.398:12.489|8.000:8.000,0-3-1-21-17-10-6-19-5-25-15-13-24-9-12-22-18-20-0,0.0028537730686366
101,calm,sparse,FairALNSPlanner,32,30,0.9375,0.962406015037594,0.962406015037594,True,64.0,66.5,1063.9171123611056,1152.1804569992148,136.08288763889453,56.08288763889453,False,141.32698315869493,True,False,0.0067921098467476,0.0002196251986598,2.0,False,1.0,8.000:8.000|21.788:43.993|16.123:52.032|19.506:64.939|17.631:74.994|18.940:86.902|27.783:69.486|28.590:64.467|34.495:54.600|32.957:48.693|48.752:42.738|54.007:47.767|55.211:61.556|56.167:64.795|61.639:71.385|62.642:60.677|65.416:55.778|67.971:54.402|72.940:56.620|89.896:67.854|89.475:53.811|81.939:50.928|79.813:47.804|70.347:27.483|59.201:36.322|50.975:32.039|46.220:32.762|44.192:21.857|49.398:12.489|55.152:15.030|40.861:16.086|8.000:8.000,0-8-4-25-5-15-28-26-23-14-24-32-2-11-16-13-30-29-17-7-10-6-21-1-19-3-9-18-20-22-12-0,17.956542341038585
101,calm,sparse,RAWA-RHP,32,29,0.90625,0.9398496240601504,0.9398496240601504,True,62.5,66.5,1040.9717952528256,1123.6079949707923,159.02820474717453,79.02820474717453,False,137.81811841360957,True,False,0.0080742019353141,0.0002699184768716,2.0,False,1.0,8.000:8.000|21.788:43.993|16.123:52.032|19.506:64.939|17.631:74.994|18.940:86.902|27.783:69.486|28.590:64.467|32.957:48.693|34.495:54.600|55.211:61.556|56.167:64.795|61.639:71.385|62.642:60.677|65.416:55.778|67.971:54.402|72.940:56.620|89.896:67.854|89.475:53.811|81.939:50.928|79.813:47.804|70.347:27.483|59.201:36.322|63.655:46.111|54.007:47.767|48.752:42.738|50.975:32.039|46.220:32.762|44.192:21.857|40.861:16.086|8.000:8.000,0-8-4-25-5-15-28-26-14-23-2-11-16-13-30-29-17-7-10-6-21-1-19-27-32-24-3-9-18-12-0,44.43208149098791
100,calm,sparse,NearestNeighbor,32,31,0.96875,0.9758064516129032,0.0,False,60.5,62.0,1274.5816976521508,1273.4137297903887,-74.5816976521509,-154.5816976521509,True,155.62553897097268,False,True,0.0191023565166476,0.0006017610098175,2.0,True,1.0,8.000:8.000|28.073:38.750|30.759:48.562|30.982:50.963|29.829:53.727|35.069:55.153|35.475:49.822|40.718:44.472|39.304:57.812|38.718:61.917|51.325:59.123|53.560:61.706|54.163:65.868|57.356:69.921|59.955:72.408|61.903:70.345|65.757:80.209|77.549:85.608|86.003:94.637|91.226:84.776|43.302:79.886|36.012:81.926|36.811:75.409|32.511:73.018|19.963:66.477|23.054:63.143|21.155:59.099|27.910:88.121|53.814:48.600|56.795:37.637|67.741:31.142|55.141:15.782|8.000:8.000,0-12-14-1-19-27-16-28-13-11-5-4-21-23-9-6-20-2-7-8-32-29-31-10-30-22-18-25-24-17-26-3-0,0.0022130999714136
100,calm,sparse,ValuePerDistance,32,29,0.90625,0.935483870967742,0.0,False,58.0,62.0,1413.3603101855515,1409.3587130221392,-213.36031018555184,-293.36031018555184,True,165.04660817246258,False,True,0.0186819479137851,0.0006273048089706,2.0,True,1.0,8.000:8.000|28.073:38.750|30.759:48.562|30.982:50.963|29.829:53.727|39.304:57.812|38.718:61.917|51.325:59.123|53.560:61.706|54.163:65.868|61.903:70.345|59.955:72.408|65.757:80.209|43.302:79.886|32.511:73.018|36.811:75.409|36.012:81.926|27.910:88.121|19.963:66.477|23.054:63.143|21.155:59.099|35.069:55.153|35.475:49.822|40.718:44.472|56.795:37.637|53.814:48.600|67.741:31.142|55.141:15.782|48.358:24.015|91.226:84.776|8.000:8.000,0-12-14-1-19-13-11-5-4-21-6-9-20-32-10-31-29-25-30-22-18-27-16-28-17-24-26-3-15-8-0,0.0016931379213929
100,calm,sparse,WindAwareGreedy,32,24,0.75,0.8225806451612904,0.0,False,51.0,62.0,1282.0492973083235,1276.4479892154666,-82.0492973083234,-162.0492973083234,True,145.41560390770056,False,True,0.0269785890406899,0.0010909066739091,2.0,True,1.0,8.000:8.000|39.304:57.812|38.718:61.917|51.325:59.123|53.560:61.706|43.302:79.886|32.511:73.018|30.759:48.562|30.982:50.963|29.829:53.727|28.073:38.750|56.795:37.637|55.141:15.782|48.358:24.015|23.054:63.143|19.963:66.477|27.910:88.121|65.757:80.209|61.903:70.345|59.955:72.408|54.163:65.868|53.814:48.600|35.069:55.153|35.475:49.822|40.718:44.472|8.000:8.000,0-13-11-5-4-32-10-14-1-19-12-17-3-15-22-30-25-20-6-9-21-24-27-16-28-0,0.0017398321069777
100,calm,sparse,ReserveOnlyPlanner,32,20,0.625,0.6935483870967742,0.6935483870967742,True,43.0,62.0,1110.9141446194292,1140.721659500858,89.08585538057102,9.08585538057102,False,126.30732120527192,True,False,0.0103738525683725,0.0004949259250088,2.0,False,1.0,8.000:8.000|39.304:57.812|38.718:61.917|32.511:73.018|43.302:79.886|53.560:61.706|51.325:59.123|30.759:48.562|30.982:50.963|29.829:53.727|23.054:63.143|19.963:66.477|28.073:38.750|56.795:37.637|55.141:15.782|48.358:24.015|53.814:48.600|35.069:55.153|35.475:49.822|40.718:44.472|54.163:65.868|8.000:8.000,0-13-11-10-32-4-5-14-1-19-22-30-12-17-3-15-24-27-16-28-21-0,0.0017298101447522
100,calm,sparse,FairRiskAwareGreedy,32,17,0.53125,0.6209677419354839,0.6209677419354839,True,38.5,62.0,1095.9816086658682,1117.1649614083622,104.0183913341318,24.018391334131792,False,126.9773883764124,True,False,0.0053488241239247,0.0002974801881888,2.0,False,1.0,8.000:8.000|39.304:57.812|38.718:61.917|51.325:59.123|53.560:61.706|43.302:79.886|30.759:48.562|30.982:50.963|56.795:37.637|28.073:38.750|29.829:53.727|23.054:63.143|19.963:66.477|55.141:15.782|48.358:24.015|53.814:48.600|61.903:70.345|59.955:72.408|8.000:8.000,0-13-11-5-4-32-14-1-17-12-19-22-30-3-15-24-6-9-0,0.0029175840318202
100,calm,sparse,FairALNSPlanner,32,26,0.8125,0.8951612903225806,0.8951612903225806,True,55.5,62.0,1055.1443765801184,1117.3129295384065,144.85562341988168,64.85562341988168,False,134.84721253545123,True,False,0.0211752466832052,0.0007907344248683,2.0,False,1.0,8.000:8.000|28.073:38.750|48.358:24.015|55.141:15.782|56.795:37.637|53.814:48.600|51.325:59.123|53.560:61.706|54.163:65.868|59.955:72.408|61.903:70.345|65.757:80.209|91.226:84.776|86.003:94.637|43.302:79.886|27.910:88.121|23.054:63.143|19.963:66.477|32.511:73.018|36.811:75.409|38.718:61.917|39.304:57.812|35.069:55.153|35.475:49.822|29.829:53.727|30.982:50.963|30.759:48.562|8.000:8.000,0-12-15-3-17-24-5-4-21-9-6-20-8-7-32-25-22-30-10-31-11-13-27-16-19-1-14-0,16.390965996077284
100,calm,sparse,RAWA-RHP,32,28,0.875,0.9274193548387096,0.9274193548387096,True,57.5,62.0,1048.0347635274015,1112.759818104069,151.96523647259883,71.96523647259883,False,136.98952867601628,True,False,0.0178283810164091,0.0006194577974545,2.0,False,1.0,8.000:8.000|28.073:38.750|30.759:48.562|30.982:50.963|29.829:53.727|23.054:63.143|19.963:66.477|32.511:73.018|38.718:61.917|39.304:57.812|35.069:55.153|36.811:75.409|36.012:81.926|27.910:88.121|43.302:79.886|77.549:85.608|86.003:94.637|91.226:84.776|65.757:80.209|59.955:72.408|61.903:70.345|57.356:69.921|54.163:65.868|53.560:61.706|51.325:59.123|53.814:48.600|56.795:37.637|48.358:24.015|55.141:15.782|8.000:8.000,0-12-14-1-19-22-30-10-11-13-27-31-29-25-32-2-7-8-20-9-6-23-21-4-5-24-17-15-3-0,76.63776517496444
101,severe,cluttered,NearestNeighbor,32,21,0.65625,0.639344262295082,0.0,False,39.0,61.0,2084.5166162488504,2058.0029073072938,-884.51661624885,-964.51661624885,True,113.61592579852244,False,True,0.2099471893755409,0.0103093034495785,2.0,True,1.0,8.000:8.000|11.058:33.747|21.204:29.159|28.677:36.990|28.221:46.820|35.258:26.959|33.308:25.050|30.584:21.794|28.274:20.969|47.223:21.963|53.090:23.730|50.069:29.799|63.078:34.331|72.303:38.823|73.691:46.341|81.394:39.261|82.999:35.940|83.469:25.669|79.368:24.643|79.455:26.982|85.054:54.328|90.919:70.651|8.000:8.000,0-21-2-20-10-23-17-31-1-28-14-26-4-16-27-25-18-30-11-12-19-22-0,0.0018346309661865
101,severe,cluttered,ValuePerDistance,32,15,0.46875,0.5327868852459017,0.0,False,32.5,61.0,2046.621745932457,2083.338456773318,-846.6217459324573,-926.6217459324572,True,95.87096861182856,False,True,0.2181598102610548,0.0142642650815546,2.0,True,1.0,8.000:8.000|28.274:20.969|30.584:21.794|33.308:25.050|35.258:26.959|28.677:36.990|28.221:46.820|45.347:74.295|38.378:72.516|29.245:76.320|31.160:71.466|56.986:78.946|67.796:86.484|65.152:84.027|73.552:69.664|90.919:70.651|8.000:8.000,0-1-31-17-23-20-10-9-15-29-5-32-6-13-8-22-0,0.0012084599584341
101,severe,cluttered,WindAwareGreedy,32,16,0.5,0.5737704918032787,0.0,False,35.0,61.0,1928.46110194923,1956.1929858054475,-728.4611019492302,-808.4611019492302,True,99.66581430066324,False,True,0.252537839665566,0.016583947892265,2.0,True,1.0,8.000:8.000|28.274:20.969|30.584:21.794|33.308:25.050|53.041:9.404|47.223:21.963|50.069:29.799|81.394:39.261|82.999:35.940|83.469:25.669|79.368:24.643|79.455:26.982|72.303:38.823|73.691:46.341|73.552:69.664|90.919:70.651|85.054:54.328|8.000:8.000,0-1-31-17-7-28-26-25-18-30-11-12-16-27-8-22-19-0,0.0013877497985959
101,severe,cluttered,ReserveOnlyPlanner,32,10,0.3125,0.2786885245901639,0.2786885245901639,True,17.0,61.0,1045.7802563262726,1172.4075157017994,154.21974367372752,74.21974367372752,False,57.11729119441043,True,False,0.1102295637760293,0.0104012750174846,2.0,False,1.0,8.000:8.000|28.274:20.969|30.584:21.794|33.308:25.050|35.258:26.959|53.041:9.404|47.223:21.963|50.069:29.799|53.090:23.730|63.078:34.331|21.204:29.159|8.000:8.000,0-1-31-17-23-7-28-26-14-4-2-0,0.0010088291019201
101,severe,cluttered,FairRiskAwareGreedy,32,14,0.4375,0.4590163934426229,0.4590163934426229,True,28.0,61.0,1079.3437727726532,1140.192413638529,120.65622722734702,40.65622722734702,False,99.44350614797766,True,False,0.0106405314116058,0.0007112249762506,2.8284271247461903,False,1.0,8.000:8.000|53.041:9.404|30.584:21.794|28.274:20.969|33.308:25.050|11.058:33.747|35.258:26.959|81.394:39.261|72.303:38.823|73.691:46.341|50.069:29.799|79.368:24.643|83.469:25.669|79.455:26.982|47.223:21.963|8.000:8.000,0-7-31-1-17-21-23-25-16-27-26-11-30-12-28-0,0.0013578650541603
101,severe,cluttered,FairALNSPlanner,32,6,0.1875,0.2295081967213114,0.2295081967213114,True,14.0,61.0,717.4673235075716,820.0090244382086,482.5326764924283,402.5326764924283,False,61.2610260758769,True,False,0.0318925265439329,0.0045907866784563,2.8284271247461903,False,1.0,8.000:8.000|53.041:9.404|30.584:21.794|28.274:20.969|33.308:25.050|35.258:26.959|56.986:78.946|8.000:8.000,0-7-31-1-17-23-32-0,4.824633992044255
101,severe,cluttered,RAWA-RHP,32,23,0.71875,0.7868852459016393,0.7868852459016393,True,48.0,61.0,1051.9572449880216,1229.6714255023353,148.04275501197833,68.04275501197833,False,110.81305597877564,True,False,0.0317451509481101,0.0013355511336358,2.0,False,1.0,8.000:8.000|53.041:9.404|79.455:26.982|79.368:24.643|83.469:25.669|82.999:35.940|81.394:39.261|72.303:38.823|73.691:46.341|85.054:54.328|90.919:70.651|67.796:86.484|65.152:84.027|56.986:78.946|45.347:74.295|38.378:72.516|31.160:71.466|29.245:76.320|28.221:46.820|28.677:36.990|35.258:26.959|33.308:25.050|30.584:21.794|28.274:20.969|8.000:8.000,0-7-12-11-30-18-25-16-27-19-22-6-13-32-9-15-5-29-10-20-23-17-31-1-0,34.94008938106708
100,calm,cluttered,NearestNeighbor,32,31,0.96875,0.9821428571428572,0.0,False,55.0,56.0,1309.742477030794,1313.4325567271842,-109.7424770307936,-189.7424770307936,True,159.43760732392278,False,True,0.0226934935415468,0.0007152333941354,2.0,True,1.0,8.000:8.000|23.468:25.711|14.769:34.051|15.418:43.058|28.958:53.892|39.240:49.552|46.708:52.750|54.922:54.562|49.320:63.956|55.623:66.810|63.079:67.845|71.404:74.514|78.900:70.212|83.253:72.140|86.126:75.496|84.523:64.914|69.139:52.207|58.150:43.553|68.790:33.499|83.200:21.943|72.287:15.963|92.795:37.879|72.638:83.625|57.382:83.755|56.464:81.158|51.936:93.905|48.807:94.405|42.935:85.046|39.535:79.625|40.723:76.912|28.631:67.248|26.499:66.324|8.000:8.000,0-8-26-28-22-15-29-21-9-17-23-5-14-1-30-24-13-20-19-3-7-4-16-11-6-32-18-31-27-2-12-10-0,0.0023684380576014
100,calm,cluttered,ValuePerDistance,32,30,0.9375,0.9642857142857144,0.0,False,54.0,56.0,1310.5321333958004,1315.8303803182264,-110.53213339580046,-190.53213339580049,True,159.9724528167098,False,True,0.0322171649810472,0.0010526049957078,2.0,True,1.0,8.000:8.000|23.468:25.711|15.418:43.058|14.769:34.051|54.922:54.562|49.320:63.956|55.623:66.810|63.079:67.845|71.404:74.514|78.900:70.212|83.253:72.140|86.126:75.496|84.523:64.914|72.638:83.625|56.464:81.158|57.382:83.755|51.936:93.905|48.807:94.405|42.935:85.046|39.535:79.625|40.723:76.912|28.631:67.248|26.499:66.324|28.958:53.892|39.240:49.552|46.708:52.750|58.150:43.553|68.790:33.499|69.139:52.207|92.795:37.879|83.200:21.943|8.000:8.000,0-8-28-26-21-9-17-23-5-14-1-30-24-16-6-11-32-18-31-27-2-12-10-22-15-29-20-19-13-4-3-0,0.0016178630758076
100,calm,cluttered,WindAwareGreedy,32,25,0.78125,0.875,0.0,False,49.0,56.0,1431.554199281909,1426.7501336016967,-231.5541992819093,-311.5541992819093,True,158.92344386559927,False,True,0.0306767431460973,0.0011942986538483,2.0,True,1.0,8.000:8.000|23.468:25.711|15.418:43.058|54.922:54.562|78.900:70.212|72.638:83.625|71.404:74.514|84.523:64.914|83.253:72.140|86.126:75.496|39.535:79.625|42.935:85.046|48.807:94.405|51.936:93.905|56.464:81.158|63.079:67.845|49.320:63.956|55.623:66.810|40.723:76.912|28.631:67.248|26.499:66.324|28.958:53.892|39.240:49.552|58.150:43.553|46.708:52.750|57.382:83.755|8.000:8.000,0-8-28-21-14-16-5-24-1-30-27-31-18-32-6-23-9-17-2-12-10-22-15-20-29-11-0,0.0018807628657668
100,calm,cluttered,ReserveOnlyPlanner,32,23,0.71875,0.8303571428571429,0.8303571428571429,True,46.5,56.0,1099.0029883841337,1139.8382310598192,100.9970116158663,20.9970116158663,False,128.10994800048076,True,False,0.0338570848925411,0.0014304037926493,2.0,False,1.0,8.000:8.000|23.468:25.711|15.418:43.058|54.922:54.562|49.320:63.956|39.535:79.625|42.935:85.046|48.807:94.405|51.936:93.905|72.638:83.625|78.900:70.212|71.404:74.514|63.079:67.845|84.523:64.914|83.253:72.140|86.126:75.496|56.464:81.158|57.382:83.755|55.623:66.810|40.723:76.912|28.631:67.248|26.499:66.324|28.958:53.892|14.769:34.051|8.000:8.000,0-8-28-21-9-27-31-18-32-16-14-5-23-24-1-30-6-11-17-2-12-10-22-26-0,0.0019425991922616
100,calm,cluttered,FairRiskAwareGreedy,32,17,0.53125,0.6875,0.6875,True,38.5,56.0,1095.2300758741098,1116.2633791689227,104.76992412588991,24.76992412588993,False,126.62576402964244,True,False,0.0149261626946928,0.0008341686836283,2.0,False,1.0,8.000:8.000|23.468:25.711|15.418:43.058|54.922:54.562|78.900:70.212|71.404:74.514|72.638:83.625|39.535:79.625|42.935:85.046|49.320:63.956|84.523:64.914|63.079:67.845|56.464:81.158|48.807:94.405|51.936:93.905|83.253:72.140|86.126:75.496|46.708:52.750|8.000:8.000,0-8-28-21-14-5-16-27-31-9-24-23-6-18-32-1-30-29-0,0.0028435799758881
100,calm,cluttered,FairALNSPlanner,32,28,0.875,0.9285714285714286,0.9285714285714286,True,52.0,56.0,1034.1387604368024,1106.703072944703,165.86123956319756,85.86123956319756,False,135.8613510388163,True,False,0.0293237765650681,0.0010236776055502,2.0,False,1.0,8.000:8.000|23.468:25.711|39.240:49.552|46.708:52.750|58.150:43.553|68.790:33.499|69.139:52.207|84.523:64.914|86.126:75.496|83.253:72.140|78.900:70.212|71.404:74.514|72.638:83.625|51.936:93.905|48.807:94.405|42.935:85.046|39.535:79.625|40.723:76.912|56.464:81.158|57.382:83.755|63.079:67.845|55.623:66.810|54.922:54.562|49.320:63.956|28.631:67.248|26.499:66.324|28.958:53.892|15.418:43.058|14.769:34.051|8.000:8.000,0-8-15-29-20-19-13-24-30-1-14-5-16-32-18-31-27-2-6-11-23-17-21-9-12-10-22-28-26-0,18.966158063849434
100,calm,cluttered,RAWA-RHP,32,29,0.90625,0.9464285714285714,0.9464285714285714,True,53.0,56.0,1033.0827876344329,1110.2780208386723,166.91721236556714,86.91721236556714,False,138.1712314690809,True,False,0.0322278429030276,0.0010886770564445,2.0,False,1.0,8.000:8.000|23.468:25.711|39.240:49.552|46.708:52.750|58.150:43.553|68.790:33.499|69.139:52.207|54.922:54.562|49.320:63.956|55.623:66.810|63.079:67.845|84.523:64.914|86.126:75.496|83.253:72.140|78.900:70.212|71.404:74.514|72.638:83.625|57.382:83.755|56.464:81.158|51.936:93.905|48.807:94.405|42.935:85.046|40.723:76.912|39.535:79.625|21.856:85.027|28.631:67.248|26.499:66.324|28.958:53.892|15.418:43.058|14.769:34.051|8.000:8.000,0-8-15-29-20-19-13-21-9-17-23-24-30-1-14-5-16-11-6-32-18-31-2-27-25-12-10-22-28-26-0,78.43709022202529
102,calm,sparse,NearestNeighbor,32,31,0.96875,0.975609756097561,0.0,False,60.0,61.5,1230.8385763481708,1234.9322806618156,-30.838576348171017,-110.83857634817102,True,152.20841562061906,False,True,0.0004834123473814,1.51067081828396e-05,2.0,True,1.0,8.000:8.000|18.829:23.898|29.299:22.517|35.239:13.375|37.211:13.969|42.397:24.179|44.727:24.287|36.977:36.537|44.379:46.440|37.790:50.649|37.898:53.360|42.023:58.612|45.065:60.260|61.567:68.035|64.064:66.336|64.844:63.834|65.882:72.644|63.328:74.234|73.470:73.714|80.152:70.632|80.998:66.943|78.819:66.746|88.671:54.241|81.638:42.371|82.978:36.488|75.255:49.934|62.785:51.487|54.876:82.515|56.889:85.575|66.258:96.164|37.835:79.555|14.443:93.967|8.000:8.000,0-31-14-7-4-10-24-1-2-3-18-11-20-32-22-5-23-30-17-29-28-13-19-12-25-27-8-6-15-16-9-21-0,0.0021130288951098
102,calm,sparse,ValuePerDistance,32,28,0.875,0.926829268292683,0.0,False,57.0,61.5,1253.1046215335243,1263.0145952454309,-53.10462153352424,-133.10462153352424,True,149.7519063699268,False,True,0.0072932653422027,0.0002516628615845,2.0,True,1.0,8.000:8.000|18.829:23.898|37.211:13.969|35.239:13.375|42.397:24.179|44.727:24.287|44.379:46.440|37.898:53.360|37.790:50.649|42.023:58.612|45.065:60.260|64.064:66.336|61.567:68.035|63.328:74.234|65.882:72.644|73.470:73.714|78.819:66.746|80.998:66.943|80.152:70.632|75.255:49.934|81.638:42.371|82.978:36.488|88.671:54.241|62.785:51.487|54.876:82.515|56.889:85.575|66.258:96.164|37.835:79.555|14.443:93.967|8.000:8.000,0-31-4-7-10-24-2-18-3-11-20-22-32-30-23-17-13-28-29-27-12-25-19-8-6-15-16-9-21-0,0.0015538379084318
102,calm,sparse,WindAwareGreedy,32,20,0.625,0.7642276422764228,0.0,False,47.0,61.5,1421.332922263103,1413.5589283037705,-221.3329222631032,-301.3329222631032,True,151.25056209984191,False,True,0.0145308892349927,0.0006949503577497,2.0,True,1.0,8.000:8.000|18.829:23.898|37.211:13.969|35.239:13.375|75.255:49.934|81.638:42.371|64.064:66.336|54.876:82.515|66.258:96.164|78.819:66.746|73.470:73.714|65.882:72.644|63.328:74.234|37.898:53.360|44.379:46.440|42.023:58.612|37.835:79.555|14.443:93.967|61.567:68.035|62.785:51.487|88.671:54.241|8.000:8.000,0-31-4-7-27-12-22-6-16-13-17-23-30-18-2-11-9-21-32-8-19-0,0.0015450301580131
102,calm,sparse,ReserveOnlyPlanner,32,22,0.6875,0.7642276422764228,0.7642276422764228,True,47.0,61.5,1113.3225563986778,1145.4044702009314,86.67744360132204,6.67744360132204,False,128.04999421926922,True,False,0.000758367583926,3.2972594902946426e-05,2.0,False,1.0,8.000:8.000|18.829:23.898|37.211:13.969|35.239:13.375|42.397:24.179|44.727:24.287|75.255:49.934|81.638:42.371|62.785:51.487|64.064:66.336|54.876:82.515|66.258:96.164|78.819:66.746|73.470:73.714|65.882:72.644|63.328:74.234|61.567:68.035|37.898:53.360|44.379:46.440|42.023:58.612|37.835:79.555|45.065:60.260|36.977:36.537|8.000:8.000,0-31-4-7-10-24-27-12-8-22-6-16-13-17-23-30-32-18-2-11-9-20-1-0,0.0017545220907777
102,calm,sparse,FairRiskAwareGreedy,32,14,0.4375,0.5528455284552846,0.5528455284552846,True,34.0,61.5,1077.480876251212,1098.9302690235918,122.51912374878782,42.51912374878782,False,121.89520451144644,True,False,0.0080608924781839,0.0005386544250926,2.0,False,1.0,8.000:8.000|18.829:23.898|37.211:13.969|75.255:49.934|54.876:82.515|14.443:93.967|37.835:79.555|37.898:53.360|44.379:46.440|64.064:66.336|81.638:42.371|78.819:66.746|62.785:51.487|42.023:58.612|35.239:13.375|8.000:8.000,0-31-4-27-6-21-9-18-2-22-12-13-8-11-7-0,0.0025168629363179
102,calm,sparse,FairALNSPlanner,32,27,0.84375,0.9105691056910568,0.9105691056910568,True,56.0,61.5,1055.9251018598288,1124.8451071049185,144.07489814017129,64.07489814017129,False,137.7933248876123,True,False,0.0072959103139897,0.0002607459782924,2.0,False,1.0,8.000:8.000|18.829:23.898|36.977:36.537|44.379:46.440|37.898:53.360|42.023:58.612|45.065:60.260|14.443:93.967|37.835:79.555|54.876:82.515|56.889:85.575|66.258:96.164|78.819:66.746|80.998:66.943|73.470:73.714|65.882:72.644|63.328:74.234|61.567:68.035|64.064:66.336|64.844:63.834|75.255:49.934|81.638:42.371|88.671:54.241|62.785:51.487|44.727:24.287|42.397:24.179|37.211:13.969|35.239:13.375|8.000:8.000,0-31-1-2-18-11-20-21-9-6-15-16-13-28-17-23-30-32-22-5-27-12-19-8-24-10-4-7-0,17.35107721807435
102,calm,sparse,RAWA-RHP,32,30,0.9375,0.959349593495935,0.959349593495935,True,59.0,61.5,1065.9266063114146,1140.358742987425,134.0733936885851,54.0733936885851,False,143.68889708581187,True,False,0.0012386415903129,3.9968037679060136e-05,2.0,False,1.0,8.000:8.000|18.829:23.898|14.443:93.967|37.835:79.555|54.876:82.515|56.889:85.575|66.258:96.164|73.470:73.714|80.152:70.632|80.998:66.943|78.819:66.746|88.671:54.241|81.638:42.371|75.255:49.934|62.785:51.487|64.844:63.834|64.064:66.336|61.567:68.035|65.882:72.644|63.328:74.234|45.065:60.260|42.023:58.612|37.898:53.360|37.790:50.649|44.379:46.440|36.977:36.537|44.727:24.287|42.397:24.179|37.211:13.969|35.239:13.375|29.299:22.517|8.000:8.000,0-31-21-9-6-15-16-17-29-28-13-19-12-27-8-5-22-32-23-30-20-11-18-3-2-1-24-10-4-7-14-0,37.637033986859024
101,moderate,sparse,NearestNeighbor,32,16,0.5,0.4701492537313433,0.0,False,31.5,67.0,1309.5867184027015,1307.1549094442014,-109.5867184027012,-189.5867184027012,True,99.76023632995124,False,True,0.0743526541019259,0.0044614699486527,2.0,True,1.0,8.000:8.000|32.465:20.073|40.516:14.396|39.080:12.394|39.977:31.274|56.822:30.094|70.844:19.525|80.189:27.950|85.988:27.646|92.832:19.263|80.376:7.885|60.979:49.299|67.044:57.407|72.400:65.500|68.599:68.763|69.613:78.560|61.384:76.045|8.000:8.000,0-25-28-31-20-6-17-1-24-4-12-32-16-10-26-9-13-0,0.0015388480387628
101,moderate,sparse,ValuePerDistance,32,16,0.5,0.5223880597014925,0.0,False,35.0,67.0,1306.3579565173843,1337.2919101237776,-106.35795651738424,-186.35795651738425,True,99.54986701651464,False,True,0.0440896411024656,0.0026249684518651,2.0,True,1.0,8.000:8.000|32.465:20.073|40.516:14.396|39.080:12.394|56.822:30.094|70.844:19.525|80.189:27.950|85.988:27.646|92.832:19.263|80.376:7.885|82.119:73.052|79.523:72.376|77.233:73.808|72.400:65.500|68.599:68.763|55.685:64.392|43.503:73.640|8.000:8.000,0-25-28-31-6-17-1-24-4-12-2-3-8-10-26-23-21-0,0.0011572309304028
101,moderate,sparse,WindAwareGreedy,32,14,0.4375,0.5,0.0,False,33.5,67.0,1326.9184812998865,1313.0543157098678,-126.91848129988595,-206.918481299886,True,96.17382598358026,False,True,0.0577661550877107,0.0039285686225669,2.0,True,1.0,8.000:8.000|32.465:20.073|40.516:14.396|39.080:12.394|56.822:30.094|70.844:19.525|80.376:7.885|80.189:27.950|85.988:27.646|92.832:19.263|60.979:49.299|55.685:64.392|43.503:73.640|49.700:78.713|51.960:87.468|8.000:8.000,0-25-28-31-6-17-12-1-24-4-32-23-21-15-19-0,0.0012236009351909
101,moderate,sparse,ReserveOnlyPlanner,32,11,0.34375,0.3582089552238806,0.3582089552238806,True,24.0,67.0,976.804270680198,1036.859437815269,223.19572931980207,143.19572931980207,False,73.24658306424354,True,False,0.0721521534144911,0.0061582379277519,2.0,False,1.0,8.000:8.000|32.465:20.073|40.516:14.396|39.080:12.394|56.822:30.094|70.844:19.525|80.376:7.885|80.189:27.950|85.988:27.646|92.832:19.263|60.979:49.299|39.977:31.274|8.000:8.000,0-25-28-31-6-17-12-1-24-4-32-20-0,0.0011014158371835
101,moderate,sparse,FairRiskAwareGreedy,32,12,0.375,0.4701492537313433,0.4701492537313433,True,31.5,67.0,1097.433428675308,1132.7425072450892,102.56657132469202,22.56657132469202,False,113.72737871224356,True,False,0.0016819558411108,0.0001294459267889,2.8284271247461903,False,1.0,8.000:8.000|56.822:30.094|70.844:19.525|80.376:7.885|43.503:73.640|49.700:78.713|55.685:64.392|46.277:95.083|30.240:83.690|17.651:78.377|82.119:73.052|60.979:49.299|50.895:53.786|8.000:8.000,0-6-17-12-21-15-23-29-7-18-2-32-22-0,0.0019950580317527
101,moderate,sparse,FairALNSPlanner,32,19,0.59375,0.6940298507462687,0.6940298507462687,True,46.5,67.0,1055.7899977683091,1192.986869731727,144.2100022316909,64.21000223169091,False,120.2301070833776,True,False,0.0196870661882138,0.0009907044340595,2.0,False,1.0,8.000:8.000|80.376:7.885|70.844:19.525|80.189:27.950|85.988:27.646|87.296:56.778|82.361:58.997|82.119:73.052|51.960:87.468|47.143:91.509|46.277:95.083|49.700:78.713|43.503:73.640|30.240:83.690|17.651:78.377|55.685:64.392|56.822:30.094|40.516:14.396|39.080:12.394|32.465:20.073|8.000:8.000,0-12-17-1-24-30-14-2-19-5-29-15-21-7-18-23-6-28-31-25-0,9.539124744012952
101,moderate,sparse,RAWA-RHP,32,26,0.8125,0.8656716417910447,0.8656716417910447,True,58.0,67.0,1035.843636759146,1197.0946592894693,164.15636324085438,84.15636324085438,False,132.1139373021601,True,False,0.0165578377018986,0.0006144194803068,2.0,False,1.0,8.000:8.000|12.248:84.483|17.651:78.377|30.240:83.690|46.277:95.083|47.143:91.509|51.960:87.468|49.700:78.713|43.503:73.640|55.685:64.392|72.400:65.500|68.599:68.763|77.233:73.808|79.523:72.376|82.119:73.052|88.145:63.975|87.296:56.778|82.361:58.997|80.189:27.950|85.988:27.646|92.832:19.263|80.376:7.885|70.844:19.525|56.822:30.094|40.516:14.396|39.080:12.394|32.465:20.073|8.000:8.000,0-27-18-7-29-5-19-15-21-23-10-26-8-3-2-11-30-14-1-24-4-12-17-6-28-31-25-0,81.35342229995877
101,severe,sparse,NearestNeighbor,32,19,0.59375,0.6033057851239669,0.0,False,36.5,60.5,1429.1714604114889,1407.5798399118084,-229.1714604114889,-309.1714604114889,True,82.88594709352971,False,True,0.0664708306111779,0.0034055136493115,2.0,True,1.0,8.000:8.000|14.628:22.175|15.008:25.523|23.428:31.236|30.892:32.220|35.415:35.114|35.460:41.776|30.326:47.232|26.324:47.442|22.898:49.179|27.820:51.457|34.758:53.771|36.131:60.766|44.381:63.423|51.918:57.960|44.697:50.087|28.474:66.658|26.758:64.670|19.687:42.527|28.838:23.006|8.000:8.000,0-26-16-7-25-31-14-23-24-15-12-28-20-9-2-5-13-3-30-17-0,0.001709742937237
101,severe,sparse,ValuePerDistance,32,18,0.5625,0.628099173553719,0.0,False,38.0,60.5,1953.188717821425,1931.3543284209445,-753.1887178214253,-833.1887178214253,True,98.380026462142,False,True,0.0929122127798721,0.0050601374448534,2.0,True,1.0,8.000:8.000|14.628:22.175|15.008:25.523|23.428:31.236|35.415:35.114|35.460:41.776|26.324:47.442|27.820:51.457|22.898:49.179|19.687:42.527|30.326:47.232|44.697:50.087|44.381:63.423|28.474:66.658|26.758:64.670|34.758:53.771|36.131:60.766|55.059:75.974|73.802:73.556|8.000:8.000,0-26-16-7-31-14-24-12-15-30-23-5-9-13-3-28-20-32-4-0,0.00121560995467
101,severe,sparse,WindAwareGreedy,32,16,0.5,0.5619834710743802,0.0,False,34.0,60.5,1960.1182473782724,1974.9341570223344,-760.1182473782721,-840.1182473782721,True,99.9814240818532,False,True,0.2084233383345521,0.0130746624157525,2.0,True,1.0,8.000:8.000|14.628:22.175|35.415:35.114|44.697:50.087|26.324:47.442|27.820:51.457|35.460:41.776|30.892:32.220|26.379:21.578|23.711:18.075|28.838:23.006|23.428:31.236|22.898:49.179|19.687:42.527|30.326:47.232|44.381:63.423|73.802:73.556|8.000:8.000,0-26-31-5-24-12-14-25-8-10-17-7-15-30-23-9-4-0,0.0013433040585368
101,severe,sparse,ReserveOnlyPlanner,32,13,0.40625,0.4628099173553719,0.4628099173553719,True,28.0,60.5,1119.4987514958834,1236.405062999058,80.50124850411646,0.5012485041164609,False,64.09144090348842,True,False,0.0343481453656498,0.0024758326303261,2.0,False,1.0,8.000:8.000|14.628:22.175|23.711:18.075|35.415:35.114|35.460:41.776|44.697:50.087|44.381:63.423|27.820:51.457|26.324:47.442|22.898:49.179|30.326:47.232|34.758:53.771|30.892:32.220|28.838:23.006|8.000:8.000,0-26-10-31-14-5-9-12-24-15-23-28-25-17-0,0.001212318893522
101,severe,sparse,FairRiskAwareGreedy,32,15,0.46875,0.5454545454545454,0.5454545454545454,True,33.0,60.5,1068.3105807396469,1128.540217700955,131.68941926035282,51.68941926035282,False,97.52969285390392,True,False,0.0009260522011036,5.789979704959314e-05,4.0,False,1.0,8.000:8.000|14.628:22.175|22.898:49.179|26.324:47.442|35.415:35.114|44.697:50.087|27.820:51.457|35.460:41.776|44.381:63.423|82.547:13.595|50.927:11.994|23.711:18.075|30.892:32.220|23.428:31.236|26.379:21.578|28.838:23.006|8.000:8.000,0-26-15-24-31-5-12-14-9-22-19-10-25-7-8-17-0,0.0018974540289491
101,severe,sparse,FairALNSPlanner,32,22,0.6875,0.7024793388429752,0.7024793388429752,True,42.5,60.5,1026.901251513793,1196.9317724564503,173.09874848620697,93.09874848620696,False,105.67422307337527,True,False,0.0122143802666749,0.0005334754424824,2.8284271247461903,False,1.0,8.000:8.000|19.687:42.527|22.898:49.179|26.324:47.442|27.820:51.457|30.326:47.232|34.758:53.771|28.474:66.658|26.758:64.670|36.131:60.766|44.381:63.423|51.918:57.960|73.802:73.556|87.083:72.902|85.147:50.888|74.705:46.791|44.697:50.087|35.460:41.776|35.415:35.114|23.428:31.236|30.892:32.220|15.008:25.523|14.628:22.175|8.000:8.000,0-30-15-24-12-23-28-13-3-20-9-2-4-27-1-11-5-14-31-7-25-16-26-0,14.166199156083168
101,severe,sparse,RAWA-RHP,32,26,0.8125,0.8181818181818182,0.8181818181818182,True,49.5,60.5,1009.5364611361332,1211.4629961425082,190.4635388638669,110.46353886386687,False,110.92893915965742,True,False,0.1150261270593182,0.0044521277221669,2.0,False,1.0,8.000:8.000|23.711:18.075|26.379:21.578|28.838:23.006|23.428:31.236|30.892:32.220|35.415:35.114|35.460:41.776|44.697:50.087|51.918:57.960|74.705:46.791|66.257:55.936|74.806:62.285|73.802:73.556|55.059:75.974|44.381:63.423|36.131:60.766|26.758:64.670|28.474:66.658|34.758:53.771|30.326:47.232|27.820:51.457|26.324:47.442|22.898:49.179|19.687:42.527|15.008:25.523|14.628:22.175|8.000:8.000,0-10-8-17-7-25-31-14-5-2-11-6-29-4-32-9-20-3-13-28-23-12-24-15-30-16-26-0,66.34126665513031
101,moderate,cluttered,NearestNeighbor,32,19,0.59375,0.6194029850746269,0.0,False,41.5,67.0,1212.468656330216,1210.2141561082756,-12.468656330216064,-92.46865633021606,True,103.6936028232442,False,True,0.0466559806401443,0.0023703964764589,2.0,True,1.0,8.000:8.000|25.106:28.920|30.657:38.666|34.775:38.096|38.207:43.266|39.894:32.401|49.216:29.863|54.243:43.385|54.663:46.996|44.747:56.175|43.084:57.466|39.181:56.897|39.688:62.039|38.009:66.858|42.544:72.361|34.327:73.476|31.558:54.728|18.875:49.335|11.417:55.812|19.104:95.900|8.000:8.000,0-7-32-12-31-16-13-14-11-24-5-29-28-18-3-26-8-4-6-1-0,0.0017226049676537
101,moderate,cluttered,ValuePerDistance,32,17,0.53125,0.5746268656716418,0.0,False,38.5,67.0,1334.7692779203946,1311.4415719176202,-134.7692779203946,-214.7692779203946,True,107.55839805300316,False,True,0.1202146155666092,0.0068746913182101,2.0,True,1.0,8.000:8.000|25.106:28.920|39.894:32.401|38.207:43.266|34.775:38.096|30.657:38.666|43.084:57.466|44.747:56.175|39.181:56.897|39.688:62.039|34.327:73.476|42.544:72.361|38.009:66.858|31.558:54.728|18.875:49.335|11.417:55.812|19.104:95.900|52.837:86.079|8.000:8.000,0-7-16-31-12-32-5-24-29-28-26-3-18-8-4-6-1-21-0,0.0011954540386795
101,moderate,cluttered,WindAwareGreedy,32,16,0.5,0.5522388059701493,0.0,False,37.0,67.0,1255.7637871389377,1234.9429141938697,-55.76378713893795,-135.76378713893794,True,101.30684164540796,False,True,0.1278350555460593,0.0077785299092367,2.0,True,1.0,8.000:8.000|25.106:28.920|39.894:32.401|38.207:43.266|43.084:57.466|44.747:56.175|39.181:56.897|34.327:73.476|42.544:72.361|50.124:13.687|34.775:38.096|30.657:38.666|18.875:49.335|31.558:54.728|54.243:43.385|54.663:46.996|49.216:29.863|8.000:8.000,0-7-16-31-5-24-29-26-3-10-12-32-4-8-14-11-13-0,0.0013115059118717
101,moderate,cluttered,ReserveOnlyPlanner,32,15,0.46875,0.4925373134328358,0.4925373134328358,True,33.0,67.0,1010.2832198917442,1076.6356335230917,189.7167801082557,109.7167801082557,False,82.30192255692623,True,False,0.1437585725832396,0.0094057783568763,2.0,False,1.0,8.000:8.000|25.106:28.920|39.894:32.401|38.207:43.266|34.775:38.096|50.124:13.687|49.216:29.863|54.243:43.385|54.663:46.996|43.084:57.466|44.747:56.175|39.181:56.897|31.558:54.728|18.875:49.335|11.417:55.812|30.657:38.666|8.000:8.000,0-7-16-31-12-10-13-14-11-5-24-29-8-4-6-32-0,0.0013763708993792
101,moderate,cluttered,FairRiskAwareGreedy,32,15,0.46875,0.5223880597014925,0.5223880597014925,True,35.0,67.0,934.3783591137876,963.3446991253156,265.6216408862124,185.6216408862124,False,104.3883457919148,True,False,0.0112030060763981,0.0007026793962109,2.0,False,1.0,8.000:8.000|38.207:43.266|43.084:57.466|44.747:56.175|39.181:56.897|34.327:73.476|42.544:72.361|50.124:13.687|76.525:52.494|54.663:46.996|54.243:43.385|34.775:38.096|30.657:38.666|31.558:54.728|18.875:49.335|11.417:55.812|8.000:8.000,0-31-5-24-29-26-3-10-9-11-14-12-32-8-4-6-0,0.0019523820374161
101,moderate,cluttered,FairALNSPlanner,32,22,0.6875,0.6865671641791045,0.6865671641791045,True,46.0,67.0,1012.1949315310836,1165.7923631136962,187.8050684689163,107.80506846891628,False,119.79045661338056,True,False,0.0239874024049335,0.0010522667261737,2.0,False,1.0,8.000:8.000|25.106:28.920|30.657:38.666|34.775:38.096|38.207:43.266|39.894:32.401|54.243:43.385|54.663:46.996|76.525:52.494|78.560:49.618|70.664:43.399|61.641:75.108|70.904:83.887|58.553:88.938|52.837:86.079|42.544:72.361|34.327:73.476|38.009:66.858|39.688:62.039|18.875:49.335|31.558:54.728|49.216:29.863|50.124:13.687|8.000:8.000,0-7-32-12-31-16-14-11-9-20-19-17-23-22-21-3-26-18-28-4-8-13-10-0,14.133673983160406
101,moderate,cluttered,RAWA-RHP,32,29,0.90625,0.9029850746268656,0.9029850746268656,True,60.5,67.0,1033.361791312735,1205.773814623702,166.63820868726495,86.63820868726495,False,133.4471327071384,True,False,0.1160274987748325,0.0040586874877194,2.0,False,1.0,8.000:8.000|25.106:28.920|30.657:38.666|34.775:38.096|39.894:32.401|38.207:43.266|31.558:54.728|39.181:56.897|44.747:56.175|43.084:57.466|39.688:62.039|38.009:66.858|34.327:73.476|42.544:72.361|52.837:86.079|58.553:88.938|61.641:75.108|70.904:83.887|76.057:84.232|80.078:68.518|88.647:70.504|89.273:59.463|89.310:54.368|78.560:49.618|70.664:43.399|76.525:52.494|54.663:46.996|54.243:43.385|49.216:29.863|50.124:13.687|8.000:8.000,0-7-32-12-16-31-8-29-24-5-28-18-26-3-21-22-17-23-27-30-2-15-25-20-19-9-11-14-13-10-0,75.13921447610483
102,calm,cluttered,NearestNeighbor,32,31,0.96875,0.9769230769230768,0.0,False,63.5,65.0,1448.1608476206009,1448.746128673885,-248.16084762060115,-328.16084762060115,True,167.6270668206061,False,True,0.0240238928832935,0.0007582036583849,2.0,True,1.0,8.000:8.000|38.123:9.361|30.771:20.215|20.796:31.628|17.791:54.991|25.551:58.756|30.465:66.102|39.257:66.567|44.782:75.030|38.994:81.393|35.248:86.187|34.647:88.776|50.834:68.836|56.746:73.584|74.118:77.937|70.249:61.022|78.064:40.107|82.865:32.443|79.478:30.124|85.182:24.005|84.246:18.718|80.887:7.819|78.503:7.879|75.600:10.492|70.930:17.089|55.694:23.074|49.372:31.292|47.289:30.551|50.831:33.171|59.219:33.936|90.709:41.679|90.494:66.513|8.000:8.000,0-25-12-11-19-28-2-16-27-9-4-32-5-23-13-7-18-31-17-15-6-8-26-29-1-22-24-21-14-20-3-30-0,0.0020506270229816
102,calm,cluttered,ValuePerDistance,32,29,0.90625,0.946153846153846,0.946153846153846,True,61.5,65.0,1158.3803901022054,1158.654258897005,41.619609897794845,-38.38039010220516,True,140.2282135970492,True,False,0.0305371937792195,0.0010307741972114,2.0,False,1.0,8.000:8.000|30.771:20.215|38.123:9.361|47.289:30.551|49.372:31.292|50.831:33.171|59.219:33.936|55.694:23.074|70.930:17.089|75.600:10.492|78.503:7.879|80.887:7.819|85.182:24.005|82.865:32.443|79.478:30.124|78.064:40.107|90.709:41.679|90.494:66.513|92.243:77.012|74.118:77.937|56.746:73.584|44.782:75.030|38.994:81.393|35.248:86.187|34.647:88.776|39.257:66.567|30.465:66.102|25.551:58.756|17.791:54.991|20.796:31.628|8.000:8.000,0-12-25-21-24-14-20-22-1-29-26-8-15-31-17-18-3-30-10-13-23-27-9-4-32-16-2-28-19-11-0,0.0017426998820155
102,calm,cluttered,WindAwareGreedy,32,22,0.6875,0.7769230769230769,0.0,False,50.5,65.0,1407.1998917076462,1418.3113659500898,-207.19989170764623,-287.19989170764626,True,151.80983151244146,False,True,0.0343261308335089,0.001514637855847,2.0,True,1.0,8.000:8.000|30.771:20.215|47.289:30.551|38.123:9.361|20.796:31.628|17.791:54.991|44.782:75.030|39.257:66.567|25.551:58.756|30.465:66.102|38.994:81.393|74.118:77.937|90.494:66.513|90.709:41.679|82.865:32.443|85.182:24.005|80.887:7.819|70.930:17.089|50.831:33.171|49.372:31.292|55.694:23.074|59.219:33.936|78.064:40.107|8.000:8.000,0-12-21-25-11-19-27-16-28-2-9-13-30-3-31-15-8-1-14-24-22-20-18-0,0.0016574789769947
102,calm,cluttered,ReserveOnlyPlanner,32,21,0.65625,0.7538461538461538,0.7538461538461538,True,49.0,65.0,1107.6338542559804,1152.3356047823206,92.36614574401963,12.366145744019631,False,125.9044758509798,True,False,0.032611178130829,0.0015002816792235,2.0,False,1.0,8.000:8.000|30.771:20.215|38.123:9.361|47.289:30.551|49.372:31.292|50.831:33.171|20.796:31.628|17.791:54.991|25.551:58.756|44.782:75.030|39.257:66.567|38.994:81.393|56.746:73.584|74.118:77.937|90.494:66.513|90.709:41.679|82.865:32.443|85.182:24.005|80.887:7.819|78.503:7.879|70.930:17.089|75.600:10.492|8.000:8.000,0-12-25-21-24-14-11-19-28-27-16-9-23-13-30-3-31-15-8-26-1-29-0,0.0017537761013954
102,calm,cluttered,FairRiskAwareGreedy,32,17,0.53125,0.5923076923076923,0.5923076923076923,True,38.5,65.0,1094.7278279672312,1116.0803306418156,105.27217203276872,25.272172032768708,False,123.61460695872148,True,False,0.008844212829692,0.0004925109862617,2.0,False,1.0,8.000:8.000|30.771:20.215|38.123:9.361|17.791:54.991|20.796:31.628|44.782:75.030|47.289:30.551|49.372:31.292|50.831:33.171|90.709:41.679|82.865:32.443|85.182:24.005|70.930:17.089|80.887:7.819|78.503:7.879|75.600:10.492|55.694:23.074|59.219:33.936|8.000:8.000,0-12-25-19-11-27-21-24-14-3-31-15-1-8-26-29-22-20-0,0.0025011280085891
102,calm,cluttered,FairALNSPlanner,32,23,0.71875,0.8,0.8,True,52.0,65.0,1062.9603725792092,1138.588487616351,137.03962742079042,57.03962742079042,False,132.43385689410377,True,False,0.0226209804995375,0.0009506882820399,2.0,False,1.0,8.000:8.000|20.796:31.628|17.791:54.991|25.551:58.756|78.064:40.107|50.834:68.836|44.782:75.030|38.994:81.393|56.746:73.584|74.118:77.937|90.494:66.513|90.709:41.679|82.865:32.443|79.478:30.124|85.182:24.005|80.887:7.819|78.503:7.879|75.600:10.492|70.930:17.089|50.831:33.171|49.372:31.292|47.289:30.551|30.771:20.215|38.123:9.361|8.000:8.000,0-11-19-28-18-5-27-9-23-13-30-3-31-17-15-8-26-29-1-14-24-21-12-25-0,14.214503447059542
102,calm,cluttered,RAWA-RHP,32,31,0.96875,0.9846153846153848,0.9846153846153848,True,64.0,65.0,1059.1578417062954,1142.0160281299347,140.84215829370498,60.84215829370498,False,143.55624380450735,True,False,0.0309121744665705,0.0009784380938487,2.0,False,1.0,8.000:8.000|20.796:31.628|17.791:54.991|25.551:58.756|30.465:66.102|39.257:66.567|35.248:86.187|34.647:88.776|38.994:81.393|44.782:75.030|50.834:68.836|56.746:73.584|74.118:77.937|92.243:77.012|90.494:66.513|90.709:41.679|78.064:40.107|82.865:32.443|79.478:30.124|85.182:24.005|84.246:18.718|80.887:7.819|78.503:7.879|75.600:10.492|70.930:17.089|55.694:23.074|59.219:33.936|50.831:33.171|49.372:31.292|47.289:30.551|30.771:20.215|38.123:9.361|8.000:8.000,0-11-19-28-2-16-4-32-9-27-5-23-13-10-30-3-18-31-17-15-6-8-26-29-1-22-20-14-24-21-12-25-0,54.60667381505482
103,calm,sparse,NearestNeighbor,32,32,1.0,1.0,0.0,False,64.0,64.0,1314.9674045089691,1304.7793627321894,-114.96740450896884,-194.96740450896883,True,158.42789924026684,False,True,0.0295271327045597,0.0009065189583727,2.0,True,1.0,8.000:8.000|12.053:27.120|23.137:34.021|25.979:20.742|43.823:24.917|55.373:32.651|66.078:39.705|78.983:35.635|81.851:34.288|80.187:31.370|74.279:20.836|76.131:19.054|60.075:20.182|52.526:13.678|82.100:59.637|85.994:64.633|88.902:63.406|86.809:69.856|81.065:75.038|76.150:73.446|72.754:75.638|60.082:78.339|58.044:78.334|57.053:75.503|46.459:68.303|39.754:72.695|36.811:75.118|39.986:78.512|38.746:80.247|28.258:70.402|28.395:68.198|36.066:62.894|17.221:90.302|8.000:8.000,0-3-18-2-29-26-10-7-15-32-12-9-4-25-24-17-22-11-19-20-8-23-1-6-27-16-14-21-30-5-28-13-31-0,0.0022118580527603
103,calm,sparse,ValuePerDistance,32,29,0.90625,0.921875,0.0,False,59.0,64.0,1275.9276442645628,1280.1508597268162,-75.92764426456304,-155.92764426456304,True,151.8688099234795,False,True,0.0296132252419836,0.0010002727770746,2.0,True,1.0,8.000:8.000|25.979:20.742|43.823:24.917|55.373:32.651|66.078:39.705|78.983:35.635|81.851:34.288|80.187:31.370|76.131:19.054|74.279:20.836|52.526:13.678|60.075:20.182|46.459:68.303|36.811:75.118|39.754:72.695|39.986:78.512|38.746:80.247|28.258:70.402|28.395:68.198|36.066:62.894|57.053:75.503|60.082:78.339|58.044:78.334|81.065:75.038|76.150:73.446|72.754:75.638|85.994:64.633|88.902:63.406|86.809:69.856|82.100:59.637|8.000:8.000,0-2-29-26-10-7-15-32-9-12-25-4-27-14-16-21-30-5-28-13-6-23-1-19-20-8-17-22-11-24-0,0.0016922501381486
103,calm,sparse,WindAwareGreedy,32,21,0.65625,0.7421875,0.0,False,47.5,64.0,1290.433695361268,1294.5824613687032,-90.43369536126816,-170.43369536126815,True,143.1980380310588,False,True,0.0491433113859102,0.0021835571225093,2.0,True,1.0,8.000:8.000|25.979:20.742|52.526:13.678|55.373:32.651|76.131:19.054|66.078:39.705|46.459:68.303|36.811:75.118|28.258:70.402|39.754:72.695|39.986:78.512|38.746:80.247|81.065:75.038|85.994:64.633|88.902:63.406|78.983:35.635|81.851:34.288|80.187:31.370|74.279:20.836|43.823:24.917|12.053:27.120|23.137:34.021|8.000:8.000,0-2-25-26-9-10-27-14-5-16-21-30-19-17-22-7-15-32-12-29-3-18-0,0.0016546780243515
103,calm,sparse,ReserveOnlyPlanner,32,17,0.53125,0.59375,0.59375,True,38.0,64.0,965.9735416114864,1005.7279031015254,234.02645838851367,154.02645838851367,False,108.3630712906583,True,False,0.059643189867379,0.0034027177900739,2.0,False,1.0,8.000:8.000|25.979:20.742|52.526:13.678|55.373:32.651|76.131:19.054|74.279:20.836|66.078:39.705|46.459:68.303|36.811:75.118|28.258:70.402|28.395:68.198|39.754:72.695|39.986:78.512|38.746:80.247|36.066:62.894|43.823:24.917|12.053:27.120|23.137:34.021|8.000:8.000,0-2-25-26-9-12-10-27-14-5-28-16-21-30-13-29-3-18-0,0.0015515000559389
103,calm,sparse,FairRiskAwareGreedy,32,10,0.3125,0.40625,0.40625,True,26.0,64.0,1101.2884680803218,1121.1040945490952,98.7115319196781,18.71153191967809,False,117.84018019210946,True,False,0.0049135421546523,0.0004472660025947,2.0,False,1.0,8.000:8.000|52.526:13.678|76.131:19.054|55.373:32.651|25.979:20.742|28.258:70.402|12.053:27.120|46.459:68.303|66.078:39.705|43.823:24.917|78.983:35.635|8.000:8.000,0-25-9-26-2-5-3-27-10-29-7-0,0.0017451490275561
103,calm,sparse,FairALNSPlanner,32,31,0.96875,0.9765625,0.9765625,True,62.5,64.0,1046.3458638554578,1119.512803134089,153.6541361445424,73.6541361445424,False,141.64374334433273,True,False,0.0156950651040502,0.0004936983450003,2.0,False,1.0,8.000:8.000|12.053:27.120|23.137:34.021|28.395:68.198|28.258:70.402|17.221:90.302|38.746:80.247|39.986:78.512|36.811:75.118|39.754:72.695|46.459:68.303|57.053:75.503|60.082:78.339|58.044:78.334|72.754:75.638|76.150:73.446|81.065:75.038|86.809:69.856|85.994:64.633|88.902:63.406|82.100:59.637|81.851:34.288|80.187:31.370|78.983:35.635|66.078:39.705|55.373:32.651|74.279:20.836|76.131:19.054|60.075:20.182|52.526:13.678|43.823:24.917|25.979:20.742|8.000:8.000,0-3-18-28-5-31-30-21-14-16-27-6-23-1-8-20-19-11-17-22-24-15-32-7-10-26-12-9-4-25-29-2-0,19.2423014100641
103,calm,sparse,RAWA-RHP,32,32,1.0,1.0,1.0,True,64.0,64.0,1067.2154308812417,1151.0081747339532,132.78456911875833,52.78456911875833,False,145.57500442209658,True,False,0.0206483663581911,0.0006312312214442,2.0,False,1.0,8.000:8.000|25.979:20.742|43.823:24.917|52.526:13.678|60.075:20.182|76.131:19.054|74.279:20.836|55.373:32.651|66.078:39.705|78.983:35.635|80.187:31.370|81.851:34.288|82.100:59.637|88.902:63.406|85.994:64.633|86.809:69.856|81.065:75.038|76.150:73.446|72.754:75.638|58.044:78.334|60.082:78.339|57.053:75.503|46.459:68.303|39.754:72.695|36.811:75.118|39.986:78.512|38.746:80.247|17.221:90.302|28.258:70.402|28.395:68.198|36.066:62.894|23.137:34.021|12.053:27.120|8.000:8.000,0-2-29-25-4-9-12-26-10-7-32-15-24-22-17-11-19-20-8-1-23-6-27-16-14-21-30-31-5-28-13-18-3-0,49.578919678227976
103,severe,cluttered,NearestNeighbor,32,19,0.59375,0.6153846153846154,0.0,False,44.0,71.5,2026.7818571904616,2018.8503256299232,-826.7818571904613,-906.7818571904612,True,107.98820086152053,False,True,0.0987664394343361,0.0051529328087239,2.0,True,1.0,8.000:8.000|13.235:18.592|14.915:26.983|22.389:21.795|25.287:28.324|32.859:37.967|43.427:24.077|57.620:28.732|56.125:34.235|51.501:34.085|61.824:21.334|69.847:21.807|72.180:16.341|69.455:10.714|61.522:11.060|86.447:26.115|92.844:33.206|83.916:55.943|84.576:67.434|73.327:76.878|8.000:8.000,0-15-19-14-27-30-7-18-23-2-22-26-13-6-5-21-1-20-9-10-0,0.0016727990005165
103,severe,cluttered,ValuePerDistance,32,19,0.59375,0.6293706293706294,0.0,False,45.0,71.5,2007.067199819813,2039.419699016893,-807.0671998198126,-887.0671998198126,True,108.05955808450712,False,True,0.1161445936527841,0.006088745548117,2.0,True,1.0,8.000:8.000|13.235:18.592|14.915:26.983|11.648:36.123|22.389:21.795|25.287:28.324|32.859:37.967|51.501:34.085|56.125:34.235|57.620:28.732|61.824:21.334|69.847:21.807|72.180:16.341|69.455:10.714|61.522:11.060|86.447:26.115|92.844:33.206|83.916:55.943|84.576:67.434|73.327:76.878|8.000:8.000,0-15-19-16-14-27-30-2-23-18-22-26-13-6-5-21-1-20-9-10-0,0.0012480660807341
103,severe,cluttered,WindAwareGreedy,32,12,0.375,0.4475524475524475,0.0,False,32.0,71.5,2232.118554635752,2261.2632730170994,-1032.118554635752,-1112.118554635752,True,102.7174432259748,False,True,0.0736116977894275,0.0053617500177535,2.0,True,1.0,8.000:8.000|13.235:18.592|14.915:26.983|11.648:36.123|22.389:21.795|61.824:21.334|69.847:21.807|86.447:26.115|92.844:33.206|83.916:55.943|84.576:67.434|73.327:76.878|90.576:86.763|8.000:8.000,0-15-19-16-14-22-26-21-1-20-9-10-31-0,0.0011208730284124
103,severe,cluttered,ReserveOnlyPlanner,32,11,0.34375,0.3356643356643357,0.3356643356643357,True,24.0,71.5,1112.995620354861,1146.9365388861424,87.00437964513878,7.004379645138783,False,59.85095781099797,True,False,0.0696704665860871,0.0059549508357287,2.0,False,1.0,8.000:8.000|13.235:18.592|14.915:26.983|22.389:21.795|25.287:28.324|43.427:24.077|61.824:21.334|69.847:21.807|72.180:16.341|69.455:10.714|61.522:11.060|57.620:28.732|8.000:8.000,0-15-19-14-27-7-22-26-13-6-5-18-0,0.0010971550364047
103,severe,cluttered,FairRiskAwareGreedy,32,14,0.4375,0.4755244755244755,0.4755244755244755,True,34.0,71.5,917.9589349838034,961.9144668949136,282.0410650161966,202.04106501619663,False,88.5175548690025,True,False,0.0142022377731747,0.0009522154828374,2.0,False,1.0,8.000:8.000|13.235:18.592|11.648:36.123|14.915:26.983|22.389:21.795|61.824:21.334|57.620:28.732|51.501:34.085|56.125:34.235|46.408:57.139|32.859:37.967|14.972:66.004|16.137:67.687|15.838:71.173|27.453:79.342|8.000:8.000,0-15-16-19-14-22-18-2-23-11-30-25-29-8-28-0,0.0016419619787484
103,severe,cluttered,FairALNSPlanner,32,17,0.53125,0.5944055944055944,0.5944055944055944,True,42.5,71.5,1050.5929423087728,1208.6981271544732,149.4070576912274,69.40705769122741,False,103.362278752052,True,False,0.0249912781370255,0.0014010630279411,2.0,False,1.0,8.000:8.000|14.972:66.004|16.137:67.687|26.953:72.111|28.335:73.922|27.453:79.342|15.838:71.173|11.648:36.123|14.915:26.983|25.287:28.324|43.427:24.077|69.847:21.807|86.447:26.115|92.844:33.206|61.824:21.334|57.620:28.732|22.389:21.795|13.235:18.592|8.000:8.000,0-25-29-17-3-28-8-16-19-27-7-26-21-1-22-18-14-15-0,6.49859146703966
103,severe,cluttered,RAWA-RHP,32,21,0.65625,0.7062937062937062,0.7062937062937062,True,50.5,71.5,1014.034934642028,1187.2551209799776,185.96506535797187,105.96506535797188,False,106.81593485250248,True,False,0.0385464717603238,0.0017786384892936,2.0,False,1.0,8.000:8.000|22.389:21.795|43.427:24.077|86.447:26.115|92.844:33.206|69.847:21.807|61.824:21.334|57.620:28.732|56.125:34.235|51.501:34.085|46.408:57.139|43.326:77.446|35.885:86.190|27.453:79.342|28.335:73.922|26.953:72.111|15.838:71.173|16.137:67.687|14.972:66.004|11.648:36.123|14.915:26.983|13.235:18.592|8.000:8.000,0-14-7-21-1-26-22-18-23-2-11-32-4-28-3-17-8-29-25-16-19-15-0,38.00334506505169
102,severe,sparse,NearestNeighbor,32,16,0.5,0.5080645161290323,0.0,False,31.5,62.0,1261.5856981253835,1233.4338356603816,-61.58569812538386,-141.58569812538386,True,78.03070431343971,False,True,0.0972239575829972,0.0058509241243661,2.0,True,1.0,8.000:8.000|36.325:18.122|51.345:18.008|49.579:24.467|45.536:32.871|41.924:32.619|29.724:40.576|24.808:34.646|22.619:34.541|14.162:41.944|14.952:45.321|11.541:46.458|25.499:62.809|32.564:63.863|34.956:64.616|33.226:70.543|36.962:47.431|8.000:8.000,0-13-14-23-11-1-22-27-7-12-24-2-15-9-29-5-20-0,0.0014142661821097
102,severe,sparse,ValuePerDistance,32,12,0.375,0.3951612903225806,0.0,False,24.5,62.0,1308.117578757994,1266.927369096269,-108.11757875799374,-188.11757875799373,True,72.84595987934622,False,True,0.2423445612922209,0.0203227824439599,2.0,True,1.0,8.000:8.000|24.808:34.646|22.619:34.541|14.952:45.321|11.541:46.458|14.162:41.944|36.962:47.431|41.924:32.619|45.536:32.871|49.579:24.467|51.345:18.008|68.474:16.505|74.971:33.566|8.000:8.000,0-27-7-24-2-12-20-1-11-23-14-4-30-0,0.0009121890179812
102,severe,sparse,WindAwareGreedy,32,13,0.40625,0.4596774193548387,0.0,False,28.5,62.0,1202.5522673536527,1236.033104665536,-2.5522673536525744,-82.55226735365258,True,75.0425666321221,False,True,0.1690051994655329,0.0126230276317123,2.0,True,1.0,8.000:8.000|24.808:34.646|22.619:34.541|14.952:45.321|11.541:46.458|14.162:41.944|41.924:32.619|36.962:47.431|25.499:62.809|34.956:64.616|32.564:63.863|45.536:32.871|51.345:18.008|36.325:18.122|8.000:8.000,0-27-7-24-2-12-1-20-15-29-9-11-14-13-0,0.0010950069408863
102,severe,sparse,ReserveOnlyPlanner,32,10,0.3125,0.3629032258064516,0.3629032258064516,True,22.5,62.0,1076.5134080437365,1150.9814746835198,123.4865919562633,43.4865919562633,False,60.85498249493902,True,False,0.16900526084596,0.0160656782461604,2.0,False,1.0,8.000:8.000|24.808:34.646|22.619:34.541|14.952:45.321|11.541:46.458|14.162:41.944|41.924:32.619|36.962:47.431|25.499:62.809|32.564:63.863|29.724:40.576|8.000:8.000,0-27-7-24-2-12-1-20-15-9-22-0,0.0009674450848251
102,severe,sparse,FairRiskAwareGreedy,32,9,0.28125,0.3709677419354839,0.3709677419354839,True,23.0,62.0,589.5795310008297,616.120826805098,610.4204689991703,530.4204689991703,False,57.97529412153794,True,False,1.659947550702867e-05,1.6599489757407327e-06,4.0,False,1.0,8.000:8.000|24.808:34.646|22.619:34.541|36.962:47.431|41.924:32.619|45.536:32.871|25.499:62.809|34.956:64.616|11.541:46.458|14.952:45.321|8.000:8.000,0-27-7-20-1-11-15-29-2-24-0,0.0015425800811499
102,severe,sparse,FairALNSPlanner,32,8,0.25,0.2903225806451613,0.2903225806451613,True,18.0,62.0,434.7669635466689,517.7953028596874,765.2330364533312,685.2330364533312,False,45.30907442859842,True,False,0.0002922808871338,3.247616644178978e-05,4.0,False,1.0,8.000:8.000|22.619:34.541|24.808:34.646|29.724:40.576|36.962:47.431|34.956:64.616|32.564:63.863|11.541:46.458|14.952:45.321|8.000:8.000,0-7-27-22-20-29-9-2-24-0,7.870625050039962
102,severe,sparse,RAWA-RHP,32,26,0.8125,0.8709677419354839,0.8709677419354839,True,54.0,62.0,1019.7073876961682,1246.1088751675456,180.292612303832,100.29261230383202,False,117.57550663570056,True,False,0.0491680117731855,0.001840784009912,2.0,False,1.0,8.000:8.000|14.162:41.944|14.952:45.321|11.541:46.458|25.499:62.809|32.564:63.863|34.956:64.616|33.226:70.543|47.743:86.631|74.478:83.177|79.477:80.765|81.607:80.674|82.503:73.577|85.049:74.076|85.508:71.849|84.957:69.012|59.448:59.770|45.020:58.992|36.962:47.431|29.724:40.576|22.619:34.541|24.808:34.646|41.924:32.619|45.536:32.871|49.579:24.467|51.345:18.008|36.325:18.122|8.000:8.000,0-12-24-2-15-9-29-5-21-32-17-10-31-6-28-25-16-3-20-22-7-27-1-11-23-14-13-0,84.47206853609532
104,calm,sparse,NearestNeighbor,32,31,0.96875,0.9710144927536232,0.0,False,67.0,69.0,1269.6672670312655,1260.728495746725,-69.6672670312655,-149.6672670312655,True,155.75698360132293,False,True,0.0087097094272263,0.0002731486476246,2.0,True,1.0,8.000:8.000|12.368:17.494|35.646:17.872|40.834:26.111|34.398:34.444|37.653:35.828|31.435:41.964|44.987:45.070|45.991:66.370|51.697:65.516|36.876:63.572|28.269:59.694|23.705:60.975|20.741:64.907|27.480:74.590|29.804:74.043|41.053:75.909|42.135:82.493|38.913:85.223|50.121:85.986|29.218:90.946|26.546:90.567|81.333:91.589|79.769:53.020|89.745:34.341|83.220:29.005|67.964:33.424|62.678:34.995|60.002:24.751|59.274:20.655|61.800:13.351|48.308:18.507|8.000:8.000,0-20-23-3-5-27-7-4-28-32-22-9-18-14-25-26-24-6-30-10-1-17-13-16-29-21-11-8-15-19-12-2-0,0.0022018789313733
104,calm,sparse,ValuePerDistance,32,31,0.96875,0.9782608695652174,0.0,False,67.5,69.0,1239.6674143300786,1227.7067038091527,-39.66741433007847,-119.66741433007846,True,152.91558668195387,False,True,0.0129550916326299,0.000406793148346,2.0,True,1.0,8.000:8.000|12.368:17.494|35.646:17.872|40.834:26.111|37.653:35.828|34.398:34.444|31.435:41.964|44.987:45.070|36.876:63.572|28.269:59.694|23.705:60.975|20.741:64.907|29.804:74.043|27.480:74.590|26.546:90.567|29.218:90.946|42.135:82.493|38.913:85.223|50.121:85.986|41.053:75.909|45.991:66.370|51.697:65.516|79.769:53.020|89.745:34.341|83.220:29.005|82.966:10.915|61.800:13.351|60.002:24.751|59.274:20.655|62.678:34.995|67.964:33.424|48.308:18.507|8.000:8.000,0-20-23-3-27-5-7-4-22-9-18-14-26-25-17-1-6-30-10-24-28-32-16-29-21-31-12-15-19-8-11-2-0,0.0017530678305774
104,calm,sparse,WindAwareGreedy,32,21,0.65625,0.7681159420289855,0.0,False,53.0,69.0,1360.205498820975,1371.0019003777877,-160.20549882097492,-240.20549882097487,True,151.60810564256752,False,True,0.0098433876054977,0.0004490700992437,2.0,True,1.0,8.000:8.000|40.834:26.111|31.435:41.964|23.705:60.975|20.741:64.907|29.804:74.043|42.135:82.493|29.218:90.946|26.546:90.567|28.269:59.694|36.876:63.572|44.987:45.070|35.646:17.872|12.368:17.494|37.653:35.828|79.769:53.020|89.745:34.341|62.678:34.995|60.002:24.751|61.800:13.351|82.966:10.915|83.220:29.005|8.000:8.000,0-3-7-18-14-26-6-1-17-9-22-4-23-20-27-16-29-8-15-12-31-21-0,0.0016284810844808
104,calm,sparse,ReserveOnlyPlanner,32,22,0.6875,0.782608695652174,0.782608695652174,True,54.0,69.0,1105.3375764330724,1148.7395662793492,94.66242356692716,14.662423566927174,False,129.92422628737756,True,False,0.0107514406548295,0.0004690699497646,2.0,False,1.0,8.000:8.000|12.368:17.494|35.646:17.872|40.834:26.111|31.435:41.964|23.705:60.975|20.741:64.907|29.804:74.043|42.135:82.493|29.218:90.946|26.546:90.567|27.480:74.590|36.876:63.572|28.269:59.694|44.987:45.070|37.653:35.828|34.398:34.444|60.002:24.751|61.800:13.351|89.745:34.341|79.769:53.020|62.678:34.995|48.308:18.507|8.000:8.000,0-20-23-3-7-18-14-26-6-1-17-25-22-9-4-27-5-15-12-29-16-8-2-0,0.0018081199377775
104,calm,sparse,FairRiskAwareGreedy,32,18,0.5625,0.6739130434782609,0.6739130434782609,True,46.5,69.0,1098.973975865235,1116.5946227733596,101.02602413476488,21.02602413476488,False,127.00790350473358,True,False,0.0098433874645015,0.000520160003227,2.0,False,1.0,8.000:8.000|40.834:26.111|31.435:41.964|23.705:60.975|29.804:74.043|42.135:82.493|29.218:90.946|26.546:90.567|20.741:64.907|28.269:59.694|36.876:63.572|44.987:45.070|35.646:17.872|12.368:17.494|37.653:35.828|79.769:53.020|62.678:34.995|60.002:24.751|61.800:13.351|8.000:8.000,0-3-7-18-26-6-1-17-14-9-22-4-23-20-27-16-8-15-12-0,0.0030217559542506
104,calm,sparse,FairALNSPlanner,32,27,0.84375,0.9057971014492754,0.9057971014492754,True,62.5,69.0,1047.084903584572,1117.953383143,152.9150964154281,72.91509641542811,False,135.45044780471935,True,False,0.0122296824756783,0.0004386804884047,2.0,False,1.0,8.000:8.000|35.646:17.872|40.834:26.111|48.308:18.507|61.800:13.351|82.966:10.915|83.220:29.005|89.745:34.341|79.769:53.020|62.678:34.995|60.002:24.751|44.987:45.070|36.876:63.572|41.053:75.909|42.135:82.493|50.121:85.986|38.913:85.223|29.218:90.946|26.546:90.567|27.480:74.590|29.804:74.043|20.741:64.907|23.705:60.975|28.269:59.694|31.435:41.964|37.653:35.828|34.398:34.444|12.368:17.494|8.000:8.000,0-23-3-2-12-31-21-29-16-8-15-4-22-24-6-10-30-1-17-25-26-14-18-9-7-27-5-20-0,17.356813066173345
104,calm,sparse,RAWA-RHP,32,28,0.875,0.9057971014492754,0.9057971014492754,True,62.5,69.0,1064.2543695461854,1137.2314106731608,135.7456304538144,55.74563045381439,False,137.5806116425539,True,False,0.0094507234140043,0.0003271328546734,2.0,False,1.0,8.000:8.000|40.834:26.111|37.653:35.828|34.398:34.444|31.435:41.964|36.876:63.572|29.804:74.043|27.480:74.590|41.053:75.909|42.135:82.493|50.121:85.986|38.913:85.223|29.218:90.946|26.546:90.567|20.741:64.907|23.705:60.975|28.269:59.694|44.987:45.070|79.769:53.020|89.745:34.341|83.220:29.005|67.964:33.424|62.678:34.995|60.002:24.751|59.274:20.655|61.800:13.351|48.308:18.507|35.646:17.872|12.368:17.494|8.000:8.000,0-3-27-5-7-22-26-25-24-6-10-30-1-17-14-18-9-4-16-29-21-11-8-15-19-12-2-23-20-0,38.75172786298208
103,severe,sparse,NearestNeighbor,32,18,0.5625,0.5645161290322581,0.0,False,35.0,62.0,1568.5713235825406,1566.4717624283885,-368.5713235825405,-448.5713235825405,True,88.74537911456987,False,True,0.0994078482503665,0.0054261131452301,2.0,True,1.0,8.000:8.000|34.033:23.514|28.175:34.863|25.945:36.174|27.222:41.521|34.384:49.743|40.779:59.959|30.934:69.113|27.612:65.393|20.318:72.868|23.470:76.857|15.874:83.195|8.143:71.450|23.489:56.222|19.044:52.337|13.904:48.395|43.537:39.504|44.235:36.147|44.569:32.537|8.000:8.000,0-6-17-20-24-15-16-31-21-23-9-8-25-12-3-1-11-29-27-0,0.0017214540857821
103,severe,sparse,ValuePerDistance,32,15,0.46875,0.5080645161290323,0.0,False,31.5,62.0,1438.0811381927251,1396.56766816062,-238.0811381927247,-318.08113819272467,True,77.07149935552117,False,True,0.0831376547415053,0.0053546246830655,2.0,True,1.0,8.000:8.000|44.569:32.537|44.235:36.147|43.537:39.504|34.384:49.743|19.044:52.337|23.489:56.222|27.612:65.393|30.934:69.113|20.318:72.868|23.470:76.857|15.874:83.195|13.904:48.395|27.222:41.521|25.945:36.174|28.175:34.863|8.000:8.000,0-27-29-11-15-3-12-21-31-23-9-8-1-24-20-17-0,0.0011575638782233
103,severe,sparse,WindAwareGreedy,32,13,0.40625,0.4758064516129032,0.0,False,29.5,62.0,1817.7544958643568,1827.685047056564,-617.754495864357,-697.754495864357,True,92.3370650594086,False,True,0.0792347591893679,0.0057008136025978,2.0,True,1.0,8.000:8.000|44.569:32.537|44.235:36.147|53.340:28.049|50.857:29.264|60.597:37.140|72.800:58.003|82.891:66.727|78.321:64.739|67.107:70.430|68.906:69.047|68.319:84.027|92.477:93.855|85.132:40.438|8.000:8.000,0-27-29-7-22-28-14-19-32-10-26-2-30-13-0,0.0012659290805459
103,severe,sparse,ReserveOnlyPlanner,32,6,0.1875,0.2419354838709677,0.2419354838709677,True,15.0,62.0,1054.3830804447373,1140.4327096881104,145.61691955526285,65.61691955526283,False,50.21709417544042,True,False,0.0070768000884409,0.0010135368527742,2.8284271247461903,False,1.0,8.000:8.000|44.569:32.537|44.235:36.147|53.340:28.049|50.857:29.264|60.597:37.140|72.800:58.003|8.000:8.000,0-27-29-7-22-28-14-0,0.000755385030061
103,severe,sparse,FairRiskAwareGreedy,32,12,0.375,0.4354838709677419,0.4354838709677419,True,27.0,62.0,879.0087895633843,922.5230679654449,320.9912104366155,240.99121043661552,False,81.1138182020546,True,False,0.007193837568198,0.0005544473095888,2.8284271247461903,False,1.0,8.000:8.000|44.569:32.537|44.235:36.147|53.340:28.049|50.857:29.264|34.384:49.743|27.222:41.521|19.044:52.337|23.489:56.222|20.318:72.868|13.904:48.395|23.470:76.857|28.175:34.863|8.000:8.000,0-27-29-7-22-15-24-3-12-23-1-9-17-0,0.0016413030680269
103,severe,sparse,FairALNSPlanner,32,23,0.71875,0.7661290322580645,0.7661290322580645,True,47.5,62.0,1054.588174812238,1235.9055120796395,145.41182518776213,65.41182518776213,False,111.18037076129328,True,False,0.0284267011026624,0.0011951400109091,2.0,False,1.0,8.000:8.000|34.033:23.514|51.291:24.908|50.857:29.264|53.340:28.049|60.597:37.140|72.800:58.003|78.321:64.739|82.891:66.727|68.906:69.047|67.107:70.430|50.528:69.797|40.779:59.959|27.612:65.393|20.318:72.868|23.470:76.857|23.489:56.222|19.044:52.337|27.222:41.521|25.945:36.174|34.384:49.743|43.537:39.504|44.235:36.147|44.569:32.537|8.000:8.000,0-6-18-22-7-28-14-32-19-26-10-5-16-21-23-9-12-3-24-20-15-11-29-27-0,11.692424747161567
103,severe,sparse,RAWA-RHP,32,25,0.78125,0.8387096774193549,0.8387096774193549,True,52.0,62.0,1038.6273156814088,1241.068951958918,161.3726843185912,81.37268431859121,False,114.07915281764464,True,False,0.0662977746346104,0.0026097720882867,2.0,False,1.0,8.000:8.000|13.904:48.395|19.044:52.337|23.489:56.222|23.470:76.857|20.318:72.868|27.612:65.393|30.934:69.113|50.528:69.797|67.107:70.430|68.906:69.047|82.891:66.727|78.321:64.739|72.800:58.003|60.597:37.140|53.340:28.049|51.291:24.908|50.857:29.264|44.569:32.537|44.235:36.147|43.537:39.504|40.779:59.959|34.384:49.743|27.222:41.521|25.945:36.174|28.175:34.863|8.000:8.000,0-1-3-12-9-23-21-31-5-10-26-19-32-14-28-7-18-22-27-29-11-16-15-24-20-17-0,64.57617002306506
103,moderate,cluttered,NearestNeighbor,32,19,0.59375,0.5864661654135338,0.0,False,39.0,66.5,1344.4339606382312,1307.2506405289648,-144.43396063823116,-224.4339606382312,True,101.90257800836612,False,True,0.0602745320931233,0.0030710267007648,2.0,True,1.0,8.000:8.000|15.195:33.216|18.686:37.945|26.422:38.844|32.675:34.054|39.545:31.635|47.206:25.583|48.123:13.837|52.201:10.620|54.918:13.955|61.021:13.649|63.227:21.023|63.496:25.419|72.511:20.215|84.486:28.779|79.231:42.407|82.972:49.691|74.470:63.603|70.989:69.084|76.978:80.428|8.000:8.000,0-30-28-9-10-13-16-20-27-7-22-15-31-23-2-14-19-5-4-11-0,0.0017234969418495
103,moderate,cluttered,ValuePerDistance,32,14,0.4375,0.4586466165413533,0.0,False,30.5,66.5,1251.1656399378812,1219.616479129016,-51.16563993788114,-131.16563993788114,True,91.1353752556738,False,True,0.1507555187774301,0.0106830432198705,2.0,True,1.0,8.000:8.000|15.195:33.216|18.686:37.945|32.675:34.054|39.545:31.635|34.465:46.078|25.823:49.583|36.241:54.607|40.792:71.867|29.724:79.077|33.029:78.533|15.215:77.293|11.119:91.276|50.919:75.676|26.422:38.844|8.000:8.000,0-30-28-10-13-21-29-32-3-8-24-12-25-26-9-0,0.0011304409708827
103,moderate,cluttered,WindAwareGreedy,32,14,0.4375,0.5112781954887218,0.0,False,34.0,66.5,1287.682297986246,1247.4198925765436,-87.68229798624645,-167.68229798624645,True,95.776489063385,False,True,0.14268116306244,0.0099779423796506,2.0,True,1.0,8.000:8.000|15.195:33.216|32.675:34.054|34.465:46.078|25.823:49.583|18.686:37.945|39.545:31.635|54.918:13.955|63.227:21.023|52.201:10.620|48.123:13.837|47.206:25.583|40.792:71.867|29.724:79.077|15.215:77.293|8.000:8.000,0-30-10-21-29-28-13-7-15-27-20-16-3-8-12-0,0.0012275578919798
103,moderate,cluttered,ReserveOnlyPlanner,32,14,0.4375,0.4586466165413533,0.4586466165413533,True,30.5,66.5,994.3239031216214,1063.2881912679477,205.67609687837847,125.67609687837847,False,78.63064853950523,True,False,0.0199269193315618,0.001335145610803,2.0,False,1.0,8.000:8.000|15.195:33.216|18.686:37.945|32.675:34.054|34.465:46.078|25.823:49.583|39.545:31.635|54.918:13.955|52.201:10.620|48.123:13.837|47.206:25.583|63.227:21.023|63.496:25.419|72.511:20.215|61.021:13.649|8.000:8.000,0-30-28-10-21-29-13-7-27-20-16-15-31-23-22-0,0.001387997996062
103,moderate,cluttered,FairRiskAwareGreedy,32,14,0.4375,0.4436090225563909,0.4436090225563909,True,29.5,66.5,971.0312996016304,1008.6603428286584,228.96870039836963,148.96870039836963,False,102.39682366593333,True,False,0.0002994769590534,1.9965741168470608e-05,2.8284271247461903,False,1.0,8.000:8.000|54.918:13.955|63.227:21.023|52.201:10.620|34.465:46.078|15.195:33.216|18.686:37.945|25.823:49.583|47.206:25.583|48.123:13.837|72.511:20.215|84.486:28.779|67.980:41.769|63.496:25.419|61.021:13.649|8.000:8.000,0-7-15-27-21-30-28-29-16-20-23-2-6-31-22-0,0.0016721959691494
103,moderate,cluttered,FairALNSPlanner,32,19,0.59375,0.6240601503759399,0.6240601503759399,True,41.5,66.5,1060.469319045692,1191.0993407265028,139.53068095430802,59.530680954308025,False,120.74994625425062,True,False,0.0329938987043709,0.0016622222304651,2.0,False,1.0,8.000:8.000|48.123:13.837|47.206:25.583|39.545:31.635|67.980:41.769|70.989:69.084|74.470:63.603|64.617:54.331|32.675:34.054|26.422:38.844|15.195:33.216|18.686:37.945|25.823:49.583|34.465:46.078|54.918:13.955|63.227:21.023|84.486:28.779|72.511:20.215|61.021:13.649|52.201:10.620|8.000:8.000,0-20-16-13-6-4-5-18-10-9-30-28-29-21-7-15-2-23-22-27-0,9.96426770510152
103,moderate,cluttered,RAWA-RHP,32,27,0.84375,0.8571428571428571,0.8571428571428571,True,57.0,66.5,1047.7280942807854,1211.7025884111688,152.27190571921494,72.27190571921494,False,129.94479878256968,True,False,0.0614130975961201,0.0022443512946623,2.0,False,1.0,8.000:8.000|15.195:33.216|18.686:37.945|26.422:38.844|32.675:34.054|39.545:31.635|34.465:46.078|25.823:49.583|36.241:54.607|33.029:78.533|29.724:79.077|40.792:71.867|50.919:75.676|70.989:69.084|74.470:63.603|64.617:54.331|67.980:41.769|79.231:42.407|82.972:49.691|84.486:28.779|72.511:20.215|63.496:25.419|63.227:21.023|61.021:13.649|54.918:13.955|52.201:10.620|48.123:13.837|47.206:25.583|8.000:8.000,0-30-28-9-10-13-21-29-32-24-8-3-26-4-5-18-6-14-19-2-23-31-15-22-7-27-20-16-0,79.86246929015033
104,calm,cluttered,NearestNeighbor,32,31,0.96875,0.9615384615384616,0.0,False,62.5,65.0,1219.0748906761305,1215.3521746809145,-19.074890676130224,-99.07489067613022,True,152.01959250866713,False,True,0.0112167340309992,0.0003521088165615,2.0,True,1.0,8.000:8.000|26.008:26.522|25.214:28.786|29.021:35.265|37.946:25.200|42.928:19.662|47.387:17.864|61.823:22.525|66.481:26.741|68.517:35.640|65.867:37.107|62.195:42.067|58.615:41.797|48.245:54.078|38.872:69.508|31.017:72.904|27.371:73.397|28.503:66.449|39.194:82.033|52.576:87.543|68.939:88.704|71.942:85.309|78.703:80.818|71.548:72.443|88.533:45.939|88.562:32.243|85.813:29.165|81.186:23.141|77.275:20.991|12.191:34.582|13.093:40.015|17.238:48.670|8.000:8.000,0-25-30-5-12-24-31-27-3-23-18-4-8-15-17-20-2-13-32-10-22-1-28-7-14-26-21-9-6-29-16-19-0,0.0021480219438672
104,calm,cluttered,ValuePerDistance,32,29,0.90625,0.9307692307692308,0.0,False,60.5,65.0,1265.0707700624084,1267.0156297146186,-65.07077006240839,-145.07077006240837,True,154.1035426308421,False,True,0.0089517653280069,0.0002994466505332,2.0,True,1.0,8.000:8.000|25.214:28.786|26.008:26.522|37.946:25.200|42.928:19.662|47.387:17.864|61.823:22.525|66.481:26.741|65.867:37.107|68.517:35.640|62.195:42.067|58.615:41.797|48.245:54.078|38.872:69.508|28.503:66.449|31.017:72.904|27.371:73.397|23.826:85.651|39.194:82.033|52.576:87.543|68.939:88.704|71.942:85.309|78.703:80.818|71.548:72.443|88.562:32.243|85.813:29.165|81.186:23.141|77.275:20.991|88.533:45.939|17.238:48.670|8.000:8.000,0-30-25-12-24-31-27-3-18-23-4-8-15-17-13-20-2-11-32-10-22-1-28-7-26-21-9-6-14-19-0,0.0016184579581022
104,calm,cluttered,WindAwareGreedy,32,22,0.6875,0.7615384615384615,0.0,False,49.5,65.0,1226.509766929064,1214.5142668054402,-26.509766929064227,-106.50976692906424,True,139.44341098786936,False,True,0.0145636018237529,0.0006371522250649,2.0,True,1.0,8.000:8.000|25.214:28.786|42.928:19.662|61.823:22.525|65.867:37.107|62.195:42.067|66.481:26.741|47.387:17.864|37.946:25.200|13.093:40.015|17.238:48.670|28.503:66.449|23.826:85.651|39.194:82.033|38.872:69.508|48.245:54.078|78.703:80.818|68.939:88.704|71.942:85.309|52.576:87.543|31.017:72.904|27.371:73.397|12.191:34.582|8.000:8.000,0-30-24-27-18-4-3-31-12-16-19-13-11-32-17-15-28-22-1-10-20-2-29-0,0.0016379160806536
104,calm,cluttered,ReserveOnlyPlanner,32,21,0.65625,0.7230769230769231,0.7230769230769231,True,47.0,65.0,1061.127565772749,1092.9188997717138,138.8724342272504,58.87243422725041,False,124.2102176801503,True,False,0.0108515740019078,0.0004953175416476,2.0,False,1.0,8.000:8.000|25.214:28.786|42.928:19.662|47.387:17.864|61.823:22.525|65.867:37.107|62.195:42.067|66.481:26.741|77.275:20.991|85.813:29.165|88.562:32.243|81.186:23.141|37.946:25.200|13.093:40.015|17.238:48.670|28.503:66.449|23.826:85.651|39.194:82.033|38.872:69.508|48.245:54.078|29.021:35.265|26.008:26.522|8.000:8.000,0-30-24-31-27-18-4-3-6-21-26-9-12-16-19-13-11-32-17-15-5-25-0,0.0017115860246121
104,calm,cluttered,FairRiskAwareGreedy,32,18,0.5625,0.6384615384615384,0.6384615384615384,True,41.5,65.0,1100.7100088902234,1118.0164217452425,99.28999110977624,19.28999110977624,False,126.10962489772685,True,False,0.0160695920324591,0.0008516260799797,2.0,False,1.0,8.000:8.000|25.214:28.786|61.823:22.525|65.867:37.107|66.481:26.741|47.387:17.864|42.928:19.662|37.946:25.200|62.195:42.067|85.813:29.165|88.562:32.243|81.186:23.141|77.275:20.991|13.093:40.015|17.238:48.670|28.503:66.449|23.826:85.651|38.872:69.508|29.021:35.265|8.000:8.000,0-30-27-18-3-31-24-12-4-21-26-9-6-16-19-13-11-17-5-0,0.0027564619667828
104,calm,cluttered,FairALNSPlanner,32,29,0.90625,0.953846153846154,0.953846153846154,True,62.0,65.0,1054.08844622505,1123.4935056716204,145.91155377494977,65.91155377494977,False,138.5863272042965,True,False,0.0062182237391807,0.0002077851203002,2.0,False,1.0,8.000:8.000|26.008:26.522|25.214:28.786|12.191:34.582|13.093:40.015|17.238:48.670|48.245:54.078|38.872:69.508|28.503:66.449|31.017:72.904|27.371:73.397|23.826:85.651|39.194:82.033|52.576:87.543|68.939:88.704|71.942:85.309|78.703:80.818|88.533:45.939|88.562:32.243|85.813:29.165|81.186:23.141|77.275:20.991|68.517:35.640|62.195:42.067|65.867:37.107|66.481:26.741|61.823:22.525|47.387:17.864|42.928:19.662|37.946:25.200|8.000:8.000,0-25-30-29-16-19-15-17-13-20-2-11-32-10-22-1-28-14-26-21-9-6-23-4-18-3-27-31-24-12-0,19.23229353292845
104,calm,cluttered,RAWA-RHP,32,30,0.9375,0.9692307692307692,0.9692307692307692,True,63.0,65.0,1039.0812875174963,1121.3208585685163,160.91871248250388,80.91871248250388,False,140.5002007945044,True,False,0.0033793218579963,0.000109152343333,2.0,False,1.0,8.000:8.000|26.008:26.522|25.214:28.786|37.946:25.200|42.928:19.662|47.387:17.864|61.823:22.525|66.481:26.741|77.275:20.991|81.186:23.141|85.813:29.165|88.562:32.243|88.533:45.939|68.517:35.640|65.867:37.107|62.195:42.067|71.548:72.443|78.703:80.818|71.942:85.309|68.939:88.704|52.576:87.543|39.194:82.033|23.826:85.651|27.371:73.397|31.017:72.904|28.503:66.449|38.872:69.508|48.245:54.078|17.238:48.670|13.093:40.015|12.191:34.582|8.000:8.000,0-25-30-12-24-31-27-3-6-9-21-26-14-23-18-4-7-28-1-22-10-32-11-2-20-13-17-15-19-16-29-0,48.48153871600516
102,severe,cluttered,NearestNeighbor,32,18,0.5625,0.5737704918032787,0.0,False,35.0,61.0,1264.5499530676036,1228.78746870294,-64.54995306760364,-144.54995306760364,True,81.08171611741741,False,True,0.0281602786763955,0.0014945116927869,2.0,True,1.0,8.000:8.000|20.924:17.481|20.167:20.387|23.521:20.374|25.702:19.949|30.070:29.030|31.142:34.388|27.814:39.716|24.258:39.742|20.971:40.802|18.075:50.268|13.679:60.679|15.661:62.302|18.476:78.089|25.943:77.727|39.204:81.169|42.019:85.268|39.157:73.268|32.806:60.097|8.000:8.000,0-20-7-28-31-1-9-29-10-16-32-18-23-12-8-27-13-21-30-0,0.0014465840067714
102,severe,cluttered,ValuePerDistance,32,18,0.5625,0.5983606557377049,0.0,False,36.5,61.0,1235.8913864104477,1234.9086933603708,-35.89138641044735,-115.89138641044735,True,81.09486767253661,False,True,0.0152859433967981,0.0008063093808687,2.0,True,1.0,8.000:8.000|20.167:20.387|20.924:17.481|23.521:20.374|25.702:19.949|30.070:29.030|27.814:39.716|24.258:39.742|20.971:40.802|18.075:50.268|13.679:60.679|15.661:62.302|18.476:78.089|25.943:77.727|42.019:85.268|39.204:81.169|39.157:73.268|32.806:60.097|16.890:29.554|8.000:8.000,0-7-20-28-31-1-29-10-16-32-18-23-12-8-13-27-21-30-22-0,0.0010307549964636
102,severe,cluttered,WindAwareGreedy,32,14,0.4375,0.4508196721311475,0.0,False,27.5,61.0,1322.9602915385508,1344.9955149549492,-122.96029153855076,-202.9602915385508,True,83.95878206433075,False,True,0.4057977654275027,0.0326553578058938,2.0,True,1.0,8.000:8.000|16.890:29.554|20.167:20.387|30.070:29.030|27.814:39.716|18.075:50.268|20.971:40.802|25.702:19.949|23.521:20.374|20.924:17.481|24.258:39.742|13.679:60.679|15.661:62.302|18.476:78.089|10.098:78.128|8.000:8.000,0-22-7-1-29-32-16-31-28-20-10-18-23-12-25-0,0.0015350619796663
102,severe,cluttered,ReserveOnlyPlanner,32,12,0.375,0.3934426229508196,0.3934426229508196,True,24.0,61.0,1074.716223561189,1194.6444441799913,125.28377643881105,45.28377643881103,False,69.04707879608625,True,False,0.227669872248987,0.0188455959325055,2.0,False,1.0,8.000:8.000|20.167:20.387|16.890:29.554|18.075:50.268|20.971:40.802|27.814:39.716|30.070:29.030|25.702:19.949|23.521:20.374|20.924:17.481|24.258:39.742|31.142:34.388|13.679:60.679|8.000:8.000,0-7-22-32-16-29-1-31-28-20-10-9-18-0,0.0032785341609269
102,severe,cluttered,FairRiskAwareGreedy,32,14,0.4375,0.5491803278688525,0.5491803278688525,True,33.5,61.0,880.4027299685366,948.2834562156256,319.59727003146367,239.5972700314637,False,89.34172548887928,True,False,0.0007404881013695,4.938099314634552e-05,2.8284271247461903,False,1.0,8.000:8.000|30.070:29.030|27.814:39.716|16.890:29.554|18.075:50.268|20.971:40.802|64.794:26.694|68.490:14.484|62.629:39.555|66.657:55.694|64.400:54.460|25.702:19.949|20.167:20.387|20.924:17.481|23.521:20.374|8.000:8.000,0-1-29-22-32-16-2-11-15-4-19-31-7-20-28-0,0.0018546520732343
102,severe,cluttered,FairALNSPlanner,32,3,0.09375,0.081967213114754,0.081967213114754,True,5.0,61.0,134.71265163134086,176.8800164053639,1065.287348368659,985.287348368659,False,15.163820240598296,True,False,0.0128513676006457,0.0032128419043465,2.0,False,1.0,8.000:8.000|20.924:17.481|25.702:19.949|23.521:20.374|8.000:8.000,0-20-31-28-0,4.525153581984341
102,severe,cluttered,RAWA-RHP,32,27,0.84375,0.8852459016393442,0.8852459016393442,True,54.0,61.0,1013.0513258489962,1227.1037686355917,186.94867415100387,106.94867415100389,False,118.46190598441986,True,False,0.0573479558568832,0.0020854062325209,2.0,False,1.0,8.000:8.000|16.890:29.554|20.167:20.387|20.924:17.481|23.521:20.374|25.702:19.949|30.070:29.030|31.142:34.388|27.814:39.716|24.258:39.742|20.971:40.802|18.075:50.268|13.679:60.679|15.661:62.302|10.098:78.128|18.476:78.089|25.943:77.727|42.019:85.268|39.204:81.169|39.157:73.268|64.400:54.460|66.657:55.694|59.393:40.486|62.629:39.555|63.234:33.854|64.794:26.694|64.373:23.174|68.490:14.484|8.000:8.000,0-22-7-20-28-31-1-9-29-10-16-32-18-23-25-12-8-13-27-21-19-4-24-15-17-2-5-11-0,102.07343807793222
102,moderate,sparse,NearestNeighbor,32,28,0.875,0.8951612903225806,0.0,False,55.5,62.0,1516.466736889632,1540.7735262469787,-316.46673688963193,-396.46673688963193,True,138.33151697138072,False,True,0.1669677434288806,0.006020474886223,2.0,True,1.0,8.000:8.000|14.885:26.550|17.830:29.016|28.875:51.272|33.790:53.483|35.792:53.366|33.510:60.911|34.966:66.337|43.585:63.885|48.377:57.716|49.278:55.235|47.537:48.652|46.747:45.227|47.509:41.147|50.186:46.114|53.976:32.663|64.502:26.425|54.116:17.729|73.310:12.397|83.576:38.256|93.186:48.580|92.362:54.780|88.527:61.271|83.800:59.490|79.121:54.982|78.707:52.637|81.122:81.332|80.287:83.927|76.303:92.238|8.000:8.000,0-21-17-32-12-19-23-31-27-1-16-6-3-28-30-15-8-10-22-5-24-2-20-13-25-14-9-26-29-0,0.0021059960126876
102,moderate,sparse,ValuePerDistance,32,26,0.8125,0.8467741935483871,0.0,False,52.5,62.0,1719.901967520357,1732.4730468249888,-519.901967520357,-599.901967520357,True,144.77336947742515,False,True,0.1231795802333018,0.0046913586897403,2.0,True,1.0,8.000:8.000|14.885:26.550|17.830:29.016|35.792:53.366|33.790:53.483|28.875:51.272|33.510:60.911|34.966:66.337|27.414:70.305|23.316:68.556|18.017:79.761|48.377:57.716|49.278:55.235|50.186:46.114|47.509:41.147|46.747:45.227|47.537:48.652|53.976:32.663|54.116:17.729|73.310:12.397|92.362:54.780|93.186:48.580|83.800:59.490|79.121:54.982|78.707:52.637|83.576:38.256|88.527:61.271|8.000:8.000,0-21-17-19-12-32-23-31-18-7-11-1-16-30-28-3-6-15-10-22-2-24-13-25-14-5-20-0,0.0016470728442072
102,moderate,sparse,WindAwareGreedy,32,18,0.5625,0.7016129032258065,0.0,False,43.5,62.0,1427.6501938985712,1450.60927889822,-227.6501938985714,-307.6501938985714,True,120.80048150630589,False,True,0.1811915804888562,0.0102182187395386,2.0,True,1.0,8.000:8.000|14.885:26.550|17.830:29.016|47.509:41.147|50.186:46.114|48.377:57.716|35.792:53.366|53.976:32.663|46.747:45.227|49.278:55.235|83.800:59.490|92.362:54.780|93.186:48.580|79.121:54.982|81.122:81.332|80.287:83.927|76.303:92.238|27.414:70.305|18.017:79.761|8.000:8.000,0-21-17-28-30-1-19-15-3-16-13-2-24-25-9-26-29-18-11-0,0.0014960549306124
102,moderate,sparse,ReserveOnlyPlanner,32,15,0.46875,0.5806451612903226,0.5806451612903226,True,36.0,62.0,1095.3670043049608,1165.8550836239706,104.632995695039,24.632995695039,False,91.72584913294668,True,False,0.0646034957354853,0.0041367575723109,2.0,False,1.0,8.000:8.000|14.885:26.550|17.830:29.016|47.509:41.147|50.186:46.114|48.377:57.716|49.278:55.235|35.792:53.366|46.747:45.227|53.976:32.663|83.800:59.490|92.362:54.780|93.186:48.580|83.576:38.256|73.310:12.397|54.116:17.729|8.000:8.000,0-21-17-28-30-1-16-19-3-15-13-2-24-5-22-10-0,0.001379600027576
102,moderate,sparse,FairRiskAwareGreedy,32,14,0.4375,0.5645161290322581,0.5645161290322581,True,35.0,62.0,1097.7686672514046,1145.525277766964,102.23133274859556,22.23133274859555,False,120.5739388376934,True,False,0.0061589583892301,0.0004107344150458,2.0,False,1.0,8.000:8.000|47.509:41.147|50.186:46.114|48.377:57.716|83.800:59.490|79.121:54.982|53.976:32.663|17.830:29.016|35.792:53.366|14.885:26.550|46.747:45.227|49.278:55.235|92.362:54.780|93.186:48.580|83.576:38.256|8.000:8.000,0-28-30-1-13-25-15-17-19-21-3-16-2-24-5-0,0.002183455042541
102,moderate,sparse,FairALNSPlanner,32,23,0.71875,0.8145161290322581,0.8145161290322581,True,50.5,62.0,1045.055391085618,1164.9695571980017,154.944608914382,74.944608914382,False,126.26441685886982,True,False,0.0025726377391588,0.0001072572385767,2.0,False,1.0,8.000:8.000|14.885:26.550|17.830:29.016|15.742:56.231|33.790:53.483|35.792:53.366|33.510:60.911|27.414:70.305|18.017:79.761|81.122:81.332|80.287:83.927|92.362:54.780|93.186:48.580|88.527:61.271|83.800:59.490|79.121:54.982|49.278:55.235|48.377:57.716|50.186:46.114|47.537:48.652|46.747:45.227|47.509:41.147|54.116:17.729|53.976:32.663|8.000:8.000,0-21-17-4-12-19-23-18-11-9-26-2-24-20-13-25-16-1-30-6-3-28-10-15-0,14.25940223503858
102,moderate,sparse,RAWA-RHP,32,26,0.8125,0.8870967741935484,0.8870967741935484,True,55.0,62.0,1045.213872283104,1170.761525036911,154.78612771689586,74.78612771689586,False,133.12527032634648,True,False,0.0224826152534682,0.0008364880769347,2.0,False,1.0,8.000:8.000|54.116:17.729|73.310:12.397|53.976:32.663|47.509:41.147|46.747:45.227|47.537:48.652|50.186:46.114|48.377:57.716|49.278:55.235|78.707:52.637|79.121:54.982|83.800:59.490|88.527:61.271|92.362:54.780|93.186:48.580|81.122:81.332|80.287:83.927|18.017:79.761|27.414:70.305|34.966:66.337|33.510:60.911|33.790:53.483|35.792:53.366|28.875:51.272|17.830:29.016|14.885:26.550|8.000:8.000,0-10-22-15-28-3-6-30-1-16-14-25-13-20-2-24-9-26-11-18-31-23-12-19-32-17-21-0,110.909338966012
104,severe,sparse,NearestNeighbor,32,20,0.625,0.6587301587301587,0.0,False,41.5,63.0,1941.6394690732316,2000.9392497023591,-741.6394690732315,-821.6394690732315,True,109.8316397615868,False,True,0.3197562176919374,0.0171964883717582,2.0,True,1.0,8.000:8.000|23.888:13.069|25.149:19.586|21.449:24.860|16.741:23.205|18.598:59.367|18.586:65.878|25.663:57.406|29.807:76.116|34.533:77.707|25.688:74.902|60.263:49.657|71.191:43.759|70.688:40.294|64.573:34.327|65.474:31.752|62.529:31.084|56.544:27.275|61.118:11.595|76.608:19.381|85.025:27.445|8.000:8.000,0-27-8-1-4-17-28-10-20-31-14-25-19-2-6-29-22-9-18-21-11-0,0.001752101117745
104,severe,sparse,ValuePerDistance,32,20,0.625,0.7063492063492064,0.0,False,44.5,63.0,2006.714425934574,2008.8823156620876,-806.7144259345739,-886.7144259345739,True,108.7494508039396,False,True,0.0896763637888647,0.0044089461557261,2.0,True,1.0,8.000:8.000|23.888:13.069|25.149:19.586|21.449:24.860|16.741:23.205|18.598:59.367|18.586:65.878|25.688:74.902|29.807:76.116|34.533:77.707|60.263:49.657|71.191:43.759|70.688:40.294|64.573:34.327|65.474:31.752|62.529:31.084|56.544:27.275|76.608:19.381|85.025:27.445|81.190:39.912|87.236:10.514|8.000:8.000,0-27-8-1-4-17-28-14-20-31-25-19-2-6-29-22-9-21-11-15-32-0,0.0012794809881597
104,severe,sparse,WindAwareGreedy,32,15,0.46875,0.5396825396825397,0.0,False,34.0,63.0,1731.9128502372732,1702.798473720212,-531.912850237273,-611.912850237273,True,88.45373476471514,False,True,0.0922396003030765,0.0058787581463872,2.0,True,1.0,8.000:8.000|23.888:13.069|25.149:19.586|21.449:24.860|16.741:23.205|65.474:31.752|64.573:34.327|70.688:40.294|81.190:39.912|71.191:43.759|60.263:49.657|56.544:27.275|76.608:19.381|85.025:27.445|87.236:10.514|61.118:11.595|8.000:8.000,0-27-8-1-4-29-6-2-15-19-25-9-21-11-32-18-0,0.0012645570095628
104,severe,sparse,ReserveOnlyPlanner,32,9,0.28125,0.3333333333333333,0.3333333333333333,True,21.0,63.0,1061.1136167750494,1162.013668215525,138.88638322495052,58.88638322495052,False,58.84294423348685,True,False,0.015359285954219,0.001541913185653,2.8284271247461903,False,1.0,8.000:8.000|23.888:13.069|25.149:19.586|21.449:24.860|16.741:23.205|65.474:31.752|64.573:34.327|70.688:40.294|81.190:39.912|60.263:49.657|8.000:8.000,0-27-8-1-4-29-6-2-15-25-0,0.0009554650168865
104,severe,sparse,FairRiskAwareGreedy,32,12,0.375,0.4523809523809524,0.4523809523809524,True,28.5,63.0,912.2478477555852,975.0503709001202,287.75215224441484,207.75215224441484,False,88.21653231509055,True,False,0.0066601062681581,0.0005124327881645,2.8284271247461903,False,1.0,8.000:8.000|76.608:19.381|81.190:39.912|85.025:27.445|87.236:10.514|65.474:31.752|64.573:34.327|70.688:40.294|34.533:77.707|16.741:23.205|21.449:24.860|25.149:19.586|23.888:13.069|8.000:8.000,0-21-15-11-32-29-6-2-31-4-1-8-27-0,0.0015983849298208
104,severe,sparse,FairALNSPlanner,32,17,0.53125,0.5793650793650794,0.5793650793650794,True,36.5,63.0,1061.376006227558,1255.31613924389,138.623993772442,58.62399377244199,False,107.897079764031,True,False,0.0159721410025233,0.0008919555349947,2.8284271247461903,False,1.0,8.000:8.000|23.888:13.069|25.149:19.586|61.118:11.595|87.236:10.514|76.608:19.381|85.025:27.445|81.190:39.912|86.516:90.163|91.226:93.279|82.693:94.883|80.173:94.038|80.138:96.202|72.621:89.256|34.533:77.707|60.263:49.657|21.449:24.860|16.741:23.205|8.000:8.000,0-27-8-18-32-21-11-15-7-3-30-24-5-12-31-25-1-4-0,9.215547126019374
104,severe,sparse,RAWA-RHP,32,22,0.6875,0.7142857142857143,0.7142857142857143,True,45.0,63.0,1036.8943680366192,1216.4451698708233,163.10563196338046,83.10563196338046,False,112.79888237679717,True,False,0.0356700575849846,0.0015681839963287,2.0,False,1.0,8.000:8.000|23.888:13.069|61.118:11.595|87.236:10.514|76.608:19.381|85.025:27.445|81.190:39.912|86.791:50.069|86.516:90.163|91.226:93.279|82.693:94.883|80.173:94.038|80.138:96.202|72.621:89.256|71.191:43.759|70.688:40.294|64.573:34.327|65.474:31.752|62.529:31.084|56.544:27.275|25.149:19.586|21.449:24.860|16.741:23.205|8.000:8.000,0-27-18-32-21-11-15-23-7-3-30-24-5-12-19-2-6-29-22-9-8-1-4-0,45.10821024281904
104,moderate,sparse,NearestNeighbor,32,25,0.78125,0.7318840579710145,0.0,False,50.5,69.0,1385.9834321675014,1392.5469160762052,-185.9834321675013,-265.9834321675013,True,127.68980254498032,False,True,0.090276877488407,0.0035211872781301,2.0,True,1.0,8.000:8.000|33.841:30.716|36.269:33.208|40.737:34.973|40.446:38.442|40.350:46.567|50.044:63.053|50.941:65.739|46.981:65.922|40.118:70.273|38.425:90.744|37.903:93.099|22.947:91.985|62.121:80.987|69.545:84.366|79.831:78.130|78.691:75.811|83.166:75.821|77.548:69.057|79.538:64.634|78.547:62.770|89.571:56.692|95.340:70.251|66.197:65.682|64.643:71.665|57.289:72.450|8.000:8.000,0-8-21-28-10-32-18-4-25-11-23-2-30-24-27-7-17-26-12-20-3-16-1-14-5-29-0,0.002031278098002
104,moderate,sparse,ValuePerDistance,32,25,0.78125,0.7608695652173914,0.0,False,52.5,69.0,1477.0305844879576,1458.5146893910355,-277.0305844879574,-357.0305844879574,True,136.6276226260209,False,True,0.0351351701349382,0.0013636426055589,2.0,True,1.0,8.000:8.000|22.566:40.216|40.350:46.567|40.446:38.442|40.737:34.973|36.269:33.208|33.841:30.716|69.572:49.371|79.538:64.634|78.547:62.770|77.548:69.057|78.691:75.811|83.166:75.821|79.831:78.130|69.545:84.366|57.289:72.450|64.643:71.665|66.197:65.682|50.941:65.739|50.044:63.053|46.981:65.922|40.118:70.273|38.425:90.744|37.903:93.099|22.947:91.985|62.121:80.987|8.000:8.000,0-13-32-10-28-21-8-31-20-3-12-17-26-7-27-29-5-14-4-18-25-11-23-2-30-24-0,0.0016365461051464
104,moderate,sparse,WindAwareGreedy,32,20,0.625,0.6666666666666666,0.0,False,46.0,69.0,1446.3967896879913,1453.57621551315,-246.3967896879912,-326.39678968799115,True,127.97316122322049,False,True,0.0956466156055683,0.0047288944244792,2.0,True,1.0,8.000:8.000|22.566:40.216|40.350:46.567|40.446:38.442|40.737:34.973|36.269:33.208|33.841:30.716|69.572:49.371|57.289:72.450|38.425:90.744|37.903:93.099|50.941:65.739|50.044:63.053|40.118:70.273|64.643:71.665|78.691:75.811|77.548:69.057|79.538:64.634|83.166:75.821|69.545:84.366|62.121:80.987|8.000:8.000,0-13-32-10-28-21-8-31-29-23-2-4-18-11-5-17-12-20-26-27-24-0,0.0016101819928735
104,moderate,sparse,ReserveOnlyPlanner,32,15,0.46875,0.463768115942029,0.463768115942029,True,32.0,69.0,1078.7137097893403,1162.18244700332,121.2862902106596,41.28629021065959,False,97.47158076465162,True,False,0.0363137856192133,0.0022922423353116,2.0,False,1.0,8.000:8.000|22.566:40.216|40.350:46.567|40.446:38.442|40.737:34.973|36.269:33.208|33.841:30.716|69.572:49.371|57.289:72.450|50.941:65.739|50.044:63.053|38.425:90.744|37.903:93.099|22.947:91.985|40.118:70.273|46.981:65.922|8.000:8.000,0-13-32-10-28-21-8-31-29-4-18-23-2-30-11-25-0,0.0015772432088851
104,moderate,sparse,FairRiskAwareGreedy,32,12,0.375,0.4492753623188406,0.4492753623188406,True,31.0,69.0,1025.6259155177838,1053.1344026022598,174.37408448221612,94.37408448221612,False,110.16973987301309,True,False,0.0043427500752735,0.0003345758316153,2.0,False,1.0,8.000:8.000|22.566:40.216|57.289:72.450|40.350:46.567|69.572:49.371|86.933:7.586|77.437:14.996|90.403:25.484|50.941:65.739|38.425:90.744|40.737:34.973|40.446:38.442|33.841:30.716|8.000:8.000,0-13-29-32-31-15-6-9-4-23-28-10-8-0,0.0019353060051798
104,moderate,sparse,FairALNSPlanner,32,20,0.625,0.6666666666666666,0.6666666666666666,True,46.0,69.0,1056.3923111072152,1184.085346630017,143.6076888927847,63.607688892784665,False,124.95293238039702,True,False,0.0487164331343173,0.0023398574826372,2.0,False,1.0,8.000:8.000|33.841:30.716|36.269:33.208|40.737:34.973|54.191:18.197|40.446:38.442|40.350:46.567|69.572:49.371|50.044:63.053|50.941:65.739|66.197:65.682|79.538:64.634|78.547:62.770|77.548:69.057|78.691:75.811|79.831:78.130|83.166:75.821|95.340:70.251|90.403:25.484|57.289:72.450|22.566:40.216|8.000:8.000,0-8-21-28-19-10-32-31-18-4-14-20-3-12-17-7-26-1-9-29-13-0,12.940045254072174
104,moderate,sparse,RAWA-RHP,32,25,0.78125,0.8333333333333334,0.8333333333333334,True,57.5,69.0,1048.8381379879745,1184.659394019166,151.16186201202575,71.16186201202575,False,131.2443797905061,True,False,0.0162148634660179,0.0006260274048334,2.0,False,1.0,8.000:8.000|40.737:34.973|40.446:38.442|40.350:46.567|69.572:49.371|77.437:14.996|86.933:7.586|93.822:12.997|90.403:25.484|89.571:56.692|95.340:70.251|83.166:75.821|77.548:69.057|78.547:62.770|79.538:64.634|78.691:75.811|79.831:78.130|69.545:84.366|64.643:71.665|66.197:65.682|57.289:72.450|50.941:65.739|50.044:63.053|46.981:65.922|40.118:70.273|22.566:40.216|8.000:8.000,0-28-10-32-31-6-15-22-9-16-1-26-12-3-20-17-7-27-5-14-29-4-18-25-11-13-0,55.76052732509561
103,calm,cluttered,NearestNeighbor,32,29,0.90625,0.935483870967742,0.0,False,58.0,62.0,1394.887660368841,1393.469094682701,-194.8876603688408,-274.8876603688408,True,161.72001669620246,False,True,0.0147894399571681,0.0004947537178895,2.0,True,1.0,8.000:8.000|10.389:25.822|11.267:29.014|15.560:41.832|13.601:42.689|20.678:39.464|29.760:44.140|32.426:48.098|31.881:52.897|38.219:55.697|49.388:65.967|50.280:70.367|46.129:71.488|45.084:80.964|43.728:89.256|54.184:94.616|65.795:90.700|70.558:85.868|69.742:83.668|74.937:88.512|77.987:89.483|94.199:60.181|84.124:45.310|64.852:51.909|62.288:41.777|52.670:26.657|40.673:29.428|29.181:25.398|68.029:23.569|31.716:84.476|8.000:8.000,0-12-15-6-25-17-28-19-21-13-3-18-23-2-10-9-24-4-27-30-16-20-26-7-14-29-8-22-5-1-0,0.0020779450424015
103,calm,cluttered,ValuePerDistance,32,29,0.90625,0.9112903225806452,0.0,False,56.5,62.0,1413.7707200920995,1426.7196082667033,-213.7707200920999,-293.7707200920999,True,162.63457778771024,False,True,0.0076629584875009,0.0002562237668031,2.0,True,1.0,8.000:8.000|10.389:25.822|11.267:29.014|15.560:41.832|13.601:42.689|29.760:44.140|31.881:52.897|38.219:55.697|49.388:65.967|50.280:70.367|46.129:71.488|43.728:89.256|54.184:94.616|65.795:90.700|69.742:83.668|70.558:85.868|74.937:88.512|77.987:89.483|64.852:51.909|62.288:41.777|52.670:26.657|40.673:29.428|29.181:25.398|20.678:39.464|32.426:48.098|22.140:72.933|31.716:84.476|19.699:96.417|13.290:87.791|45.084:80.964|8.000:8.000,0-12-15-6-25-28-21-13-3-18-23-10-9-24-27-4-30-16-7-14-29-8-22-17-19-11-1-31-32-2-0,0.0017821060027927
103,calm,cluttered,WindAwareGreedy,32,22,0.6875,0.7983870967741935,0.0,False,49.5,62.0,1407.197839305773,1402.6024944442258,-207.19783930577276,-287.19783930577273,True,151.89657945189288,False,True,0.0068058300504318,0.0002966748892629,2.0,True,1.0,8.000:8.000|10.389:25.822|15.560:41.832|13.601:42.689|29.760:44.140|31.881:52.897|40.673:29.428|52.670:26.657|64.852:51.909|69.742:83.668|74.937:88.512|43.728:89.256|54.184:94.616|65.795:90.700|84.124:45.310|62.288:41.777|38.219:55.697|49.388:65.967|50.280:70.367|45.084:80.964|22.140:72.933|31.716:84.476|19.699:96.417|8.000:8.000,0-12-6-25-28-21-8-29-7-27-30-10-9-24-26-14-13-3-18-2-11-1-31-0,0.0016950850840657
103,calm,cluttered,ReserveOnlyPlanner,32,21,0.65625,0.7580645161290323,0.7580645161290323,True,47.0,62.0,1051.756058966981,1080.3418426273986,148.24394103301884,68.24394103301884,False,120.13290455308956,True,False,0.0238008469157608,0.0010882873074603,2.0,False,1.0,8.000:8.000|10.389:25.822|11.267:29.014|15.560:41.832|13.601:42.689|29.760:44.140|31.881:52.897|40.673:29.428|52.670:26.657|64.852:51.909|84.124:45.310|69.742:83.668|74.937:88.512|65.795:90.700|43.728:89.256|54.184:94.616|50.280:70.367|49.388:65.967|38.219:55.697|32.426:48.098|20.678:39.464|29.181:25.398|8.000:8.000,0-12-15-6-25-28-21-8-29-7-26-27-30-24-10-9-18-3-13-19-17-22-0,0.0017525691073387
103,calm,cluttered,FairRiskAwareGreedy,32,14,0.4375,0.5483870967741935,0.5483870967741935,True,34.0,62.0,1102.2068455629708,1117.945851730192,97.7931544370294,17.793154437029415,False,120.01625352397352,True,False,0.0116340477454356,0.0007794266375444,2.0,False,1.0,8.000:8.000|10.389:25.822|15.560:41.832|13.601:42.689|29.760:44.140|40.673:29.428|52.670:26.657|31.881:52.897|43.728:89.256|69.742:83.668|64.852:51.909|84.124:45.310|11.267:29.014|38.219:55.697|29.181:25.398|8.000:8.000,0-12-6-25-28-8-29-21-10-27-7-26-15-13-22-0,0.0024285709951072
103,calm,cluttered,FairALNSPlanner,32,27,0.84375,0.8951612903225806,0.8951612903225806,True,55.5,62.0,1037.6882908093464,1107.9492018417473,162.31170919065346,82.31170919065346,False,134.27156551184268,True,False,0.0114758461832226,0.0004117894706995,2.0,False,1.0,8.000:8.000|10.389:25.822|11.267:29.014|13.601:42.689|15.560:41.832|20.678:39.464|29.760:44.140|31.881:52.897|38.219:55.697|49.388:65.967|46.129:71.488|50.280:70.367|69.742:83.668|70.558:85.868|74.937:88.512|77.987:89.483|65.795:90.700|54.184:94.616|31.716:84.476|43.728:89.256|45.084:80.964|64.852:51.909|62.288:41.777|84.124:45.310|68.029:23.569|52.670:26.657|40.673:29.428|29.181:25.398|8.000:8.000,0-12-15-25-6-17-28-21-13-3-23-18-27-4-30-16-24-9-1-10-2-7-14-26-5-29-8-22-0,18.574983671074733
103,calm,cluttered,RAWA-RHP,32,29,0.90625,0.935483870967742,0.935483870967742,True,58.0,62.0,1019.5040046764816,1092.699501794642,180.495995323518,100.495995323518,False,136.1513714680255,True,False,0.0171099072375845,0.0005737022473902,2.0,False,1.0,8.000:8.000|10.389:25.822|11.267:29.014|13.601:42.689|15.560:41.832|20.678:39.464|29.760:44.140|32.426:48.098|31.881:52.897|38.219:55.697|22.140:72.933|46.129:71.488|49.388:65.967|50.280:70.367|45.084:80.964|43.728:89.256|54.184:94.616|65.795:90.700|70.558:85.868|69.742:83.668|74.937:88.512|77.987:89.483|94.199:60.181|84.124:45.310|64.852:51.909|62.288:41.777|68.029:23.569|52.670:26.657|40.673:29.428|29.181:25.398|8.000:8.000,0-12-15-25-6-17-28-19-21-13-11-23-3-18-2-10-9-24-4-27-30-16-20-26-7-14-5-29-8-22-0,100.6163580599241
105,calm,sparse,NearestNeighbor,32,32,1.0,1.0,0.0,False,69.0,69.0,1366.149085773134,1356.8116539271982,-166.14908577313426,-246.14908577313423,True,166.29375708518745,False,True,0.0089238938080271,0.0002714020885923,2.0,True,1.0,8.000:8.000|15.275:27.273|23.804:38.793|33.462:32.719|33.966:30.419|31.662:28.807|33.592:11.358|52.047:29.886|59.309:35.890|66.730:28.486|72.411:27.025|78.124:29.512|81.565:21.252|86.103:18.606|93.453:25.788|76.248:13.495|73.709:15.519|70.099:14.721|60.029:18.579|39.028:44.236|26.030:64.354|20.838:66.512|32.206:72.363|27.268:83.466|27.414:85.689|20.440:84.824|53.587:90.990|62.318:91.958|58.704:83.118|58.263:80.903|63.046:76.099|69.472:70.897|80.864:85.179|8.000:8.000,0-5-23-22-28-24-4-31-30-27-15-18-3-11-25-21-19-32-29-6-8-26-2-7-9-10-17-16-1-13-20-12-14-0,0.0021724789403378
105,calm,sparse,ValuePerDistance,32,28,0.875,0.927536231884058,0.0,False,64.0,69.0,1341.6950284780469,1334.5424204912968,-141.6950284780468,-221.6950284780468,True,159.0287457129887,False,True,0.0053470884016587,0.0001846155461504,2.0,True,1.0,8.000:8.000|15.275:27.273|23.804:38.793|33.462:32.719|33.966:30.419|31.662:28.807|33.592:11.358|60.029:18.579|78.124:29.512|72.411:27.025|66.730:28.486|59.309:35.890|39.028:44.236|26.030:64.354|20.838:66.512|20.440:84.824|27.414:85.689|27.268:83.466|58.704:83.118|58.263:80.903|63.046:76.099|69.472:70.897|80.864:85.179|62.318:91.958|53.587:90.990|93.453:25.788|86.103:18.606|81.565:21.252|76.248:13.495|8.000:8.000,0-5-23-22-28-24-4-29-18-15-27-30-6-8-26-10-9-7-1-13-20-12-14-16-17-25-11-3-21-0,0.0015701239462941
105,calm,sparse,WindAwareGreedy,32,20,0.625,0.7318840579710145,0.0,False,50.5,69.0,1298.096477475125,1297.3495833314598,-98.09647747512538,-178.09647747512537,True,141.78692934925027,False,True,0.0118305137610604,0.0005659150563881,2.0,True,1.0,8.000:8.000|33.462:32.719|23.804:38.793|20.838:66.512|26.030:64.354|20.440:84.824|27.414:85.689|58.263:80.903|58.704:83.118|62.318:91.958|80.864:85.179|69.472:70.897|78.124:29.512|93.453:25.788|59.309:35.890|33.966:30.419|33.592:11.358|15.275:27.273|39.028:44.236|31.662:28.807|52.047:29.886|8.000:8.000,0-22-23-26-8-10-9-13-1-16-14-12-18-25-30-28-4-5-6-24-31-0,0.001629824982956
105,calm,sparse,ReserveOnlyPlanner,32,19,0.59375,0.7028985507246377,0.7028985507246377,True,48.5,69.0,1113.495265311538,1150.101280317805,86.50473468846175,6.5047346884617525,False,124.714452160979,True,False,0.0061579949202569,0.0003084667944595,2.0,False,1.0,8.000:8.000|33.462:32.719|23.804:38.793|15.275:27.273|33.592:11.358|33.966:30.419|31.662:28.807|26.030:64.354|20.838:66.512|20.440:84.824|27.414:85.689|58.263:80.903|58.704:83.118|62.318:91.958|80.864:85.179|69.472:70.897|63.046:76.099|59.309:35.890|78.124:29.512|81.565:21.252|8.000:8.000,0-22-23-5-4-28-24-8-26-10-9-13-1-16-14-12-20-30-18-3-0,0.0017355820164084
105,calm,sparse,FairRiskAwareGreedy,32,16,0.5,0.6159420289855072,0.6159420289855072,True,42.5,69.0,1038.9349414188955,1054.6985384933923,161.06505858110432,81.06505858110432,False,117.69772725935442,True,False,0.0168245465458044,0.0009964625386997,2.0,False,1.0,8.000:8.000|33.462:32.719|23.804:38.793|20.838:66.512|26.030:64.354|20.440:84.824|58.263:80.903|58.704:83.118|62.318:91.958|80.864:85.179|78.124:29.512|93.453:25.788|59.309:35.890|33.592:11.358|15.275:27.273|33.966:30.419|31.662:28.807|8.000:8.000,0-22-23-26-8-10-13-1-16-14-18-25-30-4-5-28-24-0,0.0028124458622187
105,calm,sparse,FairALNSPlanner,32,25,0.78125,0.855072463768116,0.855072463768116,True,59.0,69.0,1056.7683475008805,1123.9141690392337,143.2316524991197,63.23165249911969,False,133.53110677728168,True,False,0.004637766702105,0.0001786536968792,2.0,False,1.0,8.000:8.000|33.592:11.358|31.662:28.807|33.966:30.419|33.462:32.719|39.028:44.236|20.838:66.512|26.030:64.354|20.440:84.824|27.414:85.689|62.318:91.958|53.587:90.990|58.704:83.118|58.263:80.903|63.046:76.099|69.472:70.897|80.864:85.179|93.453:25.788|86.103:18.606|81.565:21.252|78.124:29.512|72.411:27.025|66.730:28.486|59.309:35.890|23.804:38.793|15.275:27.273|8.000:8.000,0-4-24-28-22-6-26-8-10-9-16-17-1-13-20-12-14-25-11-3-18-15-27-30-23-5-0,15.723440540023148
105,calm,sparse,RAWA-RHP,32,26,0.8125,0.8768115942028986,0.8768115942028986,True,60.5,69.0,1044.4343604176856,1121.3227164618029,155.5656395823138,75.56563958231379,False,133.80864329730304,True,False,0.0057979787728984,0.0002150822293226,2.0,False,1.0,8.000:8.000|33.592:11.358|31.662:28.807|33.966:30.419|33.462:32.719|23.804:38.793|26.030:64.354|20.838:66.512|20.440:84.824|27.268:83.466|27.414:85.689|58.263:80.903|58.704:83.118|62.318:91.958|80.864:85.179|69.472:70.897|63.046:76.099|59.309:35.890|72.411:27.025|78.124:29.512|81.565:21.252|93.453:25.788|86.103:18.606|76.248:13.495|73.709:15.519|70.099:14.721|60.029:18.579|8.000:8.000,0-4-24-28-22-23-8-26-10-7-9-13-1-16-14-12-20-30-15-18-3-25-11-21-19-32-29-0,33.828817712841555
102,moderate,cluttered,NearestNeighbor,32,29,0.90625,0.907563025210084,0.0,False,54.0,59.5,1324.569043362629,1330.4586075284433,-124.56904336262888,-204.5690433626289,True,130.09834566247565,False,True,0.1428641930684092,0.0050641530757333,2.0,True,1.0,8.000:8.000|12.576:23.540|21.441:25.473|24.494:35.384|35.349:27.492|32.947:22.854|46.511:37.774|44.601:53.799|58.987:54.939|60.406:50.586|64.715:50.976|75.634:50.335|80.672:55.585|89.262:51.645|97.229:62.970|92.479:67.139|91.957:80.537|81.469:81.712|77.459:82.311|78.567:86.287|78.507:76.241|73.736:73.754|65.960:76.713|64.600:80.487|58.414:85.506|54.605:76.047|40.910:80.249|39.119:78.943|38.965:74.831|29.841:53.611|8.000:8.000,0-30-17-13-24-16-6-12-10-29-22-21-15-27-19-14-28-23-7-32-1-4-25-31-18-26-20-3-9-2-0,0.0020654208492487
102,moderate,cluttered,ValuePerDistance,32,25,0.78125,0.865546218487395,0.0,False,51.5,59.5,1689.8538485090507,1698.789691169319,-489.8538485090507,-569.8538485090507,True,143.73407918888086,False,True,0.1118362364686612,0.0044991426503812,2.0,True,1.0,8.000:8.000|24.494:35.384|46.511:37.774|44.601:53.799|38.965:74.831|39.119:78.943|40.910:80.249|54.605:76.047|65.960:76.713|64.600:80.487|58.414:85.506|81.469:81.712|78.507:76.241|73.736:73.754|92.479:67.139|97.229:62.970|91.957:80.537|78.567:86.287|77.459:82.311|80.672:55.585|75.634:50.335|79.423:39.862|64.715:50.976|60.406:50.586|58.987:54.939|89.262:51.645|8.000:8.000,0-13-6-12-9-3-20-26-25-31-18-23-1-4-14-19-28-32-7-15-21-11-22-29-10-27-0,0.0015263960231095
102,moderate,cluttered,WindAwareGreedy,32,18,0.5625,0.7226890756302521,0.0,False,43.0,59.5,1574.0684436446986,1563.405927359605,-374.0684436446989,-454.0684436446989,True,123.40057163482832,False,True,0.2091914930427025,0.0121553140769658,2.0,True,1.0,8.000:8.000|24.494:35.384|46.511:37.774|44.601:53.799|38.965:74.831|39.119:78.943|54.605:76.047|65.960:76.713|81.469:81.712|79.423:39.862|75.634:50.335|80.672:55.585|92.479:67.139|91.957:80.537|78.507:76.241|73.736:73.754|58.414:85.506|40.910:80.249|64.715:50.976|8.000:8.000,0-13-6-12-9-3-26-25-23-11-21-15-14-28-1-4-18-20-22-0,0.0014094330836087
102,moderate,cluttered,ReserveOnlyPlanner,32,14,0.4375,0.5630252100840336,0.5630252100840336,True,33.5,59.5,1072.0038584841022,1149.824748175496,127.99614151589742,47.99614151589742,False,89.78151329459564,True,False,0.1151490233162898,0.0080565271840504,2.0,False,1.0,8.000:8.000|24.494:35.384|46.511:37.774|44.601:53.799|38.965:74.831|39.119:78.943|40.910:80.249|54.605:76.047|65.960:76.713|81.469:81.712|78.507:76.241|73.736:73.754|79.423:39.862|75.634:50.335|70.043:31.822|8.000:8.000,0-13-6-12-9-3-20-26-25-23-1-4-11-21-5-0,0.0013114770408719
102,moderate,cluttered,FairRiskAwareGreedy,32,15,0.46875,0.5546218487394958,0.5546218487394958,True,33.0,59.5,1093.4639776046895,1136.713596539813,106.53602239531035,26.53602239531037,False,115.01472727729536,True,False,0.0018272502311588,0.0001142694828438,2.0,False,1.0,8.000:8.000|24.494:35.384|44.601:53.799|38.965:74.831|39.119:78.943|46.511:37.774|35.349:27.492|54.605:76.047|65.960:76.713|58.414:85.506|58.987:54.939|64.715:50.976|75.634:50.335|80.672:55.585|92.479:67.139|32.947:22.854|8.000:8.000,0-13-12-9-3-6-24-26-25-18-10-22-21-15-14-16-0,0.0019781009759753
102,moderate,cluttered,FairALNSPlanner,32,10,0.3125,0.2941176470588235,0.2941176470588235,True,17.5,59.5,715.0331045131775,799.3183301534718,484.9668954868223,404.9668954868223,False,76.67268723256365,True,False,0.013633195187643,0.0012402759701269,2.0,False,1.0,8.000:8.000|32.947:22.854|35.349:27.492|46.511:37.774|58.987:54.939|60.406:50.586|64.715:50.976|75.634:50.335|92.479:67.139|97.229:62.970|91.957:80.537|8.000:8.000,0-16-24-6-10-29-22-21-14-19-28-0,11.395766901085151
102,moderate,cluttered,RAWA-RHP,32,27,0.84375,0.8823529411764706,0.8823529411764706,True,52.5,59.5,1036.993861162391,1190.333910624321,163.00613883760832,83.00613883760832,False,129.4488026730728,True,False,0.0734652360229327,0.0027012641160784,2.0,False,1.0,8.000:8.000|32.947:22.854|35.349:27.492|46.511:37.774|58.987:54.939|60.406:50.586|64.715:50.976|75.634:50.335|79.423:39.862|80.672:55.585|92.479:67.139|73.736:73.754|78.507:76.241|81.469:81.712|77.459:82.311|78.567:86.287|58.414:85.506|64.600:80.487|65.960:76.713|54.605:76.047|40.910:80.249|39.119:78.943|38.965:74.831|44.601:53.799|29.841:53.611|24.494:35.384|21.441:25.473|12.576:23.540|8.000:8.000,0-16-24-6-10-29-22-21-11-15-14-4-1-23-7-32-18-31-25-26-20-3-9-12-2-13-17-30-0,127.25693103391676
104,moderate,cluttered,NearestNeighbor,32,28,0.875,0.8503937007874016,0.0,False,54.0,63.5,1413.3637428745833,1416.790432889994,-213.36374287458312,-293.3637428745831,True,138.51113598587418,False,True,0.11996728963637,0.0043274856294089,2.0,True,1.0,8.000:8.000|20.604:18.600|28.254:32.223|32.270:33.478|42.553:45.115|51.500:27.333|52.134:29.843|57.433:23.071|62.535:26.775|65.815:26.104|73.868:40.248|82.702:38.135|84.684:36.733|73.916:55.633|71.410:55.225|65.460:47.106|60.678:65.738|71.088:76.199|74.529:75.331|77.662:79.129|75.394:81.347|84.610:93.050|79.421:98.049|47.944:93.694|42.328:85.688|32.609:77.944|33.469:73.541|39.566:73.121|23.817:77.680|8.000:8.000,0-15-14-19-30-21-13-32-8-26-23-12-17-9-5-28-3-20-31-4-10-25-6-18-24-7-27-29-1-0,0.0020429799333214
104,moderate,cluttered,ValuePerDistance,32,20,0.625,0.6692913385826772,0.0,False,42.5,63.5,1421.6172794328195,1421.1438331586946,-221.61727943281963,-301.6172794328196,True,120.80067301440054,False,True,0.104067872404677,0.0051685507835325,2.0,True,1.0,8.000:8.000|28.254:32.223|32.270:33.478|42.553:45.115|12.132:46.086|23.817:77.680|32.609:77.944|33.469:73.541|39.566:73.121|47.944:93.694|42.328:85.688|79.421:98.049|84.610:93.050|77.662:79.129|75.394:81.347|74.529:75.331|71.088:76.199|87.799:67.629|73.916:55.633|71.410:55.225|60.678:65.738|8.000:8.000,0-14-19-30-11-1-7-27-29-18-24-6-25-4-10-31-20-16-9-5-3-0,0.0013995680492371
104,moderate,cluttered,WindAwareGreedy,32,18,0.5625,0.6850393700787402,0.0,False,43.5,63.5,1485.4044158204708,1482.2018267562653,-285.40441582047083,-365.4044158204708,True,124.62282317351412,False,True,0.0600085753933946,0.003205126336116,2.0,True,1.0,8.000:8.000|12.132:46.086|28.254:32.223|32.270:33.478|42.553:45.115|62.535:26.775|65.815:26.104|73.868:40.248|73.916:55.633|60.678:65.738|23.817:77.680|47.944:93.694|42.328:85.688|79.421:98.049|84.610:93.050|77.662:79.129|75.394:81.347|74.529:75.331|71.088:76.199|8.000:8.000,0-11-14-19-30-8-26-23-9-3-1-18-24-6-25-4-10-31-20-0,0.0014201889280229
104,moderate,cluttered,ReserveOnlyPlanner,32,13,0.40625,0.4015748031496063,0.4015748031496063,True,25.5,63.5,1098.6963319735478,1184.5141245780585,101.30366802645212,21.30366802645213,False,90.5768470653546,True,False,0.1117493469239113,0.0082863203375413,2.0,False,1.0,8.000:8.000|12.132:46.086|28.254:32.223|32.270:33.478|42.553:45.115|23.817:77.680|47.944:93.694|42.328:85.688|32.609:77.944|33.469:73.541|39.566:73.121|60.678:65.738|65.460:47.106|52.134:29.843|8.000:8.000,0-11-14-19-30-1-18-24-7-27-29-3-28-13-0,0.0012355430517345
104,moderate,cluttered,FairRiskAwareGreedy,32,16,0.5,0.5984251968503937,0.5984251968503937,True,38.0,63.5,1045.8606349068862,1111.3289561196557,154.1393650931137,74.1393650931137,False,116.2204734391579,True,False,0.0063147034471686,0.000372231780932,2.0,False,1.0,8.000:8.000|12.132:46.086|28.254:32.223|32.270:33.478|42.553:45.115|73.916:55.633|87.799:67.629|84.610:93.050|79.421:98.049|60.678:65.738|77.662:79.129|75.394:81.347|74.529:75.331|84.684:36.733|73.868:40.248|86.600:17.894|59.808:13.205|8.000:8.000,0-11-14-19-30-9-16-25-6-3-4-10-31-17-23-22-2-0,0.0019025311339646
104,moderate,cluttered,FairALNSPlanner,32,13,0.40625,0.4960629921259842,0.4960629921259842,True,31.5,63.5,770.5779828377331,839.2129302866349,429.4220171622669,349.4220171622669,False,86.54500023282232,True,False,0.0199262580097308,0.0014267693379282,2.0,False,1.0,8.000:8.000|28.254:32.223|32.270:33.478|42.553:45.115|71.410:55.225|73.916:55.633|87.799:67.629|74.529:75.331|77.662:79.129|75.394:81.347|84.610:93.050|79.421:98.049|47.944:93.694|23.817:77.680|8.000:8.000,0-14-19-30-5-9-16-31-4-10-25-6-18-1-0,10.657418654998764
104,moderate,cluttered,RAWA-RHP,32,26,0.8125,0.84251968503937,0.84251968503937,True,53.5,63.5,1057.9805733391877,1183.85633317159,142.01942666081226,62.01942666081226,False,132.05670789268788,True,False,0.0262820575225085,0.0009813883746681,2.0,False,1.0,8.000:8.000|28.254:32.223|32.270:33.478|42.553:45.115|51.500:27.333|52.134:29.843|57.433:23.071|62.535:26.775|65.815:26.104|73.868:40.248|82.702:38.135|84.684:36.733|73.916:55.633|71.410:55.225|87.799:67.629|77.662:79.129|75.394:81.347|71.088:76.199|74.529:75.331|84.610:93.050|79.421:98.049|47.944:93.694|23.817:77.680|32.609:77.944|33.469:73.541|12.132:46.086|20.604:18.600|8.000:8.000,0-14-19-30-21-13-32-8-26-23-12-17-9-5-16-4-10-20-31-25-6-18-1-7-27-11-15-0,71.21638185507618
105,calm,cluttered,NearestNeighbor,32,31,0.96875,0.9663865546218487,0.0,False,57.5,59.5,1349.31948866751,1353.8555739070453,-149.31948866750986,-229.31948866750983,True,163.92953488302916,False,True,0.0059189017933249,0.0001853662062606,2.0,True,1.0,8.000:8.000|21.381:45.414|26.925:50.413|31.305:48.288|44.252:53.079|41.175:62.718|33.056:70.695|44.380:72.008|48.992:71.692|40.355:81.554|52.817:88.787|72.867:91.878|77.636:92.217|84.552:96.687|75.726:83.357|75.292:66.311|66.742:70.388|72.127:49.847|66.342:45.641|57.820:46.335|49.751:34.285|49.315:22.351|60.572:28.717|66.441:30.222|71.788:33.932|78.419:23.474|80.216:11.623|71.667:8.443|68.475:9.192|84.472:41.255|85.373:44.876|89.612:40.612|8.000:8.000,0-27-22-6-32-1-21-31-29-12-25-23-2-10-5-30-3-9-15-18-19-28-26-7-13-11-17-14-24-16-8-20-0,0.0022557750344276
105,calm,cluttered,ValuePerDistance,32,28,0.875,0.8991596638655462,0.0,False,53.5,59.5,1392.382173887854,1389.8018499325185,-192.3821738878536,-272.3821738878536,True,161.90302496579503,False,True,0.0048544557851607,0.0001676800087914,2.0,True,1.0,8.000:8.000|21.381:45.414|26.925:50.413|31.305:48.288|44.252:53.079|41.175:62.718|44.380:72.008|48.992:71.692|40.355:81.554|52.817:88.787|84.552:96.687|75.726:83.357|72.867:91.878|77.636:92.217|75.292:66.311|66.742:70.388|57.820:46.335|66.441:30.222|71.788:33.932|78.419:23.474|80.216:11.623|71.667:8.443|68.475:9.192|49.751:34.285|49.315:22.351|60.572:28.717|84.472:41.255|89.612:40.612|85.373:44.876|8.000:8.000,0-27-22-6-32-1-31-29-12-25-10-5-23-2-30-3-18-7-13-11-17-14-24-19-28-26-16-20-8-0,0.0016202819533646
105,calm,cluttered,WindAwareGreedy,32,17,0.53125,0.6470588235294118,0.0,False,38.5,59.5,1351.3524043848902,1347.0807734264818,-151.3524043848903,-231.3524043848903,True,141.97923553123454,False,True,0.0211000993594566,0.0011833017042839,2.0,True,1.0,8.000:8.000|21.381:45.414|44.252:53.079|44.380:72.008|57.820:46.335|78.419:23.474|66.441:30.222|49.751:34.285|41.175:62.718|40.355:81.554|22.160:83.877|33.056:70.695|75.292:66.311|84.552:96.687|75.726:83.357|66.742:70.388|52.817:88.787|48.992:71.692|8.000:8.000,0-27-32-31-18-11-7-19-1-12-4-21-30-10-5-3-25-29-0,0.0014333259314298
105,calm,cluttered,ReserveOnlyPlanner,32,17,0.53125,0.5882352941176471,0.5882352941176471,True,35.0,59.5,1111.260930698325,1153.8694185194288,88.73906930167539,8.739069301675386,False,122.70930031606323,True,False,0.0151010401647074,0.0008442372052624,2.0,False,1.0,8.000:8.000|21.381:45.414|44.252:53.079|57.820:46.335|78.419:23.474|66.441:30.222|49.751:34.285|44.380:72.008|41.175:62.718|40.355:81.554|22.160:83.877|33.056:70.695|48.992:71.692|75.292:66.311|66.742:70.388|72.127:49.847|66.342:45.641|60.572:28.717|8.000:8.000,0-27-32-18-11-7-19-31-1-12-4-21-29-30-3-9-15-26-0,0.0015716019552201
105,calm,cluttered,FairRiskAwareGreedy,32,15,0.46875,0.5798319327731093,0.5798319327731093,True,34.5,59.5,1093.0929722097464,1114.2070958409606,106.90702779025357,26.90702779025355,False,121.70882148604072,True,False,0.0134858201664962,0.000847464114867,2.0,False,1.0,8.000:8.000|21.381:45.414|44.380:72.008|44.252:53.079|57.820:46.335|78.419:23.474|66.441:30.222|49.751:34.285|75.292:66.311|84.552:96.687|75.726:83.357|66.742:70.388|41.175:62.718|40.355:81.554|33.056:70.695|26.925:50.413|8.000:8.000,0-27-31-32-18-11-7-19-30-10-5-3-1-12-21-22-0,0.0027226279489696
105,calm,cluttered,FairALNSPlanner,32,24,0.75,0.8067226890756303,0.8067226890756303,True,48.0,59.5,1047.5490450862203,1119.2459345667212,152.45095491377987,72.45095491377987,False,132.19183336333765,True,False,0.0070685462459568,0.0002835439382163,2.0,False,1.0,8.000:8.000|49.751:34.285|60.572:28.717|66.441:30.222|68.475:9.192|71.667:8.443|80.216:11.623|78.419:23.474|84.472:41.255|89.612:40.612|85.373:44.876|75.292:66.311|75.726:83.357|84.552:96.687|66.742:70.388|48.992:71.692|44.380:72.008|40.355:81.554|33.056:70.695|41.175:62.718|44.252:53.079|57.820:46.335|31.305:48.288|26.925:50.413|21.381:45.414|8.000:8.000,0-19-26-7-24-14-17-11-16-20-8-30-5-10-3-29-31-12-21-1-32-18-6-22-27-0,15.007056924048811
105,calm,cluttered,RAWA-RHP,32,26,0.8125,0.8403361344537815,0.8403361344537815,True,50.0,59.5,1056.1890418953346,1128.7735482223736,143.8109581046653,63.8109581046653,False,134.42756695338406,True,False,0.0081632248884219,0.0003033521734986,2.0,False,1.0,8.000:8.000|21.381:45.414|26.925:50.413|31.305:48.288|41.175:62.718|44.380:72.008|40.355:81.554|52.817:88.787|72.867:91.878|77.636:92.217|84.552:96.687|75.726:83.357|75.292:66.311|66.742:70.388|48.992:71.692|44.252:53.079|57.820:46.335|66.342:45.641|72.127:49.847|85.373:44.876|89.612:40.612|84.472:41.255|78.419:23.474|71.788:33.932|66.441:30.222|60.572:28.717|49.751:34.285|8.000:8.000,0-27-22-6-1-31-12-25-23-2-10-5-30-3-29-32-18-15-9-8-20-16-11-13-7-26-19-0,26.405624544015154
104,severe,cluttered,NearestNeighbor,32,23,0.71875,0.7557251908396947,0.0,False,49.5,65.5,1920.869961229065,1883.4501338521488,-720.8699612290649,-800.8699612290649,True,112.40308965885971,False,True,0.1614486447807466,0.0072249208148796,2.0,True,1.0,8.000:8.000|10.490:18.065|11.919:23.881|10.188:48.763|26.455:49.579|35.943:51.448|29.462:67.281|24.814:69.311|18.704:75.585|16.711:79.391|15.735:81.713|25.334:87.081|31.439:86.235|37.669:82.909|41.161:81.288|58.171:76.888|57.665:69.410|53.896:66.084|52.971:57.384|56.954:43.810|65.957:42.847|78.795:38.828|84.333:39.718|89.597:38.493|8.000:8.000,0-26-16-31-18-28-6-25-24-20-19-15-5-4-8-12-17-10-11-23-22-1-3-30-0,0.0018885771278291
104,severe,cluttered,ValuePerDistance,32,19,0.59375,0.6030534351145038,0.0,False,39.5,65.5,1555.4467498790532,1560.2891784812196,-355.4467498790532,-435.4467498790532,True,101.12975558010528,False,True,0.1851236496212797,0.0100203655803295,2.0,True,1.0,8.000:8.000|10.490:18.065|11.919:23.881|10.188:48.763|26.455:49.579|35.943:51.448|50.337:38.659|56.954:43.810|65.957:42.847|89.597:38.493|84.333:39.718|78.795:38.828|79.515:52.433|76.919:51.258|89.815:52.363|68.190:72.769|64.171:71.031|57.665:69.410|53.896:66.084|52.971:57.384|8.000:8.000,0-26-16-31-18-28-2-23-22-30-3-1-27-29-21-13-7-17-10-11-0,0.0013256720267236
104,severe,cluttered,WindAwareGreedy,32,17,0.53125,0.5801526717557252,0.0,False,38.0,65.5,1828.9383307629969,1821.7543400983395,-628.9383307629969,-708.9383307629969,True,104.7768117961184,False,True,0.0938837946218148,0.0054147263732771,2.0,True,1.0,8.000:8.000|10.490:18.065|11.919:23.881|10.188:48.763|24.814:69.311|29.462:67.281|50.337:38.659|56.954:43.810|89.597:38.493|84.333:39.718|79.515:52.433|76.919:51.258|68.190:72.769|57.665:69.410|53.896:66.084|52.971:57.384|65.957:42.847|78.795:38.828|8.000:8.000,0-26-16-31-25-6-2-23-30-3-27-29-13-17-10-11-22-1-0,0.0013747899793088
104,severe,cluttered,ReserveOnlyPlanner,32,9,0.28125,0.3206106870229007,0.3206106870229007,True,21.0,65.5,1073.248045871636,1185.8238558776668,126.75195412836364,46.75195412836365,False,61.95107645241646,True,False,0.1071993226906209,0.0111696527942793,2.0,False,1.0,8.000:8.000|10.490:18.065|11.919:23.881|10.188:48.763|26.455:49.579|35.943:51.448|50.337:38.659|56.954:43.810|65.957:42.847|53.896:66.084|8.000:8.000,0-26-16-31-18-28-2-23-22-10-0,0.0009539129678159
104,severe,cluttered,FairRiskAwareGreedy,32,10,0.3125,0.3740458015267175,0.3740458015267175,True,24.5,65.5,963.452859826752,1001.0451821397425,236.54714017324815,156.54714017324818,False,87.908323587734,True,False,0.0087841809111842,0.0008004577719024,2.8284271247461903,False,1.0,8.000:8.000|10.490:18.065|10.188:48.763|24.814:69.311|31.439:86.235|29.462:67.281|41.161:81.288|37.669:82.909|11.919:23.881|15.735:81.713|16.711:79.391|8.000:8.000,0-26-31-25-5-6-8-4-16-19-20-0,0.0011758671607822
104,severe,cluttered,FairALNSPlanner,32,11,0.34375,0.3969465648854962,0.3969465648854962,True,26.0,65.5,947.4503368090732,1097.9989423568695,252.54966319092657,172.54966319092657,False,88.50478593197569,True,False,0.0829323041031113,0.0071090693019931,2.0,False,1.0,8.000:8.000|10.490:18.065|33.568:33.521|26.455:49.579|76.919:51.258|79.515:52.433|89.597:38.493|56.954:43.810|35.943:51.448|24.814:69.311|31.439:86.235|25.334:87.081|8.000:8.000,0-26-32-18-29-27-30-23-28-25-5-15-0,6.439985478064045
104,severe,cluttered,RAWA-RHP,32,24,0.75,0.8396946564885496,0.8396946564885496,True,55.0,65.5,1010.0224737838652,1264.2188320945754,189.9775262161349,109.97752621613488,False,114.701351802594,True,False,0.1212113439368572,0.0051072599841595,2.0,False,1.0,8.000:8.000|10.490:18.065|11.919:23.881|26.455:49.579|35.943:51.448|50.337:38.659|56.954:43.810|84.333:39.718|89.597:38.493|79.515:52.433|76.919:51.258|68.190:72.769|64.171:71.031|57.665:69.410|53.896:66.084|41.161:81.288|37.669:82.909|31.439:86.235|25.334:87.081|15.735:81.713|16.711:79.391|18.704:75.585|24.814:69.311|29.462:67.281|10.188:48.763|8.000:8.000,0-26-16-18-28-2-23-3-30-27-29-13-7-17-10-8-4-5-15-19-20-24-25-6-31-0,53.45995310600847
100,moderate,sparse,NearestNeighbor,32,31,0.96875,0.9568345323741008,0.0,False,66.5,69.5,1344.5611912864838,1353.629506324652,-144.56119128648382,-224.56119128648385,True,141.279143937582,False,True,0.1314145355353309,0.0043434325527127,2.0,True,1.0,8.000:8.000|18.642:22.556|19.123:25.722|31.147:24.660|27.372:35.027|31.389:41.917|34.747:41.164|36.336:39.274|28.286:43.941|29.247:52.281|33.990:59.821|28.900:75.088|26.478:78.469|41.160:78.566|41.263:80.845|39.009:83.489|47.491:79.511|48.916:77.294|56.401:71.447|55.193:87.197|81.438:81.322|91.749:81.129|87.254:62.010|84.480:63.428|79.173:50.812|84.726:47.129|87.617:37.445|83.942:31.226|84.438:29.218|79.814:27.475|91.075:24.011|90.169:19.341|8.000:8.000,0-17-6-19-25-3-8-20-16-30-29-2-14-26-7-4-22-11-5-31-21-9-28-15-10-27-23-32-13-18-12-24-0,0.0021945680491626
100,moderate,sparse,ValuePerDistance,32,26,0.8125,0.8561151079136691,0.0,False,59.5,69.5,1455.5689872876792,1453.5427208758986,-255.5689872876792,-335.5689872876792,True,141.0924889111624,False,True,0.079783645473296,0.0030367753583166,2.0,True,1.0,8.000:8.000|19.123:25.722|18.642:22.556|27.372:35.027|28.286:43.941|31.389:41.917|34.747:41.164|36.336:39.274|29.247:52.281|10.329:69.670|28.900:75.088|26.478:78.469|39.009:83.489|41.263:80.845|41.160:78.566|47.491:79.511|48.916:77.294|56.401:71.447|79.173:50.812|87.254:62.010|84.480:63.428|91.749:81.129|81.438:81.322|55.193:87.197|87.617:37.445|83.942:31.226|84.438:29.218|8.000:8.000,0-6-17-25-16-3-8-20-30-1-2-14-4-7-26-22-11-5-10-28-15-9-21-31-23-32-13-0,0.0015756681095808
100,moderate,sparse,WindAwareGreedy,32,19,0.59375,0.6762589928057554,0.0,False,47.0,69.5,1438.0694924440686,1428.893125722047,-238.06949244406852,-318.06949244406854,True,127.12671456784987,False,True,0.089081450442183,0.0045866558716843,2.0,True,1.0,8.000:8.000|19.123:25.722|28.286:43.941|34.747:41.164|29.247:52.281|27.372:35.027|18.642:22.556|31.389:41.917|10.329:69.670|28.900:75.088|39.009:83.489|56.401:71.447|79.173:50.812|91.075:24.011|90.169:19.341|83.942:31.226|87.617:37.445|84.438:29.218|79.814:27.475|84.726:47.129|8.000:8.000,0-6-16-8-30-25-17-3-1-2-4-5-10-12-24-32-23-13-18-27-0,0.0014912569895386
100,moderate,sparse,ReserveOnlyPlanner,32,17,0.53125,0.5683453237410072,0.5683453237410072,True,39.5,69.5,1082.4340928807735,1187.2765572709664,117.56590711922628,37.56590711922627,False,101.80717153586308,True,False,0.0910482383730241,0.005179317162263,2.0,False,1.0,8.000:8.000|19.123:25.722|18.642:22.556|27.372:35.027|34.747:41.164|28.286:43.941|29.247:52.281|31.389:41.917|36.336:39.274|31.147:24.660|91.075:24.011|90.169:19.341|83.942:31.226|87.617:37.445|79.173:50.812|87.254:62.010|84.480:63.428|84.726:47.129|8.000:8.000,0-6-17-25-8-16-30-3-20-19-12-24-32-23-10-28-15-27-0,0.0015471370425075
100,moderate,sparse,FairRiskAwareGreedy,32,16,0.5,0.5467625899280576,0.5467625899280576,True,38.0,69.5,1082.4765299698242,1113.0570689301308,117.52347003017591,37.52347003017593,False,120.7650235848055,True,False,0.0044731846380851,0.0002633273920492,2.0,False,1.0,8.000:8.000|28.286:43.941|34.747:41.164|29.247:52.281|10.329:69.670|19.123:25.722|27.372:35.027|18.642:22.556|31.389:41.917|56.401:71.447|79.173:50.812|87.617:37.445|83.942:31.226|90.169:19.341|84.438:29.218|31.147:24.660|36.336:39.274|8.000:8.000,0-16-8-30-1-6-25-17-3-5-10-23-32-24-13-19-20-0,0.0021739839576184
100,moderate,sparse,FairALNSPlanner,32,27,0.84375,0.920863309352518,0.920863309352518,True,64.0,69.5,1057.347554028993,1221.8244055097027,142.65244597100698,62.65244597100698,False,137.481319188658,True,False,0.0172723328156262,0.0006201562978623,2.0,False,1.0,8.000:8.000|18.642:22.556|19.123:25.722|27.372:35.027|34.747:41.164|31.389:41.917|28.286:43.941|29.247:52.281|39.009:83.489|41.263:80.845|47.491:79.511|48.916:77.294|56.401:71.447|81.438:81.322|91.749:81.129|87.254:62.010|84.480:63.428|79.173:50.812|84.726:47.129|87.617:37.445|91.075:24.011|90.169:19.341|84.438:29.218|83.942:31.226|79.814:27.475|28.900:75.088|26.478:78.469|10.329:69.670|8.000:8.000,0-17-6-25-8-3-16-30-4-7-22-11-5-21-9-28-15-10-27-23-12-24-13-32-18-2-14-1-0,16.381473202025518
100,moderate,sparse,RAWA-RHP,32,30,0.9375,0.9640287769784172,0.9640287769784172,True,67.0,69.5,1040.0032272898643,1189.062183620112,159.996772710135,79.99677271013499,False,137.16461389473935,True,False,0.0175107780855224,0.0005679604835697,2.0,False,1.0,8.000:8.000|18.642:22.556|19.123:25.722|27.372:35.027|36.336:39.274|34.747:41.164|31.389:41.917|28.286:43.941|29.247:52.281|10.329:69.670|26.478:78.469|28.900:75.088|39.009:83.489|41.263:80.845|41.160:78.566|47.491:79.511|48.916:77.294|56.401:71.447|81.438:81.322|91.749:81.129|87.254:62.010|84.480:63.428|79.173:50.812|84.726:47.129|87.617:37.445|91.075:24.011|90.169:19.341|84.438:29.218|79.814:27.475|83.942:31.226|31.147:24.660|8.000:8.000,0-17-6-25-20-8-3-16-30-1-14-2-4-7-26-22-11-5-21-9-28-15-10-27-23-12-24-13-18-32-19-0,206.87380018713884
103,moderate,sparse,NearestNeighbor,32,21,0.65625,0.7213114754098361,0.0,False,44.0,61.0,1342.6227318864392,1344.0287935082677,-142.62273188643934,-222.6227318864393,True,108.82726254102064,False,True,0.058543497740591,0.0026644630956885,2.0,True,1.0,8.000:8.000|16.529:26.151|42.710:25.848|50.254:16.270|42.848:10.308|39.584:8.371|44.542:37.598|48.663:39.589|57.868:39.928|57.781:43.736|59.011:51.091|43.109:53.306|36.893:48.274|34.932:45.485|25.233:50.963|14.998:53.889|19.019:78.679|18.229:82.788|22.091:85.102|26.227:90.274|36.175:83.962|33.435:75.603|8.000:8.000,0-27-23-16-2-5-28-31-14-18-10-11-25-6-26-9-21-30-8-1-15-12-0,0.0018367609009146
103,moderate,sparse,ValuePerDistance,32,16,0.5,0.5409836065573771,0.0,False,33.0,61.0,1263.6509110551367,1252.3366744258617,-63.65091105513673,-143.65091105513673,True,99.24848062940995,False,True,0.0611007893242284,0.0036541748283168,2.0,True,1.0,8.000:8.000|16.529:26.151|42.710:25.848|50.254:16.270|39.584:8.371|42.848:10.308|48.663:39.589|44.542:37.598|36.893:48.274|43.109:53.306|59.011:51.091|57.781:43.736|57.868:39.928|63.077:34.506|73.021:24.198|91.308:14.355|34.932:45.485|8.000:8.000,0-27-23-16-5-2-31-28-25-11-10-18-14-29-3-20-6-0,0.0012411018833518
103,moderate,sparse,WindAwareGreedy,32,15,0.46875,0.5491803278688525,0.0,False,33.5,61.0,1320.1971580365484,1306.191017144961,-120.19715803654826,-200.19715803654827,True,99.53052941514052,False,True,0.0919475352724921,0.0058827332775775,2.0,True,1.0,8.000:8.000|16.529:26.151|14.998:53.889|42.710:25.848|39.584:8.371|42.848:10.308|50.254:16.270|48.663:39.589|43.109:53.306|36.893:48.274|33.435:75.603|18.229:82.788|19.019:78.679|22.091:85.102|26.227:90.274|36.175:83.962|8.000:8.000,0-27-9-23-5-2-16-31-11-25-12-30-21-8-1-15-0,0.00135267409496
103,moderate,sparse,ReserveOnlyPlanner,32,13,0.40625,0.5,0.5,True,30.5,61.0,1090.0152363973652,1178.2408075108085,109.98476360263444,29.984763602634445,False,86.89961887281483,True,False,0.0875394889377365,0.0063884428820546,2.0,False,1.0,8.000:8.000|16.529:26.151|14.998:53.889|42.710:25.848|39.584:8.371|42.848:10.308|50.254:16.270|48.663:39.589|44.542:37.598|36.893:48.274|43.109:53.306|33.435:75.603|18.229:82.788|19.019:78.679|8.000:8.000,0-27-9-23-5-2-16-31-28-25-11-12-30-21-0,0.0013298981357365
103,moderate,sparse,FairRiskAwareGreedy,32,15,0.46875,0.5819672131147541,0.5819672131147541,True,35.5,61.0,1033.746759718679,1083.385254005046,166.25324028132084,86.25324028132084,False,111.3980548455516,True,False,0.001961486366489,0.0001226533202213,2.0,False,1.0,8.000:8.000|42.710:25.848|14.998:53.889|43.109:53.306|36.893:48.274|33.435:75.603|16.529:26.151|39.584:8.371|63.077:34.506|48.663:39.589|44.542:37.598|57.868:39.928|57.781:43.736|59.011:51.091|50.254:16.270|42.848:10.308|8.000:8.000,0-23-9-11-25-12-27-5-29-31-28-14-18-10-16-2-0,0.0022361460141837
103,moderate,sparse,FairALNSPlanner,32,22,0.6875,0.7540983606557377,0.7540983606557377,True,46.0,61.0,1037.1234240103136,1184.4692839226943,162.8765759896864,82.87657598968639,False,123.51312741081878,True,False,0.0164777685844752,0.0007179652679645,2.0,False,1.0,8.000:8.000|42.848:10.308|63.077:34.506|57.868:39.928|57.781:43.736|59.011:51.091|48.663:39.589|44.542:37.598|25.233:50.963|34.932:45.485|36.893:48.274|43.109:53.306|52.842:69.388|42.058:86.479|36.175:83.962|22.091:85.102|18.229:82.788|19.019:78.679|33.435:75.603|14.998:53.889|50.254:16.270|42.710:25.848|16.529:26.151|8.000:8.000,0-2-29-14-18-10-31-28-26-6-25-11-13-4-15-8-30-21-12-9-16-23-27-0,14.246073527960109
103,moderate,sparse,RAWA-RHP,32,27,0.84375,0.8852459016393442,0.8852459016393442,True,54.0,61.0,1040.6087910004003,1209.173461309898,159.3912089995994,79.3912089995994,False,131.04314188036355,True,False,0.0958464155543963,0.0035369217590861,2.0,False,1.0,8.000:8.000|16.529:26.151|25.233:50.963|14.998:53.889|19.019:78.679|18.229:82.788|26.227:90.274|22.091:85.102|33.435:75.603|36.175:83.962|42.058:86.479|71.503:81.551|72.108:72.204|83.277:68.099|78.112:68.660|59.011:51.091|43.109:53.306|36.893:48.274|34.932:45.485|44.542:37.598|48.663:39.589|57.781:43.736|57.868:39.928|63.077:34.506|42.710:25.848|50.254:16.270|42.848:10.308|39.584:8.371|8.000:8.000,0-27-26-9-21-30-1-8-12-15-4-7-17-22-24-10-11-25-6-28-31-18-14-29-23-16-2-5-0,123.37530452082864
105,severe,cluttered,NearestNeighbor,32,19,0.59375,0.5808823529411765,0.0,False,39.5,68.0,2063.438640257898,2048.722566674912,-863.4386402578981,-943.438640257898,True,108.20174672723456,False,True,0.2781944562731627,0.0156585884186697,2.0,True,1.0,8.000:8.000|19.356:34.728|19.106:46.649|25.397:58.535|25.490:66.065|21.763:77.811|37.467:79.141|48.100:79.454|54.006:65.898|56.815:62.800|57.913:60.934|64.839:72.223|67.247:75.650|78.470:71.621|77.466:67.468|78.538:62.052|81.150:50.619|83.259:44.175|77.869:81.158|78.144:85.340|8.000:8.000,0-24-8-7-31-3-28-29-12-22-27-20-19-11-26-1-4-21-17-18-0,0.0016917779576033
105,severe,cluttered,ValuePerDistance,32,16,0.5,0.5073529411764706,0.0,False,34.5,68.0,1808.791735099093,1737.1478387571983,-608.7917350990936,-688.7917350990936,True,93.86537566899752,False,True,0.1927513447969164,0.0118338674396202,2.0,True,1.0,8.000:8.000|19.106:46.649|19.356:34.728|48.323:43.610|50.501:42.741|53.718:36.001|55.119:34.387|57.913:60.934|56.815:62.800|54.006:65.898|67.247:75.650|64.839:72.223|78.470:71.621|77.466:67.468|78.538:62.052|83.259:44.175|81.150:50.619|8.000:8.000,0-8-24-9-5-14-6-27-22-12-19-20-11-26-1-21-4-0,0.0011883550323545
105,severe,cluttered,WindAwareGreedy,32,13,0.40625,0.4779411764705882,0.0,False,32.5,68.0,1752.4110667221032,1702.2657340352423,-552.4110667221033,-632.4110667221033,True,87.64122085068183,False,True,0.1705140485966676,0.0126395146919564,2.0,True,1.0,8.000:8.000|19.106:46.649|48.323:43.610|50.501:42.741|57.913:60.934|67.247:75.650|77.869:81.158|87.161:95.517|78.144:85.340|78.470:71.621|77.466:67.468|78.538:62.052|83.259:44.175|81.150:50.619|8.000:8.000,0-8-9-5-27-19-17-13-18-11-26-1-21-4-0,0.0011695949360728
105,severe,cluttered,ReserveOnlyPlanner,32,7,0.21875,0.2279411764705882,0.2279411764705882,True,15.5,68.0,1083.8119922605165,1146.551115186765,116.18800773948384,36.18800773948385,False,53.09313516919872,True,False,0.1336310953492614,0.0167244407354346,2.0,False,1.0,8.000:8.000|19.106:46.649|48.323:43.610|50.501:42.741|57.913:60.934|54.006:65.898|56.815:62.800|55.119:34.387|8.000:8.000,0-8-9-5-27-12-22-6-0,0.0008061900734901
105,severe,cluttered,FairRiskAwareGreedy,32,9,0.28125,0.2647058823529412,0.2647058823529412,True,18.0,68.0,1072.123345086074,1127.3211727238745,127.8766549139262,47.87665491392619,False,91.63029251483354,True,False,0.0130980301233953,0.0013149580666668,2.0,False,1.0,8.000:8.000|19.106:46.649|19.356:34.728|21.763:77.811|53.718:36.001|83.259:44.175|67.545:29.494|55.119:34.387|81.150:50.619|78.538:62.052|8.000:8.000,0-8-24-3-14-21-25-6-4-1-0,0.0012269599828869
105,severe,cluttered,FairALNSPlanner,32,7,0.21875,0.2058823529411764,0.2058823529411764,True,14.0,68.0,664.0709439683172,755.9237571937388,535.9290560316828,455.9290560316828,False,59.96399208824074,True,False,0.0345143212729337,0.0043495980697832,2.0,False,1.0,8.000:8.000|53.718:36.001|55.119:34.387|82.735:31.112|83.259:44.175|81.150:50.619|78.538:62.052|77.466:67.468|8.000:8.000,0-14-6-15-21-4-1-26-0,5.601354603888467
105,severe,cluttered,RAWA-RHP,32,22,0.6875,0.6911764705882353,0.6911764705882353,True,47.0,68.0,1035.9624233421523,1255.3608007320358,164.03757665784764,84.03757665784764,False,110.3453262365203,True,False,0.0691059845974537,0.0030875188219483,2.0,False,1.0,8.000:8.000|75.670:18.495|83.345:15.928|86.106:13.775|89.619:13.068|83.259:44.175|81.150:50.619|78.538:62.052|77.466:67.468|78.470:71.621|77.869:81.158|78.144:85.340|67.247:75.650|64.839:72.223|54.006:65.898|56.815:62.800|57.913:60.934|67.545:29.494|55.119:34.387|53.718:36.001|50.501:42.741|48.323:43.610|31.746:31.130|8.000:8.000,0-2-23-30-16-21-4-1-26-11-17-18-19-20-12-22-27-25-6-14-5-9-10-0,33.83241487108171
106,severe,sparse,NearestNeighbor,32,11,0.34375,0.3503649635036496,0.0,False,24.0,68.5,1332.2492650124966,1334.691527602523,-132.2492650124968,-212.2492650124968,True,74.76746252583675,False,True,0.1259716555583578,0.010016410730865,2.0,True,1.0,8.000:8.000|11.605:21.008|23.209:15.716|39.731:28.287|41.840:28.788|32.913:39.070|35.447:53.708|48.481:42.791|51.918:40.777|59.372:61.810|71.305:55.836|77.247:55.125|8.000:8.000,0-23-12-7-17-9-6-28-30-18-31-5-0,0.0012420860584825
106,severe,sparse,ValuePerDistance,32,10,0.3125,0.3722627737226277,0.0,False,25.5,68.5,1328.6968531299442,1311.076075104658,-128.6968531299445,-208.6968531299445,True,69.26170672361329,False,True,0.247322384678156,0.0248229695753019,2.0,True,1.0,8.000:8.000|11.605:21.008|23.209:15.716|19.132:32.324|32.913:39.070|39.731:28.287|41.840:28.788|59.372:61.810|56.838:76.029|45.223:70.912|37.854:74.190|8.000:8.000,0-23-12-16-9-7-17-18-29-24-15-0,0.000900147948414
106,severe,sparse,WindAwareGreedy,32,11,0.34375,0.3722627737226277,0.0,False,25.5,68.5,1262.703444699863,1266.1262148174965,-62.7034446998631,-142.7034446998631,True,72.08472269456229,False,True,0.3157107921875685,0.0303581750686585,2.0,True,1.0,8.000:8.000|11.605:21.008|23.209:15.716|19.132:32.324|39.731:28.287|41.840:28.788|32.913:39.070|28.876:70.318|45.223:70.912|59.372:61.810|48.481:42.791|51.918:40.777|8.000:8.000,0-23-12-16-7-17-9-14-24-18-28-30-0,0.0011336230672895
106,severe,sparse,ReserveOnlyPlanner,32,9,0.28125,0.291970802919708,0.291970802919708,True,20.0,68.5,1023.4932623716484,1193.4747137010927,176.5067376283515,96.50673762835147,False,60.47216867755738,True,False,0.3058840262730899,0.0347820974664254,2.0,False,1.0,8.000:8.000|11.605:21.008|23.209:15.716|19.132:32.324|39.731:28.287|41.840:28.788|32.913:39.070|35.447:53.708|28.876:70.318|33.600:68.855|8.000:8.000,0-23-12-16-7-17-9-6-14-1-0,0.0011453919578343
106,severe,sparse,FairRiskAwareGreedy,32,14,0.4375,0.5036496350364964,0.5036496350364964,True,34.5,68.5,1087.3698513689878,1154.0090064912242,112.63014863101225,32.63014863101225,False,104.00934764736196,True,False,0.0001681911848151,1.1213494207155487e-05,2.8284271247461903,False,1.0,8.000:8.000|11.605:21.008|19.132:32.324|39.731:28.287|23.209:15.716|41.840:28.788|59.372:61.810|56.838:76.029|77.247:55.125|81.320:45.333|71.305:55.836|45.223:70.912|32.913:39.070|35.447:53.708|48.481:42.791|8.000:8.000,0-23-16-7-12-17-18-29-5-10-31-24-9-6-28-0,0.0020782158244401
106,severe,sparse,FairALNSPlanner,32,17,0.53125,0.6642335766423357,0.6642335766423357,True,45.5,68.5,1044.218013259187,1242.471814453486,155.781986740813,75.78198674081301,False,103.00799037834632,True,False,0.0130142052513314,0.0007254008357026,2.8284271247461903,False,1.0,8.000:8.000|23.209:15.716|39.731:28.287|41.840:28.788|73.979:16.947|81.320:45.333|77.247:55.125|71.305:55.836|59.372:61.810|77.590:81.186|87.623:87.341|70.083:86.728|58.367:86.811|52.613:97.920|56.838:76.029|45.223:70.912|19.132:32.324|11.605:21.008|8.000:8.000,0-12-7-17-26-10-5-31-18-21-25-22-8-3-29-24-16-23-0,7.281816519098356
106,severe,sparse,RAWA-RHP,32,20,0.625,0.708029197080292,0.708029197080292,True,48.5,68.5,1043.019489325154,1269.0574690540302,156.9805106748459,76.9805106748459,False,108.23984576991866,True,False,0.0133065365778256,0.0006358775335407,2.8284271247461903,False,1.0,8.000:8.000|11.605:21.008|19.132:32.324|28.876:70.318|33.600:68.855|45.223:70.912|56.838:76.029|52.613:97.920|58.367:86.811|70.083:86.728|87.623:87.341|77.590:81.186|77.247:55.125|81.320:45.333|71.305:55.836|59.372:61.810|48.481:42.791|51.918:40.777|41.840:28.788|39.731:28.287|23.209:15.716|8.000:8.000,0-23-16-14-1-24-29-3-8-22-25-21-5-10-31-18-28-30-17-7-12-0,17.36348873609677
106,severe,cluttered,NearestNeighbor,32,10,0.3125,0.3095238095238095,0.0,False,19.5,63.0,1329.944873656642,1329.8597180755755,-129.9448736566416,-209.9448736566416,True,71.98712551923428,False,True,0.1467907104961997,0.0138684181269953,2.0,True,1.0,8.000:8.000|13.220:26.049|18.358:36.348|16.037:46.670|27.813:42.727|31.726:27.366|39.076:24.857|45.633:27.306|27.275:16.360|46.082:50.023|61.627:57.624|8.000:8.000,0-20-29-14-17-18-2-19-5-32-31-0,0.001111013116315
106,severe,cluttered,ValuePerDistance,32,9,0.28125,0.3492063492063492,0.0,False,22.0,63.0,1383.7003489916003,1326.3991084972315,-183.70034899160024,-263.7003489916002,True,66.59156159863764,False,True,0.1791777585139248,0.0190360304233694,2.0,True,1.0,8.000:8.000|27.275:16.360|31.726:27.366|27.813:42.727|16.037:46.670|29.865:64.949|32.575:66.241|23.207:61.925|28.320:91.719|35.602:84.282|8.000:8.000,0-5-18-17-14-16-30-26-13-8-0,0.0008013038896024
106,severe,cluttered,WindAwareGreedy,32,11,0.34375,0.3492063492063492,0.0,False,22.0,63.0,1332.84791178839,1375.1803821261688,-132.84791178838992,-212.84791178838992,True,76.68080342634944,False,True,0.2096942830742256,0.0184804750816233,2.0,True,1.0,8.000:8.000|27.275:16.360|31.726:27.366|27.813:42.727|16.037:46.670|13.220:26.049|18.358:36.348|45.633:27.306|39.076:24.857|29.865:64.949|23.207:61.925|32.575:66.241|8.000:8.000,0-5-18-17-14-20-29-19-2-16-26-30-0,0.0010494331363588
106,severe,cluttered,ReserveOnlyPlanner,32,8,0.25,0.2539682539682539,0.2539682539682539,True,16.0,63.0,844.683179745576,985.1260084734232,355.3168202544242,275.3168202544242,False,51.47850075156289,True,False,0.0876566462309006,0.0097754522596501,2.0,False,1.0,8.000:8.000|27.275:16.360|31.726:27.366|27.813:42.727|16.037:46.670|13.220:26.049|18.358:36.348|45.633:27.306|39.076:24.857|8.000:8.000,0-5-18-17-14-20-29-19-2-0,0.0008678140584379
106,severe,cluttered,FairRiskAwareGreedy,32,12,0.375,0.4365079365079365,0.4365079365079365,True,27.5,63.0,1057.9338183140671,1142.2974255052718,142.06618168593278,62.066181685932776,False,97.76624413337346,True,False,0.0003395164119441,2.6119914976115905e-05,2.8284271247461903,False,1.0,8.000:8.000|27.275:16.360|31.726:27.366|27.813:42.727|13.220:26.049|16.037:46.670|29.865:64.949|91.268:73.971|85.922:66.215|45.633:27.306|69.129:38.028|62.424:41.494|39.076:24.857|8.000:8.000,0-5-18-17-20-14-16-9-6-19-7-24-2-0,0.0015161139890551
106,severe,cluttered,FairALNSPlanner,32,15,0.46875,0.492063492063492,0.492063492063492,True,31.0,63.0,1043.8262062090485,1208.8969144517544,156.17379379095158,76.17379379095158,False,100.03744362392968,True,False,0.0179371843933522,0.0011214415029201,2.0,False,1.0,8.000:8.000|18.358:36.348|16.037:46.670|29.865:64.949|23.207:61.925|23.833:73.365|28.320:91.719|13.220:26.049|27.813:42.727|61.627:57.624|62.424:41.494|69.129:38.028|45.633:27.306|39.076:24.857|31.726:27.366|27.275:16.360|8.000:8.000,0-29-14-16-26-3-13-20-17-31-24-7-19-2-18-5-0,4.780326853971928
106,severe,cluttered,RAWA-RHP,32,18,0.5625,0.6031746031746031,0.6031746031746031,True,38.0,63.0,1029.5065068884562,1236.9770427898247,170.49349311154378,90.49349311154378,False,105.96484766020538,True,False,0.0217360325570667,0.0011504591166578,2.0,False,1.0,8.000:8.000|13.220:26.049|27.813:42.727|18.358:36.348|16.037:46.670|23.207:61.925|29.865:64.949|39.076:24.857|91.526:36.760|83.754:26.727|79.935:50.930|80.420:54.774|87.223:49.131|78.854:42.001|69.129:38.028|62.424:41.494|45.633:27.306|31.726:27.366|27.275:16.360|8.000:8.000,0-20-17-29-14-26-16-2-23-10-15-27-21-28-7-24-19-18-5-0,18.83800320979208
105,severe,sparse,NearestNeighbor,32,22,0.6875,0.6666666666666666,0.0,False,47.0,70.5,2194.2065253145247,2104.098451543552,-994.2065253145244,-1074.2065253145245,True,115.51883468134449,False,True,0.0646315814319933,0.0027453213251244,2.0,True,1.0,8.000:8.000|15.896:23.676|22.997:31.707|26.404:31.229|28.479:31.366|28.471:33.790|25.287:46.471|23.057:47.925|35.201:51.248|31.004:58.884|43.669:65.039|49.518:69.696|58.098:59.284|62.297:55.715|64.343:54.936|70.968:65.045|76.473:74.623|80.417:73.132|83.613:76.355|82.875:84.408|84.225:88.222|76.563:91.902|69.629:88.365|8.000:8.000,0-8-14-1-15-20-32-23-18-25-21-13-12-5-17-29-2-31-7-22-24-3-9-0,0.0018391490448266
105,severe,sparse,ValuePerDistance,32,21,0.65625,0.723404255319149,0.0,False,51.0,70.5,1976.1189905517888,1951.577600432695,-776.1189905517883,-856.1189905517883,True,112.80074730091462,False,True,0.0893698728123757,0.0041082701154285,2.0,True,1.0,8.000:8.000|15.896:23.676|22.997:31.707|26.404:31.229|28.479:31.366|28.471:33.790|51.358:44.957|50.986:47.089|53.601:42.794|48.248:52.829|62.297:55.715|64.343:54.936|70.968:65.045|76.473:74.623|80.417:73.132|82.875:84.408|84.225:88.222|76.563:91.902|69.629:88.365|83.016:54.441|92.242:58.700|83.613:76.355|8.000:8.000,0-8-14-1-15-20-10-6-19-16-5-17-29-2-31-22-24-3-9-11-27-7-0,0.0015948398504406
105,severe,sparse,WindAwareGreedy,32,17,0.53125,0.6170212765957447,0.0,False,43.5,70.5,1948.548552134287,1961.363406560592,-748.5485521342869,-828.5485521342869,True,102.66394040674508,False,True,0.1957355186376052,0.0116700469567636,2.0,True,1.0,8.000:8.000|22.997:31.707|26.404:31.229|28.471:33.790|28.479:31.366|51.358:44.957|53.601:42.794|62.297:55.715|70.968:65.045|76.473:74.623|82.875:84.408|69.629:88.365|76.563:91.902|84.225:88.222|83.016:54.441|64.343:54.936|48.248:52.829|49.518:69.696|8.000:8.000,0-14-1-20-15-10-19-5-29-2-22-9-3-24-11-17-16-13-0,0.001435417914763
105,severe,sparse,ReserveOnlyPlanner,32,12,0.375,0.4184397163120567,0.4184397163120567,True,29.5,70.5,1079.4612033515068,1166.5722212352166,120.5387966484933,40.5387966484933,False,60.95537826949717,True,False,0.1007987077466613,0.0078600798407216,2.0,False,1.0,8.000:8.000|15.896:23.676|22.997:31.707|26.404:31.229|28.471:33.790|28.479:31.366|51.358:44.957|53.601:42.794|62.297:55.715|64.343:54.936|58.098:59.284|48.248:52.829|50.986:47.089|8.000:8.000,0-8-14-1-20-15-10-19-5-17-12-16-6-0,0.0011313110589981
105,severe,sparse,FairRiskAwareGreedy,32,16,0.5,0.5886524822695035,0.5886524822695035,True,41.5,70.5,1081.8555570592532,1134.4931966820025,118.1444429407468,38.14444294074679,False,100.35120100471298,True,False,0.0149631150892461,0.0008854377379199,2.8284271247461903,False,1.0,8.000:8.000|38.948:9.855|22.997:31.707|26.404:31.229|28.471:33.790|51.358:44.957|53.601:42.794|62.297:55.715|70.968:65.045|83.016:54.441|76.473:74.623|48.248:52.829|50.986:47.089|28.479:31.366|15.896:23.676|23.057:47.925|25.287:46.471|8.000:8.000,0-28-14-1-20-10-19-5-29-11-2-16-6-15-8-23-32-0,0.0022900828626006
105,severe,sparse,FairALNSPlanner,32,20,0.625,0.7092198581560284,0.7092198581560284,True,50.0,70.5,1046.948640193602,1248.09353716875,153.0513598063985,73.0513598063985,False,109.84595963813202,True,False,0.014485157468378,0.0006936009605106,2.8284271247461903,False,1.0,8.000:8.000|15.896:23.676|22.997:31.707|26.404:31.229|28.479:31.366|28.471:33.790|48.248:52.829|50.986:47.089|51.358:44.957|53.601:42.794|64.343:54.936|62.297:55.715|58.098:59.284|70.968:65.045|69.629:88.365|83.016:54.441|82.875:84.408|83.613:76.355|80.417:73.132|76.473:74.623|38.948:9.855|8.000:8.000,0-8-14-1-15-20-16-6-10-19-17-5-12-29-9-11-22-7-31-2-28-0,11.129974353127182
105,severe,sparse,RAWA-RHP,32,25,0.78125,0.8297872340425532,0.8297872340425532,True,58.5,70.5,1015.8070130397024,1230.2188118369356,184.19298696029776,104.19298696029776,False,114.69079050541193,True,False,0.0554754076540231,0.0021569333175689,2.0,False,1.0,8.000:8.000|15.896:23.676|22.997:31.707|26.404:31.229|28.479:31.366|28.471:33.790|31.004:58.884|43.669:65.039|58.098:59.284|62.297:55.715|64.343:54.936|83.016:54.441|70.968:65.045|76.473:74.623|80.417:73.132|83.613:76.355|82.875:84.408|84.225:88.222|76.563:91.902|69.629:88.365|49.518:69.696|48.248:52.829|50.986:47.089|51.358:44.957|53.601:42.794|38.948:9.855|8.000:8.000,0-8-14-1-15-20-25-21-12-5-17-11-29-2-31-7-22-24-3-9-13-16-6-10-19-28-0,38.53462329390459
106,calm,sparse,NearestNeighbor,32,32,1.0,1.0,0.0,False,71.0,71.0,1230.12266657664,1237.4971679786588,-30.1226665766403,-110.1226665766403,True,153.84682981515408,False,True,0.0134657463222955,0.00040986084632,2.0,True,1.0,8.000:8.000|19.983:33.905|28.239:39.581|29.760:37.509|42.143:45.250|45.776:47.269|54.735:43.559|54.982:34.246|54.845:30.322|52.197:26.145|52.274:21.753|33.892:24.170|62.617:36.733|69.015:28.693|74.801:51.396|63.414:51.799|65.477:56.604|62.233:57.658|65.417:60.808|67.331:66.330|75.161:72.995|78.092:70.606|81.814:77.803|84.483:86.477|85.073:92.417|87.469:68.293|91.584:68.463|96.412:57.121|87.040:52.632|47.171:59.285|38.465:67.372|28.430:61.309|22.745:54.478|8.000:8.000,0-23-24-18-27-29-15-25-17-2-14-13-12-30-22-7-21-19-3-20-28-4-1-5-6-10-16-26-8-9-31-32-11-0,0.0022084589581936
106,calm,sparse,ValuePerDistance,32,31,0.96875,0.9859154929577464,0.0,False,70.0,71.0,1405.8943527532042,1410.042573956119,-205.89435275320412,-285.89435275320415,True,169.38961783735675,False,True,0.0150375915694997,0.0004724174845306,2.0,True,1.0,8.000:8.000|19.983:33.905|29.760:37.509|28.239:39.581|42.143:45.250|45.776:47.269|47.171:59.285|38.465:67.372|22.745:54.478|28.430:61.309|62.233:57.658|65.477:56.604|65.417:60.808|67.331:66.330|78.092:70.606|81.814:77.803|87.469:68.293|91.584:68.463|96.412:57.121|87.040:52.632|74.801:51.396|63.414:51.799|62.617:36.733|54.982:34.246|54.845:30.322|52.197:26.145|52.274:21.753|69.015:28.693|54.735:43.559|85.073:92.417|84.483:86.477|75.161:72.995|8.000:8.000,0-23-18-24-27-29-9-31-11-32-19-21-3-20-4-1-10-16-26-8-22-7-12-25-17-2-14-30-15-6-5-28-0,0.0017314529977738
106,calm,sparse,WindAwareGreedy,32,24,0.75,0.852112676056338,0.0,False,60.5,71.0,1370.4762645304672,1377.215215965769,-170.4762645304671,-250.4762645304671,True,155.1507810512069,False,True,0.0162669295719141,0.0006549441106314,2.0,True,1.0,8.000:8.000|22.745:54.478|42.143:45.250|45.776:47.269|47.171:59.285|62.233:57.658|65.477:56.604|62.617:36.733|54.982:34.246|69.015:28.693|63.414:51.799|65.417:60.808|38.465:67.372|29.760:37.509|19.983:33.905|28.239:39.581|54.735:43.559|87.040:52.632|87.469:68.293|81.814:77.803|85.073:92.417|84.483:86.477|78.092:70.606|67.331:66.330|74.801:51.396|8.000:8.000,0-11-27-29-9-19-21-12-25-30-7-3-31-18-23-24-15-8-10-1-6-5-4-20-22-0,0.0017516389489173
106,calm,sparse,ReserveOnlyPlanner,32,20,0.625,0.6971830985915493,0.6971830985915493,True,49.5,71.0,1110.141271069462,1147.4010839744342,89.85872893053774,9.858728930537737,False,126.83819624410924,True,False,0.0125779612008635,0.000601662047621,2.0,False,1.0,8.000:8.000|22.745:54.478|42.143:45.250|45.776:47.269|47.171:59.285|62.233:57.658|65.477:56.604|65.417:60.808|63.414:51.799|62.617:36.733|54.982:34.246|69.015:28.693|54.735:43.559|29.760:37.509|19.983:33.905|28.239:39.581|38.465:67.372|28.430:61.309|67.331:66.330|74.801:51.396|52.197:26.145|8.000:8.000,0-11-27-29-9-19-21-3-7-12-25-30-15-18-23-24-31-32-20-22-2-0,0.0017148351762443
106,calm,sparse,FairRiskAwareGreedy,32,19,0.59375,0.6901408450704225,0.6901408450704225,True,49.0,71.0,1101.9869657972863,1122.5611785171604,98.01303420271373,18.013034202713726,False,129.54364800791743,True,False,0.0142263207271509,0.0007152317684248,2.0,False,1.0,8.000:8.000|22.745:54.478|42.143:45.250|45.776:47.269|54.982:34.246|62.617:36.733|69.015:28.693|65.477:56.604|62.233:57.658|47.171:59.285|29.760:37.509|19.983:33.905|38.465:67.372|63.414:51.799|65.417:60.808|87.040:52.632|87.469:68.293|74.801:51.396|54.735:43.559|54.845:30.322|8.000:8.000,0-11-27-29-25-12-30-21-19-9-18-23-31-7-3-8-10-22-15-17-0,0.0032791921403259
106,calm,sparse,FairALNSPlanner,32,30,0.9375,0.971830985915493,0.971830985915493,True,69.0,71.0,1047.381960325749,1124.9791828262762,152.618039674251,72.61803967425101,False,140.04582322330663,True,False,0.014914307537879,0.0004837256357956,2.0,False,1.0,8.000:8.000|19.983:33.905|29.760:37.509|28.239:39.581|42.143:45.250|45.776:47.269|54.735:43.559|74.801:51.396|87.040:52.632|96.412:57.121|91.584:68.463|87.469:68.293|85.073:92.417|84.483:86.477|81.814:77.803|78.092:70.606|75.161:72.995|67.331:66.330|65.417:60.808|65.477:56.604|62.233:57.658|63.414:51.799|62.617:36.733|69.015:28.693|52.197:26.145|54.845:30.322|54.982:34.246|47.171:59.285|38.465:67.372|28.430:61.309|22.745:54.478|8.000:8.000,0-23-18-24-27-29-15-22-8-26-16-10-6-5-1-4-28-20-3-21-19-7-12-30-2-17-25-9-31-32-11-0,19.07855059602298
106,calm,sparse,RAWA-RHP,32,30,0.9375,0.971830985915493,0.971830985915493,True,69.0,71.0,1031.7031647686167,1108.3723936331191,168.29683523138328,88.29683523138328,False,138.20521808976335,True,False,0.0151200957102328,0.0004905135805466,2.0,False,1.0,8.000:8.000|33.892:24.170|52.197:26.145|69.015:28.693|62.617:36.733|54.982:34.246|54.735:43.559|63.414:51.799|74.801:51.396|87.040:52.632|96.412:57.121|91.584:68.463|87.469:68.293|85.073:92.417|84.483:86.477|81.814:77.803|78.092:70.606|75.161:72.995|67.331:66.330|65.417:60.808|65.477:56.604|62.233:57.658|47.171:59.285|38.465:67.372|28.430:61.309|22.745:54.478|45.776:47.269|42.143:45.250|29.760:37.509|28.239:39.581|19.983:33.905|8.000:8.000,0-13-2-30-12-25-15-7-22-8-26-16-10-6-5-1-4-28-20-3-21-19-9-31-32-11-29-27-18-24-23-0,45.296571030979976
105,moderate,cluttered,NearestNeighbor,32,25,0.78125,0.75,0.0,False,45.0,60.0,1379.8906267043624,1385.1467333854698,-179.89062670436192,-259.8906267043619,True,125.53159430489438,False,True,0.0204979946509809,0.0007914622767523,2.0,True,1.0,8.000:8.000|36.964:14.297|56.454:34.024|61.930:27.883|75.760:36.445|81.445:27.367|90.227:19.410|89.963:38.439|88.421:44.137|92.312:45.963|83.458:48.573|76.268:51.132|76.618:54.216|76.805:56.936|66.303:60.303|58.007:57.488|50.817:51.093|46.623:47.498|44.095:50.511|51.850:65.800|51.820:71.164|56.607:84.299|61.895:88.374|49.855:92.403|42.586:93.875|41.060:91.845|8.000:8.000,0-15-24-27-31-20-32-3-14-10-21-9-16-5-12-29-18-28-17-30-8-6-26-13-4-23-0,0.0019608901347965
105,moderate,cluttered,ValuePerDistance,32,22,0.6875,0.775,0.0,False,46.5,60.0,1497.1997405111308,1477.3130590557157,-297.1997405111308,-377.1997405111308,True,127.78232872153744,False,True,0.0805522251183388,0.0035131830229284,2.0,True,1.0,8.000:8.000|18.123:49.211|12.682:72.230|37.913:82.027|44.684:85.092|49.855:92.403|42.586:93.875|41.060:91.845|61.895:88.374|56.607:84.299|51.820:71.164|58.007:57.488|66.303:60.303|76.268:51.132|76.618:54.216|76.805:56.936|67.588:46.564|75.760:36.445|81.445:27.367|90.227:19.410|88.421:44.137|92.312:45.963|89.963:38.439|8.000:8.000,0-22-7-2-25-13-4-23-26-6-8-29-12-9-16-5-19-31-20-32-14-10-3-0,0.0015109290834516
105,moderate,cluttered,WindAwareGreedy,32,14,0.4375,0.5666666666666667,0.0,False,34.0,60.0,1417.7267515973829,1407.3794915697715,-217.72675159738304,-297.72675159738304,True,110.8290703252308,False,True,0.0786293969805842,0.0054003028868624,2.0,True,1.0,8.000:8.000|18.123:49.211|58.007:57.488|56.454:34.024|81.445:27.367|90.227:19.410|75.760:36.445|67.588:46.564|76.268:51.132|88.421:44.137|92.312:45.963|90.074:64.567|66.303:60.303|61.895:88.374|49.855:92.403|8.000:8.000,0-22-29-24-20-32-31-19-9-14-10-11-12-26-13-0,0.0012584719806909
105,moderate,cluttered,ReserveOnlyPlanner,32,13,0.40625,0.45,0.45,True,27.0,60.0,1038.1360468545013,1079.632419654098,161.86395314549884,81.86395314549884,False,87.76036575721582,True,False,0.049393777817751,0.0035922836248974,2.0,False,1.0,8.000:8.000|36.964:14.297|56.454:34.024|81.445:27.367|90.227:19.410|75.760:36.445|67.588:46.564|58.007:57.488|66.303:60.303|76.268:51.132|88.421:44.137|92.312:45.963|89.963:38.439|61.930:27.883|8.000:8.000,0-15-24-20-32-31-19-29-12-9-14-10-3-27-0,0.001283389981836
105,moderate,cluttered,FairRiskAwareGreedy,32,11,0.34375,0.45,0.45,True,27.0,60.0,1087.953228974551,1115.7318726636977,112.04677102544927,32.04677102544929,False,109.76077110805392,True,False,0.0084366231896004,0.0007048526350007,2.0,False,1.0,8.000:8.000|18.123:49.211|58.007:57.488|66.303:60.303|90.227:19.410|81.445:27.367|67.588:46.564|56.454:34.024|12.682:72.230|61.895:88.374|51.820:71.164|46.623:47.498|8.000:8.000,0-22-29-12-32-20-19-24-7-26-8-28-0,0.0016561648808419
105,moderate,cluttered,FairALNSPlanner,32,20,0.625,0.7166666666666667,0.7166666666666667,True,43.0,60.0,1038.310423909836,1147.9608520082793,161.68957609016405,81.68957609016405,False,120.23932077740604,True,False,0.0395423831614736,0.0019012548969286,2.0,False,1.0,8.000:8.000|90.227:19.410|81.445:27.367|75.760:36.445|67.588:46.564|76.268:51.132|90.074:64.567|71.223:73.778|61.895:88.374|56.607:84.299|49.855:92.403|42.586:93.875|41.060:91.845|37.913:82.027|44.684:85.092|51.820:71.164|51.850:65.800|50.817:51.093|66.303:60.303|58.007:57.488|18.123:49.211|8.000:8.000,0-32-20-31-19-9-11-1-26-6-13-4-23-2-25-8-30-18-12-29-22-0,10.415404920000585
105,moderate,cluttered,RAWA-RHP,32,26,0.8125,0.8666666666666667,0.8666666666666667,True,52.0,60.0,1068.7870792997371,1185.0889165848826,131.2129207002631,51.21292070026311,False,131.75043251393927,True,False,0.0039480175628605,0.0001464496492434,2.0,False,1.0,8.000:8.000|18.123:49.211|12.682:72.230|41.060:91.845|42.586:93.875|37.913:82.027|44.684:85.092|49.855:92.403|61.895:88.374|56.607:84.299|51.820:71.164|51.850:65.800|58.007:57.488|66.303:60.303|76.805:56.936|76.618:54.216|76.268:51.132|83.458:48.573|92.312:45.963|88.421:44.137|89.963:38.439|90.227:19.410|81.445:27.367|75.760:36.445|67.588:46.564|56.454:34.024|61.930:27.883|8.000:8.000,0-22-7-23-4-2-25-13-26-6-8-30-29-12-5-16-9-21-10-14-3-32-20-31-19-24-27-0,80.97196565195918
107,severe,cluttered,NearestNeighbor,32,16,0.5,0.4772727272727273,0.0,False,31.5,66.0,1580.103033748166,1621.954976827537,-380.1030337481662,-460.1030337481662,True,90.05088963145752,False,True,0.2279575632447266,0.0147800921146645,2.0,True,1.0,8.000:8.000|24.981:14.819|18.781:27.723|19.073:37.636|16.731:40.619|27.579:46.392|26.703:48.670|30.745:40.762|27.738:32.028|44.707:21.136|53.360:26.899|50.305:40.181|66.544:35.369|78.205:35.283|76.751:40.652|84.558:40.217|62.445:57.951|8.000:8.000,0-23-6-2-9-1-30-4-7-29-21-20-31-8-12-32-27-0,0.0015361949335783
107,severe,cluttered,ValuePerDistance,32,14,0.4375,0.4696969696969697,0.0,False,31.0,66.0,1522.9100046056922,1518.8778441578852,-322.9100046056919,-402.9100046056919,True,80.61925578767054,False,True,0.0764347156995762,0.0052088158274045,2.0,True,1.0,8.000:8.000|18.781:27.723|19.073:37.636|16.731:40.619|26.703:48.670|27.579:46.392|28.411:58.634|27.504:64.539|30.745:40.762|44.707:21.136|53.360:26.899|66.715:21.160|75.984:28.970|78.205:35.283|76.751:40.652|8.000:8.000,0-6-2-9-30-1-14-10-4-29-21-3-19-8-12-0,0.0010926050599664
107,severe,cluttered,WindAwareGreedy,32,12,0.375,0.4015151515151515,0.0,False,26.5,66.0,1472.4756085699264,1455.3563926091142,-272.47560856992635,-352.47560856992635,True,77.58907365589333,False,True,0.0757908698975663,0.0059576406416735,2.0,True,1.0,8.000:8.000|18.781:27.723|26.703:48.670|28.411:58.634|27.579:46.392|19.073:37.636|16.731:40.619|30.745:40.762|27.738:32.028|44.707:21.136|53.360:26.899|76.751:40.652|75.984:28.970|8.000:8.000,0-6-30-14-1-2-9-4-7-29-21-12-19-0,0.0010942609515041
107,severe,cluttered,ReserveOnlyPlanner,32,9,0.28125,0.2727272727272727,0.2727272727272727,True,18.0,66.0,843.7030785513401,986.1421641034932,356.29692144865976,276.29692144865976,False,49.15005156930792,True,False,0.0889971585513249,0.0089534015381658,2.0,False,1.0,8.000:8.000|18.781:27.723|26.703:48.670|28.411:58.634|27.579:46.392|30.745:40.762|19.073:37.636|16.731:40.619|27.738:32.028|24.981:14.819|8.000:8.000,0-6-30-14-1-4-2-9-7-23-0,0.0009199120104312
107,severe,cluttered,FairRiskAwareGreedy,32,14,0.4375,0.4621212121212121,0.4621212121212121,True,30.5,66.0,1036.6088526910626,1111.3754376814268,163.39114730893738,83.39114730893738,False,96.77421028067576,True,False,0.0125654628930416,0.0008404624254604,2.0,False,1.0,8.000:8.000|18.781:27.723|26.703:48.670|28.411:58.634|27.579:46.392|44.707:21.136|24.981:14.819|76.751:40.652|75.984:28.970|66.715:21.160|53.360:26.899|19.073:37.636|30.745:40.762|27.738:32.028|16.731:40.619|8.000:8.000,0-6-30-14-1-29-23-12-19-3-21-2-4-7-9-0,0.0014013508334755
107,severe,cluttered,FairALNSPlanner,32,18,0.5625,0.5984848484848485,0.5984848484848485,True,39.5,66.0,1042.3525978153334,1228.6586153916596,157.6474021846669,77.6474021846669,False,103.80008648858023,True,False,0.0371756311719702,0.0019884687518527,2.0,False,1.0,8.000:8.000|24.981:14.819|18.781:27.723|19.073:37.636|28.411:58.634|27.504:64.539|26.703:48.670|27.579:46.392|30.745:40.762|44.707:21.136|50.305:40.181|94.771:34.600|84.558:40.217|66.544:35.369|76.751:40.652|78.205:35.283|75.984:28.970|66.715:21.160|53.360:26.899|8.000:8.000,0-23-6-2-14-10-30-1-4-29-20-24-32-31-12-8-19-3-21-0,8.50796722783707
107,severe,cluttered,RAWA-RHP,32,20,0.625,0.6742424242424242,0.6742424242424242,True,44.5,66.0,1039.8343514227354,1224.0142077540936,160.16564857726456,80.16564857726456,False,106.89887887745788,True,False,0.0514667528386136,0.0025040373140711,2.0,False,1.0,8.000:8.000|18.781:27.723|19.073:37.636|28.411:58.634|27.579:46.392|26.703:48.670|30.745:40.762|50.305:40.181|65.029:80.302|65.751:88.047|62.563:90.089|67.480:85.782|80.204:70.730|76.751:40.652|84.558:40.217|78.205:35.283|75.984:28.970|66.715:21.160|53.360:26.899|44.707:21.136|24.981:14.819|8.000:8.000,0-6-2-14-1-30-4-20-18-16-11-28-13-12-32-8-19-3-21-29-23-0,30.84294732310809
106,calm,cluttered,NearestNeighbor,32,27,0.84375,0.8257575757575758,0.8257575757575758,True,54.5,66.0,1178.0579463399504,1189.8977168262982,21.94205366004992,-58.05794633995008,True,142.08601188757575,True,False,0.0187055486332534,0.0006731704464404,2.0,False,1.0,8.000:8.000|24.708:15.388|20.867:30.810|30.667:42.763|38.276:49.002|43.338:46.534|40.989:33.107|52.246:36.497|54.926:32.708|60.669:22.620|60.013:15.671|64.050:12.865|68.865:10.149|79.623:9.698|88.371:9.174|96.186:33.350|90.933:41.143|80.854:35.334|68.682:35.204|59.944:51.331|65.926:60.760|57.263:69.996|48.944:76.656|25.770:70.459|17.731:60.815|10.345:47.678|51.959:16.318|51.208:13.961|8.000:8.000,0-30-15-31-13-21-23-5-20-1-8-28-10-26-22-4-19-17-2-25-18-7-29-24-14-27-12-32-0,0.002071384107694
106,calm,cluttered,ValuePerDistance,32,28,0.875,0.9242424242424242,0.0,False,61.0,66.0,1376.1532019675517,1388.967262463558,-176.1532019675514,-256.1532019675514,True,163.23793541785022,False,True,0.0211247242611671,0.0007344186741128,2.0,True,1.0,8.000:8.000|24.708:15.388|20.867:30.810|30.667:42.763|10.345:47.678|17.731:60.815|25.770:70.459|57.263:69.996|74.218:80.449|75.825:81.772|78.115:97.020|81.500:96.616|84.339:95.104|54.926:32.708|52.246:36.497|40.989:33.107|51.959:16.318|51.208:13.961|60.013:15.671|64.050:12.865|68.865:10.149|79.623:9.698|88.371:9.174|96.186:33.350|90.933:41.143|80.854:35.334|68.682:35.204|60.669:22.620|59.944:51.331|8.000:8.000,0-30-15-31-27-14-24-7-9-3-6-11-16-20-5-23-12-32-8-28-10-26-22-4-19-17-2-1-25-0,0.0017045210115611
106,calm,cluttered,WindAwareGreedy,32,20,0.625,0.7045454545454546,0.0,False,46.5,66.0,1488.6432863026546,1489.1455819860446,-288.6432863026549,-368.6432863026549,True,158.6325690176714,False,True,0.0222211590200988,0.0010670021003844,2.0,True,1.0,8.000:8.000|20.867:30.810|30.667:42.763|10.345:47.678|17.731:60.815|25.770:70.459|54.926:32.708|52.246:36.497|68.865:10.149|60.013:15.671|51.959:16.318|51.208:13.961|24.708:15.388|40.989:33.107|80.854:35.334|96.186:33.350|79.623:9.698|64.050:12.865|60.669:22.620|68.682:35.204|78.115:97.020|8.000:8.000,0-15-31-27-14-24-20-5-10-8-12-32-30-23-17-4-26-28-1-2-6-0,0.0015624479856342
106,calm,cluttered,ReserveOnlyPlanner,32,17,0.53125,0.5757575757575758,0.5757575757575758,True,38.0,66.0,1103.969556105635,1142.5330182582577,96.03044389436494,16.030443894364936,False,121.2801807935432,True,False,0.0159718940773961,0.0008932587958046,2.0,False,1.0,8.000:8.000|20.867:30.810|30.667:42.763|10.345:47.678|17.731:60.815|25.770:70.459|54.926:32.708|52.246:36.497|68.865:10.149|60.013:15.671|51.959:16.318|51.208:13.961|24.708:15.388|40.989:33.107|38.276:49.002|43.338:46.534|57.263:69.996|65.926:60.760|8.000:8.000,0-15-31-27-14-24-20-5-10-8-12-32-30-23-13-21-7-18-0,0.0015306330751627
106,calm,cluttered,FairRiskAwareGreedy,32,14,0.4375,0.5151515151515151,0.5151515151515151,True,34.0,66.0,1082.208710355305,1106.48735932732,117.7912896446953,37.7912896446953,False,120.34771799803814,True,False,0.0039637032880249,0.0002646632794916,2.0,False,1.0,8.000:8.000|20.867:30.810|10.345:47.678|30.667:42.763|54.926:32.708|68.865:10.149|52.246:36.497|24.708:15.388|17.731:60.815|51.208:13.961|51.959:16.318|60.013:15.671|80.854:35.334|79.623:9.698|64.050:12.865|8.000:8.000,0-15-27-31-20-10-5-30-14-32-12-8-17-26-28-0,0.0023196081165224
106,calm,cluttered,FairALNSPlanner,32,25,0.78125,0.8636363636363636,0.8636363636363636,True,57.0,66.0,1047.4172186696735,1127.5145351161846,152.5827813303264,72.58278133032641,False,134.2017209806427,True,False,0.0112453783687813,0.0004342361793034,2.0,False,1.0,8.000:8.000|10.345:47.678|17.731:60.815|25.770:70.459|57.263:69.996|74.218:80.449|75.825:81.772|78.115:97.020|81.500:96.616|84.339:95.104|96.186:33.350|90.933:41.143|80.854:35.334|79.623:9.698|68.865:10.149|64.050:12.865|51.208:13.961|51.959:16.318|60.013:15.671|60.669:22.620|54.926:32.708|52.246:36.497|40.989:33.107|30.667:42.763|20.867:30.810|24.708:15.388|8.000:8.000,0-27-14-24-7-9-3-6-11-16-4-19-17-26-10-28-32-12-8-1-20-5-23-31-15-30-0,15.364397594006732
106,calm,cluttered,RAWA-RHP,32,25,0.78125,0.8560606060606061,0.8560606060606061,True,56.5,66.0,1062.334353554343,1120.5107970217127,137.66564644565682,57.66564644565682,False,134.29599864401024,True,False,0.0128794847681177,0.0004978012385743,2.0,False,1.0,8.000:8.000|24.708:15.388|20.867:30.810|30.667:42.763|40.989:33.107|52.246:36.497|54.926:32.708|51.208:13.961|51.959:16.318|60.013:15.671|64.050:12.865|68.865:10.149|79.623:9.698|80.854:35.334|90.933:41.143|96.186:33.350|84.339:95.104|81.500:96.616|78.115:97.020|75.825:81.772|74.218:80.449|57.263:69.996|48.944:76.656|25.770:70.459|17.731:60.815|10.345:47.678|8.000:8.000,0-30-15-31-23-5-20-32-12-8-28-10-26-17-19-4-16-11-6-3-9-7-29-24-14-27-0,63.87181501882151
107,severe,sparse,NearestNeighbor,32,16,0.5,0.5,0.0,False,29.5,59.0,1494.488057034062,1546.1791892656015,-294.488057034062,-374.488057034062,True,89.09545098780887,False,True,0.2030201384305598,0.0130634593974073,2.0,True,1.0,8.000:8.000|30.799:23.360|33.361:32.097|37.412:32.701|26.299:35.902|21.271:48.604|27.857:55.051|42.354:55.894|51.657:52.252|49.920:65.622|39.033:74.264|33.858:79.334|28.739:88.602|26.783:89.296|33.230:93.045|36.293:93.789|56.301:78.231|8.000:8.000,0-14-29-8-7-11-15-13-6-23-31-4-27-3-20-19-1-0,0.0016488099936395
107,severe,sparse,ValuePerDistance,32,17,0.53125,0.5338983050847458,0.0,False,31.5,59.0,1619.6731588986645,1707.5170460989275,-419.6731588986643,-499.6731588986643,True,96.0050347962001,False,True,0.2561644029949903,0.0160767040613118,2.0,True,1.0,8.000:8.000|30.799:23.360|37.412:32.701|33.361:32.097|26.299:35.902|43.061:42.578|51.657:52.252|42.354:55.894|27.857:55.051|21.271:48.604|39.033:74.264|33.858:79.334|28.739:88.602|26.783:89.296|33.230:93.045|36.293:93.789|56.301:78.231|49.920:65.622|8.000:8.000,0-14-8-29-7-5-6-13-15-11-31-4-27-3-20-19-1-23-0,0.0011713211424648
107,severe,sparse,WindAwareGreedy,32,13,0.40625,0.423728813559322,0.0,False,25.0,59.0,1601.4094382157868,1599.4921893734795,-401.4094382157869,-481.4094382157869,True,86.31621840913195,False,True,0.1822476117420425,0.0140213527537421,2.0,True,1.0,8.000:8.000|30.799:23.360|37.412:32.701|26.299:35.902|21.271:48.604|27.857:55.051|42.354:55.894|51.657:52.252|43.061:42.578|33.361:32.097|45.583:22.409|42.520:23.007|70.875:50.273|77.538:58.755|8.000:8.000,0-14-8-7-11-15-13-6-5-29-26-10-22-28-0,0.0011662829201668
107,severe,sparse,ReserveOnlyPlanner,32,7,0.21875,0.2457627118644068,0.2457627118644068,True,14.5,59.0,1073.1677182595463,1168.6917294733234,126.83228174045382,46.83228174045382,False,57.85371596723888,True,False,0.1146751715094084,0.0148424459290802,2.0,False,1.0,8.000:8.000|26.299:35.902|21.271:48.604|27.857:55.051|42.354:55.894|51.657:52.252|39.033:74.264|28.739:88.602|8.000:8.000,0-7-11-15-13-6-31-27-0,0.0008225908968597
107,severe,sparse,FairRiskAwareGreedy,32,12,0.375,0.4322033898305085,0.4322033898305085,True,25.5,59.0,1084.823081596333,1145.8910547788364,115.17691840366707,35.17691840366709,False,99.6418466211452,True,False,0.001007010745999,7.748753212369982e-05,2.8284271247461903,False,1.0,8.000:8.000|37.412:32.701|26.299:35.902|30.799:23.360|43.061:42.578|77.848:38.916|45.583:22.409|73.327:21.828|63.474:11.280|70.776:25.848|39.033:74.264|33.858:79.334|21.271:48.604|8.000:8.000,0-8-7-14-5-2-26-30-25-17-31-4-11-0,0.0015359250828623
107,severe,sparse,FairALNSPlanner,32,16,0.5,0.5677966101694916,0.5677966101694916,True,33.5,59.0,1059.1864309236366,1222.4160390963216,140.81356907636365,60.81356907636365,False,104.98514657506044,True,False,0.0129015530688583,0.0007615516916353,2.8284271247461903,False,1.0,8.000:8.000|30.799:23.360|33.361:32.097|37.412:32.701|42.520:23.007|45.583:22.409|43.061:42.578|77.848:38.916|73.415:43.127|86.850:32.069|76.259:21.899|73.327:21.828|63.474:11.280|70.776:25.848|51.657:52.252|33.858:79.334|28.739:88.602|8.000:8.000,0-14-29-8-10-26-5-2-32-12-18-30-25-17-6-4-27-0,7.574582361849025
107,severe,sparse,RAWA-RHP,32,23,0.71875,0.7457627118644068,0.7457627118644068,True,44.0,59.0,1027.745175594898,1225.311054069364,172.254824405102,92.254824405102,False,111.0751502812512,True,False,0.0573473859261398,0.0024347561741809,2.0,False,1.0,8.000:8.000|30.799:23.360|33.361:32.097|37.412:32.701|42.520:23.007|45.583:22.409|70.776:25.848|73.327:21.828|76.259:21.899|86.850:32.069|77.848:38.916|73.415:43.127|70.875:50.273|63.901:48.594|51.657:52.252|49.920:65.622|42.354:55.894|39.033:74.264|33.858:79.334|28.739:88.602|26.783:89.296|27.857:55.051|21.271:48.604|26.299:35.902|8.000:8.000,0-14-29-8-10-26-17-30-18-12-2-32-22-16-6-23-13-31-4-27-3-15-11-7-0,44.56125106895343
108,severe,cluttered,NearestNeighbor,32,25,0.78125,0.7777777777777778,0.0,False,52.5,67.5,2116.8203715175728,2133.792813443027,-916.8203715175728,-996.8203715175728,True,130.13664594907718,False,True,0.2964514224211505,0.0131056247812902,2.0,True,1.0,8.000:8.000|17.444:22.118|20.210:22.482|34.361:32.907|33.938:35.573|40.418:28.018|37.610:13.828|70.351:9.088|73.205:11.959|78.944:18.666|83.627:24.996|87.162:26.610|93.807:31.361|92.995:36.862|88.511:41.916|85.619:51.348|86.157:53.535|87.288:57.265|72.924:63.869|74.133:57.276|70.264:56.095|67.025:56.937|63.862:46.764|44.732:57.700|47.262:72.927|66.771:88.801|8.000:8.000,0-31-10-6-5-24-29-27-3-17-19-18-12-16-23-9-28-30-7-20-22-25-13-21-8-2-0,0.0084794019348919
108,severe,cluttered,ValuePerDistance,32,23,0.71875,0.7407407407407407,0.0,False,50.0,67.5,1927.144451485667,1901.5179947326612,-727.144451485667,-807.144451485667,True,117.99187996378272,False,True,0.1497780834336113,0.0066029842845254,2.0,True,1.0,8.000:8.000|17.444:22.118|20.210:22.482|34.361:32.907|33.938:35.573|40.418:28.018|37.610:13.828|70.351:9.088|73.205:11.959|78.944:18.666|83.627:24.996|87.162:26.610|93.807:31.361|92.995:36.862|88.511:41.916|85.619:51.348|86.157:53.535|87.288:57.265|70.264:56.095|67.025:56.937|74.133:57.276|72.924:63.869|66.771:88.801|46.747:91.526|8.000:8.000,0-31-10-6-5-24-29-27-3-17-19-18-12-16-23-9-28-30-22-25-20-7-2-11-0,0.0015465181786566
108,severe,cluttered,WindAwareGreedy,32,18,0.5625,0.6222222222222222,0.0,False,42.0,67.5,1985.659478490361,1923.79234386818,-785.6594784903609,-865.6594784903609,True,113.62880975282935,False,True,0.290172390471467,0.0175700469923257,2.0,True,1.0,8.000:8.000|17.444:22.118|40.418:28.018|34.361:32.907|33.938:35.573|37.610:13.828|20.210:22.482|9.550:67.363|26.780:77.020|28.755:70.111|44.732:57.700|67.025:56.937|70.264:56.095|74.133:57.276|72.924:63.869|85.619:51.348|87.288:57.265|88.511:41.916|92.995:36.862|8.000:8.000,0-31-24-6-5-29-10-14-15-4-21-25-22-20-7-9-30-23-16-0,0.0017119811382144
108,severe,cluttered,ReserveOnlyPlanner,32,10,0.3125,0.362962962962963,0.362962962962963,True,24.5,67.5,1039.4773806183557,1142.8597808690963,160.52261938164426,80.52261938164426,False,61.02331643794943,True,False,0.1934091353289161,0.0181769976247874,2.0,False,1.0,8.000:8.000|17.444:22.118|40.418:28.018|34.361:32.907|33.938:35.573|44.732:57.700|67.025:56.937|70.264:56.095|74.133:57.276|63.862:46.764|20.210:22.482|8.000:8.000,0-31-24-6-5-21-25-22-20-13-10-0,0.0012511129025369
108,severe,cluttered,FairRiskAwareGreedy,32,14,0.4375,0.4666666666666667,0.4666666666666667,True,31.5,67.5,1063.1591186672304,1131.4598200520993,136.84088133276953,56.84088133276953,False,104.09135769837287,True,False,0.0012559858093869,8.375981934358734e-05,2.8284271247461903,False,1.0,8.000:8.000|17.444:22.118|40.418:28.018|34.361:32.907|33.938:35.573|67.025:56.937|70.264:56.095|74.133:57.276|63.862:46.764|37.610:13.828|20.210:22.482|32.339:55.193|9.550:67.363|28.755:70.111|47.262:72.927|8.000:8.000,0-31-24-6-5-25-22-20-13-29-10-1-14-4-8-0,0.0020957889501005
108,severe,cluttered,FairALNSPlanner,32,15,0.46875,0.5185185185185185,0.5185185185185185,True,35.0,67.5,1040.3928723719623,1249.834802816167,159.60712762803746,79.60712762803746,False,103.37432856608255,True,False,0.0137398827253206,0.0008617898978911,2.8284271247461903,False,1.0,8.000:8.000|37.610:13.828|40.418:28.018|74.133:57.276|46.747:91.526|78.379:92.413|66.771:88.801|72.924:63.869|70.264:56.095|67.025:56.937|63.862:46.764|88.511:41.916|33.938:35.573|34.361:32.907|20.210:22.482|17.444:22.118|8.000:8.000,0-29-24-20-11-32-2-7-22-25-13-23-5-6-10-31-0,4.938342644833028
108,severe,cluttered,RAWA-RHP,32,23,0.71875,0.7037037037037037,0.7037037037037037,True,47.5,67.5,1042.5011110077412,1222.5290792027304,157.498888992259,77.498888992259,False,113.4769736269209,True,False,0.0505888371627499,0.002139837390149,2.0,False,1.0,8.000:8.000|17.444:22.118|20.210:22.482|37.610:13.828|40.418:28.018|34.361:32.907|33.938:35.573|63.862:46.764|67.025:56.937|70.264:56.095|74.133:57.276|72.924:63.869|84.880:85.302|87.288:57.265|86.157:53.535|85.619:51.348|88.511:41.916|92.995:36.862|93.807:31.361|78.944:18.666|87.162:26.610|83.627:24.996|73.205:11.959|70.351:9.088|8.000:8.000,0-31-10-29-24-6-5-13-25-22-20-7-26-30-28-9-23-16-12-17-18-19-3-27-0,20.139105138136077
108,severe,sparse,NearestNeighbor,32,21,0.65625,0.6614173228346457,0.0,False,42.0,63.5,1678.2397738299594,1648.9237860662945,-478.23977382995946,-558.2397738299594,True,104.8643420291848,False,True,0.1026452316817146,0.0048212223284813,2.0,True,1.0,8.000:8.000|34.553:34.428|27.068:44.555|29.129:52.716|33.227:52.424|34.199:50.209|42.232:45.387|41.032:59.543|32.052:62.944|27.937:63.568|24.050:63.307|18.885:61.556|23.228:55.119|21.143:74.901|23.716:77.235|24.853:82.952|28.048:86.235|38.348:71.971|62.452:51.788|68.278:46.206|58.385:36.570|63.077:25.161|8.000:8.000,0-6-13-22-10-30-5-7-9-1-3-25-2-32-17-20-26-14-21-4-28-16-0,0.0018343869596719
108,severe,sparse,ValuePerDistance,32,17,0.53125,0.5984251968503937,0.0,False,38.0,63.5,1913.1314457908077,1940.975324013585,-713.1314457908074,-793.1314457908074,True,107.69094191498648,False,True,0.2788084502387528,0.0166561491022555,2.0,True,1.0,8.000:8.000|34.553:34.428|27.068:44.555|29.129:52.716|33.227:52.424|34.199:50.209|42.232:45.387|58.385:36.570|63.077:25.161|77.528:16.564|83.040:63.904|82.729:80.780|81.047:83.782|80.708:87.279|76.769:93.722|67.679:80.972|71.786:73.318|71.653:65.035|8.000:8.000,0-6-13-22-10-30-5-28-16-24-11-31-29-23-27-19-15-12-0,0.0012423589359968
108,severe,sparse,WindAwareGreedy,32,17,0.53125,0.6062992125984252,0.0,False,38.5,63.5,2122.686347387434,2114.012284003048,-922.6863473874344,-1002.6863473874344,True,113.35181147121124,False,True,0.1074452471688864,0.006185992104557,2.0,True,1.0,8.000:8.000|34.553:34.428|27.068:44.555|29.129:52.716|33.227:52.424|58.385:36.570|63.077:25.161|62.452:51.788|83.040:63.904|82.729:80.780|81.047:83.782|80.708:87.279|76.769:93.722|67.679:80.972|71.653:65.035|71.786:73.318|94.699:80.244|97.143:82.441|8.000:8.000,0-6-13-22-10-28-16-21-11-31-29-23-27-19-12-15-18-8-0,0.0013580920640379
108,severe,sparse,ReserveOnlyPlanner,32,8,0.25,0.3385826771653543,0.3385826771653543,True,21.5,63.5,1045.2672356497503,1142.807020105226,154.73276435024934,74.73276435024934,False,56.33924591578212,True,False,0.2060913812913716,0.0247738712132721,2.0,False,1.0,8.000:8.000|34.553:34.428|27.068:44.555|29.129:52.716|33.227:52.424|42.232:45.387|58.385:36.570|63.077:25.161|77.528:16.564|8.000:8.000,0-6-13-22-10-5-28-16-24-0,0.0008612319361418
108,severe,sparse,FairRiskAwareGreedy,32,12,0.375,0.4960629921259842,0.4960629921259842,True,31.5,63.5,1093.460592289828,1166.5186220340097,106.53940771017218,26.539407710172185,False,103.2892181942914,True,False,0.0002039071889196,1.568633027741846e-05,4.0,False,1.0,8.000:8.000|34.553:34.428|58.385:36.570|29.129:52.716|27.068:44.555|33.227:52.424|42.232:45.387|63.077:25.161|62.452:51.788|41.032:59.543|67.679:80.972|18.885:61.556|23.716:77.235|8.000:8.000,0-6-28-22-13-10-5-16-21-7-19-25-17-0,0.0017036818899214
108,severe,sparse,FairALNSPlanner,32,17,0.53125,0.5826771653543307,0.5826771653543307,True,37.0,63.5,1038.3837180472765,1236.9429567587033,161.6162819527235,81.61628195272351,False,105.68758356364027,True,False,0.0019253373411103,0.0001070446799002,2.8284271247461903,False,1.0,8.000:8.000|34.553:34.428|42.232:45.387|71.786:73.318|81.047:83.782|82.729:80.780|83.040:63.904|68.278:46.206|62.452:51.788|58.385:36.570|27.937:63.568|23.716:77.235|21.143:74.901|24.853:82.952|18.885:61.556|23.228:55.119|27.068:44.555|29.129:52.716|8.000:8.000,0-6-5-15-29-31-11-4-21-28-1-17-32-20-25-2-13-22-0,8.231724437093362
108,severe,sparse,RAWA-RHP,32,21,0.65625,0.7401574803149606,0.7401574803149606,True,47.0,63.5,1027.621775678558,1249.3457024484303,172.3782243214417,92.3782243214417,False,110.83889603551506,True,False,0.0625557808129357,0.0028889450402492,2.0,False,1.0,8.000:8.000|34.553:34.428|42.232:45.387|34.199:50.209|33.227:52.424|29.129:52.716|27.068:44.555|23.228:55.119|18.885:61.556|21.143:74.901|23.716:77.235|24.853:82.952|67.679:80.972|76.769:93.722|80.708:87.279|81.047:83.782|82.729:80.780|83.040:63.904|68.278:46.206|62.452:51.788|58.385:36.570|63.077:25.161|8.000:8.000,0-6-5-30-10-22-13-2-25-32-17-20-19-27-23-29-31-11-4-21-28-16-0,35.56324256095104
108,calm,sparse,NearestNeighbor,32,29,0.90625,0.9015151515151516,0.0,False,59.5,66.0,1207.3582585169136,1213.2208022049342,-7.358258516913708,-87.35825851691371,True,146.53291195674038,False,True,0.0127501886424166,0.0004268062855294,2.0,True,1.0,8.000:8.000|15.232:16.046|15.113:18.846|15.581:22.153|19.200:30.681|28.222:27.268|27.647:24.962|38.609:11.454|41.656:11.423|47.400:27.638|65.850:37.976|69.808:35.732|61.380:45.592|56.516:52.700|66.203:53.566|71.217:56.365|80.251:49.704|88.864:65.892|88.440:83.261|65.818:85.379|63.775:84.385|59.291:77.736|67.617:68.110|51.277:85.420|32.941:75.949|29.812:68.762|30.412:66.159|29.748:63.647|20.978:55.083|13.467:87.887|8.000:8.000,0-29-32-20-2-30-7-15-17-10-27-13-5-26-12-9-31-1-16-3-21-22-24-25-4-6-14-8-23-18-0,0.0021443630103021
108,calm,sparse,ValuePerDistance,32,31,0.96875,0.9848484848484848,0.0,False,65.0,66.0,1308.2286385643806,1307.856484643391,-108.22863856438056,-188.22863856438056,True,156.68779702670037,False,True,0.0116365220017927,0.0003653043292151,2.0,True,1.0,8.000:8.000|15.581:22.153|15.113:18.846|15.232:16.046|18.389:11.508|27.647:24.962|28.222:27.268|19.200:30.681|47.400:27.638|41.656:11.423|38.609:11.454|75.547:15.566|70.681:20.248|69.808:35.732|65.850:37.976|61.380:45.592|56.516:52.700|66.203:53.566|71.217:56.365|80.251:49.704|88.864:65.892|67.617:68.110|59.291:77.736|63.775:84.385|65.818:85.379|51.277:85.420|32.941:75.949|29.748:63.647|30.412:66.159|29.812:68.762|13.467:87.887|20.978:55.083|8.000:8.000,0-20-32-29-19-7-30-2-10-17-15-28-11-13-27-5-26-12-9-31-1-24-22-21-3-25-4-8-14-6-18-23-0,0.0017037000507116
108,calm,sparse,WindAwareGreedy,32,21,0.65625,0.7651515151515151,0.0,False,50.5,66.0,1228.8084854777262,1223.3367906944136,-28.808485477726123,-108.80848547772612,True,136.46595201723295,False,True,0.0134666056000537,0.0006153930109188,2.0,True,1.0,8.000:8.000|15.581:22.153|27.647:24.962|28.222:27.268|29.748:63.647|56.516:52.700|61.380:45.592|69.808:35.732|75.547:15.566|70.681:20.248|41.656:11.423|47.400:27.638|66.203:53.566|71.217:56.365|59.291:77.736|32.941:75.949|13.467:87.887|19.200:30.681|15.232:16.046|15.113:18.846|18.389:11.508|38.609:11.454|8.000:8.000,0-20-7-30-8-26-5-13-28-11-17-10-12-9-22-4-18-2-29-32-19-15-0,0.0016280799172818
108,calm,sparse,ReserveOnlyPlanner,32,20,0.625,0.7272727272727273,0.7272727272727273,True,48.0,66.0,974.9701792700944,1012.9648998821943,225.0298207299056,145.02982072990557,False,112.46743136775692,True,False,0.0267434889326145,0.0012866932333338,2.0,False,1.0,8.000:8.000|15.581:22.153|27.647:24.962|28.222:27.268|19.200:30.681|29.748:63.647|32.941:75.949|13.467:87.887|56.516:52.700|61.380:45.592|66.203:53.566|71.217:56.365|69.808:35.732|75.547:15.566|70.681:20.248|47.400:27.638|41.656:11.423|38.609:11.454|15.232:16.046|15.113:18.846|18.389:11.508|8.000:8.000,0-20-7-30-2-8-4-18-26-5-12-9-13-28-11-10-17-15-29-32-19-0,0.0016465948428958
108,calm,sparse,FairRiskAwareGreedy,32,19,0.59375,0.7121212121212122,0.7121212121212122,True,47.0,66.0,1025.8148707793969,1048.1329247906351,174.18512922060305,94.18512922060305,False,123.47015883829872,True,False,0.0100955147175068,0.0005066587688221,2.0,False,1.0,8.000:8.000|15.581:22.153|27.647:24.962|28.222:27.268|29.748:63.647|56.516:52.700|61.380:45.592|69.808:35.732|75.547:15.566|41.656:11.423|47.400:27.638|66.203:53.566|71.217:56.365|59.291:77.736|32.941:75.949|13.467:87.887|19.200:30.681|15.232:16.046|15.113:18.846|18.389:11.508|8.000:8.000,0-20-7-30-8-26-5-13-28-17-10-12-9-22-4-18-2-29-32-19-0,0.002866209950298
108,calm,sparse,FairALNSPlanner,32,29,0.90625,0.9545454545454546,0.9545454545454546,True,63.0,66.0,1026.5346427523548,1101.730804071368,173.4653572476453,93.4653572476453,False,137.70741174296768,True,False,0.0106543020420397,0.0003564936164085,2.0,False,1.0,8.000:8.000|15.232:16.046|15.113:18.846|15.581:22.153|27.647:24.962|28.222:27.268|19.200:30.681|20.978:55.083|29.748:63.647|30.412:66.159|29.812:68.762|32.941:75.949|13.467:87.887|51.277:85.420|59.291:77.736|67.617:68.110|88.864:65.892|80.251:49.704|71.217:56.365|66.203:53.566|56.516:52.700|61.380:45.592|65.850:37.976|69.808:35.732|70.681:20.248|75.547:15.566|47.400:27.638|41.656:11.423|38.609:11.454|18.389:11.508|8.000:8.000,0-29-32-20-7-30-2-23-8-14-6-4-18-25-22-24-1-31-9-12-26-5-27-13-11-28-10-17-15-19-0,19.343678754987195
108,calm,sparse,RAWA-RHP,32,29,0.90625,0.9393939393939394,0.9393939393939394,True,62.0,66.0,1034.4445769964716,1100.7133133345922,165.55542300352838,85.55542300352838,False,138.58538984995016,True,False,0.0151960778024805,0.0005095190535674,2.0,False,1.0,8.000:8.000|15.232:16.046|15.113:18.846|15.581:22.153|19.200:30.681|29.748:63.647|30.412:66.159|29.812:68.762|13.467:87.887|32.941:75.949|51.277:85.420|63.775:84.385|65.818:85.379|59.291:77.736|67.617:68.110|71.217:56.365|80.251:49.704|66.203:53.566|56.516:52.700|61.380:45.592|65.850:37.976|69.808:35.732|70.681:20.248|75.547:15.566|47.400:27.638|28.222:27.268|27.647:24.962|38.609:11.454|41.656:11.423|18.389:11.508|8.000:8.000,0-29-32-20-2-8-14-6-18-4-25-21-3-22-24-9-31-12-26-5-27-13-11-28-10-30-7-15-17-19-0,55.00071447808296
107,moderate,cluttered,NearestNeighbor,32,25,0.78125,0.8095238095238095,0.0,False,51.0,63.0,1459.4347062441193,1469.3341486578588,-259.4347062441195,-339.4347062441195,True,133.8889323380455,False,True,0.1111363541873119,0.0044849643101621,2.0,True,1.0,8.000:8.000|24.418:19.644|21.464:30.381|12.339:34.762|17.771:59.438|28.541:63.329|27.001:66.895|20.406:71.712|20.266:74.179|24.564:79.200|27.040:85.762|29.685:87.571|39.267:96.601|49.437:85.464|61.658:74.771|67.751:67.694|70.292:53.940|72.981:50.678|68.653:37.125|62.570:32.373|49.729:40.193|40.337:24.601|45.624:19.618|81.225:22.859|80.994:36.186|85.795:43.918|8.000:8.000,0-9-7-10-18-12-27-30-2-13-17-28-6-14-3-11-22-32-23-15-8-1-24-26-31-20-0,0.0019296240061521
107,moderate,cluttered,ValuePerDistance,32,23,0.71875,0.7698412698412699,0.0,False,48.5,63.0,1357.592370760358,1384.6039087810684,-157.5923707603578,-237.5923707603578,True,123.03177030267808,False,True,0.2573593098277186,0.012081980504852,2.0,True,1.0,8.000:8.000|24.418:19.644|12.339:34.762|21.464:30.381|40.337:24.601|45.624:19.618|62.570:32.373|72.981:50.678|70.292:53.940|67.751:67.694|61.658:74.771|50.494:64.147|28.541:63.329|27.001:66.895|20.406:71.712|20.266:74.179|24.564:79.200|27.040:85.762|29.685:87.571|13.043:82.145|39.045:70.610|40.428:73.083|43.717:60.877|49.729:40.193|8.000:8.000,0-9-10-7-1-24-15-32-22-11-3-5-12-27-30-2-13-17-28-29-21-19-16-8-0,0.0014722768682986
107,moderate,cluttered,WindAwareGreedy,32,16,0.5,0.6428571428571429,0.0,False,40.5,63.0,1379.178778316998,1345.2637288945546,-179.17877831699795,-259.178778316998,True,111.86864925046368,False,True,0.0556422643720794,0.003341176245602,2.0,True,1.0,8.000:8.000|12.339:34.762|24.418:19.644|45.624:19.618|40.337:24.601|28.541:63.329|24.564:79.200|13.043:82.145|20.266:74.179|20.406:71.712|27.040:85.762|29.685:87.571|39.267:96.601|67.751:67.694|72.981:50.678|62.570:32.373|83.999:8.639|8.000:8.000,0-10-9-24-1-12-13-29-2-30-17-28-6-11-32-15-25-0,0.0013450030237436
107,moderate,cluttered,ReserveOnlyPlanner,32,17,0.53125,0.6428571428571429,0.6428571428571429,True,40.5,63.0,1058.5622144141437,1192.5221750210312,141.43778558585612,61.43778558585612,False,94.910210063172,True,False,0.0430262021846853,0.0024224080886433,2.0,False,1.0,8.000:8.000|12.339:34.762|28.541:63.329|24.564:79.200|13.043:82.145|20.266:74.179|20.406:71.712|27.040:85.762|29.685:87.571|39.267:96.601|49.437:85.464|67.751:67.694|72.981:50.678|70.292:53.940|62.570:32.373|45.624:19.618|40.337:24.601|24.418:19.644|8.000:8.000,0-10-12-13-29-2-30-17-28-6-14-11-32-22-15-24-1-9-0,0.0014874029438942
107,moderate,cluttered,FairRiskAwareGreedy,32,13,0.40625,0.5158730158730159,0.5158730158730159,True,32.5,63.0,1091.8912622168518,1129.2974206484391,108.10873778314806,28.108737783148054,False,118.211789132265,True,False,0.0070887163079582,0.0005068413490752,2.0,False,1.0,8.000:8.000|12.339:34.762|24.418:19.644|45.624:19.618|40.337:24.601|83.999:8.639|72.981:50.678|62.570:32.373|13.043:82.145|24.564:79.200|20.266:74.179|27.001:66.895|21.464:30.381|39.045:70.610|8.000:8.000,0-10-9-24-1-25-32-15-29-13-2-27-7-21-0,0.001821236917749
107,moderate,cluttered,FairALNSPlanner,32,24,0.75,0.8253968253968254,0.8253968253968254,True,52.0,63.0,1049.7802097469971,1206.7377110898065,150.21979025300283,70.21979025300283,False,129.85373362839505,True,False,0.0239401819916269,0.0009647550807425,2.0,False,1.0,8.000:8.000|12.339:34.762|13.043:82.145|28.541:63.329|27.001:66.895|24.564:79.200|20.266:74.179|20.406:71.712|27.040:85.762|29.685:87.571|39.267:96.601|49.437:85.464|61.658:74.771|67.751:67.694|70.292:53.940|72.981:50.678|68.653:37.125|85.795:43.918|80.994:36.186|81.225:22.859|83.999:8.639|45.624:19.618|40.337:24.601|24.418:19.644|21.464:30.381|8.000:8.000,0-10-29-12-27-13-2-30-17-28-6-14-3-11-22-32-23-20-31-26-25-24-1-9-7-0,13.45219454797916
107,moderate,cluttered,RAWA-RHP,32,25,0.78125,0.8492063492063492,0.8492063492063492,True,53.5,63.0,1036.281051505396,1194.203655580469,163.71894849460398,83.71894849460398,False,131.4139559075275,True,False,0.0609649173944326,0.0023990416252709,2.0,False,1.0,8.000:8.000|21.464:30.381|12.339:34.762|13.043:82.145|20.406:71.712|20.266:74.179|24.564:79.200|29.685:87.571|27.040:85.762|27.001:66.895|28.541:63.329|40.428:73.083|39.045:70.610|43.717:60.877|49.729:40.193|68.653:37.125|70.292:53.940|72.981:50.678|85.795:43.918|80.994:36.186|81.225:22.859|83.999:8.639|62.570:32.373|45.624:19.618|40.337:24.601|24.418:19.644|8.000:8.000,0-7-10-29-30-2-13-28-17-27-12-19-21-16-8-23-22-32-20-31-26-25-15-24-1-9-0,80.76610358105972
106,moderate,cluttered,NearestNeighbor,32,25,0.78125,0.7841726618705036,0.0,False,54.5,69.5,1426.4251117795338,1448.048405794072,-226.4251117795344,-306.4251117795344,True,126.58707081000357,False,True,0.1408082836002382,0.0057763364571871,2.0,True,1.0,8.000:8.000|18.128:8.364|25.320:28.930|29.910:35.556|37.947:31.692|52.781:30.821|55.064:29.587|59.388:36.326|65.844:28.214|73.326:29.352|77.792:33.241|76.977:36.353|85.972:34.504|85.020:32.542|90.659:30.875|93.745:39.988|93.382:43.305|68.784:46.278|62.617:75.231|58.570:84.156|73.086:90.512|74.746:82.010|39.368:83.434|37.496:78.416|28.603:71.782|41.978:60.532|8.000:8.000,0-11-24-22-32-29-31-3-2-30-15-12-18-5-1-4-21-8-19-6-16-25-17-27-7-14-0,0.0019622251857072
106,moderate,cluttered,ValuePerDistance,32,23,0.71875,0.7841726618705036,0.0,False,54.5,69.5,1459.4687173922696,1442.2656320481406,-259.4687173922697,-339.4687173922697,True,129.57277606251228,False,True,0.1442911189364943,0.0063315769892812,2.0,True,1.0,8.000:8.000|18.128:8.364|25.320:28.930|29.910:35.556|34.624:47.037|41.978:60.532|37.496:78.416|39.368:83.434|29.403:91.055|28.603:71.782|68.784:46.278|59.388:36.326|55.064:29.587|52.781:30.821|73.326:29.352|77.792:33.241|76.977:36.353|85.972:34.504|85.020:32.542|90.659:30.875|93.745:39.988|93.382:43.305|81.816:9.255|65.844:28.214|8.000:8.000,0-11-24-22-20-14-27-17-26-7-8-3-31-29-30-15-12-18-5-1-4-21-10-2-0,0.0014720880426466
106,moderate,cluttered,WindAwareGreedy,32,21,0.65625,0.762589928057554,0.0,False,53.0,69.5,1758.814830495563,1750.7529650370705,-558.8148304955632,-638.8148304955632,True,143.1986523500913,False,True,0.1695370844414999,0.0083022012346152,2.0,True,1.0,8.000:8.000|18.128:8.364|25.320:28.930|52.781:30.821|55.064:29.587|59.388:36.326|68.784:46.278|73.326:29.352|90.659:30.875|93.745:39.988|85.972:34.504|77.792:33.241|76.977:36.353|81.816:9.255|39.986:16.002|47.786:11.135|34.624:47.037|41.978:60.532|37.496:78.416|39.368:83.434|29.403:91.055|74.746:82.010|8.000:8.000,0-11-24-29-31-3-8-30-1-4-18-15-12-10-28-23-20-14-27-17-26-25-0,0.0015804781578481
106,moderate,cluttered,ReserveOnlyPlanner,32,19,0.59375,0.6187050359712231,0.6187050359712231,True,43.0,69.5,1053.9683852344874,1129.7340791458555,146.03161476551264,66.03161476551264,False,100.07489652379134,True,False,0.1039461356895607,0.0054326195619401,2.0,False,1.0,8.000:8.000|18.128:8.364|25.320:28.930|29.910:35.556|52.781:30.821|55.064:29.587|59.388:36.326|68.784:46.278|73.326:29.352|90.659:30.875|93.745:39.988|93.382:43.305|85.972:34.504|85.020:32.542|77.792:33.241|76.977:36.353|81.816:9.255|65.844:28.214|39.986:16.002|47.786:11.135|8.000:8.000,0-11-24-22-29-31-3-8-30-1-4-21-18-5-15-12-10-2-28-23-0,0.001607728889212
106,moderate,cluttered,FairRiskAwareGreedy,32,14,0.4375,0.539568345323741,0.539568345323741,True,37.5,69.5,1071.0881893683609,1101.0712999083444,128.911810631639,48.91181063163901,False,116.76488184531392,True,False,0.0001711659731654,1.1411359129476218e-05,2.8284271247461903,False,1.0,8.000:8.000|25.320:28.930|18.128:8.364|39.986:16.002|55.064:29.587|68.784:46.278|34.624:47.037|41.978:60.532|37.496:78.416|39.368:83.434|29.403:91.055|59.388:36.326|47.786:11.135|73.326:29.352|81.816:9.255|8.000:8.000,0-24-11-28-31-8-20-14-27-17-26-3-23-30-10-0,0.0017894480843096
106,moderate,cluttered,FairALNSPlanner,32,17,0.53125,0.5467625899280576,0.5467625899280576,True,38.0,69.5,870.2528745709361,979.9606294681856,329.7471254290641,249.7471254290641,False,103.76347870750384,True,False,0.0394874504213866,0.0022269597618011,2.0,False,1.0,8.000:8.000|18.128:8.364|39.986:16.002|73.326:29.352|65.844:28.214|52.781:30.821|37.947:31.692|41.978:60.532|34.624:47.037|59.388:36.326|68.784:46.278|76.977:36.353|93.382:43.305|93.745:39.988|90.659:30.875|85.972:34.504|85.020:32.542|77.792:33.241|8.000:8.000,0-11-28-30-2-29-32-14-20-3-8-12-21-4-1-18-5-15-0,11.81322783511132
106,moderate,cluttered,RAWA-RHP,32,27,0.84375,0.8992805755395683,0.8992805755395683,True,62.5,69.5,1043.7948787758949,1189.278883303242,156.20512122410528,76.20512122410528,False,134.40471769238707,True,False,0.1031822690502543,0.0038490333723275,2.0,False,1.0,8.000:8.000|25.320:28.930|29.910:35.556|18.282:38.104|34.624:47.037|41.978:60.532|37.496:78.416|39.368:83.434|29.403:91.055|58.570:84.156|62.617:75.231|68.784:46.278|59.388:36.326|52.781:30.821|55.064:29.587|65.844:28.214|73.326:29.352|76.977:36.353|77.792:33.241|85.020:32.542|85.972:34.504|93.382:43.305|93.745:39.988|90.659:30.875|81.816:9.255|47.786:11.135|39.986:16.002|18.128:8.364|8.000:8.000,0-24-22-9-20-14-27-17-26-6-19-8-3-29-31-2-30-12-15-5-18-21-4-1-10-23-28-11-0,115.9974903059192
107,calm,cluttered,NearestNeighbor,32,30,0.9375,0.934959349593496,0.0,False,57.5,61.5,1328.081157732582,1337.5433749531535,-128.08115773258254,-208.0811577325825,True,156.11154871815896,False,True,0.059957191037953,0.0019859247796171,2.0,True,1.0,8.000:8.000|20.238:19.534|29.951:34.341|40.560:16.640|47.436:11.187|56.022:20.409|59.230:23.340|49.070:24.253|69.012:27.704|75.998:12.628|76.935:8.588|82.278:7.850|87.767:9.427|86.752:41.060|83.775:42.438|71.046:46.461|81.639:61.664|69.110:70.744|64.452:75.078|56.300:79.522|54.391:83.757|50.523:72.348|54.901:67.726|38.710:67.446|34.054:64.759|40.628:58.403|49.587:53.561|39.940:74.105|35.695:81.714|23.762:90.547|11.731:88.489|8.000:8.000,0-1-15-24-19-28-17-9-8-29-30-4-11-26-16-31-6-20-10-18-2-13-22-23-14-25-27-7-21-5-12-0,0.0021401171106845
107,calm,cluttered,ValuePerDistance,32,26,0.8125,0.8699186991869918,0.0,False,53.5,61.5,1331.9226072810566,1330.8259308209438,-131.9226072810566,-211.9226072810566,True,149.37175659414604,False,True,0.0159780498452161,0.0005948273443674,2.0,True,1.0,8.000:8.000|20.238:19.534|29.951:34.341|56.022:20.409|59.230:23.340|69.012:27.704|86.752:41.060|83.775:42.438|71.046:46.461|50.523:72.348|56.300:79.522|54.391:83.757|35.695:81.714|39.940:74.105|38.710:67.446|34.054:64.759|40.628:58.403|49.587:53.561|54.901:67.726|69.110:70.744|64.452:75.078|91.117:84.767|81.639:61.664|75.998:12.628|76.935:8.588|87.767:9.427|82.278:7.850|8.000:8.000,0-1-15-28-17-8-26-16-31-13-18-2-21-7-23-14-25-27-22-20-10-3-6-29-30-11-4-0,0.001598231960088
107,calm,cluttered,WindAwareGreedy,32,21,0.65625,0.7073170731707317,0.0,False,43.5,61.5,1260.1942671847298,1248.1193336580388,-60.19426718472965,-140.19426718472965,True,135.4755430478664,False,True,0.0503741692989418,0.0023380392037849,2.0,True,1.0,8.000:8.000|56.022:20.409|59.230:23.340|86.752:41.060|83.775:42.438|50.523:72.348|56.300:79.522|40.628:58.403|34.054:64.759|38.710:67.446|35.695:81.714|39.940:74.105|29.951:34.341|20.238:19.534|49.070:24.253|69.012:27.704|75.998:12.628|76.935:8.588|87.767:9.427|82.278:7.850|47.436:11.187|40.560:16.640|8.000:8.000,0-28-17-26-16-13-18-25-14-23-21-7-15-1-9-8-29-30-11-4-19-24-0,0.0015855091623961
107,calm,cluttered,ReserveOnlyPlanner,32,18,0.5625,0.6260162601626016,0.6260162601626016,True,38.5,61.5,976.4320452066256,1010.8132628128892,223.56795479337444,143.56795479337444,False,107.35400178093757,True,False,0.0375288505412062,0.0020047844644364,2.0,False,1.0,8.000:8.000|20.238:19.534|29.951:34.341|56.022:20.409|59.230:23.340|69.012:27.704|86.752:41.060|83.775:42.438|50.523:72.348|56.300:79.522|40.628:58.403|34.054:64.759|38.710:67.446|35.695:81.714|39.940:74.105|49.587:53.561|49.070:24.253|40.560:16.640|47.436:11.187|8.000:8.000,0-1-15-28-17-8-26-16-13-18-25-14-23-21-7-27-9-24-19-0,0.0015974140260368
107,calm,cluttered,FairRiskAwareGreedy,32,17,0.53125,0.5772357723577236,0.5772357723577236,True,35.5,61.5,1090.332866903034,1117.1790090437396,109.66713309696594,29.66713309696594,False,125.89418152525916,True,False,3.81080616207452e-06,2.117116178417749e-07,2.8284271247461903,False,1.0,8.000:8.000|56.022:20.409|59.230:23.340|86.752:41.060|83.775:42.438|69.012:27.704|50.523:72.348|56.300:79.522|35.695:81.714|11.731:88.489|17.998:76.854|20.238:19.534|29.951:34.341|49.070:24.253|75.998:12.628|76.935:8.588|47.436:11.187|40.560:16.640|8.000:8.000,0-28-17-26-16-8-13-18-21-12-32-1-15-9-29-30-19-24-0,0.0021747841965407
107,calm,cluttered,FairALNSPlanner,32,25,0.78125,0.8455284552845529,0.8455284552845529,True,52.0,61.5,1052.691301303234,1122.0460417453976,147.30869869676576,67.30869869676576,False,134.74273845540267,True,False,0.0262573422191108,0.001019294516792,2.0,False,1.0,8.000:8.000|40.560:16.640|49.587:53.561|40.628:58.403|34.054:64.759|38.710:67.446|39.940:74.105|35.695:81.714|54.391:83.757|56.300:79.522|50.523:72.348|54.901:67.726|64.452:75.078|69.110:70.744|91.117:84.767|86.752:41.060|83.775:42.438|69.012:27.704|75.998:12.628|87.767:9.427|76.935:8.588|59.230:23.340|56.022:20.409|49.070:24.253|29.951:34.341|20.238:19.534|8.000:8.000,0-24-27-25-14-23-7-21-2-18-13-22-10-20-3-26-16-8-29-11-30-17-28-9-15-1-0,15.826681103091689
107,calm,cluttered,RAWA-RHP,32,28,0.875,0.8861788617886179,0.8861788617886179,True,54.5,61.5,1015.1266358139834,1088.1936659079126,184.87336418601663,104.87336418601666,False,134.2774701857593,True,False,0.0327396481624642,0.0011444037985213,2.0,False,1.0,8.000:8.000|20.238:19.534|29.951:34.341|49.587:53.561|40.628:58.403|34.054:64.759|38.710:67.446|39.940:74.105|35.695:81.714|54.391:83.757|56.300:79.522|50.523:72.348|54.901:67.726|64.452:75.078|69.110:70.744|81.639:61.664|71.046:46.461|83.775:42.438|86.752:41.060|87.767:9.427|82.278:7.850|76.935:8.588|75.998:12.628|69.012:27.704|59.230:23.340|56.022:20.409|49.070:24.253|40.560:16.640|47.436:11.187|8.000:8.000,0-1-15-27-25-14-23-7-21-2-18-13-22-10-20-6-31-16-26-11-4-30-29-8-17-28-9-24-19-0,107.27922653406858
107,moderate,sparse,NearestNeighbor,32,30,0.9375,0.9495798319327732,0.0,False,56.5,59.5,1541.6304708662474,1539.277028461271,-341.6304708662476,-421.6304708662476,True,148.551765454112,False,True,0.0652122511956836,0.0021587629192675,2.0,True,1.0,8.000:8.000|26.676:15.927|41.798:17.067|47.783:26.197|63.318:39.709|68.356:33.824|73.747:36.409|87.936:39.451|88.257:32.063|84.830:26.847|89.416:14.049|78.727:9.233|66.055:18.250|67.241:50.485|62.919:56.964|66.217:59.704|72.023:62.787|72.982:65.452|80.083:61.282|88.855:67.759|84.013:72.768|77.520:72.709|67.630:76.965|60.189:73.104|60.096:69.362|35.669:59.121|32.049:55.989|31.890:50.141|37.138:45.430|40.415:46.343|22.004:76.682|8.000:8.000,0-31-30-5-1-23-20-11-26-3-32-14-28-12-17-19-6-8-2-22-27-21-7-25-29-10-18-15-9-13-24-0,0.0020856268238276
107,moderate,sparse,ValuePerDistance,32,24,0.75,0.7983193277310925,0.0,False,47.5,59.5,1434.7117911606535,1440.7177361057234,-234.71179116065312,-314.7117911606531,True,131.8363945526165,False,True,0.0879753154744017,0.0036593658784855,2.0,True,1.0,8.000:8.000|26.676:15.927|41.798:17.067|47.783:26.197|40.415:46.343|37.138:45.430|31.890:50.141|32.049:55.989|35.669:59.121|22.004:76.682|31.343:83.345|66.217:59.704|72.982:65.452|72.023:62.787|67.241:50.485|62.919:56.964|60.096:69.362|60.189:73.104|67.630:76.965|88.855:67.759|84.013:72.768|77.520:72.709|87.936:39.451|88.257:32.063|84.830:26.847|8.000:8.000,0-31-30-5-13-9-15-18-10-24-4-19-8-6-12-17-29-25-7-22-27-21-11-26-3-0,0.0015478660352528
107,moderate,sparse,WindAwareGreedy,32,15,0.46875,0.6302521008403361,0.0,False,37.5,59.5,1289.0827088137246,1264.133911718274,-89.0827088137249,-169.0827088137249,True,104.76264662224634,False,True,0.1790559706991908,0.0120137867741304,2.0,True,1.0,8.000:8.000|26.676:15.927|40.415:46.343|37.138:45.430|22.004:76.682|66.217:59.704|67.241:50.485|72.982:65.452|67.630:76.965|60.096:69.362|72.023:62.787|88.855:67.759|87.936:39.451|63.318:39.709|47.783:26.197|41.798:17.067|8.000:8.000,0-31-13-9-24-19-12-8-7-29-6-22-11-1-5-30-0,0.0013259628321975
107,moderate,sparse,ReserveOnlyPlanner,32,14,0.4375,0.5546218487394958,0.5546218487394958,True,33.0,59.5,1101.032576360498,1189.0313313574045,98.96742363950212,18.967423639502115,False,93.90721480299597,True,False,0.0901183732400106,0.0062019189571215,2.0,False,1.0,8.000:8.000|26.676:15.927|40.415:46.343|37.138:45.430|22.004:76.682|31.343:83.345|67.630:76.965|72.982:65.452|66.217:59.704|67.241:50.485|72.023:62.787|88.855:67.759|80.083:61.282|47.783:26.197|41.798:17.067|8.000:8.000,0-31-13-9-24-4-7-8-19-12-6-22-2-5-30-0,0.0013798489235341
107,moderate,sparse,FairRiskAwareGreedy,32,15,0.46875,0.5966386554621849,0.5966386554621849,True,35.5,59.5,1094.9541626264229,1135.814241640103,105.04583737357775,25.04583737357777,False,119.8774651747122,True,False,0.0009239983349506,5.777183810250913e-05,2.8284271247461903,False,1.0,8.000:8.000|26.676:15.927|40.415:46.343|37.138:45.430|67.241:50.485|66.217:59.704|87.936:39.451|72.982:65.452|67.630:76.965|88.855:67.759|63.318:39.709|41.798:17.067|47.783:26.197|78.727:9.233|66.055:18.250|84.830:26.847|8.000:8.000,0-31-13-9-12-19-11-8-7-22-1-30-5-14-28-3-0,0.0022070889826864
107,moderate,sparse,FairALNSPlanner,32,21,0.65625,0.7478991596638656,0.7478991596638656,True,44.5,59.5,1058.036085527991,1186.9010319720542,141.96391447200892,61.96391447200892,False,123.5439536436029,True,False,0.0167351067097673,0.0007640492016405,2.0,False,1.0,8.000:8.000|26.676:15.927|41.798:17.067|47.783:26.197|66.055:18.250|78.727:9.233|84.830:26.847|87.936:39.451|88.855:67.759|80.083:61.282|66.217:59.704|62.919:56.964|72.023:62.787|72.982:65.452|67.630:76.965|60.189:73.104|60.096:69.362|67.241:50.485|63.318:39.709|40.415:46.343|37.138:45.430|73.747:36.409|8.000:8.000,0-31-30-5-28-14-3-11-22-2-19-17-6-8-7-25-29-12-1-13-9-20-0,13.205457128817216
107,moderate,sparse,RAWA-RHP,32,27,0.84375,0.8991596638655462,0.8991596638655462,True,53.5,59.5,1044.8042708862024,1193.9893645183763,155.19572911379743,75.19572911379743,False,133.10862239250596,True,False,0.0939326982506584,0.0034997863593413,2.0,False,1.0,8.000:8.000|22.251:33.421|22.004:76.682|32.049:55.989|31.890:50.141|37.138:45.430|40.415:46.343|62.919:56.964|66.217:59.704|72.023:62.787|72.982:65.452|77.520:72.709|84.013:72.768|88.855:67.759|67.630:76.965|60.189:73.104|60.096:69.362|67.241:50.485|63.318:39.709|68.356:33.824|73.747:36.409|87.936:39.451|88.257:32.063|84.830:26.847|66.055:18.250|47.783:26.197|41.798:17.067|26.676:15.927|8.000:8.000,0-16-24-18-15-9-13-17-19-6-8-21-27-22-7-25-29-12-1-23-20-11-26-3-28-5-30-31-0,109.7508888640441
108,moderate,cluttered,NearestNeighbor,32,29,0.90625,0.8947368421052632,0.0,False,51.0,57.0,1552.2066597376163,1563.6147162014795,-352.20665973761686,-432.20665973761686,True,146.46627537014763,False,True,0.1289617681768501,0.0045248098712348,2.0,True,1.0,8.000:8.000|13.698:29.866|20.617:37.684|27.150:39.190|33.766:39.260|33.277:49.859|34.507:53.567|36.931:53.987|51.183:46.613|49.701:41.272|54.389:40.494|56.732:38.603|57.575:36.493|61.911:32.646|59.011:28.950|58.167:22.970|50.420:18.946|36.197:26.155|70.914:25.446|76.637:21.644|85.631:34.880|81.279:52.067|74.165:60.519|79.650:83.792|80.356:87.013|51.151:91.314|44.005:81.832|37.509:85.777|31.603:95.131|19.885:90.703|8.000:8.000,0-12-31-18-10-13-3-17-30-5-21-15-20-23-26-9-11-29-27-22-19-1-2-16-32-24-25-7-28-8-0,0.0020702639594674
108,moderate,cluttered,ValuePerDistance,32,25,0.78125,0.8157894736842105,0.0,False,46.5,57.0,1374.7454243157665,1367.7942423644538,-174.74542431576617,-254.74542431576617,True,128.24084009088358,False,True,0.1351538227803094,0.0055233635608617,2.0,True,1.0,8.000:8.000|36.197:26.155|49.701:41.272|54.389:40.494|56.732:38.603|57.575:36.493|61.911:32.646|59.011:28.950|58.167:22.970|50.420:18.946|70.914:25.446|76.637:21.644|85.631:34.880|93.796:57.234|81.279:52.067|74.165:60.519|79.650:83.792|80.356:87.013|51.151:91.314|37.509:85.777|44.005:81.832|47.976:70.543|35.688:68.880|34.507:53.567|36.931:53.987|33.277:49.859|8.000:8.000,0-29-5-21-15-20-23-26-9-11-27-22-19-6-1-2-16-32-24-7-25-4-14-3-17-13-0,0.0015307429712265
108,moderate,cluttered,WindAwareGreedy,32,20,0.625,0.7456140350877193,0.0,False,42.5,57.0,1575.9545795340955,1556.7651970926072,-375.95457953409607,-455.95457953409607,True,132.98840981930547,False,True,0.0793912744786728,0.0038861298514375,2.0,True,1.0,8.000:8.000|36.197:26.155|49.701:41.272|54.389:40.494|56.732:38.603|57.575:36.493|61.911:32.646|58.167:22.970|70.914:25.446|93.796:57.234|79.650:83.792|80.356:87.013|51.151:91.314|37.509:85.777|19.885:90.703|34.507:53.567|20.617:37.684|33.277:49.859|36.931:53.987|51.183:46.613|47.976:70.543|8.000:8.000,0-29-5-21-15-20-23-9-27-6-16-32-24-7-8-3-31-13-17-30-4-0,0.0015360419638454
108,moderate,cluttered,ReserveOnlyPlanner,32,18,0.5625,0.5964912280701754,0.5964912280701754,True,34.0,57.0,1080.7333022901264,1192.6716410761526,119.26669770987368,39.26669770987367,False,103.694000287531,True,False,0.0885049434830873,0.0048102991870258,2.0,False,1.0,8.000:8.000|36.197:26.155|49.701:41.272|54.389:40.494|56.732:38.603|57.575:36.493|61.911:32.646|51.183:46.613|34.507:53.567|36.931:53.987|33.277:49.859|20.617:37.684|27.150:39.190|33.766:39.260|35.688:68.880|37.509:85.777|51.151:91.314|19.885:90.703|13.698:29.866|8.000:8.000,0-29-5-21-15-20-23-30-3-17-13-31-18-10-14-7-24-8-12-0,0.0015915238764137
108,moderate,cluttered,FairRiskAwareGreedy,32,17,0.53125,0.6140350877192983,0.6140350877192983,True,35.0,57.0,1083.713793240696,1118.7748370893878,116.28620675930394,36.28620675930394,False,124.2669355872426,True,False,0.0007506553392989,4.1704289809300445e-05,2.8284271247461903,False,1.0,8.000:8.000|36.197:26.155|50.420:18.946|58.167:22.970|49.701:41.272|54.389:40.494|56.732:38.603|61.911:32.646|70.914:25.446|93.796:57.234|20.617:37.684|34.507:53.567|36.931:53.987|51.183:46.613|79.650:83.792|80.356:87.013|33.277:49.859|13.698:29.866|8.000:8.000,0-29-11-9-5-21-15-23-27-6-31-3-17-30-16-32-13-12-0,0.002108683111146
108,moderate,cluttered,FairALNSPlanner,32,22,0.6875,0.7631578947368421,0.7631578947368421,True,43.5,57.0,1056.923858150892,1198.9397733488724,143.07614184910824,63.07614184910824,False,128.6622888738255,True,False,0.0297634364256248,0.0013047648006334,2.0,False,1.0,8.000:8.000|36.197:26.155|50.420:18.946|58.167:22.970|70.914:25.446|76.637:21.644|61.911:32.646|57.575:36.493|56.732:38.603|54.389:40.494|49.701:41.272|51.183:46.613|79.650:83.792|80.356:87.013|93.796:57.234|81.279:52.067|36.931:53.987|33.277:49.859|34.507:53.567|19.885:90.703|27.150:39.190|20.617:37.684|13.698:29.866|8.000:8.000,0-29-11-9-27-22-23-20-15-21-5-30-16-32-6-1-17-13-3-8-18-31-12-0,13.67338227108121
108,moderate,cluttered,RAWA-RHP,32,25,0.78125,0.8596491228070176,0.8596491228070176,True,49.0,57.0,1046.3569724738811,1190.3667027127622,153.64302752611883,73.64302752611883,False,129.57839766317093,True,False,0.0577854716363113,0.0022565744789197,2.0,False,1.0,8.000:8.000|13.698:29.866|20.617:37.684|33.277:49.859|34.507:53.567|36.931:53.987|47.976:70.543|35.688:68.880|19.885:90.703|31.603:95.131|37.509:85.777|51.151:91.314|80.356:87.013|79.650:83.792|93.796:57.234|81.279:52.067|51.183:46.613|49.701:41.272|54.389:40.494|56.732:38.603|57.575:36.493|61.911:32.646|70.914:25.446|58.167:22.970|50.420:18.946|36.197:26.155|8.000:8.000,0-12-31-13-3-17-4-14-8-28-7-24-32-16-6-1-30-5-21-15-20-23-27-9-11-29-0,88.77710440196097
109,calm,cluttered,NearestNeighbor,32,27,0.84375,0.8320610687022901,0.0,False,54.5,65.5,1324.0850797594007,1328.3308041024234,-124.08507975940049,-204.0850797594005,True,147.09310582077376,False,True,0.0509624582392499,0.0018609683620003,2.0,True,1.0,8.000:8.000|19.620:17.464|24.310:13.188|35.350:13.405|25.814:27.242|39.773:33.625|38.172:40.078|40.532:41.736|56.980:32.743|65.304:39.803|78.027:46.757|79.190:44.334|88.307:53.914|94.055:41.435|82.774:22.656|71.068:12.703|61.765:13.484|65.885:22.894|72.062:67.440|65.860:71.922|49.565:66.785|40.572:63.996|39.794:80.835|35.508:90.677|14.573:93.829|14.583:74.715|17.158:75.602|19.710:65.627|8.000:8.000,0-21-15-20-25-17-30-16-26-24-19-10-23-12-2-13-32-9-31-7-14-4-29-8-28-3-27-18-0,0.0020342960488051
109,calm,cluttered,ValuePerDistance,32,26,0.8125,0.8625954198473282,0.0,False,56.5,65.5,1475.8996572834044,1470.345155342497,-275.89965728340445,-355.89965728340445,True,159.53798465706114,False,True,0.0343749560311209,0.0012912990676858,2.0,True,1.0,8.000:8.000|24.310:13.188|19.620:17.464|25.814:27.242|39.773:33.625|38.172:40.078|40.532:41.736|49.565:66.785|72.062:67.440|65.860:71.922|80.140:89.386|81.112:86.240|85.125:78.717|84.740:71.323|88.307:53.914|79.190:44.334|78.027:46.757|65.304:39.803|65.885:22.894|61.765:13.484|71.068:12.703|82.774:22.656|94.055:41.435|92.156:88.005|39.794:80.835|35.508:90.677|14.573:93.829|8.000:8.000,0-15-21-25-17-30-16-14-31-7-22-5-6-1-23-10-19-24-9-32-13-2-12-11-29-8-28-0,0.0015992920380085
109,calm,cluttered,WindAwareGreedy,32,21,0.65625,0.7862595419847328,0.0,False,51.5,65.5,1400.9647008913073,1403.789728162399,-200.96470089130776,-280.96470089130776,True,147.044131382067,False,True,0.044641121607711,0.0020673916085843,2.0,True,1.0,8.000:8.000|24.310:13.188|25.814:27.242|38.172:40.078|14.583:74.715|17.158:75.602|39.794:80.835|49.565:66.785|72.062:67.440|79.190:44.334|65.304:39.803|71.068:12.703|61.765:13.484|65.885:22.894|82.774:22.656|94.055:41.435|88.307:53.914|81.112:86.240|80.140:89.386|92.156:88.005|85.125:78.717|65.860:71.922|8.000:8.000,0-15-25-30-3-27-29-14-31-10-24-13-32-9-2-12-23-5-22-11-6-7-0,0.0016086269170045
109,calm,cluttered,ReserveOnlyPlanner,32,18,0.5625,0.6183206106870229,0.6183206106870229,True,40.5,65.5,1091.4239485031294,1134.41335679218,108.57605149687043,28.576051496870438,False,117.81202130649017,True,False,0.0279852972894678,0.0014886441887387,2.0,False,1.0,8.000:8.000|24.310:13.188|25.814:27.242|38.172:40.078|39.773:33.625|14.583:74.715|17.158:75.602|39.794:80.835|49.565:66.785|72.062:67.440|79.190:44.334|65.304:39.803|65.885:22.894|71.068:12.703|61.765:13.484|82.774:22.656|56.980:32.743|40.532:41.736|19.620:17.464|8.000:8.000,0-15-25-30-17-3-27-29-14-31-10-24-9-13-32-2-26-16-21-0,0.0015394061338156
109,calm,cluttered,FairRiskAwareGreedy,32,13,0.40625,0.4503816793893129,0.4503816793893129,True,29.5,65.5,1042.7748363551148,1059.560704397892,157.22516364488536,77.22516364488536,False,116.24435826812352,True,False,0.0025223258634758,0.0001802746652631,2.0,False,1.0,8.000:8.000|71.068:12.703|61.765:13.484|38.172:40.078|14.583:74.715|17.158:75.602|25.814:27.242|24.310:13.188|19.620:17.464|79.190:44.334|65.304:39.803|82.774:22.656|39.773:33.625|35.350:13.405|8.000:8.000,0-13-32-30-3-27-25-15-21-10-24-2-17-20-0,0.0018865270540118
109,calm,cluttered,FairALNSPlanner,32,20,0.625,0.6564885496183206,0.6564885496183206,True,43.0,65.5,1025.8189198360956,1078.7254473716691,174.1810801639044,94.1810801639044,False,124.35754469660502,True,False,0.0206035236334892,0.0009881617113344,2.0,False,1.0,8.000:8.000|24.310:13.188|35.350:13.405|61.765:13.484|65.885:22.894|65.304:39.803|79.190:44.334|72.062:67.440|84.740:71.323|88.307:53.914|94.055:41.435|82.774:22.656|71.068:12.703|39.773:33.625|38.172:40.078|14.583:74.715|17.158:75.602|19.710:65.627|40.532:41.736|25.814:27.242|19.620:17.464|8.000:8.000,0-15-20-32-9-24-10-31-1-23-12-2-13-17-30-3-27-18-16-25-21-0,11.29511327086948
109,calm,cluttered,RAWA-RHP,32,24,0.75,0.8244274809160306,0.8244274809160306,True,54.0,65.5,1047.5162817772452,1110.5071588932483,152.4837182227549,72.4837182227549,False,131.30659807851185,True,False,0.0479150399764951,0.0019550271559435,2.0,False,1.0,8.000:8.000|39.773:33.625|38.172:40.078|14.583:74.715|17.158:75.602|39.794:80.835|49.565:66.785|65.860:71.922|72.062:67.440|81.112:86.240|80.140:89.386|92.156:88.005|85.125:78.717|84.740:71.323|88.307:53.914|94.055:41.435|79.190:44.334|78.027:46.757|65.304:39.803|65.885:22.894|71.068:12.703|61.765:13.484|35.350:13.405|24.310:13.188|19.620:17.464|8.000:8.000,0-17-30-3-27-29-14-7-31-5-22-11-6-1-23-12-10-19-24-9-13-32-20-15-21-0,58.531551024876535
109,severe,cluttered,NearestNeighbor,32,11,0.34375,0.264,0.0,False,16.5,62.5,1482.4592341205853,1448.107932930421,-282.4592341205854,-362.4592341205854,True,68.7965389061788,False,True,0.2256188036864339,0.0205784385915778,2.0,True,1.0,8.000:8.000|26.738:30.919|33.142:25.468|36.295:39.305|22.376:54.117|20.853:52.159|15.849:57.049|12.497:59.908|11.112:79.496|22.518:85.449|38.399:80.010|44.912:59.147|8.000:8.000,0-26-31-3-13-10-6-7-24-30-22-4-0,0.0012353381607681
109,severe,cluttered,ValuePerDistance,32,12,0.375,0.336,0.0,False,21.0,62.5,1572.4983542560724,1554.6976102333442,-372.49835425607216,-452.49835425607216,True,74.76008857328155,False,True,0.1425910021825371,0.0115195148117078,2.0,True,1.0,8.000:8.000|26.738:30.919|33.142:25.468|36.295:39.305|22.376:54.117|20.853:52.159|15.849:57.049|12.497:59.908|11.112:79.496|22.518:85.449|38.399:80.010|57.476:73.404|55.554:71.381|8.000:8.000,0-26-31-3-13-10-6-7-24-30-22-23-15-0,0.0008763060905039
109,severe,cluttered,WindAwareGreedy,32,12,0.375,0.336,0.0,False,21.0,62.5,1542.2769996642091,1554.6976102333442,-342.276999664209,-422.276999664209,True,74.76008857328155,False,True,0.1425910021825371,0.0115195148117078,2.0,True,1.0,8.000:8.000|26.738:30.919|33.142:25.468|36.295:39.305|22.376:54.117|20.853:52.159|15.849:57.049|12.497:59.908|11.112:79.496|22.518:85.449|38.399:80.010|57.476:73.404|55.554:71.381|8.000:8.000,0-26-31-3-13-10-6-7-24-30-22-23-15-0,0.0010365177877247
109,severe,cluttered,ReserveOnlyPlanner,32,7,0.21875,0.16,0.16,True,10.0,62.5,866.4904993015692,923.4576164087688,333.509500698431,253.509500698431,False,43.00441320297556,True,False,0.0070909724275486,0.0008865352789838,2.8284271247461903,False,1.0,8.000:8.000|26.738:30.919|33.142:25.468|36.295:39.305|22.376:54.117|20.853:52.159|15.849:57.049|12.497:59.908|8.000:8.000,0-26-31-3-13-10-6-7-0,0.0007484660018235
109,severe,cluttered,FairRiskAwareGreedy,32,5,0.15625,0.168,0.168,True,10.5,62.5,590.7265301541551,618.8998548027213,609.2734698458449,529.2734698458449,False,48.43540715172639,True,False,0.0004866746451662,8.111804663925766e-05,4.0,False,1.0,8.000:8.000|59.176:9.769|73.927:8.669|70.998:43.327|26.738:30.919|33.142:25.468|8.000:8.000,0-27-8-21-26-31-0,0.0006513379048556
109,severe,cluttered,FairALNSPlanner,32,7,0.21875,0.248,0.248,True,15.5,62.5,748.8010548985852,824.1246233961592,451.19894510141467,371.19894510141467,False,63.26365946967324,True,False,0.0255325678934775,0.0032176083384027,2.8284271247461903,False,1.0,8.000:8.000|26.738:30.919|36.295:39.305|70.998:43.327|73.025:49.870|71.538:53.760|72.797:71.743|84.500:83.893|8.000:8.000,0-26-3-21-12-28-5-1-0,4.768427226925269
109,severe,cluttered,RAWA-RHP,32,19,0.59375,0.64,0.64,True,40.0,62.5,1050.2552564419414,1217.9919340297538,149.74474355805873,69.74474355805873,False,104.9093294916018,True,False,0.0460334840488159,0.0023175998775004,2.0,False,1.0,8.000:8.000|26.738:30.919|36.295:39.305|57.476:73.404|55.554:71.381|63.741:72.084|84.500:83.893|87.910:82.531|87.480:75.687|85.679:82.156|79.397:90.027|72.784:91.810|72.797:71.743|71.538:53.760|73.025:49.870|70.998:43.327|68.815:23.138|84.181:23.580|73.927:8.669|59.176:9.769|8.000:8.000,0-26-3-23-15-29-1-14-25-32-2-20-5-28-12-21-16-17-8-27-0,19.80333825503476
109,severe,sparse,NearestNeighbor,32,16,0.5,0.5,0.0,False,33.0,66.0,1580.6705627974177,1565.9610843441758,-380.67056279741786,-460.67056279741786,True,84.8181556062091,False,True,0.3408719220349638,0.0236111714837661,2.0,True,1.0,8.000:8.000|18.460:28.428|15.023:33.119|11.091:33.421|28.619:32.330|30.029:36.299|29.994:55.758|31.925:56.502|31.645:59.162|26.230:69.513|41.014:88.106|44.444:89.918|47.640:95.953|50.201:94.511|54.349:90.670|56.986:73.292|62.091:75.310|8.000:8.000,0-31-9-1-14-32-23-22-21-19-28-5-7-15-16-8-10-0,0.0014729900285601
109,severe,sparse,ValuePerDistance,32,15,0.46875,0.4772727272727273,0.0,False,31.5,66.0,1557.8913570945408,1557.6677978395985,-357.8913570945409,-437.8913570945409,True,82.04061614040054,False,True,0.3173192237003174,0.0230357983464828,2.0,True,1.0,8.000:8.000|11.091:33.421|15.023:33.119|18.460:28.428|28.619:32.330|30.029:36.299|31.645:59.162|31.925:56.502|29.994:55.758|26.230:69.513|41.014:88.106|44.444:89.918|50.201:94.511|47.640:95.953|54.349:90.670|62.091:75.310|8.000:8.000,0-1-9-31-14-32-21-22-23-19-28-5-15-7-16-10-0,0.0011962179560214
109,severe,sparse,WindAwareGreedy,32,14,0.4375,0.4696969696969697,0.0,False,31.0,66.0,1805.388201688853,1815.533908083235,-605.3882016888532,-685.3882016888532,True,87.26644182755639,False,True,0.3346807918078049,0.0260906792983892,2.0,True,1.0,8.000:8.000|11.091:33.421|18.460:28.428|28.619:32.330|30.029:36.299|31.645:59.162|26.230:69.513|29.994:55.758|31.925:56.502|47.523:64.614|62.091:75.310|41.014:88.106|44.444:89.918|50.201:94.511|47.640:95.953|8.000:8.000,0-1-31-14-32-21-19-23-22-29-10-28-5-15-7-0,0.0011982889845967
109,severe,sparse,ReserveOnlyPlanner,32,9,0.28125,0.2878787878787879,0.2878787878787879,True,19.0,66.0,969.8206722134838,1104.866863203812,230.17932778651615,150.17932778651618,False,51.660329646056354,True,False,0.3346841043276868,0.03906927161378,2.0,False,1.0,8.000:8.000|11.091:33.421|18.460:28.428|28.619:32.330|30.029:36.299|31.645:59.162|26.230:69.513|29.994:55.758|31.925:56.502|15.023:33.119|8.000:8.000,0-1-31-14-32-21-19-23-22-9-0,0.0009935251437127
109,severe,sparse,FairRiskAwareGreedy,32,2,0.0625,0.0833333333333333,0.0833333333333333,True,5.5,66.0,394.99705869394046,416.9464927146191,805.0029413060595,725.0029413060595,False,31.53669362380321,True,False,0.0010788627179458,0.0003597179539096,4.0,False,1.0,8.000:8.000|11.091:33.421|26.230:69.513|8.000:8.000,0-1-19-0,0.0004724890459328
109,severe,sparse,FairALNSPlanner,32,18,0.5625,0.5833333333333334,0.5833333333333334,True,38.5,66.0,1039.2193494960122,1243.4468329366384,160.7806505039875,80.78065050398749,False,103.93182236698676,True,False,0.0156712531773776,0.0008293140708799,2.8284271247461903,False,1.0,8.000:8.000|28.619:32.330|29.994:55.758|31.925:56.502|31.645:59.162|52.533:31.301|64.239:32.253|71.078:44.534|60.814:53.885|54.539:58.228|62.091:75.310|74.403:73.666|82.098:45.399|79.382:36.702|67.725:12.827|60.990:14.407|41.718:8.317|36.480:9.891|18.460:28.428|8.000:8.000,0-14-23-22-21-25-11-20-24-17-10-3-26-12-18-13-6-2-31-0,7.562001575017348
109,severe,sparse,RAWA-RHP,32,19,0.59375,0.6515151515151515,0.6515151515151515,True,43.0,66.0,1019.4912373411672,1207.0915889582511,180.50876265883247,100.50876265883252,False,101.70067832401878,True,False,0.0139393264484516,0.0006996557132045,2.8284271247461903,False,1.0,8.000:8.000|18.460:28.428|36.480:9.891|41.718:8.317|52.533:31.301|64.239:32.253|87.423:26.914|73.114:26.717|79.382:36.702|82.098:45.399|71.078:44.534|74.403:73.666|62.091:75.310|56.986:73.292|47.523:64.614|31.645:59.162|29.994:55.758|31.925:56.502|30.029:36.299|28.619:32.330|8.000:8.000,0-31-2-6-25-11-27-4-12-26-20-3-10-8-29-21-23-22-32-14-0,31.681487889960408
108,calm,cluttered,NearestNeighbor,32,28,0.875,0.8739495798319328,0.0,False,52.0,59.5,1408.458548916137,1405.7093388276114,-208.45854891613712,-288.45854891613715,True,158.9408534174546,False,True,0.0380050210505165,0.001331745630485,2.0,True,1.0,8.000:8.000|26.213:18.804|27.506:30.593|24.261:34.418|23.874:42.607|28.576:49.677|31.515:51.513|40.544:46.937|38.029:38.696|40.225:31.847|51.876:46.616|57.586:53.028|52.094:64.364|44.193:71.111|45.721:76.560|46.491:79.201|38.854:74.258|47.857:92.536|57.853:79.900|57.764:73.230|70.053:67.423|74.032:58.657|79.217:39.884|81.780:38.457|89.267:45.151|90.379:25.873|75.180:17.665|74.410:19.784|64.383:92.563|8.000:8.000,0-4-31-17-25-29-26-9-5-12-2-7-32-16-8-28-11-1-24-10-6-19-27-22-20-14-30-13-3-0,0.0020685589406639
108,calm,cluttered,ValuePerDistance,32,25,0.78125,0.8739495798319328,0.0,False,52.0,59.5,1293.893483543012,1292.3460144826274,-93.89348354301224,-173.89348354301222,True,145.28710477521048,False,True,0.032090616299569,0.0012498998963903,2.0,True,1.0,8.000:8.000|24.261:34.418|27.506:30.593|38.029:38.696|40.544:46.937|31.515:51.513|28.576:49.677|20.240:63.535|10.824:69.189|11.142:74.383|38.854:74.258|45.721:76.560|46.491:79.201|44.193:71.111|52.094:64.364|57.586:53.028|51.876:46.616|79.217:39.884|81.780:38.457|90.379:25.873|89.267:45.151|47.857:92.536|57.853:79.900|57.764:73.230|70.053:67.423|74.032:58.657|8.000:8.000,0-17-31-5-9-26-29-18-23-21-11-8-28-16-32-7-2-27-22-14-20-1-24-10-6-19-0,0.0015731758903712
108,calm,cluttered,WindAwareGreedy,32,20,0.625,0.7815126050420168,0.0,False,46.5,59.5,1334.7482274609383,1333.5220510087922,-134.74822746093866,-214.74822746093864,True,141.76699971620744,False,True,0.0337752071725576,0.0016307553452057,2.0,True,1.0,8.000:8.000|24.261:34.418|38.029:38.696|31.515:51.513|20.240:63.535|10.824:69.189|45.721:76.560|47.857:92.536|38.854:74.258|52.094:64.364|57.586:53.028|79.217:39.884|90.379:25.873|81.780:38.457|40.544:46.937|51.876:46.616|44.193:71.111|46.491:79.201|57.853:79.900|57.764:73.230|11.142:74.383|8.000:8.000,0-17-5-26-18-23-8-1-11-32-7-27-14-22-9-2-16-28-24-10-21-0,0.0015638649929314
108,calm,cluttered,ReserveOnlyPlanner,32,18,0.5625,0.7142857142857143,0.7142857142857143,True,42.5,59.5,1094.39742368028,1130.4017022986693,105.60257631972009,25.60257631972007,False,118.09617152282226,True,False,0.0289711050911337,0.001538325896551,2.0,False,1.0,8.000:8.000|24.261:34.418|38.029:38.696|31.515:51.513|20.240:63.535|10.824:69.189|11.142:74.383|45.721:76.560|38.854:74.258|47.857:92.536|46.491:79.201|52.094:64.364|57.586:53.028|79.217:39.884|90.379:25.873|81.780:38.457|40.544:46.937|51.876:46.616|23.874:42.607|8.000:8.000,0-17-5-26-18-23-21-8-11-1-28-32-7-27-14-22-9-2-25-0,0.0015978361479938
108,calm,cluttered,FairRiskAwareGreedy,32,14,0.4375,0.6050420168067226,0.6050420168067226,True,36.0,59.5,1101.2965399040145,1118.6253675583985,98.70346009598563,18.703460095985637,False,121.7134092264499,True,False,0.0120099056498939,0.0008035570300636,2.0,False,1.0,8.000:8.000|24.261:34.418|38.029:38.696|31.515:51.513|79.217:39.884|90.379:25.873|57.586:53.028|45.721:76.560|47.857:92.536|20.240:63.535|10.824:69.189|52.094:64.364|40.544:46.937|44.193:71.111|38.854:74.258|8.000:8.000,0-17-5-26-27-14-7-8-1-18-23-32-9-16-11-0,0.0022410990204662
108,calm,cluttered,FairALNSPlanner,32,20,0.625,0.7478991596638656,0.7478991596638656,True,44.5,59.5,1061.2768649754455,1130.0257452165838,138.7231350245544,58.72313502455441,False,128.48863310847278,True,False,0.0199506966131058,0.0009576859985765,2.0,False,1.0,8.000:8.000|24.261:34.418|27.506:30.593|40.225:31.847|38.029:38.696|40.544:46.937|51.876:46.616|31.515:51.513|28.576:49.677|57.586:53.028|44.193:71.111|79.217:39.884|81.780:38.457|90.379:25.873|52.094:64.364|38.854:74.258|45.721:76.560|46.491:79.201|47.857:92.536|20.240:63.535|10.824:69.189|8.000:8.000,0-17-31-12-5-9-2-26-29-7-16-27-22-14-32-11-8-28-1-18-23-0,14.392610862851145
108,calm,cluttered,RAWA-RHP,32,29,0.90625,0.9495798319327732,0.9495798319327732,True,56.5,59.5,1052.8372267424515,1131.1139939773905,147.16277325754845,67.16277325754845,False,140.19043290648756,True,False,0.0385339008744841,0.0013055869744017,2.0,False,1.0,8.000:8.000|26.213:18.804|40.225:31.847|38.029:38.696|40.544:46.937|51.876:46.616|57.586:53.028|79.217:39.884|81.780:38.457|90.379:25.873|89.267:45.151|74.032:58.657|70.053:67.423|52.094:64.364|57.764:73.230|57.853:79.900|64.383:92.563|47.857:92.536|46.491:79.201|45.721:76.560|44.193:71.111|38.854:74.258|11.142:74.383|10.824:69.189|20.240:63.535|31.515:51.513|28.576:49.677|23.874:42.607|24.261:34.418|27.506:30.593|8.000:8.000,0-4-12-5-9-2-7-27-22-14-20-19-6-32-10-24-3-1-28-8-16-11-21-23-18-26-29-25-17-31-0,118.5045003381092
107,calm,sparse,NearestNeighbor,32,28,0.875,0.8976377952755905,0.0,False,57.0,63.5,1319.6494354460792,1310.5639767375071,-119.6494354460796,-199.6494354460796,True,151.73119660939165,False,True,0.0137703830711047,0.0004757441147206,2.0,True,1.0,8.000:8.000|32.568:36.801|38.661:44.560|36.206:54.068|29.784:53.166|22.308:46.419|24.510:45.008|19.335:52.829|27.781:74.208|34.997:83.833|33.381:89.055|23.607:92.917|19.776:91.962|45.601:94.381|50.260:89.252|48.736:65.335|53.805:58.731|56.371:57.208|69.006:51.116|77.405:38.131|77.290:32.852|79.393:33.017|84.710:29.973|82.722:25.866|79.560:21.109|62.475:18.750|44.925:25.389|48.017:34.662|91.568:49.228|8.000:8.000,0-18-23-4-28-26-3-32-30-19-20-9-11-16-15-8-21-29-5-1-13-27-25-17-7-24-14-31-22-0,0.0020684790797531
107,calm,sparse,ValuePerDistance,32,26,0.8125,0.8661417322834646,0.0,False,55.0,63.5,1313.4152739731926,1314.774213802692,-113.41527397319273,-193.4152739731927,True,148.58036159893572,False,True,0.0408514671746725,0.0015365086971857,2.0,True,1.0,8.000:8.000|32.568:36.801|36.206:54.068|29.784:53.166|19.335:52.829|22.308:46.419|24.510:45.008|38.661:44.560|44.925:25.389|62.475:18.750|79.393:33.017|77.290:32.852|77.405:38.131|84.710:29.973|82.722:25.866|79.560:21.109|69.006:51.116|56.371:57.208|53.805:58.731|48.736:65.335|34.997:83.833|33.381:89.055|23.607:92.917|19.776:91.962|27.781:74.208|50.260:89.252|45.601:94.381|8.000:8.000,0-18-4-28-32-26-3-23-14-24-27-13-1-25-17-7-5-29-21-8-19-20-9-11-30-15-16-0,0.0016386280767619
107,calm,sparse,WindAwareGreedy,32,20,0.625,0.7244094488188977,0.0,False,46.0,63.5,1295.2282961526073,1285.712633590593,-95.22829615260756,-175.22829615260756,True,138.47363696663865,False,True,0.0482317673376188,0.0023442553270111,2.0,True,1.0,8.000:8.000|32.568:36.801|19.335:52.829|36.206:54.068|62.475:18.750|44.925:25.389|22.308:46.419|29.784:53.166|33.381:89.055|34.997:83.833|27.781:74.208|23.607:92.917|19.776:91.962|50.260:89.252|69.006:51.116|77.405:38.131|79.393:33.017|82.722:25.866|84.710:29.973|79.560:21.109|77.290:32.852|8.000:8.000,0-18-32-4-24-14-26-28-20-19-30-9-11-15-5-1-27-17-25-7-13-0,0.0015828718896955
107,calm,sparse,ReserveOnlyPlanner,32,18,0.5625,0.6062992125984252,0.6062992125984252,True,38.5,63.5,1009.1767624748846,1036.094564878407,190.82323752511547,110.82323752511547,False,111.24560455617106,True,False,0.0290753104286952,0.0015469173418649,2.0,False,1.0,8.000:8.000|32.568:36.801|19.335:52.829|36.206:54.068|29.784:53.166|22.308:46.419|24.510:45.008|62.475:18.750|44.925:25.389|38.661:44.560|56.371:57.208|69.006:51.116|77.405:38.131|79.393:33.017|82.722:25.866|84.710:29.973|79.560:21.109|77.290:32.852|48.017:34.662|8.000:8.000,0-18-32-4-28-26-3-24-14-23-29-5-1-27-17-25-7-13-31-0,0.0015617299359291
107,calm,sparse,FairRiskAwareGreedy,32,16,0.5,0.5905511811023622,0.5905511811023622,True,37.5,63.5,1078.6387596221311,1096.8943663972914,121.36124037786848,41.36124037786847,False,124.85613029847642,True,False,0.0101606944810517,0.0005993404735391,2.0,False,1.0,8.000:8.000|32.568:36.801|19.335:52.829|36.206:54.068|62.475:18.750|79.393:33.017|77.405:38.131|44.925:25.389|33.381:89.055|34.997:83.833|27.781:74.208|22.308:46.419|29.784:53.166|69.006:51.116|56.371:57.208|38.661:44.560|48.017:34.662|8.000:8.000,0-18-32-4-24-27-1-14-20-19-30-26-28-5-29-23-31-0,0.0024606930091977
107,calm,sparse,FairALNSPlanner,32,27,0.84375,0.8976377952755905,0.8976377952755905,True,57.0,63.5,1066.6432813085914,1140.202081199849,133.3567186914082,53.35671869140819,False,138.47897085388578,True,False,0.0247751538155361,0.0008923078262468,2.0,False,1.0,8.000:8.000|44.925:25.389|48.017:34.662|62.475:18.750|79.560:21.109|82.722:25.866|84.710:29.973|79.393:33.017|77.290:32.852|77.405:38.131|69.006:51.116|56.371:57.208|53.805:58.731|78.566:80.289|87.231:88.101|77.002:98.228|50.260:89.252|33.381:89.055|19.776:91.962|23.607:92.917|34.997:83.833|27.781:74.208|19.335:52.829|22.308:46.419|29.784:53.166|36.206:54.068|38.661:44.560|32.568:36.801|8.000:8.000,0-14-31-24-7-17-25-27-13-1-5-29-21-2-10-12-15-20-11-9-19-30-32-26-28-4-23-18-0,17.48118317592889
107,calm,sparse,RAWA-RHP,32,29,0.90625,0.9448818897637796,0.9448818897637796,True,60.0,63.5,1054.516157073382,1137.8864300198634,145.48384292661737,65.48384292661737,False,141.64021570208934,True,False,0.0180115993011886,0.0006032338786743,2.0,False,1.0,8.000:8.000|32.568:36.801|38.661:44.560|36.206:54.068|29.784:53.166|24.510:45.008|22.308:46.419|19.335:52.829|27.781:74.208|34.997:83.833|33.381:89.055|19.776:91.962|23.607:92.917|45.601:94.381|50.260:89.252|77.002:98.228|87.231:88.101|78.306:83.210|78.566:80.289|53.805:58.731|56.371:57.208|69.006:51.116|77.405:38.131|77.290:32.852|79.393:33.017|84.710:29.973|82.722:25.866|79.560:21.109|62.475:18.750|44.925:25.389|8.000:8.000,0-18-23-4-28-3-26-32-30-19-20-11-9-16-15-12-10-6-2-21-29-5-1-13-27-25-17-7-24-14-0,152.07739300909452
110,severe,cluttered,NearestNeighbor,32,21,0.65625,0.6864406779661016,0.0,False,40.5,59.0,2079.71609027017,2129.6689139886453,-879.7160902701694,-959.7160902701694,True,121.58272532720896,False,True,0.1471714676220022,0.007052121924988,2.0,True,1.0,8.000:8.000|16.821:25.771|12.432:30.511|22.287:39.881|27.970:34.206|25.670:33.013|25.536:29.594|24.029:23.758|38.277:15.223|43.616:23.251|42.336:27.993|56.924:37.965|63.374:46.059|65.881:46.583|70.539:37.710|76.547:39.354|69.186:24.664|77.890:24.104|83.486:24.461|88.241:15.842|78.856:75.260|74.392:87.759|8.000:8.000,0-6-29-17-11-7-22-8-27-13-24-25-31-3-15-21-10-1-16-32-20-5-0,0.0018026190809905
110,severe,cluttered,ValuePerDistance,32,18,0.5625,0.6016949152542372,0.0,False,35.5,59.0,1883.498703841376,1812.406901194184,-683.4987038413758,-763.4987038413758,True,102.6878045990004,False,True,0.1792404142677741,0.0100654703663541,2.0,True,1.0,8.000:8.000|16.821:25.771|25.536:29.594|25.670:33.013|27.970:34.206|22.287:39.881|18.166:46.663|14.501:71.914|25.021:69.836|32.559:71.786|28.755:55.458|56.924:37.965|69.186:24.664|83.486:24.461|88.241:15.842|77.890:24.104|76.547:39.354|65.881:46.583|63.374:46.059|8.000:8.000,0-6-22-7-11-17-2-19-23-9-12-25-10-16-32-1-21-3-31-0,0.001281423959881
110,severe,cluttered,WindAwareGreedy,32,15,0.46875,0.5423728813559322,0.0,False,32.0,59.0,1970.9059674087755,1988.5528254212177,-770.9059674087756,-850.9059674087756,True,107.54497320514326,False,True,0.2571489503263049,0.017676136150373,2.0,True,1.0,8.000:8.000|16.821:25.771|25.536:29.594|25.670:33.013|22.287:39.881|14.501:71.914|25.021:69.836|32.559:71.786|28.755:55.458|56.924:37.965|69.186:24.664|65.881:46.583|50.430:54.826|56.032:68.280|69.224:74.443|74.392:87.759|8.000:8.000,0-6-22-7-17-19-23-9-12-25-10-3-26-4-18-5-0,0.0012762958649545
110,severe,cluttered,ReserveOnlyPlanner,32,12,0.375,0.3644067796610169,0.3644067796610169,True,21.5,59.0,1058.089689671424,1191.0849755600009,141.91031032857612,61.91031032857612,False,65.25942276532369,True,False,0.1760040275464921,0.0144306225931456,2.0,False,1.0,8.000:8.000|16.821:25.771|25.536:29.594|25.670:33.013|22.287:39.881|14.501:71.914|25.021:69.836|32.559:71.786|28.755:55.458|18.166:46.663|27.970:34.206|24.029:23.758|12.432:30.511|8.000:8.000,0-6-22-7-17-19-23-9-12-2-11-8-29-0,0.0011349180713295
110,severe,cluttered,FairRiskAwareGreedy,32,17,0.53125,0.6271186440677966,0.6271186440677966,True,37.0,59.0,1093.2133331404411,1157.5496694740182,106.78666685955886,26.786666859558864,False,107.84726586684944,True,False,0.0036178698986811,0.0002012719954691,2.8284271247461903,False,1.0,8.000:8.000|38.277:15.223|43.616:23.251|42.336:27.993|56.924:37.965|69.186:24.664|83.486:24.461|88.241:15.842|65.881:46.583|25.670:33.013|25.536:29.594|16.821:25.771|24.029:23.758|32.559:71.786|25.021:69.836|14.501:71.914|18.166:46.663|12.432:30.511|8.000:8.000,0-27-13-24-25-10-16-32-3-7-22-6-8-9-23-19-2-29-0,0.0019118681084364
110,severe,cluttered,FairALNSPlanner,32,14,0.4375,0.4491525423728814,0.4491525423728814,True,26.5,59.0,899.0512968459582,1040.7950486112786,300.9487031540421,220.9487031540421,False,87.13397614397418,True,False,0.0083322052192881,0.0005571775545563,2.8284271247461903,False,1.0,8.000:8.000|24.029:23.758|16.821:25.771|38.277:15.223|43.616:23.251|42.336:27.993|27.970:34.206|56.924:37.965|69.186:24.664|77.890:24.104|88.241:15.842|67.137:10.828|83.486:24.461|62.898:16.501|54.167:11.119|8.000:8.000,0-8-6-27-13-24-11-25-10-1-32-28-16-14-30-0,9.456162453163415
110,severe,cluttered,RAWA-RHP,32,22,0.6875,0.7203389830508474,0.7203389830508474,True,42.5,59.0,1033.434841608799,1237.6323871014154,166.56515839120118,86.56515839120118,False,110.071357437778,True,False,0.0034959559531414,0.0001522128129801,2.8284271247461903,False,1.0,8.000:8.000|16.821:25.771|24.029:23.758|25.536:29.594|25.670:33.013|22.287:39.881|56.924:37.965|63.374:46.059|65.881:46.583|76.547:39.354|70.539:37.710|69.186:24.664|62.898:16.501|54.167:11.119|38.277:15.223|43.616:23.251|42.336:27.993|28.755:55.458|32.559:71.786|25.021:69.836|14.501:71.914|18.166:46.663|12.432:30.511|8.000:8.000,0-6-8-22-7-17-25-31-3-21-15-10-14-30-27-13-24-12-9-23-19-2-29-0,28.46922256797552
106,moderate,sparse,NearestNeighbor,32,28,0.875,0.8814814814814815,0.0,False,59.5,67.5,1621.087620037085,1629.4691044726426,-421.08762003708455,-501.08762003708455,True,147.8487676415879,False,True,0.1817198068478789,0.0068161182268984,2.0,True,1.0,8.000:8.000|24.210:12.998|40.378:18.222|33.572:33.449|24.088:45.417|21.601:45.386|20.709:43.113|16.360:59.993|19.833:62.632|12.178:66.471|20.544:75.838|28.187:71.126|28.742:64.812|36.960:64.176|34.206:72.923|13.795:85.806|62.569:91.943|74.154:79.045|82.623:73.078|85.378:73.556|89.494:74.352|91.101:75.726|90.531:81.122|78.747:58.406|69.391:55.377|70.442:49.745|74.934:44.751|79.473:26.678|90.938:22.465|8.000:8.000,0-6-11-21-26-2-23-4-3-9-18-19-29-1-15-30-32-24-12-31-25-5-14-17-16-28-20-8-22-0,0.0020900568924844
106,moderate,sparse,ValuePerDistance,32,27,0.84375,0.8592592592592593,0.0,False,58.0,67.5,1574.048540367884,1551.0876741956463,-374.0485403678841,-454.0485403678841,True,141.49353900921722,False,True,0.1109131455037207,0.004130541682289,2.0,True,1.0,8.000:8.000|24.210:12.998|33.572:33.449|20.709:43.113|21.601:45.386|24.088:45.417|19.833:62.632|16.360:59.993|12.178:66.471|28.742:64.812|36.960:64.176|34.206:72.923|28.187:71.126|20.544:75.838|13.795:85.806|62.569:91.943|74.154:79.045|82.623:73.078|85.378:73.556|90.531:81.122|91.101:75.726|89.494:74.352|78.747:58.406|69.391:55.377|70.442:49.745|74.934:44.751|90.938:22.465|93.108:18.771|8.000:8.000,0-6-21-23-2-26-3-4-9-29-1-15-19-18-30-32-24-12-31-14-5-25-17-16-28-20-22-27-0,0.0015501349698752
106,moderate,sparse,WindAwareGreedy,32,22,0.6875,0.7851851851851852,0.0,False,53.0,67.5,1709.1888903091185,1732.0423391787294,-509.1888903091183,-589.1888903091183,True,141.60036558131245,False,True,0.1542722986846084,0.0071528906994709,2.0,True,1.0,8.000:8.000|24.210:12.998|20.709:43.113|19.833:62.632|34.206:72.923|36.960:64.176|28.742:64.812|12.178:66.471|16.360:59.993|33.572:33.449|70.442:49.745|90.938:22.465|93.108:18.771|79.639:12.062|74.108:19.363|75.043:21.826|79.473:26.678|74.934:44.751|78.747:58.406|74.154:79.045|90.531:81.122|85.378:73.556|82.623:73.078|8.000:8.000,0-6-23-3-15-1-29-9-4-21-28-22-27-7-10-13-8-20-17-24-14-31-12-0,0.001649061916396
106,moderate,sparse,ReserveOnlyPlanner,32,15,0.46875,0.5555555555555556,0.5555555555555556,True,37.5,67.5,1088.8563111629214,1184.831579385476,111.14368883707895,31.14368883707897,False,94.15286851095102,True,False,0.0222705970497847,0.0013996344653169,2.0,False,1.0,8.000:8.000|24.210:12.998|33.572:33.449|20.709:43.113|19.833:62.632|28.742:64.812|34.206:72.923|36.960:64.176|74.154:79.045|90.531:81.122|85.378:73.556|82.623:73.078|78.747:58.406|70.442:49.745|74.934:44.751|75.043:21.826|8.000:8.000,0-6-21-23-3-29-15-1-24-14-31-12-17-28-20-13-0,0.001380963018164
106,moderate,sparse,FairRiskAwareGreedy,32,18,0.5625,0.6370370370370371,0.6370370370370371,True,43.0,67.5,1090.2885383815951,1146.5199270238768,109.71146161840498,29.711461618404982,False,123.74170614461148,True,False,0.0019408416803768,0.0001021553541832,2.0,False,1.0,8.000:8.000|24.210:12.998|33.572:33.449|19.833:62.632|20.709:43.113|34.206:72.923|28.742:64.812|36.960:64.176|74.154:79.045|70.442:49.745|78.747:58.406|90.531:81.122|82.623:73.078|85.378:73.556|69.391:55.377|74.108:19.363|75.043:21.826|79.473:26.678|40.378:18.222|8.000:8.000,0-6-21-3-23-15-29-1-24-28-17-14-12-31-16-10-13-8-11-0,0.0024585430510342
106,moderate,sparse,FairALNSPlanner,32,24,0.75,0.762962962962963,0.762962962962963,True,51.5,67.5,1033.2561162687043,1166.191293602615,166.74388373129543,86.74388373129545,False,126.89414379824002,True,False,0.0714367701194762,0.0029298147678138,2.0,False,1.0,8.000:8.000|33.572:33.449|16.360:59.993|12.178:66.471|19.833:62.632|28.742:64.812|28.187:71.126|34.206:72.923|70.442:49.745|74.934:44.751|69.391:55.377|78.747:58.406|82.623:73.078|85.378:73.556|89.494:74.352|91.101:75.726|90.531:81.122|74.154:79.045|62.569:91.943|36.960:64.176|21.601:45.386|20.709:43.113|24.088:45.417|40.378:18.222|24.210:12.998|8.000:8.000,0-21-4-9-3-29-19-15-28-20-16-17-12-31-25-5-14-24-32-1-2-23-26-11-6-0,14.055752583080904
106,moderate,sparse,RAWA-RHP,32,29,0.90625,0.9407407407407408,0.9407407407407408,True,63.5,67.5,1029.127615177607,1178.8215027278234,170.8723848223934,90.8723848223934,False,136.24683035160083,True,False,0.0841373603111146,0.0028971060857443,2.0,False,1.0,8.000:8.000|33.572:33.449|20.709:43.113|21.601:45.386|16.360:59.993|12.178:66.471|19.833:62.632|28.742:64.812|28.187:71.126|34.206:72.923|36.960:64.176|62.569:91.943|74.154:79.045|90.531:81.122|91.101:75.726|89.494:74.352|85.378:73.556|82.623:73.078|78.747:58.406|69.391:55.377|70.442:49.745|74.934:44.751|79.473:26.678|90.938:22.465|93.108:18.771|79.639:12.062|75.043:21.826|74.108:19.363|40.378:18.222|24.210:12.998|8.000:8.000,0-21-23-2-4-9-3-29-19-15-1-32-24-14-5-25-31-12-17-16-28-20-8-22-27-7-13-10-11-6-0,190.735832446022
105,moderate,sparse,NearestNeighbor,32,25,0.78125,0.7596899224806202,0.0,False,49.0,64.5,1291.394246619334,1311.6578851306424,-91.39424661933418,-171.39424661933418,True,123.068829552254,False,True,0.0773582176161397,0.003076313775339,2.0,True,1.0,8.000:8.000|20.625:11.087|24.561:11.479|29.625:12.689|32.224:19.505|34.673:21.323|29.402:23.140|28.872:26.312|24.750:24.871|15.058:19.820|24.367:39.374|28.058:38.883|35.351:33.524|38.037:38.239|44.217:39.786|45.495:22.954|44.688:19.330|37.840:10.603|59.296:33.370|79.431:34.429|81.179:31.640|80.374:23.807|91.706:45.586|70.630:65.415|68.294:62.364|63.176:55.018|8.000:8.000,0-8-6-30-19-31-3-26-27-7-1-17-32-11-20-25-29-4-12-21-9-5-24-2-16-23-0,0.001976007129997
105,moderate,sparse,ValuePerDistance,32,24,0.75,0.7984496124031008,0.0,False,51.5,64.5,1410.0728296766345,1423.6010823664017,-210.07282967663448,-290.07282967663446,True,123.20060019356788,False,True,0.0170164709753379,0.0006826910109679,2.0,True,1.0,8.000:8.000|20.625:11.087|24.561:11.479|29.625:12.689|32.224:19.505|34.673:21.323|29.402:23.140|28.872:26.312|24.750:24.871|15.058:19.820|24.367:39.374|28.058:38.883|38.037:38.239|44.217:39.786|31.251:50.086|35.351:33.524|45.495:22.954|44.688:19.330|59.296:33.370|63.176:55.018|68.294:62.364|70.630:65.415|45.256:75.554|41.309:79.997|46.372:94.661|8.000:8.000,0-8-6-30-19-31-3-26-27-7-1-17-11-20-18-32-25-29-12-23-16-2-14-15-10-0,0.0014727469533681
105,moderate,sparse,WindAwareGreedy,32,21,0.65625,0.6744186046511628,0.6744186046511628,True,43.5,64.5,1170.1689016294863,1143.8734456929617,29.831098370513345,-50.168901629486655,True,104.04846637240064,True,False,0.0949463150366604,0.0044079089713059,2.0,False,1.0,8.000:8.000|20.625:11.087|29.625:12.689|24.561:11.479|15.058:19.820|29.402:23.140|32.224:19.505|34.673:21.323|45.495:22.954|59.296:33.370|68.294:62.364|70.630:65.415|63.176:55.018|31.251:50.086|24.367:39.374|38.037:38.239|44.217:39.786|35.351:33.524|44.688:19.330|37.840:10.603|28.872:26.312|24.750:24.871|8.000:8.000,0-8-30-6-7-3-19-31-25-12-16-2-23-18-1-11-20-32-29-4-26-27-0,0.0015687539707869
105,moderate,sparse,ReserveOnlyPlanner,32,22,0.6875,0.6821705426356589,0.6821705426356589,True,44.0,64.5,1112.796128681476,1203.5963386530598,87.20387131852378,7.203871318523781,False,105.5394472048352,True,False,0.1350848207138651,0.0061728787227785,2.0,False,1.0,8.000:8.000|20.625:11.087|29.625:12.689|24.561:11.479|15.058:19.820|29.402:23.140|32.224:19.505|34.673:21.323|45.495:22.954|44.688:19.330|37.840:10.603|59.296:33.370|79.431:34.429|81.179:31.640|80.374:23.807|68.294:62.364|70.630:65.415|63.176:55.018|44.217:39.786|38.037:38.239|35.351:33.524|28.872:26.312|24.750:24.871|8.000:8.000,0-8-30-6-7-3-19-31-25-29-4-12-21-9-5-16-2-23-20-11-32-26-27-0,0.0017275910358875
105,moderate,sparse,FairRiskAwareGreedy,32,20,0.625,0.6434108527131783,0.6434108527131783,True,41.5,64.5,1096.1990215352787,1132.2690881727833,103.80097846472124,23.800978464721226,False,125.66907850869131,True,False,0.0034500907962707,0.0001645107633006,2.0,False,1.0,8.000:8.000|20.625:11.087|15.058:19.820|24.367:39.374|31.251:50.086|32.224:19.505|29.625:12.689|24.561:11.479|34.673:21.323|45.495:22.954|38.037:38.239|44.217:39.786|41.309:79.997|45.256:75.554|52.298:88.664|46.372:94.661|79.431:34.429|80.374:23.807|37.840:10.603|44.688:19.330|24.750:24.871|8.000:8.000,0-8-7-1-18-19-30-6-31-25-11-20-15-14-28-10-21-5-4-29-27-0,0.0022582858800888
105,moderate,sparse,FairALNSPlanner,32,26,0.8125,0.875968992248062,0.875968992248062,True,56.5,64.5,1046.5539326033136,1172.7391079064707,153.44606739668632,73.44606739668632,False,130.65527031225,True,False,0.0355864765943082,0.0013361205796123,2.0,False,1.0,8.000:8.000|15.058:19.820|24.561:11.479|29.625:12.689|32.224:19.505|34.673:21.323|29.402:23.140|44.688:19.330|45.495:22.954|35.351:33.524|31.251:50.086|45.256:75.554|41.309:79.997|39.172:89.265|46.372:94.661|52.298:88.664|70.630:65.415|68.294:62.364|79.431:34.429|81.179:31.640|59.296:33.370|63.176:55.018|38.037:38.239|44.217:39.786|28.058:38.883|24.367:39.374|20.625:11.087|8.000:8.000,0-7-6-30-19-31-3-29-25-32-18-14-15-13-10-28-2-16-21-9-12-23-11-20-17-1-8-0,17.85614591394551
105,moderate,sparse,RAWA-RHP,32,29,0.90625,0.9457364341085271,0.9457364341085271,True,61.0,64.5,1048.6394794531263,1201.5740173049076,151.36052054687354,71.36052054687354,False,134.94405454997548,True,False,0.0518295464377753,0.0017630808039078,2.0,False,1.0,8.000:8.000|15.058:19.820|24.367:39.374|28.058:38.883|31.251:50.086|45.256:75.554|41.309:79.997|39.172:89.265|46.372:94.661|52.298:88.664|89.252:84.431|70.630:65.415|68.294:62.364|63.176:55.018|81.179:31.640|80.374:23.807|79.431:34.429|59.296:33.370|45.495:22.954|44.688:19.330|44.217:39.786|38.037:38.239|35.351:33.524|28.872:26.312|29.402:23.140|34.673:21.323|32.224:19.505|29.625:12.689|24.561:11.479|20.625:11.087|8.000:8.000,0-7-1-17-18-14-15-13-10-28-22-2-16-23-9-5-21-12-25-29-20-11-32-26-3-31-19-30-6-8-0,208.3751820418984
110,calm,sparse,NearestNeighbor,32,31,0.96875,0.962406015037594,0.0,False,64.0,66.5,1246.7153259256954,1244.2097908445508,-46.715325925695296,-126.7153259256953,True,149.81768623204118,False,True,0.0118979478649667,0.0003734328410053,2.0,True,1.0,8.000:8.000|25.333:30.590|29.376:39.743|29.702:42.310|43.009:42.764|50.076:53.117|60.592:62.907|52.728:71.213|50.438:70.982|44.493:68.456|38.122:78.844|25.773:79.225|44.094:90.730|52.683:89.668|62.519:74.943|70.771:78.561|74.021:84.399|77.191:86.504|82.470:88.564|88.106:85.539|85.016:72.526|81.213:70.994|79.550:72.924|72.802:70.685|68.159:36.217|73.672:29.536|80.707:22.033|87.963:19.440|77.413:8.147|59.072:23.572|53.322:30.064|59.588:39.005|8.000:8.000,0-12-26-13-31-17-20-19-15-11-9-7-25-2-22-21-10-14-5-32-6-16-28-24-23-8-27-4-18-30-3-1-0,0.0021442109718918
110,calm,sparse,ValuePerDistance,32,27,0.84375,0.9097744360902256,0.0,False,60.5,66.5,1322.70386447333,1320.5658190947222,-122.70386447333004,-202.70386447333004,True,149.59916523085525,False,True,0.0172240828704162,0.0006186424911174,2.0,True,1.0,8.000:8.000|29.702:42.310|29.376:39.743|43.009:42.764|50.076:53.117|50.438:70.982|52.728:71.213|44.493:68.456|38.122:78.844|25.773:79.225|52.683:89.668|77.191:86.504|82.470:88.564|88.106:85.539|85.016:72.526|81.213:70.994|79.550:72.924|72.802:70.685|62.519:74.943|60.592:62.907|53.322:30.064|59.072:23.572|73.672:29.536|82.938:35.562|87.963:19.440|80.707:22.033|77.413:8.147|68.159:36.217|8.000:8.000,0-13-26-31-17-15-19-11-9-7-2-14-5-32-6-16-28-24-22-20-3-30-8-29-4-27-18-23-0,0.0016546021215617
110,calm,sparse,WindAwareGreedy,32,18,0.5625,0.6616541353383458,0.0,False,44.0,66.5,1333.1336139531252,1347.4412589121066,-133.1336139531252,-213.1336139531252,True,138.8490845242609,False,True,0.0566001611970377,0.0030425648947586,2.0,True,1.0,8.000:8.000|53.322:30.064|50.076:53.117|50.438:70.982|38.122:78.844|29.702:42.310|29.376:39.743|43.009:42.764|59.072:23.572|82.938:35.562|85.016:72.526|77.191:86.504|82.470:88.564|88.106:85.539|52.683:89.668|44.493:68.456|25.773:79.225|52.728:71.213|60.592:62.907|8.000:8.000,0-3-17-15-9-13-26-31-30-29-6-14-5-32-2-11-7-19-20-0,0.0014783260412514
110,calm,sparse,ReserveOnlyPlanner,32,18,0.5625,0.6466165413533834,0.6466165413533834,True,43.0,66.5,1087.7224965632026,1121.6719217943923,112.27750343679728,32.277503436797275,False,117.3881959517757,True,False,0.0227402941767254,0.0012034759147304,2.0,False,1.0,8.000:8.000|29.702:42.310|29.376:39.743|50.076:53.117|50.438:70.982|38.122:78.844|25.773:79.225|52.683:89.668|77.191:86.504|82.470:88.564|85.016:72.526|81.213:70.994|79.550:72.924|72.802:70.685|53.322:30.064|59.072:23.572|43.009:42.764|44.493:68.456|25.333:30.590|8.000:8.000,0-13-26-17-15-9-7-2-14-5-6-16-28-24-3-30-31-11-12-0,0.0015725770499557
110,calm,sparse,FairRiskAwareGreedy,32,17,0.53125,0.6240601503759399,0.6240601503759399,True,41.5,66.5,1097.0444902571696,1115.4657825027982,102.95550974283074,22.955509742830746,False,127.07145653776276,True,False,0.0101126628031616,0.0005638282746124,2.0,False,1.0,8.000:8.000|53.322:30.064|29.702:42.310|50.076:53.117|50.438:70.982|38.122:78.844|77.191:86.504|82.470:88.564|88.106:85.539|85.016:72.526|82.938:35.562|73.672:29.536|59.072:23.572|29.376:39.743|43.009:42.764|44.493:68.456|25.773:79.225|25.333:30.590|8.000:8.000,0-3-13-17-15-9-14-5-32-6-29-8-30-26-31-11-7-12-0,0.0029151458293199
110,calm,sparse,FairALNSPlanner,32,27,0.84375,0.9022556390977444,0.9022556390977444,True,60.0,66.5,1042.73908522621,1109.7287708503377,157.26091477379003,77.26091477379003,False,137.54013957341795,True,False,0.0102955811394372,0.0003690839953522,2.0,False,1.0,8.000:8.000|29.376:39.743|29.702:42.310|43.009:42.764|50.076:53.117|60.592:62.907|52.728:71.213|50.438:70.982|44.493:68.456|38.122:78.844|25.773:79.225|44.094:90.730|52.683:89.668|82.470:88.564|88.106:85.539|77.191:86.504|74.021:84.399|72.802:70.685|79.550:72.924|81.213:70.994|85.016:72.526|82.938:35.562|73.672:29.536|80.707:22.033|87.963:19.440|77.413:8.147|59.072:23.572|53.322:30.064|8.000:8.000,0-26-13-31-17-20-19-15-11-9-7-25-2-5-32-14-10-24-28-16-6-29-8-27-4-18-30-3-0,19.24231437919661
110,calm,sparse,RAWA-RHP,32,28,0.875,0.924812030075188,0.924812030075188,True,61.5,66.5,1050.807746943301,1138.1069454856663,149.19225305669931,69.19225305669931,False,139.91004284942662,True,False,0.0118988849215805,0.0004120965258629,2.0,False,1.0,8.000:8.000|53.322:30.064|59.072:23.572|77.413:8.147|87.963:19.440|80.707:22.033|73.672:29.536|82.938:35.562|72.802:70.685|79.550:72.924|81.213:70.994|85.016:72.526|88.106:85.539|82.470:88.564|77.191:86.504|74.021:84.399|62.519:74.943|52.683:89.668|25.773:79.225|38.122:78.844|44.493:68.456|50.438:70.982|52.728:71.213|60.592:62.907|50.076:53.117|43.009:42.764|29.702:42.310|29.376:39.743|25.333:30.590|8.000:8.000,0-3-30-18-4-27-8-29-24-28-16-6-32-5-14-10-22-2-7-9-11-15-19-20-17-31-13-26-12-0,64.76135051297024
109,moderate,cluttered,NearestNeighbor,32,28,0.875,0.8947368421052632,0.0,False,51.0,57.0,1915.284227574541,1904.8446563373743,-715.2842275745417,-795.2842275745417,True,152.21834143993723,False,True,0.2445888494715579,0.0093997917694054,2.0,True,1.0,8.000:8.000|10.697:18.520|10.821:22.667|23.269:26.016|27.207:25.989|27.563:15.211|44.514:23.710|52.037:30.359|40.768:36.078|38.048:40.506|36.290:41.713|35.037:44.475|30.840:40.450|24.313:48.367|10.053:47.158|37.817:50.622|39.531:63.015|53.810:78.950|66.796:76.350|65.228:70.611|60.086:56.494|53.680:46.190|71.812:42.505|76.158:54.375|76.628:60.507|84.075:72.044|75.651:84.852|92.389:83.973|96.317:73.544|8.000:8.000,0-9-4-22-6-2-1-30-32-29-16-13-3-12-15-21-14-27-5-23-25-17-31-24-20-11-18-26-10-0,0.0021030460484325
109,moderate,cluttered,ValuePerDistance,32,25,0.78125,0.8245614035087719,0.0,False,47.0,57.0,1686.339055174432,1713.961115203365,-486.3390551744321,-566.3390551744321,True,135.4279803066912,False,True,0.2124685996068721,0.008977700433361,2.0,True,1.0,8.000:8.000|10.821:22.667|10.697:18.520|23.269:26.016|27.207:25.989|44.514:23.710|52.037:30.359|40.768:36.078|36.290:41.713|38.048:40.506|35.037:44.475|30.840:40.450|24.313:48.367|10.053:47.158|39.531:63.015|37.817:50.622|53.680:46.190|71.812:42.505|76.158:54.375|76.628:60.507|84.075:72.044|96.317:73.544|92.389:83.973|75.651:84.852|66.796:76.350|65.228:70.611|8.000:8.000,0-4-9-22-6-1-30-32-16-29-13-3-12-15-14-21-17-31-24-20-11-10-26-18-5-23-0,0.0015573119744658
109,moderate,cluttered,WindAwareGreedy,32,19,0.59375,0.7017543859649122,0.0,False,40.0,57.0,1968.672913719481,1936.2565368717896,-768.6729137194814,-848.6729137194814,True,139.61366741149652,False,True,0.3658109122386503,0.0221309119765429,2.0,True,1.0,8.000:8.000|10.821:22.667|23.269:26.016|44.514:23.710|40.768:36.078|30.840:40.450|24.313:48.367|10.053:47.158|27.207:25.989|27.563:15.211|10.697:18.520|52.037:30.359|53.680:46.190|76.628:60.507|76.158:54.375|71.812:42.505|87.305:28.562|84.075:72.044|96.317:73.544|92.389:83.973|8.000:8.000,0-4-22-1-32-3-12-15-6-2-9-30-17-20-24-31-28-11-10-26-0,0.0015130790416151
109,moderate,cluttered,ReserveOnlyPlanner,32,12,0.375,0.4912280701754385,0.4912280701754385,True,28.0,57.0,1088.4483037746706,1149.5739560598015,111.55169622532937,31.55169622532935,False,86.1439482361977,True,False,0.1287852213863435,0.0103625946125785,2.0,False,1.0,8.000:8.000|10.821:22.667|23.269:26.016|44.514:23.710|40.768:36.078|30.840:40.450|24.313:48.367|10.053:47.158|39.531:63.015|76.628:60.507|76.158:54.375|71.812:42.505|87.305:28.562|8.000:8.000,0-4-22-1-32-3-12-15-14-20-24-31-28-0,0.0011869261506944
109,moderate,cluttered,FairRiskAwareGreedy,32,4,0.125,0.1403508771929824,0.1403508771929824,True,8.0,57.0,274.16063746046353,286.2241046104589,925.8393625395364,845.8393625395363,False,30.151258252517827,True,False,1.2968274615277051e-06,2.5936549237215444e-07,4.0,False,1.0,8.000:8.000|10.821:22.667|10.697:18.520|10.053:47.158|24.313:48.367|8.000:8.000,0-4-9-15-12-0,0.0006744628772139
109,moderate,cluttered,FairALNSPlanner,32,21,0.65625,0.6929824561403509,0.6929824561403509,True,39.5,57.0,1057.943779225101,1205.9417397969526,142.0562207748988,62.0562207748988,False,124.05850442662356,True,False,0.0028824630123968,0.0001311445889804,2.8284271247461903,False,1.0,8.000:8.000|10.697:18.520|24.313:48.367|10.053:47.158|28.438:76.265|39.531:63.015|65.228:70.611|60.086:56.494|76.628:60.507|84.075:72.044|75.651:84.852|53.680:46.190|52.037:30.359|44.514:23.710|27.207:25.989|40.768:36.078|38.048:40.506|36.290:41.713|37.817:50.622|35.037:44.475|30.840:40.450|10.821:22.667|8.000:8.000,0-9-12-15-8-14-23-25-20-11-18-17-30-1-6-32-29-16-21-13-3-4-0,12.090394216123968
109,moderate,cluttered,RAWA-RHP,32,25,0.78125,0.8245614035087719,0.8245614035087719,True,47.0,57.0,1006.298545006971,1146.765593415337,193.7014549930288,113.7014549930288,False,125.061429607538,True,False,0.0174780551007996,0.0006739758856507,2.0,False,1.0,8.000:8.000|10.697:18.520|10.821:22.667|24.313:48.367|10.053:47.158|30.840:40.450|36.290:41.713|40.768:36.078|38.048:40.506|35.037:44.475|37.817:50.622|39.531:63.015|53.680:46.190|60.086:56.494|65.228:70.611|66.796:76.350|75.651:84.852|84.075:72.044|76.628:60.507|76.158:54.375|71.812:42.505|87.305:28.562|52.037:30.359|44.514:23.710|27.207:25.989|27.563:15.211|8.000:8.000,0-9-4-12-15-3-16-32-29-13-21-14-17-25-23-5-18-11-20-24-31-28-30-1-6-2-0,90.13944706786424
110,moderate,cluttered,NearestNeighbor,32,23,0.71875,0.7266187050359713,0.0,False,50.5,69.5,1521.4250307901052,1491.8521804452723,-321.42503079010567,-401.42503079010567,True,123.08648089256415,False,True,0.1967618545139617,0.0089512787202966,2.0,True,1.0,8.000:8.000|13.496:25.712|20.489:36.542|24.482:45.737|17.969:53.856|24.488:68.869|32.556:75.783|21.777:83.219|32.466:96.727|39.036:91.611|57.837:91.464|60.866:84.354|53.462:73.017|59.206:61.481|68.432:67.637|70.849:69.080|67.312:48.362|71.690:45.195|71.135:37.569|64.286:40.990|57.205:39.687|49.443:44.113|38.815:44.008|62.272:26.013|8.000:8.000,0-10-22-28-4-27-31-18-15-5-1-8-19-20-25-16-21-12-32-26-30-7-3-13-0,0.0019057530444115
110,moderate,cluttered,ValuePerDistance,32,22,0.6875,0.7122302158273381,0.0,False,49.5,69.5,1432.228815781877,1471.8640037123607,-232.22881578187705,-312.228815781877,True,122.7731590064288,False,True,0.1403967754534537,0.0064550871994546,2.0,True,1.0,8.000:8.000|13.496:25.712|20.489:36.542|30.047:30.332|28.664:26.465|29.699:23.882|24.684:17.869|49.443:44.113|57.205:39.687|62.272:26.013|71.135:37.569|71.690:45.195|67.312:48.362|85.461:44.570|80.842:42.231|78.258:41.690|59.206:61.481|68.432:67.637|70.849:69.080|60.866:84.354|57.837:91.464|39.036:91.611|32.466:96.727|8.000:8.000,0-10-22-9-24-17-23-7-30-13-32-12-21-29-2-11-20-25-16-8-1-5-15-0,0.0014999259728938
110,moderate,cluttered,WindAwareGreedy,32,17,0.53125,0.6115107913669064,0.0,False,42.5,69.5,1294.6831172288173,1322.372160208002,-94.68311722881694,-174.68311722881694,True,105.09227419055696,False,True,0.1531435695952887,0.0090449933140099,2.0,True,1.0,8.000:8.000|29.699:23.882|28.664:26.465|49.443:44.113|57.205:39.687|62.272:26.013|85.461:44.570|71.690:45.195|71.135:37.569|67.312:48.362|59.206:61.481|60.866:84.354|57.837:91.464|32.556:75.783|21.777:83.219|24.488:68.869|20.489:36.542|30.047:30.332|8.000:8.000,0-17-24-7-30-13-29-12-32-21-20-8-1-31-18-27-22-9-0,0.0013971200678497
110,moderate,cluttered,ReserveOnlyPlanner,32,17,0.53125,0.539568345323741,0.539568345323741,True,37.5,69.5,1101.2154646866052,1206.649986521012,98.78453531339484,18.784535313394827,False,92.9342618267155,True,False,0.1668388163977482,0.0098450360105665,2.0,False,1.0,8.000:8.000|29.699:23.882|28.664:26.465|30.047:30.332|49.443:44.113|57.205:39.687|62.272:26.013|85.461:44.570|80.842:42.231|71.135:37.569|71.690:45.195|67.312:48.362|59.206:61.481|68.432:67.637|70.849:69.080|53.462:73.017|38.815:44.008|24.684:17.869|8.000:8.000,0-17-24-9-7-30-13-29-2-32-12-21-20-25-16-19-3-23-0,0.0015010240022093
110,moderate,cluttered,FairRiskAwareGreedy,32,11,0.34375,0.3741007194244604,0.3741007194244604,True,26.0,69.5,971.0753555966934,996.979119147486,228.92464440330664,148.92464440330662,False,97.26224899347392,True,False,0.0056904698254651,0.000475253419029,2.0,False,1.0,8.000:8.000|29.699:23.882|28.664:26.465|49.443:44.113|62.272:26.013|85.461:44.570|71.690:45.195|71.135:37.569|17.969:53.856|13.496:25.712|21.777:83.219|24.488:68.869|8.000:8.000,0-17-24-7-13-29-12-32-4-10-18-27-0,0.0013482391368597
110,moderate,cluttered,FairALNSPlanner,32,10,0.3125,0.316546762589928,0.316546762589928,True,22.0,69.5,698.5419953293044,794.3028508909388,501.4580046706955,421.4580046706955,False,74.51341285181242,True,False,0.043956360093412,0.0040217353254399,2.0,False,1.0,8.000:8.000|62.272:26.013|71.135:37.569|78.258:41.690|80.842:42.231|85.461:44.570|70.849:69.080|68.432:67.637|53.462:73.017|59.206:61.481|32.556:75.783|8.000:8.000,0-13-32-11-2-29-16-25-19-20-31-0,8.939891009125859
110,moderate,cluttered,RAWA-RHP,32,26,0.8125,0.8201438848920863,0.8201438848920863,True,57.0,69.5,1060.1822707833726,1221.6527065449643,139.81772921662747,59.81772921662747,False,129.82824834659857,True,False,0.0719384641805129,0.0027455148057991,2.0,False,1.0,8.000:8.000|13.496:25.712|17.969:53.856|38.815:44.008|49.443:44.113|57.205:39.687|62.272:26.013|71.135:37.569|71.690:45.195|78.258:41.690|80.842:42.231|85.461:44.570|70.849:69.080|68.432:67.637|59.206:61.481|53.462:73.017|60.866:84.354|57.837:91.464|39.036:91.611|32.466:96.727|21.777:83.219|24.482:45.737|20.489:36.542|30.047:30.332|28.664:26.465|29.699:23.882|24.684:17.869|8.000:8.000,0-10-4-3-7-30-13-32-12-11-2-29-16-25-20-19-8-1-5-15-18-28-22-9-24-17-23-0,57.57455740892328
111,calm,sparse,NearestNeighbor,32,32,1.0,1.0,0.0,False,65.0,65.0,1320.3605945623422,1305.1853352743894,-120.36059456234238,-200.3605945623424,True,162.1771506972262,False,True,0.0102296551012425,0.0003108335073821,2.0,True,1.0,8.000:8.000|32.110:30.179|30.877:34.370|24.273:35.561|25.297:46.057|36.241:50.899|46.007:42.230|55.811:50.889|67.111:57.275|73.358:54.838|72.518:50.167|72.570:45.005|81.325:49.637|77.060:57.117|79.339:60.705|83.562:62.498|90.231:53.623|84.018:41.985|82.108:39.657|89.829:26.806|69.313:30.297|61.330:26.794|60.835:21.341|60.695:17.407|36.960:21.415|37.011:26.738|34.525:67.676|54.714:84.352|55.988:92.940|59.591:97.582|70.273:92.594|69.445:82.058|60.222:75.707|8.000:8.000,0-15-3-17-30-8-14-28-2-16-7-18-25-21-32-6-20-29-26-9-22-13-31-11-23-12-19-1-5-10-27-24-4-0,0.0022268400061875
111,calm,sparse,ValuePerDistance,32,30,0.9375,0.9615384615384616,0.0,False,62.5,65.0,1436.3370497859598,1439.44706633802,-236.3370497859596,-316.3370497859596,True,170.40274647070322,False,True,0.0122818068228774,0.0003976399747948,2.0,True,1.0,8.000:8.000|32.110:30.179|37.011:26.738|36.960:21.415|24.273:35.561|25.297:46.057|36.241:50.899|34.525:67.676|54.714:84.352|55.988:92.940|59.591:97.582|69.445:82.058|60.222:75.707|77.060:57.117|79.339:60.705|83.562:62.498|81.325:49.637|84.018:41.985|82.108:39.657|89.829:26.806|69.313:30.297|60.835:21.341|60.695:17.407|61.330:26.794|55.811:50.889|67.111:57.275|73.358:54.838|72.518:50.167|72.570:45.005|90.231:53.623|70.273:92.594|8.000:8.000,0-15-12-23-17-30-8-19-1-5-10-24-4-21-32-6-25-29-26-9-22-31-11-13-28-2-16-7-18-20-27-0,0.0016352699603885
111,calm,sparse,WindAwareGreedy,32,24,0.75,0.8307692307692308,0.0,False,54.0,65.0,1248.0841158060373,1247.1213933022707,-48.08411580603716,-128.08411580603718,True,144.75612941082778,False,True,0.0126108060512181,0.0005064541870924,2.0,True,1.0,8.000:8.000|32.110:30.179|37.011:26.738|60.835:21.341|69.313:30.297|61.330:26.794|60.695:17.407|24.273:35.561|25.297:46.057|36.241:50.899|34.525:67.676|69.445:82.058|54.714:84.352|60.222:75.707|77.060:57.117|81.325:49.637|84.018:41.985|89.829:26.806|90.231:53.623|83.562:62.498|67.111:57.275|55.811:50.889|46.007:42.230|36.960:21.415|30.877:34.370|8.000:8.000,0-15-12-31-22-13-11-17-30-8-19-24-1-4-21-25-29-9-20-6-2-28-14-23-3-0,0.0016446581576019
111,calm,sparse,ReserveOnlyPlanner,32,21,0.65625,0.7384615384615385,0.7384615384615385,True,48.0,65.0,1094.2181200805876,1143.4254675404152,105.78187991941232,25.78187991941232,False,127.64778061185338,True,False,0.0130568107980433,0.0005960191287819,2.0,False,1.0,8.000:8.000|32.110:30.179|37.011:26.738|60.835:21.341|69.313:30.297|61.330:26.794|60.695:17.407|89.829:26.806|84.018:41.985|81.325:49.637|77.060:57.117|69.445:82.058|54.714:84.352|60.222:75.707|34.525:67.676|36.241:50.899|25.297:46.057|24.273:35.561|36.960:21.415|46.007:42.230|55.811:50.889|30.877:34.370|8.000:8.000,0-15-12-31-22-13-11-9-29-25-21-24-1-4-19-8-30-17-23-14-28-3-0,0.0017531111370772
111,calm,sparse,FairRiskAwareGreedy,32,18,0.5625,0.6538461538461539,0.6538461538461539,True,42.5,65.0,1103.1488289621566,1121.684658836968,96.85117103784324,16.851171037843244,False,128.45884927103617,True,False,0.0040912673884841,0.0002155445002063,2.0,False,1.0,8.000:8.000|32.110:30.179|37.011:26.738|60.835:21.341|24.273:35.561|25.297:46.057|36.241:50.899|69.445:82.058|34.525:67.676|54.714:84.352|77.060:57.117|81.325:49.637|84.018:41.985|69.313:30.297|89.829:26.806|61.330:26.794|60.695:17.407|36.960:21.415|30.877:34.370|8.000:8.000,0-15-12-31-17-30-8-24-19-1-21-25-29-22-9-13-11-23-3-0,0.0029502529650926
111,calm,sparse,FairALNSPlanner,32,25,0.78125,0.8538461538461538,0.8538461538461538,True,55.5,65.0,1060.074065208428,1123.8877425124351,139.92593479157213,59.92593479157213,False,134.38130434219423,True,False,0.0119085938210131,0.0004596915748705,2.0,False,1.0,8.000:8.000|60.695:17.407|60.835:21.341|69.313:30.297|61.330:26.794|37.011:26.738|32.110:30.179|30.877:34.370|46.007:42.230|55.811:50.889|67.111:57.275|84.018:41.985|82.108:39.657|89.829:26.806|90.231:53.623|81.325:49.637|77.060:57.117|79.339:60.705|83.562:62.498|69.445:82.058|60.222:75.707|54.714:84.352|34.525:67.676|36.241:50.899|25.297:46.057|24.273:35.561|8.000:8.000,0-11-31-22-13-12-15-3-14-28-2-29-26-9-20-25-21-32-6-24-4-1-19-8-30-17-0,16.82244649901986
111,calm,sparse,RAWA-RHP,32,29,0.90625,0.9153846153846154,0.9153846153846154,True,59.5,65.0,1061.6853023210592,1134.6321107533763,138.31469767894075,58.31469767894077,False,140.18181411006992,True,False,0.0074498186218039,0.0002484569826428,2.0,False,1.0,8.000:8.000|24.273:35.561|30.877:34.370|25.297:46.057|32.110:30.179|37.011:26.738|36.960:21.415|60.695:17.407|60.835:21.341|61.330:26.794|69.313:30.297|89.829:26.806|82.108:39.657|84.018:41.985|90.231:53.623|81.325:49.637|72.570:45.005|72.518:50.167|73.358:54.838|67.111:57.275|77.060:57.117|79.339:60.705|83.562:62.498|69.445:82.058|70.273:92.594|59.591:97.582|55.988:92.940|54.714:84.352|34.525:67.676|36.241:50.899|8.000:8.000,0-17-3-30-15-12-23-11-31-13-22-9-26-29-20-25-18-7-16-2-21-32-6-24-27-10-5-1-19-8-0,46.82427714113146
110,moderate,sparse,NearestNeighbor,32,22,0.6875,0.6942148760330579,0.0,False,42.0,60.5,1301.9644762345742,1285.9925065631423,-101.96447623457432,-181.96447623457436,True,108.50250762716952,False,True,0.0349865115475319,0.0015250157737021,2.0,True,1.0,8.000:8.000|38.047:36.502|32.721:46.924|40.787:55.813|46.435:43.236|55.540:42.545|58.155:34.102|63.190:32.364|69.627:39.212|76.366:46.448|70.468:48.360|66.833:49.823|75.983:56.191|91.420:58.714|84.846:40.377|86.102:36.973|80.848:33.378|78.690:29.982|88.004:27.476|79.627:9.711|75.930:11.173|77.072:13.359|55.951:19.042|8.000:8.000,0-1-17-9-27-16-22-4-3-10-6-18-8-11-20-7-30-32-29-2-23-13-24-0,0.0018543130718171
110,moderate,sparse,ValuePerDistance,32,21,0.65625,0.71900826446281,0.0,False,43.5,60.5,1631.9670731882934,1635.7910799659808,-431.9670731882931,-511.9670731882931,True,127.0049326370342,False,True,0.087362539900597,0.0040713690368294,2.0,True,1.0,8.000:8.000|55.951:19.042|55.540:42.545|46.435:43.236|40.787:55.813|32.721:46.924|21.012:55.612|17.411:67.950|33.372:87.962|40.525:73.671|76.366:46.448|70.468:48.360|66.833:49.823|69.627:39.212|63.190:32.364|58.155:34.102|78.690:29.982|80.848:33.378|84.846:40.377|86.102:36.973|88.004:27.476|79.627:9.711|8.000:8.000,0-24-16-27-9-17-19-28-12-26-10-6-18-3-4-22-32-30-20-7-29-2-0,0.001396165927872
110,moderate,sparse,WindAwareGreedy,32,18,0.5625,0.6694214876033058,0.0,False,40.5,60.5,1641.5706055007074,1632.9710624774632,-441.5706055007073,-521.5706055007073,True,122.60183302495172,False,True,0.1820723592642296,0.0103177868332487,2.0,True,1.0,8.000:8.000|55.951:19.042|79.627:9.711|75.930:11.173|77.072:13.359|78.690:29.982|55.540:42.545|46.435:43.236|40.787:55.813|32.721:46.924|21.012:55.612|17.411:67.950|33.372:87.962|40.525:73.671|76.366:46.448|70.468:48.360|84.846:40.377|80.848:33.378|88.004:27.476|8.000:8.000,0-24-2-23-13-32-16-27-9-17-19-28-12-26-10-6-20-30-29-0,0.0014483430422842
110,moderate,sparse,ReserveOnlyPlanner,32,14,0.4375,0.5206611570247934,0.5206611570247934,True,31.5,60.5,1069.3363765977058,1141.8449307538156,130.66362340229438,50.66362340229438,False,85.57265109337675,True,False,0.0798842858150506,0.0053698950630091,2.0,False,1.0,8.000:8.000|55.951:19.042|79.627:9.711|75.930:11.173|77.072:13.359|78.690:29.982|84.846:40.377|76.366:46.448|70.468:48.360|55.540:42.545|46.435:43.236|40.787:55.813|32.721:46.924|38.047:36.502|58.155:34.102|8.000:8.000,0-24-2-23-13-32-20-10-6-16-27-9-17-1-22-0,0.0013240699190646
110,moderate,sparse,FairRiskAwareGreedy,32,13,0.40625,0.5041322314049587,0.5041322314049587,True,30.5,60.5,1069.7750978461845,1120.0289434934446,130.22490215381555,50.22490215381555,False,114.83773173899264,True,False,0.0020178850243542,0.0001441352931321,2.0,False,1.0,8.000:8.000|55.951:19.042|55.540:42.545|40.787:55.813|46.435:43.236|79.627:9.711|75.930:11.173|21.012:55.612|32.721:46.924|17.411:67.950|76.366:46.448|70.468:48.360|58.155:34.102|38.047:36.502|8.000:8.000,0-24-16-9-27-2-23-19-17-28-10-6-22-1-0,0.0019614868797361
110,moderate,sparse,FairALNSPlanner,32,23,0.71875,0.7520661157024794,0.7520661157024794,True,45.5,60.5,926.6624522416344,1082.3058266638943,273.3375477583654,193.33754775836545,False,115.55241218369235,True,False,0.0093289925798976,0.0003893588067345,2.0,False,1.0,8.000:8.000|55.951:19.042|75.930:11.173|79.627:9.711|77.072:13.359|88.004:27.476|78.690:29.982|80.848:33.378|86.102:36.973|84.846:40.377|76.366:46.448|70.468:48.360|66.833:49.823|69.627:39.212|63.190:32.364|58.155:34.102|55.540:42.545|46.435:43.236|40.787:55.813|40.525:73.671|17.411:67.950|21.012:55.612|32.721:46.924|38.047:36.502|8.000:8.000,0-24-23-2-13-29-32-30-7-20-10-6-18-3-4-22-16-27-9-26-28-19-17-1-0,13.366055557038637
110,moderate,sparse,RAWA-RHP,32,24,0.75,0.768595041322314,0.768595041322314,True,46.5,60.5,1008.8302585829052,1151.183955153184,191.1697414170949,111.16974141709494,False,123.21449660800542,True,False,0.0405505948374455,0.0016332534243293,2.0,False,1.0,8.000:8.000|55.951:19.042|75.930:11.173|77.072:13.359|79.627:9.711|88.004:27.476|78.690:29.982|80.848:33.378|86.102:36.973|84.846:40.377|76.366:46.448|75.983:56.191|70.468:48.360|66.833:49.823|69.627:39.212|55.540:42.545|63.190:32.364|58.155:34.102|46.435:43.236|40.787:55.813|40.525:73.671|17.411:67.950|21.012:55.612|32.721:46.924|38.047:36.502|8.000:8.000,0-24-23-13-2-29-32-30-7-20-10-8-6-18-3-16-4-22-27-9-26-28-19-17-1-0,68.24742802907713
110,calm,cluttered,NearestNeighbor,32,25,0.78125,0.776,0.0,False,48.5,62.5,1343.4193603356434,1346.958912974848,-143.41936033564366,-223.4193603356437,True,146.0616133097808,False,True,0.06700392810632,0.0025537232930396,2.0,True,1.0,8.000:8.000|20.375:9.992|14.228:29.173|25.658:40.507|41.996:51.928|42.347:62.637|44.604:72.723|53.817:68.157|50.872:87.082|54.766:92.004|67.319:83.681|73.243:80.885|86.481:82.058|83.217:94.012|76.907:92.241|80.934:60.797|76.928:54.778|75.089:51.720|76.288:44.221|71.334:34.962|75.188:27.374|81.541:21.791|66.392:19.908|55.506:14.671|48.778:32.556|61.598:49.823|8.000:8.000,0-32-8-13-30-27-26-2-15-3-17-12-11-29-16-5-23-18-7-24-14-25-19-22-21-28-0,0.0022276961244642
110,calm,cluttered,ValuePerDistance,32,23,0.71875,0.76,0.0,False,47.5,62.5,1310.584873922054,1313.3193844652922,-110.5848739220538,-190.5848739220538,True,141.78526190076562,False,True,0.0433000532819517,0.001831742076874,2.0,True,1.0,8.000:8.000|20.375:9.992|48.778:32.556|71.334:34.962|75.188:27.374|81.541:21.791|66.392:19.908|55.506:14.671|41.996:51.928|42.347:62.637|44.604:72.723|32.243:72.362|22.593:73.961|13.510:67.545|33.125:84.982|31.260:81.842|54.766:92.004|50.872:87.082|76.907:92.241|83.217:94.012|86.481:82.058|73.243:80.885|67.319:83.681|53.817:68.157|8.000:8.000,0-32-21-24-14-25-19-22-30-27-26-6-10-20-4-1-3-15-16-29-11-12-17-2-0,0.0018155858851969
110,calm,cluttered,WindAwareGreedy,32,18,0.5625,0.696,0.0,False,43.5,62.5,1337.9745096935258,1343.973789706769,-137.97450969352593,-217.97450969352596,True,138.71724762170538,False,True,0.0235997660094459,0.0012499567320538,2.0,True,1.0,8.000:8.000|20.375:9.992|48.778:32.556|71.334:34.962|75.188:27.374|75.089:51.720|44.604:72.723|22.593:73.961|32.243:72.362|42.347:62.637|41.996:51.928|25.658:40.507|13.510:67.545|33.125:84.982|54.766:92.004|76.907:92.241|53.817:68.157|76.288:44.221|61.598:49.823|8.000:8.000,0-32-21-24-14-18-26-10-6-27-30-13-20-4-3-16-2-7-28-0,0.0016348278149962
110,calm,cluttered,ReserveOnlyPlanner,32,16,0.5,0.576,0.576,True,36.0,62.5,1050.8751235323157,1087.180433791855,149.12487646768463,69.12487646768463,False,109.10037684493376,True,False,0.040834910144713,0.0024372419228801,2.0,False,1.0,8.000:8.000|20.375:9.992|48.778:32.556|41.996:51.928|42.347:62.637|44.604:72.723|22.593:73.961|32.243:72.362|33.125:84.982|31.260:81.842|13.510:67.545|25.658:40.507|14.228:29.173|71.334:34.962|75.188:27.374|66.392:19.908|55.506:14.671|8.000:8.000,0-32-21-30-27-26-10-6-4-1-20-13-8-24-14-19-22-0,0.0015464699827134
110,calm,cluttered,FairRiskAwareGreedy,32,13,0.40625,0.496,0.496,True,31.0,62.5,1084.6620270762824,1100.8109302842408,115.33797292371776,35.33797292371777,False,120.41563456140794,True,False,0.0082777021129428,0.0005929799525631,2.0,False,1.0,8.000:8.000|48.778:32.556|71.334:34.962|75.188:27.374|44.604:72.723|22.593:73.961|32.243:72.362|13.510:67.545|20.375:9.992|75.089:51.720|76.288:44.221|66.392:19.908|81.541:21.791|55.506:14.671|8.000:8.000,0-21-24-14-26-10-6-20-32-18-7-19-25-22-0,0.0020106588490307
110,calm,cluttered,FairALNSPlanner,32,22,0.6875,0.768,0.768,True,48.0,62.5,1063.1699829936474,1140.8095156365528,136.83001700635242,56.83001700635242,False,130.1524495664694,True,False,0.0359268303407408,0.0015850011202802,2.0,False,1.0,8.000:8.000|76.288:44.221|75.089:51.720|76.928:54.778|80.934:60.797|86.481:82.058|76.907:92.241|54.766:92.004|50.872:87.082|53.817:68.157|44.604:72.723|33.125:84.982|31.260:81.842|22.593:73.961|32.243:72.362|42.347:62.637|41.996:51.928|61.598:49.823|71.334:34.962|75.188:27.374|66.392:19.908|48.778:32.556|20.375:9.992|8.000:8.000,0-7-18-23-5-11-16-3-15-2-26-4-1-10-6-27-30-28-24-14-19-21-32-0,13.038598495069891
110,calm,cluttered,RAWA-RHP,32,27,0.84375,0.864,0.864,True,54.0,62.5,1059.114027273201,1126.8811302013326,140.8859727267995,60.88597272679951,False,136.7426933087637,True,False,0.050450517930113,0.0018391607319653,2.0,False,1.0,8.000:8.000|14.228:29.173|25.658:40.507|41.996:51.928|42.347:62.637|44.604:72.723|53.817:68.157|32.243:72.362|22.593:73.961|31.260:81.842|33.125:84.982|50.872:87.082|54.766:92.004|76.907:92.241|83.217:94.012|86.481:82.058|80.934:60.797|76.928:54.778|75.089:51.720|88.878:47.618|91.959:41.782|76.288:44.221|71.334:34.962|75.188:27.374|81.541:21.791|66.392:19.908|55.506:14.671|20.375:9.992|8.000:8.000,0-8-13-30-27-26-2-6-10-1-4-15-3-16-29-11-5-23-18-9-31-7-24-14-25-19-22-32-0,78.90016977512278
111,severe,cluttered,NearestNeighbor,32,13,0.40625,0.4545454545454545,0.0,False,25.0,55.0,1474.180346075,1523.6450956203264,-274.18034607499976,-354.18034607499976,True,77.18790637760026,False,True,0.2702983456087147,0.0215589674796269,2.0,True,1.0,8.000:8.000|15.656:24.125|30.567:19.135|28.159:30.105|44.800:31.496|51.989:31.461|57.531:40.077|52.548:51.009|47.433:60.901|62.520:65.261|62.835:70.277|56.214:75.259|69.246:56.056|67.346:55.168|8.000:8.000,0-3-28-6-14-12-30-7-24-19-17-5-29-21-0,0.0013526808470487
111,severe,cluttered,ValuePerDistance,32,13,0.40625,0.4727272727272727,0.0,False,26.0,55.0,1458.3690530577878,1447.4286866653692,-258.3690530577877,-338.3690530577877,True,77.38793042707485,False,True,0.2639820737894083,0.0208709267178662,2.0,True,1.0,8.000:8.000|15.656:24.125|30.567:19.135|28.159:30.105|57.531:40.077|51.989:31.461|61.180:23.517|62.030:20.476|73.717:18.683|75.456:28.670|82.661:36.249|80.887:34.973|91.909:30.784|70.935:34.991|8.000:8.000,0-3-28-6-30-12-4-22-25-15-9-2-32-16-0,0.0010797821450978
111,severe,cluttered,WindAwareGreedy,32,13,0.40625,0.4727272727272727,0.0,False,26.0,55.0,1489.2828613582512,1466.2435406767602,-289.28286135825164,-369.2828613582517,True,78.55018236296965,False,True,0.3758928936458154,0.0319248089777934,2.0,True,1.0,8.000:8.000|15.656:24.125|28.159:30.105|30.567:19.135|57.531:40.077|51.989:31.461|61.180:23.517|62.030:20.476|73.717:18.683|75.456:28.670|91.909:30.784|82.661:36.249|80.887:34.973|70.935:34.991|8.000:8.000,0-3-6-28-30-12-4-22-25-15-32-9-2-16-0,0.0011308898683637
111,severe,cluttered,ReserveOnlyPlanner,32,8,0.25,0.3272727272727272,0.3272727272727272,True,18.0,55.0,1078.2222167917434,1151.527732658344,121.77778320825688,41.77778320825689,False,54.24721289118064,True,False,0.1742444979728153,0.0204177431827342,2.0,False,1.0,8.000:8.000|15.656:24.125|30.567:19.135|28.159:30.105|51.989:31.461|57.531:40.077|61.180:23.517|62.030:20.476|73.717:18.683|8.000:8.000,0-3-28-6-12-30-4-22-25-0,0.0009441261645406
111,severe,cluttered,FairRiskAwareGreedy,32,9,0.28125,0.3545454545454545,0.3545454545454545,True,19.5,55.0,1001.993343340526,1046.1491159875468,198.00665665947392,118.00665665947392,False,85.64975011128955,True,False,0.0103879201767232,0.0010413729818387,2.8284271247461903,False,1.0,8.000:8.000|15.656:24.125|17.192:54.700|28.159:30.105|57.531:40.077|30.567:19.135|51.989:31.461|22.235:53.777|44.800:31.496|52.548:51.009|8.000:8.000,0-3-31-6-30-28-12-26-14-7-0,0.0010773178655654
111,severe,cluttered,FairALNSPlanner,32,15,0.46875,0.5636363636363636,0.5636363636363636,True,31.0,55.0,1005.983512530009,1171.0158399593872,194.0164874699912,114.0164874699912,False,97.061848221172,True,False,0.0265041155052357,0.0016738302735969,2.0,False,1.0,8.000:8.000|30.567:19.135|44.800:31.496|51.989:31.461|67.346:55.168|69.246:56.056|82.661:36.249|91.909:30.784|80.887:34.973|75.456:28.670|57.531:40.077|28.159:30.105|22.235:53.777|17.192:54.700|15.249:77.775|15.656:24.125|8.000:8.000,0-28-14-12-21-29-9-32-2-15-30-6-26-31-10-3-0,5.296760658966377
111,severe,cluttered,RAWA-RHP,32,19,0.59375,0.6636363636363637,0.6636363636363637,True,36.5,55.0,1042.849586575349,1228.9830883589873,157.15041342465125,77.15041342465125,False,103.76377214516975,True,False,0.0513541512415811,0.002612061572491,2.0,False,1.0,8.000:8.000|30.567:19.135|28.159:30.105|52.548:51.009|51.989:31.461|44.800:31.496|57.531:40.077|75.456:28.670|82.661:36.249|80.887:34.973|67.346:55.168|69.246:56.056|62.520:65.261|62.835:70.277|56.214:75.259|34.955:83.471|33.819:77.307|22.235:53.777|17.192:54.700|15.656:24.125|8.000:8.000,0-28-6-7-12-14-30-15-9-2-21-29-19-17-5-27-11-26-31-3-0,20.648457591887563
110,severe,sparse,NearestNeighbor,32,22,0.6875,0.6764705882352942,0.0,False,46.0,68.0,1670.3880036051096,1700.828191946871,-470.38800360510936,-550.3880036051094,True,100.7213276204622,False,True,0.039474622502841,0.0017351522375182,2.0,True,1.0,8.000:8.000|21.440:12.227|8.071:34.937|31.644:51.968|37.276:49.275|39.731:63.388|57.331:61.626|60.035:65.529|64.801:73.515|66.887:71.759|69.142:72.637|73.036:78.273|75.229:76.780|77.420:75.358|78.796:77.559|78.087:84.217|84.617:68.150|82.932:64.523|77.754:60.447|74.895:60.238|72.409:60.532|64.328:57.775|51.392:45.613|8.000:8.000,0-21-13-25-5-12-27-26-4-19-6-24-30-14-29-28-17-15-20-8-9-31-11-0,0.0022682121489197
110,severe,sparse,ValuePerDistance,32,21,0.65625,0.6838235294117647,0.0,False,46.5,68.0,1688.4172013612174,1714.909355044164,-488.4172013612176,-568.4172013612176,True,102.06857171563055,False,True,0.1632025896036483,0.0076708799931051,2.0,True,1.0,8.000:8.000|21.440:12.227|45.522:35.925|53.605:35.165|51.392:45.613|64.328:57.775|74.895:60.238|77.754:60.447|82.932:64.523|84.617:68.150|77.420:75.358|75.229:76.780|78.796:77.559|78.087:84.217|64.801:73.515|66.887:71.759|69.142:72.637|73.036:78.273|72.409:60.532|57.331:61.626|60.035:65.529|39.731:63.388|8.000:8.000,0-21-18-10-11-31-8-20-15-17-14-30-29-28-4-19-6-24-9-27-26-12-0,0.0015597860328853
110,severe,sparse,WindAwareGreedy,32,15,0.46875,0.5588235294117647,0.0,False,38.0,68.0,2066.7629414569137,1997.331300366157,-866.7629414569138,-946.7629414569138,True,101.8595629624507,False,True,0.1338731962364779,0.0087608029232483,2.0,True,1.0,8.000:8.000|21.440:12.227|45.522:35.925|53.605:35.165|55.367:19.920|58.535:24.469|64.671:12.191|44.306:26.304|31.644:51.968|39.731:63.388|22.344:70.402|18.809:67.141|37.276:49.275|64.328:57.775|74.895:60.238|77.754:60.447|8.000:8.000,0-21-18-10-7-23-22-1-25-12-32-3-5-31-8-20-0,0.0014240809250622
110,severe,sparse,ReserveOnlyPlanner,32,10,0.3125,0.3308823529411764,0.3308823529411764,True,22.5,68.0,1041.7199489486086,1145.089018152787,158.2800510513913,78.2800510513913,False,60.86859961593317,True,False,0.0065639861821323,0.0005967360081236,2.8284271247461903,False,1.0,8.000:8.000|21.440:12.227|45.522:35.925|53.605:35.165|51.392:45.613|64.328:57.775|57.331:61.626|39.731:63.388|22.344:70.402|18.809:67.141|8.071:34.937|8.000:8.000,0-21-18-10-11-31-27-12-32-3-13-0,0.0010588769800961
110,severe,sparse,FairRiskAwareGreedy,32,16,0.5,0.6397058823529411,0.6397058823529411,True,43.5,68.0,1081.1635393167055,1167.6235374141515,118.8364606832942,38.836460683294206,False,105.50828442303956,True,False,0.0069434776451824,0.0004091808897008,2.0,False,1.0,8.000:8.000|21.440:12.227|45.522:35.925|53.605:35.165|64.328:57.775|55.367:19.920|64.671:12.191|58.535:24.469|74.895:60.238|77.754:60.447|82.932:64.523|75.229:76.780|77.420:75.358|64.801:73.515|31.644:51.968|39.731:63.388|37.276:49.275|8.000:8.000,0-21-18-10-31-7-22-23-8-20-15-30-14-4-25-12-5-0,0.0023951360490173
110,severe,sparse,FairALNSPlanner,32,25,0.78125,0.8529411764705882,0.8529411764705882,True,58.0,68.0,1031.9229372629936,1271.7488568930914,168.07706273700614,88.07706273700614,False,115.394106054645,True,False,0.0227100145807043,0.0008807189347386,2.0,False,1.0,8.000:8.000|21.440:12.227|44.306:26.304|45.522:35.925|64.328:57.775|72.409:60.532|74.895:60.238|77.754:60.447|82.932:64.523|78.796:77.559|77.420:75.358|75.229:76.780|73.036:78.273|69.142:72.637|66.887:71.759|64.801:73.515|60.035:65.529|57.331:61.626|37.276:49.275|31.644:51.968|39.731:63.388|51.392:45.613|53.605:35.165|58.535:24.469|55.367:19.920|64.671:12.191|8.000:8.000,0-21-1-18-31-9-8-20-15-29-14-30-24-6-19-4-26-27-5-25-12-11-10-23-7-22-0,16.466568265110254
110,severe,sparse,RAWA-RHP,32,26,0.8125,0.8602941176470589,0.8602941176470589,True,58.5,68.0,1055.5806347508656,1258.1862739902135,144.41936524913427,64.41936524913427,False,118.10643661888274,True,False,0.0198851105649414,0.0007413216554795,2.0,False,1.0,8.000:8.000|21.440:12.227|64.671:12.191|55.367:19.920|58.535:24.469|53.605:35.165|45.522:35.925|51.392:45.613|64.328:57.775|72.409:60.532|74.895:60.238|77.754:60.447|82.932:64.523|78.796:77.559|77.420:75.358|75.229:76.780|73.036:78.273|69.142:72.637|66.887:71.759|64.801:73.515|60.035:65.529|57.331:61.626|37.276:49.275|39.731:63.388|22.344:70.402|18.809:67.141|8.071:34.937|8.000:8.000,0-21-22-7-23-10-18-11-31-9-8-20-15-29-14-30-24-6-19-4-26-27-5-12-32-3-13-0,69.932530925842
111,calm,cluttered,NearestNeighbor,32,29,0.90625,0.9236641221374046,0.0,False,60.5,65.5,1354.45522806528,1349.7180316876183,-154.45522806528055,-234.45522806528052,True,159.73488151797775,False,True,0.0184149202943103,0.000618454037289,2.0,True,1.0,8.000:8.000|16.983:26.011|26.744:35.266|28.924:30.351|35.190:26.341|31.224:11.231|49.611:19.900|63.463:38.013|76.258:34.482|82.203:30.543|91.057:18.164|80.020:8.941|80.383:51.488|81.101:59.610|89.360:61.268|88.335:71.441|91.872:80.016|76.434:84.358|71.945:74.007|75.383:66.652|62.722:59.114|58.642:76.599|51.294:83.869|52.281:92.100|37.124:91.499|33.496:87.839|26.098:89.499|31.740:73.797|42.178:63.279|43.022:50.621|8.000:8.000,0-20-13-7-11-31-27-32-6-21-29-14-4-19-2-17-1-24-28-8-10-18-26-15-16-3-22-23-30-25-0,0.0021520869340747
111,calm,cluttered,ValuePerDistance,32,26,0.8125,0.8473282442748091,0.0,False,55.5,65.5,1380.9429761132487,1391.0613413240976,-180.94297611324868,-260.9429761132487,True,158.29072872957636,False,True,0.0160059208502503,0.0005964469389466,2.0,True,1.0,8.000:8.000|31.224:11.231|35.190:26.341|28.924:30.351|26.744:35.266|18.896:45.602|9.429:43.759|16.983:26.011|43.022:50.621|42.178:63.279|62.722:59.114|75.383:66.652|80.383:51.488|89.360:61.268|88.335:71.441|91.872:80.016|76.434:84.358|71.945:74.007|51.294:83.869|52.281:92.100|37.124:91.499|33.496:87.839|26.098:89.499|31.740:73.797|36.702:46.529|76.258:34.482|82.203:30.543|8.000:8.000,0-31-11-7-13-5-9-20-25-30-10-8-4-2-17-1-24-28-26-15-16-3-22-23-12-6-21-0,0.0016439489554613
111,calm,cluttered,WindAwareGreedy,32,21,0.65625,0.7404580152671756,0.0,False,48.5,65.5,1308.680389980071,1311.7402505099733,-108.6803899800706,-188.68038998007063,True,144.4619787571222,False,True,0.0197319881132214,0.0009035037539647,2.0,True,1.0,8.000:8.000|31.224:11.231|35.190:26.341|28.924:30.351|42.178:63.279|43.022:50.621|76.258:34.482|82.203:30.543|91.057:18.164|80.020:8.941|80.383:51.488|88.335:71.441|91.872:80.016|76.434:84.358|37.124:91.499|33.496:87.839|26.098:89.499|18.896:45.602|9.429:43.759|16.983:26.011|26.744:35.266|36.702:46.529|8.000:8.000,0-31-11-7-30-25-6-21-29-14-4-17-1-24-16-3-22-5-9-20-13-12-0,0.0016159249935299
111,calm,cluttered,ReserveOnlyPlanner,32,19,0.59375,0.6870229007633588,0.6870229007633588,True,45.0,65.5,1108.871615545834,1150.6950445081416,91.12838445416573,11.128384454165712,False,125.74959426751128,True,False,0.027348264418015,0.0013826505756765,2.0,False,1.0,8.000:8.000|31.224:11.231|35.190:26.341|28.924:30.351|43.022:50.621|42.178:63.279|33.496:87.839|37.124:91.499|26.098:89.499|51.294:83.869|62.722:59.114|80.383:51.488|82.203:30.543|76.258:34.482|91.057:18.164|80.020:8.941|63.463:38.013|36.702:46.529|18.896:45.602|16.983:26.011|8.000:8.000,0-31-11-7-25-30-3-16-22-26-10-4-21-6-29-14-32-12-5-20-0,0.0016757741104811
111,calm,cluttered,FairRiskAwareGreedy,32,13,0.40625,0.4809160305343511,0.4809160305343511,True,31.5,65.5,1101.8152342011483,1120.5331205110976,98.18476579885149,18.184765798851487,False,119.28304110420896,True,False,0.0152120247813802,0.0010931222239214,2.0,False,1.0,8.000:8.000|31.224:11.231|42.178:63.279|43.022:50.621|76.258:34.482|82.203:30.543|91.057:18.164|80.020:8.941|28.924:30.351|35.190:26.341|18.896:45.602|16.983:26.011|9.429:43.759|33.496:87.839|8.000:8.000,0-31-30-25-6-21-29-14-7-11-5-20-9-3-0,0.0023011530283838
111,calm,cluttered,FairALNSPlanner,32,22,0.6875,0.7557251908396947,0.7557251908396947,True,49.5,65.5,1050.18359012393,1109.18420385713,149.81640987607005,69.81640987607003,False,127.67109702028326,True,False,0.0211005598331991,0.0009245605832901,2.0,False,1.0,8.000:8.000|16.983:26.011|18.896:45.602|26.098:89.499|33.496:87.839|37.124:91.499|52.281:92.100|51.294:83.869|42.178:63.279|43.022:50.621|62.722:59.114|75.383:66.652|71.945:74.007|76.434:84.358|91.872:80.016|88.335:71.441|89.360:61.268|81.101:59.610|80.383:51.488|82.203:30.543|76.258:34.482|80.020:8.941|31.224:11.231|8.000:8.000,0-20-5-22-3-16-15-26-30-25-10-8-28-24-1-17-2-19-4-21-6-14-31-0,13.587930397130547
111,calm,cluttered,RAWA-RHP,32,24,0.75,0.8244274809160306,0.8244274809160306,True,54.0,65.5,1052.7938861000284,1127.5950379022147,147.2061138999714,67.2061138999714,False,131.7034295157249,True,False,0.0173704978508927,0.0006995588967623,2.0,False,1.0,8.000:8.000|31.224:11.231|80.020:8.941|91.057:18.164|82.203:30.543|76.258:34.482|80.383:51.488|89.360:61.268|88.335:71.441|91.872:80.016|76.434:84.358|51.294:83.869|52.281:92.100|37.124:91.499|33.496:87.839|26.098:89.499|31.740:73.797|42.178:63.279|43.022:50.621|36.702:46.529|35.190:26.341|28.924:30.351|26.744:35.266|18.896:45.602|16.983:26.011|8.000:8.000,0-31-14-29-21-6-4-2-17-1-24-26-15-16-3-22-23-30-25-12-11-7-13-5-20-0,64.32150407182053
109,calm,sparse,NearestNeighbor,32,32,1.0,1.0,0.0,False,64.0,64.0,1352.9361132757006,1363.6504572977894,-152.93611327570062,-232.93611327570065,True,161.27642304550164,False,True,0.0256502804541796,0.0007847348139325,2.0,True,1.0,8.000:8.000|23.940:16.174|26.436:14.454|13.348:29.875|19.297:33.460|22.103:34.147|24.000:34.832|25.457:37.153|17.847:44.244|25.270:56.796|22.589:69.684|16.058:70.303|8.213:78.323|25.605:78.415|24.365:83.747|33.304:77.306|30.348:75.114|43.500:82.290|45.757:83.892|59.332:79.686|63.907:73.575|68.254:74.682|77.044:68.221|79.974:75.691|92.232:63.286|64.586:46.154|65.653:43.114|57.123:39.937|59.311:54.152|38.372:34.756|65.387:24.080|77.296:27.186|82.353:19.135|8.000:8.000,0-31-28-6-2-20-16-5-19-11-7-30-24-3-15-18-21-26-27-8-13-1-29-22-14-12-17-4-32-23-10-9-25-0,0.0021476880647242
109,calm,sparse,ValuePerDistance,32,27,0.84375,0.890625,0.0,False,57.0,64.0,1338.6326019539383,1336.9425678515431,-138.63260195393846,-218.6326019539385,True,150.91036277768154,False,True,0.0087909860902437,0.0003145985903159,2.0,True,1.0,8.000:8.000|13.348:29.875|19.297:33.460|22.103:34.147|24.000:34.832|25.457:37.153|17.847:44.244|33.304:77.306|30.348:75.114|25.605:78.415|24.365:83.747|22.589:69.684|16.058:70.303|8.213:78.323|57.123:39.937|65.653:43.114|64.586:46.154|59.311:54.152|77.044:68.221|79.974:75.691|68.254:74.682|63.907:73.575|59.332:79.686|45.757:83.892|43.500:82.290|65.387:24.080|77.296:27.186|82.353:19.135|8.000:8.000,0-6-2-20-16-5-19-18-21-3-15-7-30-24-4-17-12-32-29-22-1-13-8-27-26-10-9-25-0,0.0016623260453343
109,calm,sparse,WindAwareGreedy,32,22,0.6875,0.8125,0.0,False,52.0,64.0,1241.2544654908984,1244.146598079434,-41.25446549089836,-121.25446549089835,True,136.27751924052134,False,True,0.0124668076218834,0.0005433103525309,2.0,True,1.0,8.000:8.000|19.297:33.460|22.103:34.147|25.457:37.153|13.348:29.875|24.000:34.832|57.123:39.937|59.311:54.152|33.304:77.306|24.365:83.747|25.605:78.415|22.589:69.684|16.058:70.303|59.332:79.686|77.044:68.221|68.254:74.682|63.907:73.575|79.974:75.691|92.232:63.286|65.387:24.080|65.653:43.114|64.586:46.154|26.436:14.454|8.000:8.000,0-2-20-5-6-16-4-32-18-15-3-7-30-8-29-1-13-22-14-10-17-12-28-0,0.0016668939497321
109,calm,sparse,ReserveOnlyPlanner,32,22,0.6875,0.78125,0.78125,True,50.0,64.0,1112.092051467668,1155.5766609444058,87.90794853233189,7.907948532331886,False,125.56685677161632,True,False,0.0124668076224846,0.0005433103525573,2.0,False,1.0,8.000:8.000|19.297:33.460|22.103:34.147|25.457:37.153|13.348:29.875|24.000:34.832|57.123:39.937|59.311:54.152|33.304:77.306|24.365:83.747|25.605:78.415|22.589:69.684|16.058:70.303|30.348:75.114|59.332:79.686|77.044:68.221|68.254:74.682|63.907:73.575|79.974:75.691|64.586:46.154|65.653:43.114|26.436:14.454|23.940:16.174|8.000:8.000,0-2-20-5-6-16-4-32-18-15-3-7-30-21-8-29-1-13-22-12-17-28-31-0,0.0017453678883612
109,calm,sparse,FairRiskAwareGreedy,32,16,0.5,0.578125,0.578125,True,37.0,64.0,1091.7068172953047,1108.0472751901807,108.29318270469528,28.293182704695283,False,124.2494071946386,True,False,0.0076256497980954,0.0004495869107399,2.0,False,1.0,8.000:8.000|22.103:34.147|19.297:33.460|13.348:29.875|25.457:37.153|57.123:39.937|33.304:77.306|24.365:83.747|77.044:68.221|59.311:54.152|65.387:24.080|26.436:14.454|23.940:16.174|38.372:34.756|24.000:34.832|17.847:44.244|16.058:70.303|8.000:8.000,0-20-2-6-5-4-18-15-29-32-10-28-31-23-16-19-30-0,0.0026579080149531
109,calm,sparse,FairALNSPlanner,32,30,0.9375,0.9609375,0.9609375,True,61.5,64.0,1050.4343084525417,1129.4268111137424,149.56569154745824,69.56569154745824,False,141.01325811486493,True,False,0.0154793203550719,0.0005018201682948,2.0,False,1.0,8.000:8.000|13.348:29.875|23.940:16.174|26.436:14.454|38.372:34.756|57.123:39.937|65.387:24.080|77.296:27.186|65.653:43.114|64.586:46.154|59.311:54.152|77.044:68.221|92.232:63.286|79.974:75.691|68.254:74.682|63.907:73.575|59.332:79.686|45.757:83.892|43.500:82.290|33.304:77.306|30.348:75.114|24.365:83.747|25.605:78.415|16.058:70.303|22.589:69.684|25.270:56.796|17.847:44.244|25.457:37.153|24.000:34.832|22.103:34.147|19.297:33.460|8.000:8.000,0-6-31-28-23-4-10-9-17-12-32-29-14-22-1-13-8-27-26-18-21-15-3-30-7-11-19-5-16-20-2-0,20.30208690091968
109,calm,sparse,RAWA-RHP,32,31,0.96875,0.984375,0.984375,True,63.0,64.0,1041.7840597548854,1124.0102881560958,158.21594024511458,78.21594024511458,False,141.84801083571685,True,False,0.0184174615314066,0.0005787691450865,2.0,False,1.0,8.000:8.000|13.348:29.875|19.297:33.460|22.103:34.147|24.000:34.832|25.457:37.153|17.847:44.244|25.270:56.796|22.589:69.684|16.058:70.303|25.605:78.415|24.365:83.747|30.348:75.114|33.304:77.306|43.500:82.290|45.757:83.892|59.332:79.686|63.907:73.575|68.254:74.682|79.974:75.691|92.232:63.286|77.044:68.221|59.311:54.152|64.586:46.154|65.653:43.114|77.296:27.186|82.353:19.135|65.387:24.080|57.123:39.937|38.372:34.756|26.436:14.454|23.940:16.174|8.000:8.000,0-6-2-20-16-5-19-11-7-30-3-15-21-18-26-27-8-13-1-22-14-29-32-12-17-9-25-10-4-23-28-31-0,152.82776331179775
112,severe,cluttered,NearestNeighbor,32,11,0.34375,0.3359375,0.0,False,21.5,64.0,1640.5602587206056,1641.0373272385746,-440.5602587206055,-520.5602587206055,True,80.22082082046057,False,True,0.2959269892287554,0.0257942829763815,2.0,True,1.0,8.000:8.000|29.251:28.999|25.904:48.927|29.040:61.081|17.286:56.259|13.708:54.184|13.308:39.318|44.559:54.352|47.238:56.635|44.211:69.800|48.618:73.306|35.480:77.116|8.000:8.000,0-30-23-32-16-14-17-21-6-29-5-9-0,0.0012421030551195
112,severe,cluttered,ValuePerDistance,32,10,0.3125,0.3359375,0.0,False,21.5,64.0,1620.2528230106536,1643.9575507711038,-420.25282301065386,-500.25282301065386,True,76.68340603808399,False,True,0.2185781941780419,0.0214226194716703,2.0,True,1.0,8.000:8.000|29.251:28.999|25.904:48.927|29.040:61.081|17.286:56.259|13.708:54.184|13.308:39.318|13.386:81.055|21.659:73.429|38.702:92.371|35.480:77.116|8.000:8.000,0-30-23-32-16-14-17-24-18-28-9-0,0.0010424491483718
112,severe,cluttered,WindAwareGreedy,32,10,0.3125,0.34375,0.0,False,22.0,64.0,1474.3450556561977,1464.0865924674724,-274.3450556561977,-354.3450556561977,True,67.45417445938254,False,True,0.0780973290881991,0.0073163533030835,2.0,True,1.0,8.000:8.000|29.251:28.999|13.308:39.318|13.708:54.184|17.286:56.259|13.386:81.055|21.659:73.429|29.040:61.081|25.904:48.927|44.559:54.352|47.238:56.635|8.000:8.000,0-30-17-14-16-24-18-32-23-21-6-0,0.001071959035471
112,severe,cluttered,ReserveOnlyPlanner,32,8,0.25,0.28125,0.28125,True,18.0,64.0,1095.8485016980587,1191.534019712824,104.15149830194125,24.15149830194123,False,51.04758643969608,True,False,0.1676491036215852,0.0192964989250953,2.0,False,1.0,8.000:8.000|13.308:39.318|13.708:54.184|17.286:56.259|13.386:81.055|21.659:73.429|29.040:61.081|25.904:48.927|29.251:28.999|8.000:8.000,0-17-14-16-24-18-32-23-30-0,0.0010216219816356
112,severe,cluttered,FairRiskAwareGreedy,32,4,0.125,0.1015625,0.1015625,True,6.5,64.0,449.5522945337256,469.4832467767842,750.4477054662743,670.4477054662743,False,39.01482654744207,True,False,2.762249826537833e-06,5.52449967550217e-07,4.0,False,1.0,8.000:8.000|29.251:28.999|54.385:9.906|71.393:22.469|66.075:22.835|8.000:8.000,0-30-15-4-31-0,0.0005509189795702
112,severe,cluttered,FairALNSPlanner,32,8,0.25,0.2421875,0.2421875,True,15.5,64.0,980.1996441114476,1109.5598298953978,219.8003558885525,139.8003558885525,False,81.22222804230111,True,False,0.031412726222765,0.0035077037865755,2.0,False,1.0,8.000:8.000|29.251:28.999|54.385:9.906|75.408:75.450|66.652:90.780|47.238:56.635|44.559:54.352|63.738:40.769|76.848:31.674|8.000:8.000,0-30-15-12-26-6-21-2-11-0,3.654452728107572
112,severe,cluttered,RAWA-RHP,32,19,0.59375,0.578125,0.578125,True,37.0,64.0,1021.1095708381192,1231.4914651402592,178.89042916188117,98.89042916188116,False,103.20380747742594,True,False,0.0489966899977255,0.002492060494421,2.0,False,1.0,8.000:8.000|13.308:39.318|13.708:54.184|17.286:56.259|13.386:81.055|38.702:92.371|35.480:77.116|29.040:61.081|44.559:54.352|47.238:56.635|51.293:41.511|51.672:36.475|63.738:40.769|76.848:31.674|78.804:32.400|83.427:30.082|69.330:27.652|71.393:22.469|66.075:22.835|54.385:9.906|8.000:8.000,0-17-14-16-24-28-9-32-21-6-25-27-2-11-1-8-13-4-31-15-0,14.803298574173825
108,moderate,sparse,NearestNeighbor,32,28,0.875,0.8870967741935484,0.0,False,55.0,62.0,1393.5041395553685,1368.7646234892798,-193.5041395553678,-273.50413955536783,True,133.88032292942685,False,True,0.0753137863217539,0.0026547965544247,2.0,True,1.0,8.000:8.000|27.056:15.074|28.964:35.490|31.151:35.311|20.606:43.930|27.964:55.897|31.118:56.681|36.412:49.683|44.284:55.441|45.996:64.634|54.424:66.096|60.392:68.152|60.055:71.171|65.471:70.315|69.609:70.683|72.833:68.216|69.977:66.263|75.680:74.049|83.074:79.976|75.353:84.745|79.011:89.174|78.442:91.138|83.766:96.295|97.655:86.540|64.326:88.635|52.096:80.265|15.246:71.061|10.581:79.780|15.366:58.896|8.000:8.000,0-29-10-11-3-7-15-16-9-18-2-5-31-20-26-25-22-30-19-32-12-24-6-21-28-1-13-8-17-0,0.0021014108788222
108,moderate,sparse,ValuePerDistance,32,28,0.875,0.9112903225806452,0.0,False,56.5,62.0,1451.530823304629,1439.797877627348,-251.5308233046293,-331.53082330462934,True,140.5142925543518,False,True,0.0052468721020796,0.0001809992581884,2.0,True,1.0,8.000:8.000|27.056:15.074|31.151:35.311|28.964:35.490|36.412:49.683|31.118:56.681|27.964:55.897|15.366:58.896|15.246:71.061|10.581:79.780|45.996:64.634|54.424:66.096|60.055:71.171|60.392:68.152|65.471:70.315|69.977:66.263|72.833:68.216|69.609:70.683|75.680:74.049|83.074:79.976|75.353:84.745|78.442:91.138|79.011:89.174|83.766:96.295|97.655:86.540|89.972:51.826|71.938:43.686|74.512:33.649|52.696:45.981|8.000:8.000,0-29-11-10-16-15-7-17-13-8-18-2-31-5-20-22-25-26-30-19-32-24-12-6-21-14-23-4-27-0,0.0016586210113018
108,moderate,sparse,WindAwareGreedy,32,23,0.71875,0.7903225806451613,0.0,False,49.0,62.0,1441.2257429866806,1428.0571826267092,-241.22574298668025,-321.22574298668025,True,130.50608416100707,False,True,0.0780389074067142,0.0033361904433371,2.0,True,1.0,8.000:8.000|27.056:15.074|15.366:58.896|15.246:71.061|45.996:64.634|69.977:66.263|72.833:68.216|83.074:79.976|75.353:84.745|78.442:91.138|83.766:96.295|75.680:74.049|60.055:71.171|60.392:68.152|65.471:70.315|69.609:70.683|54.424:66.096|36.412:49.683|31.151:35.311|28.964:35.490|52.696:45.981|44.284:55.441|31.118:56.681|27.964:55.897|8.000:8.000,0-29-17-13-18-22-25-19-32-24-6-30-31-5-20-26-2-16-11-10-27-9-15-7-0,0.0016654620412737
108,moderate,sparse,ReserveOnlyPlanner,32,12,0.375,0.4919354838709677,0.4919354838709677,True,30.5,62.0,1062.8810775077802,1129.878883727322,137.11892249221978,57.11892249221978,False,89.92966449400643,True,False,0.0216528433199153,0.0016662463627259,2.0,False,1.0,8.000:8.000|27.056:15.074|31.151:35.311|15.366:58.896|15.246:71.061|45.996:64.634|69.977:66.263|72.833:68.216|83.074:79.976|75.353:84.745|78.442:91.138|83.766:96.295|97.655:86.540|8.000:8.000,0-29-11-17-13-18-22-25-19-32-24-6-21-0,0.0012578601017594
108,moderate,sparse,FairRiskAwareGreedy,32,18,0.5625,0.6290322580645161,0.6290322580645161,True,39.0,62.0,1098.4504440399344,1146.7626490666128,101.54955596006562,21.549555960065614,False,126.9633760469734,True,False,5.368352151302602e-05,2.8254731804408955e-06,2.8284271247461903,False,1.0,8.000:8.000|27.056:15.074|15.366:58.896|45.996:64.634|15.246:71.061|36.412:49.683|31.151:35.311|28.964:35.490|83.074:79.976|75.353:84.745|72.833:68.216|69.977:66.263|52.696:45.981|60.055:71.171|60.392:68.152|54.424:66.096|44.284:55.441|27.964:55.897|20.606:43.930|8.000:8.000,0-29-17-18-13-16-11-10-19-32-25-22-27-31-5-2-9-7-3-0,0.0026250970549881
108,moderate,sparse,FairALNSPlanner,32,29,0.90625,0.9274193548387096,0.9274193548387096,True,57.5,62.0,1019.29002725579,1183.6009202972873,180.70997274420992,100.70997274420992,False,137.45054834924494,True,False,0.0386677631954855,0.0013013331614441,2.0,False,1.0,8.000:8.000|20.606:43.930|15.366:58.896|15.246:71.061|10.581:79.780|27.964:55.897|31.118:56.681|36.412:49.683|44.284:55.441|45.996:64.634|54.424:66.096|60.055:71.171|60.392:68.152|65.471:70.315|69.609:70.683|69.977:66.263|72.833:68.216|83.074:79.976|83.766:96.295|78.442:91.138|79.011:89.174|75.353:84.745|75.680:74.049|89.972:51.826|74.512:33.649|71.938:43.686|52.696:45.981|31.151:35.311|28.964:35.490|27.056:15.074|8.000:8.000,0-3-17-13-8-7-15-16-9-18-2-31-5-20-26-22-25-19-6-24-12-32-30-14-4-23-27-11-10-29-0,19.694523978978395
108,moderate,sparse,RAWA-RHP,32,29,0.90625,0.9274193548387096,0.9274193548387096,True,57.5,62.0,1009.8489597235224,1171.4373888459702,190.15104027647783,110.15104027647784,False,136.2392617337754,True,False,0.0386677626102225,0.0013013331411506,2.0,False,1.0,8.000:8.000|20.606:43.930|15.366:58.896|15.246:71.061|10.581:79.780|27.964:55.897|31.118:56.681|36.412:49.683|44.284:55.441|45.996:64.634|54.424:66.096|60.055:71.171|60.392:68.152|65.471:70.315|69.609:70.683|69.977:66.263|72.833:68.216|75.680:74.049|75.353:84.745|79.011:89.174|78.442:91.138|83.766:96.295|83.074:79.976|89.972:51.826|74.512:33.649|71.938:43.686|52.696:45.981|31.151:35.311|28.964:35.490|27.056:15.074|8.000:8.000,0-3-17-13-8-7-15-16-9-18-2-31-5-20-26-22-25-30-32-12-24-6-19-14-4-23-27-11-10-29-0,198.8222659539897
111,severe,sparse,NearestNeighbor,32,15,0.46875,0.4655172413793103,0.0,False,27.0,58.0,1572.376781340873,1543.0362958017834,-372.3767813408729,-452.3767813408729,True,84.65376215748198,False,True,0.1265531404584191,0.0082914445071901,2.0,True,1.0,8.000:8.000|38.438:18.812|44.011:30.974|52.142:35.647|63.106:37.481|66.185:33.975|72.596:33.306|72.502:36.102|80.559:26.236|78.294:24.370|84.921:28.637|91.085:32.779|86.171:44.513|81.484:46.279|85.610:56.189|86.850:70.261|8.000:8.000,0-7-24-18-26-27-21-31-11-4-25-3-20-15-22-9-0,0.001619323156774
111,severe,sparse,ValuePerDistance,32,12,0.375,0.4741379310344827,0.0,False,27.5,58.0,1542.857243621294,1512.8443947022918,-342.8572436212941,-422.8572436212941,True,75.22577484814217,False,True,0.1121097659536048,0.0089112518273325,2.0,True,1.0,8.000:8.000|53.955:9.057|72.212:12.425|68.606:12.529|80.559:26.236|78.294:24.370|72.502:36.102|72.596:33.306|66.185:33.975|63.106:37.481|69.538:58.045|68.035:56.380|81.484:46.279|8.000:8.000,0-6-1-19-11-4-31-21-27-26-17-13-15-0,0.0010771208908408
111,severe,sparse,WindAwareGreedy,32,10,0.3125,0.3879310344827586,0.0,False,22.5,58.0,1385.221207098259,1336.9286068465944,-185.22120709825865,-265.2212070982586,True,67.97594582472823,False,True,0.0624530026341217,0.0057383367300866,2.0,True,1.0,8.000:8.000|53.955:9.057|72.212:12.425|68.606:12.529|80.559:26.236|66.185:33.975|72.502:36.102|72.596:33.306|44.011:30.974|38.438:18.812|52.142:35.647|8.000:8.000,0-6-1-19-11-27-31-21-24-7-18-0,0.0011359669733792
111,severe,sparse,ReserveOnlyPlanner,32,8,0.25,0.3189655172413793,0.3189655172413793,True,18.5,58.0,1080.3202877036242,1169.2546282373387,119.67971229637575,39.67971229637576,False,54.51367450432671,True,False,0.0590426076320306,0.0066113071200261,2.0,False,1.0,8.000:8.000|53.955:9.057|72.212:12.425|68.606:12.529|80.559:26.236|78.294:24.370|66.185:33.975|72.596:33.306|38.438:18.812|8.000:8.000,0-6-1-19-11-4-27-21-7-0,0.0009007100015878
111,severe,sparse,FairRiskAwareGreedy,32,12,0.375,0.4482758620689655,0.4482758620689655,True,26.0,58.0,1056.7541775423365,1121.5120360551298,143.24582245766325,63.24582245766325,False,92.92671031868248,True,False,0.0127736960408532,0.0009865390787658,2.8284271247461903,False,1.0,8.000:8.000|53.955:9.057|66.185:33.975|44.011:30.974|69.538:58.045|72.502:36.102|72.596:33.306|81.484:46.279|85.610:56.189|74.109:68.842|50.142:58.796|68.035:56.380|38.438:18.812|8.000:8.000,0-6-27-24-17-31-21-15-22-29-30-13-7-0,0.0017112370114773
111,severe,sparse,FairALNSPlanner,32,15,0.46875,0.5344827586206896,0.5344827586206896,True,31.0,58.0,1018.8314806880056,1196.9172165265677,181.1685193119943,101.16851931199427,False,95.18770482739006,True,False,0.0165098642537763,0.0010366220823255,2.0,False,1.0,8.000:8.000|38.438:18.812|44.011:30.974|52.142:35.647|68.035:56.380|69.538:58.045|72.502:36.102|81.484:46.279|85.610:56.189|74.109:68.842|72.596:33.306|66.185:33.975|63.106:37.481|53.955:9.057|72.212:12.425|68.606:12.529|8.000:8.000,0-7-24-18-13-17-31-15-22-29-21-27-26-6-1-19-0,5.675188084831461
111,severe,sparse,RAWA-RHP,32,22,0.6875,0.7672413793103449,0.7672413793103449,True,44.5,58.0,1035.2272191997492,1206.9359455053077,164.77278080025036,84.77278080025036,False,107.11296444701544,True,False,0.0470173733824782,0.0020660310528607,2.0,False,1.0,8.000:8.000|38.438:18.812|44.011:30.974|52.142:35.647|66.185:33.975|72.596:33.306|72.502:36.102|68.035:56.380|69.538:58.045|74.109:68.842|78.168:85.655|86.677:91.691|86.362:72.791|86.850:70.261|85.610:56.189|81.484:46.279|91.085:32.779|84.921:28.637|80.559:26.236|78.294:24.370|72.212:12.425|68.606:12.529|53.955:9.057|8.000:8.000,0-7-24-18-27-21-31-13-17-29-16-32-28-9-22-15-3-25-11-4-1-19-6-0,50.98904560203664
112,severe,sparse,NearestNeighbor,32,18,0.5625,0.553030303030303,0.0,False,36.5,66.0,1592.466345219339,1558.2420209162058,-392.466345219339,-472.466345219339,True,87.03540171007462,False,True,0.308739083375547,0.0181090696656451,2.0,True,1.0,8.000:8.000|11.916:22.691|37.429:23.792|37.611:28.675|47.731:33.561|47.565:36.175|50.358:39.255|52.837:42.562|48.762:46.417|43.847:47.734|38.992:53.500|36.215:52.341|32.983:48.252|29.241:47.016|27.663:48.741|31.114:68.350|40.002:71.246|47.889:77.677|54.790:80.718|8.000:8.000,0-14-20-16-21-3-23-8-4-26-29-5-6-22-1-7-11-28-17-0,0.0016628981102257
112,severe,sparse,ValuePerDistance,32,14,0.4375,0.4848484848484848,0.0,False,32.0,66.0,1349.8384205824846,1326.7436405464982,-149.83842058248473,-229.83842058248476,True,69.98998451615907,False,True,0.1352841206420326,0.0094047306106407,2.0,True,1.0,8.000:8.000|11.916:22.691|37.429:23.792|37.611:28.675|47.565:36.175|50.358:39.255|52.837:42.562|48.762:46.417|43.847:47.734|36.215:52.341|38.992:53.500|58.518:54.975|62.016:48.874|68.435:45.766|61.201:38.128|8.000:8.000,0-14-20-16-3-23-8-4-26-5-29-27-25-32-31-0,0.0011114059016108
112,severe,sparse,WindAwareGreedy,32,11,0.34375,0.4090909090909091,0.0,False,27.0,66.0,1499.0921191177972,1428.7708700756648,-299.0921191177971,-379.0921191177971,True,70.09237348354773,False,True,0.1680718409465055,0.0145865890114158,2.0,True,1.0,8.000:8.000|11.916:22.691|37.611:28.675|37.429:23.792|50.358:39.255|43.847:47.734|36.215:52.341|38.992:53.500|40.002:71.246|31.114:68.350|52.304:68.684|58.518:54.975|8.000:8.000,0-14-16-20-23-26-5-29-11-7-24-27-0,0.0017319810576736
112,severe,sparse,ReserveOnlyPlanner,32,11,0.34375,0.3333333333333333,0.3333333333333333,True,22.0,66.0,939.9321651860216,1033.775479147327,260.06783481397827,180.0678348139783,False,53.60239831868552,True,False,0.0802730374194848,0.0066947181748627,2.0,False,1.0,8.000:8.000|11.916:22.691|37.611:28.675|37.429:23.792|47.565:36.175|50.358:39.255|43.847:47.734|36.215:52.341|38.992:53.500|32.983:48.252|29.241:47.016|27.663:48.741|8.000:8.000,0-14-16-20-3-23-26-5-29-6-22-1-0,0.0011956240050494
112,severe,sparse,FairRiskAwareGreedy,32,12,0.375,0.4090909090909091,0.4090909090909091,True,27.0,66.0,1033.221390706757,1099.1295297934807,166.77860929324356,86.77860929324356,False,91.38860051554477,True,False,9.571055641777182e-05,7.362577153664678e-06,4.0,False,1.0,8.000:8.000|11.916:22.691|37.429:23.792|37.611:28.675|61.201:38.128|50.358:39.255|36.215:52.341|38.992:53.500|52.304:68.684|73.896:62.329|62.016:48.874|54.790:80.718|17.516:91.476|8.000:8.000,0-14-20-16-31-23-5-29-24-9-25-17-10-0,0.0014608148485422
112,severe,sparse,FairALNSPlanner,32,6,0.1875,0.2045454545454545,0.2045454545454545,True,13.5,66.0,446.95502951065225,510.40958826348106,753.0449704893476,673.0449704893476,False,40.7466016918979,True,False,0.0798428188066657,0.011409865762145,2.0,False,1.0,8.000:8.000|11.916:22.691|37.611:28.675|61.201:38.128|52.837:42.562|50.358:39.255|47.565:36.175|8.000:8.000,0-14-16-31-8-23-3-0,6.462128292070702
112,severe,sparse,RAWA-RHP,32,22,0.6875,0.7121212121212122,0.7121212121212122,True,47.0,66.0,1039.8055729245295,1215.8981195730237,160.19442707547034,80.19442707547034,False,105.75457585874922,True,False,0.0684956976096328,0.0030400833686265,2.0,False,1.0,8.000:8.000|11.916:22.691|27.663:48.741|38.992:53.500|36.215:52.341|32.983:48.252|48.762:46.417|43.847:47.734|58.518:54.975|52.304:68.684|47.889:77.677|54.790:80.718|64.637:85.382|76.081:65.598|73.896:62.329|68.435:45.766|62.016:48.874|61.201:38.128|52.837:42.562|47.565:36.175|50.358:39.255|37.611:28.675|37.429:23.792|8.000:8.000,0-14-1-29-5-6-4-26-27-24-28-17-19-2-9-32-25-31-8-3-23-16-20-0,49.12359073408879
112,calm,cluttered,NearestNeighbor,32,28,0.875,0.9067796610169492,0.0,False,53.5,59.0,1451.733412458093,1446.4624355639985,-251.73341245809223,-331.7334124580923,True,161.0065629589153,False,True,0.0206610024420507,0.0007180130568233,2.0,True,1.0,8.000:8.000|21.059:11.482|28.710:29.154|22.984:29.433|29.051:39.070|39.337:33.403|50.629:37.839|56.478:48.442|63.137:56.076|73.563:57.809|59.175:65.341|56.956:81.343|69.133:87.138|60.834:93.910|77.155:96.879|86.636:68.178|92.243:64.117|90.944:43.063|93.074:30.670|82.113:27.147|65.449:19.546|72.146:42.114|26.674:50.846|28.363:61.247|17.790:61.580|14.605:75.640|20.489:81.638|28.330:78.890|33.564:79.908|8.000:8.000,0-21-4-16-19-15-13-31-26-28-1-10-3-29-11-9-14-27-12-8-17-24-25-6-18-32-23-22-5-0,0.002122385893017
112,calm,cluttered,ValuePerDistance,32,27,0.84375,0.8559322033898306,0.0,False,50.5,59.0,1405.947649862684,1418.8594509451875,-205.9476498626844,-285.94764986268444,True,158.33962586796724,False,True,0.0403354775602728,0.0014653434189347,2.0,True,1.0,8.000:8.000|21.059:11.482|22.984:29.433|28.710:29.154|39.337:33.403|50.629:37.839|56.478:48.442|73.563:57.809|63.137:56.076|59.175:65.341|28.330:78.890|33.564:79.908|37.959:81.488|35.483:97.159|28.480:95.918|21.883:92.521|20.489:81.638|14.605:75.640|17.790:61.580|28.363:61.247|26.674:50.846|29.051:39.070|72.146:42.114|82.113:27.147|93.074:30.670|90.944:43.063|86.636:68.178|92.243:64.117|8.000:8.000,0-21-16-4-15-13-31-28-26-1-22-5-7-30-2-20-23-32-18-6-25-19-24-8-12-27-9-14-0,0.0017077850643545
112,calm,cluttered,WindAwareGreedy,32,16,0.5,0.6101694915254238,0.0,False,36.0,59.0,1356.8420257542302,1369.4757392476986,-156.84202575423018,-236.84202575423015,True,136.9288657337176,False,True,0.0226001429262867,0.0013414560337295,2.0,True,1.0,8.000:8.000|22.984:29.433|50.629:37.839|39.337:33.403|17.790:61.580|28.330:78.890|73.563:57.809|56.478:48.442|72.146:42.114|82.113:27.147|90.944:43.063|59.175:65.341|63.137:56.076|28.710:29.154|21.059:11.482|29.051:39.070|28.363:61.247|8.000:8.000,0-16-13-15-18-22-28-31-24-8-27-1-26-4-21-19-6-0,0.00144958589226
112,calm,cluttered,ReserveOnlyPlanner,32,20,0.625,0.652542372881356,0.652542372881356,True,38.5,59.0,1080.4800026009823,1121.6161015871508,119.51999739901729,39.519997399017285,False,119.8010882597143,True,False,0.0346041431166439,0.0016708524555396,2.0,False,1.0,8.000:8.000|21.059:11.482|22.984:29.433|28.710:29.154|39.337:33.403|50.629:37.839|56.478:48.442|73.563:57.809|59.175:65.341|28.330:78.890|17.790:61.580|28.363:61.247|14.605:75.640|20.489:81.638|33.564:79.908|35.483:97.159|28.480:95.918|21.883:92.521|37.959:81.488|26.674:50.846|29.051:39.070|8.000:8.000,0-21-16-4-15-13-31-28-1-22-18-6-32-23-5-30-2-20-7-25-19-0,0.0018211060669273
112,calm,cluttered,FairRiskAwareGreedy,32,11,0.34375,0.4576271186440678,0.4576271186440678,True,27.0,59.0,1079.0553702686318,1092.0703960399685,120.94462973136808,40.94462973136808,False,113.90907002101618,True,False,0.0090491777542323,0.0007566017842655,2.0,False,1.0,8.000:8.000|22.984:29.433|50.629:37.839|39.337:33.403|17.790:61.580|28.330:78.890|56.478:48.442|21.059:11.482|28.710:29.154|82.113:27.147|72.146:42.114|90.944:43.063|8.000:8.000,0-16-13-15-18-22-31-21-4-8-24-27-0,0.0021061880979686
112,calm,cluttered,FairALNSPlanner,32,24,0.75,0.847457627118644,0.847457627118644,True,50.0,59.0,1053.7115851157882,1118.7607757255846,146.28841488421196,66.28841488421196,False,131.47090433335657,True,False,0.0257223262883321,0.0010393366292323,2.0,False,1.0,8.000:8.000|22.984:29.433|28.710:29.154|39.337:33.403|50.629:37.839|56.478:48.442|72.146:42.114|82.113:27.147|93.074:30.670|90.944:43.063|73.563:57.809|63.137:56.076|59.175:65.341|56.956:81.343|69.133:87.138|77.155:96.879|60.834:93.910|28.480:95.918|35.483:97.159|37.959:81.488|33.564:79.908|28.330:78.890|28.363:61.247|17.790:61.580|21.059:11.482|8.000:8.000,0-16-4-15-13-31-24-8-12-27-28-26-1-10-3-11-29-2-30-7-5-22-6-18-21-0,15.862991659902036
112,calm,cluttered,RAWA-RHP,32,24,0.75,0.847457627118644,0.847457627118644,True,50.0,59.0,1045.4332581703802,1091.0803824267218,154.56674182961964,74.56674182961964,False,131.47090433335663,True,False,0.025722326288332,0.0010393366292323,2.0,False,1.0,8.000:8.000|21.059:11.482|17.790:61.580|28.363:61.247|28.330:78.890|33.564:79.908|37.959:81.488|35.483:97.159|28.480:95.918|60.834:93.910|77.155:96.879|69.133:87.138|56.956:81.343|59.175:65.341|63.137:56.076|73.563:57.809|90.944:43.063|93.074:30.670|82.113:27.147|72.146:42.114|56.478:48.442|50.629:37.839|39.337:33.403|28.710:29.154|22.984:29.433|8.000:8.000,0-21-18-6-22-5-7-30-2-29-11-3-10-1-26-28-27-12-8-24-31-13-15-4-16-0,67.60377835598774
113,severe,cluttered,NearestNeighbor,32,21,0.65625,0.7083333333333334,0.0,False,42.5,60.0,2189.724944208876,2173.0108964343144,-989.724944208876,-1069.724944208876,True,119.29725413306689,False,True,0.2622658914058785,0.0134520323526663,2.0,True,1.0,8.000:8.000|25.758:19.679|34.558:17.893|41.043:16.295|46.461:11.504|54.314:18.056|55.898:19.530|58.690:15.093|76.703:30.082|80.816:25.447|88.312:24.914|91.787:26.894|94.861:19.369|97.105:17.815|87.302:48.054|78.812:48.618|65.887:54.017|50.653:67.161|57.159:71.142|74.953:69.866|79.876:83.387|80.692:93.580|8.000:8.000,0-28-10-4-5-19-24-31-25-1-13-22-23-12-18-29-6-9-15-14-26-3-0,0.0017779171466827
113,severe,cluttered,ValuePerDistance,32,14,0.4375,0.4833333333333333,0.0,False,29.0,60.0,1273.0967693962275,1324.895736865811,-73.09676939622744,-153.09676939622744,True,77.31619333150255,False,True,0.1731111960624533,0.0120562834482295,2.0,True,1.0,8.000:8.000|25.758:19.679|34.558:17.893|41.043:16.295|46.461:11.504|55.898:19.530|54.314:18.056|58.690:15.093|65.887:54.017|50.653:67.161|34.927:66.433|41.583:66.611|46.580:49.707|40.102:36.188|20.573:28.859|8.000:8.000,0-28-10-4-5-24-19-31-6-9-8-20-32-11-21-0,0.0011027611326426
113,severe,cluttered,WindAwareGreedy,32,13,0.40625,0.5,0.0,False,30.0,60.0,2000.623435600916,2032.850010847986,-800.623435600916,-880.623435600916,True,98.62797748182344,False,True,0.1852046558845113,0.0137508752360303,2.0,True,1.0,8.000:8.000|25.758:19.679|41.043:16.295|55.898:19.530|58.690:15.093|46.461:11.504|54.314:18.056|65.887:54.017|50.653:67.161|79.876:83.387|80.692:93.580|74.953:69.866|78.812:48.618|87.302:48.054|8.000:8.000,0-28-4-24-31-5-19-6-9-26-3-14-29-18-0,0.001162544125691
113,severe,cluttered,ReserveOnlyPlanner,32,9,0.28125,0.3083333333333333,0.3083333333333333,True,18.5,60.0,998.9355433791366,1042.0902537011536,201.06445662086352,121.06445662086352,False,52.39733642513231,True,False,0.0487990862242104,0.0048968434587838,2.0,False,1.0,8.000:8.000|25.758:19.679|41.043:16.295|55.898:19.530|58.690:15.093|54.314:18.056|46.461:11.504|34.558:17.893|40.102:36.188|20.573:28.859|8.000:8.000,0-28-4-24-31-19-5-10-11-21-0,0.0009258980862796
113,severe,cluttered,FairRiskAwareGreedy,32,10,0.3125,0.3666666666666666,0.3666666666666666,True,22.0,60.0,767.999978198877,814.1491125514191,432.00002180112295,352.0000218011229,False,72.29070408135776,True,False,0.0067086338204546,0.0006113355748958,2.8284271247461903,False,1.0,8.000:8.000|25.758:19.679|41.043:16.295|65.887:54.017|55.898:19.530|58.690:15.093|46.461:11.504|34.558:17.893|40.102:36.188|46.580:49.707|20.573:28.859|8.000:8.000,0-28-4-6-24-31-5-10-11-32-21-0,0.0014134121593087
113,severe,cluttered,FairALNSPlanner,32,16,0.5,0.5583333333333333,0.5583333333333333,True,33.5,60.0,1048.671087944698,1259.2521336027366,151.32891205530208,71.32891205530208,False,102.52174922662796,True,False,0.0078471384374277,0.0004629928079369,2.8284271247461903,False,1.0,8.000:8.000|25.758:19.679|41.043:16.295|34.558:17.893|46.461:11.504|58.690:15.093|54.314:18.056|55.898:19.530|76.703:30.082|65.887:54.017|65.434:86.967|57.159:71.142|79.876:83.387|80.692:93.580|74.953:69.866|46.580:49.707|20.573:28.859|8.000:8.000,0-28-4-10-5-31-19-24-25-6-16-15-26-3-14-32-21-0,8.322265784954652
113,severe,cluttered,RAWA-RHP,32,20,0.625,0.6916666666666667,0.6916666666666667,True,41.5,60.0,1049.557803209143,1265.5083178504374,150.442196790857,70.442196790857,False,107.77451793080496,True,False,0.0228967303742634,0.001094235754643,2.0,False,1.0,8.000:8.000|25.758:19.679|41.043:16.295|34.558:17.893|46.461:11.504|58.690:15.093|54.314:18.056|55.898:19.530|40.102:36.188|46.580:49.707|65.887:54.017|74.953:69.866|79.876:83.387|80.692:93.580|65.434:86.967|57.159:71.142|50.653:67.161|41.583:66.611|34.927:66.433|19.869:67.065|17.714:58.276|8.000:8.000,0-28-4-10-5-31-19-24-11-32-6-14-26-3-16-15-9-20-8-17-2-0,22.38351911306381
113,calm,sparse,NearestNeighbor,32,31,0.96875,0.9694656488549618,0.0,False,63.5,65.5,1281.0864056629105,1278.185749169007,-81.08640566291021,-161.0864056629102,True,156.56452518940122,False,True,0.0170210151159702,0.0005353013905387,2.0,True,1.0,8.000:8.000|30.651:11.664|33.317:28.936|35.713:35.149|37.610:40.375|40.857:28.650|47.587:34.456|55.275:38.754|57.825:36.693|59.513:39.053|63.799:42.982|65.703:45.243|63.712:47.315|69.784:42.430|69.211:26.152|62.323:31.654|57.205:21.428|78.563:18.911|88.133:23.224|87.386:26.299|83.169:54.653|72.998:61.963|63.600:68.135|58.313:62.065|49.721:50.233|24.137:64.190|22.876:75.457|23.518:87.640|51.498:92.577|56.922:92.993|55.750:80.336|56.615:78.527|8.000:8.000,0-8-9-30-26-18-19-32-10-21-7-16-24-1-13-22-28-23-25-31-15-29-5-2-14-11-4-12-17-20-3-6-0,0.0021428789477795
113,calm,sparse,ValuePerDistance,32,27,0.84375,0.8854961832061069,0.0,False,58.0,65.5,1240.469896998134,1242.3759013947,-40.46989699813386,-120.46989699813386,True,148.8059947205842,False,True,0.0179344048631596,0.0006441916705014,2.0,True,1.0,8.000:8.000|30.651:11.664|33.317:28.936|40.857:28.650|47.587:34.456|55.275:38.754|57.825:36.693|59.513:39.053|63.799:42.982|65.703:45.243|63.712:47.315|69.784:42.430|72.998:61.963|83.169:54.653|55.750:80.336|56.615:78.527|63.600:68.135|58.313:62.065|49.721:50.233|24.137:64.190|22.876:75.457|23.518:87.640|51.498:92.577|56.922:92.993|78.563:18.911|69.211:26.152|62.323:31.654|57.205:21.428|8.000:8.000,0-8-9-18-19-32-10-21-7-16-24-1-29-15-3-6-5-2-14-11-4-12-17-20-23-13-22-28-0,0.0016119929496198
113,calm,sparse,WindAwareGreedy,32,24,0.75,0.8244274809160306,0.0,False,54.0,65.5,1398.8009360111264,1400.3141092766025,-198.8009360111268,-278.8009360111268,True,158.64450261714163,False,True,0.0160439253436222,0.0006460759878505,2.0,True,1.0,8.000:8.000|30.651:11.664|33.317:28.936|24.137:64.190|55.750:80.336|56.615:78.527|72.998:61.963|69.784:42.430|63.799:42.982|78.563:18.911|69.211:26.152|57.205:21.428|40.857:28.650|47.587:34.456|37.610:40.375|24.469:36.673|62.323:31.654|63.712:47.315|65.703:45.243|59.513:39.053|57.825:36.693|55.275:38.754|49.721:50.233|63.600:68.135|51.498:92.577|8.000:8.000,0-8-9-11-3-6-29-1-7-23-13-28-18-19-26-27-22-24-16-21-10-32-14-5-17-0,0.0018219130579382
113,calm,sparse,ReserveOnlyPlanner,32,23,0.71875,0.7709923664122137,0.7709923664122137,True,50.5,65.5,1092.7785220723024,1120.286499521181,107.22147792769798,27.221477927697972,False,130.41083944750778,True,False,0.0052941856317128,0.0002209770138953,2.0,False,1.0,8.000:8.000|30.651:11.664|33.317:28.936|40.857:28.650|47.587:34.456|57.205:21.428|78.563:18.911|69.211:26.152|69.784:42.430|63.799:42.982|72.998:61.963|55.750:80.336|56.615:78.527|24.137:64.190|24.469:36.673|37.610:40.375|35.713:35.149|62.323:31.654|57.825:36.693|55.275:38.754|63.712:47.315|65.703:45.243|59.513:39.053|49.721:50.233|8.000:8.000,0-8-9-18-19-28-23-13-1-7-29-3-6-11-27-26-30-22-10-32-24-16-21-14-0,0.0027954531833529
113,calm,sparse,FairRiskAwareGreedy,32,20,0.625,0.6870229007633588,0.6870229007633588,True,45.0,65.5,1079.6056814989147,1097.13326816275,120.39431850108552,40.39431850108551,False,128.4079923637659,True,False,0.0162554317041213,0.0007793700976061,2.0,False,1.0,8.000:8.000|30.651:11.664|33.317:28.936|24.137:64.190|55.750:80.336|72.998:61.963|69.784:42.430|78.563:18.911|57.205:21.428|69.211:26.152|63.799:42.982|63.712:47.315|47.587:34.456|40.857:28.650|24.469:36.673|37.610:40.375|62.323:31.654|57.825:36.693|55.275:38.754|59.513:39.053|35.713:35.149|8.000:8.000,0-8-9-11-3-29-1-23-28-13-7-24-19-18-27-26-22-10-32-21-30-0,0.0032256599515676
113,calm,sparse,FairALNSPlanner,32,28,0.875,0.9236641221374046,0.9236641221374046,True,60.5,65.5,1065.4191714008318,1144.133847476631,134.5808285991681,54.580828599168086,False,139.15825781688,True,False,0.0162457845561588,0.0005637838169545,2.0,False,1.0,8.000:8.000|30.651:11.664|57.205:21.428|78.563:18.911|69.211:26.152|62.323:31.654|57.825:36.693|59.513:39.053|63.799:42.982|65.703:45.243|63.712:47.315|49.721:50.233|55.275:38.754|69.784:42.430|83.169:54.653|72.998:61.963|63.600:68.135|56.615:78.527|55.750:80.336|56.922:92.993|51.498:92.577|22.876:75.457|24.137:64.190|24.469:36.673|33.317:28.936|35.713:35.149|37.610:40.375|47.587:34.456|40.857:28.650|8.000:8.000,0-8-28-23-13-22-10-21-7-16-24-14-32-1-15-29-5-6-3-20-17-4-11-27-9-30-26-19-18-0,19.642110255081207
113,calm,sparse,RAWA-RHP,32,30,0.9375,0.9618320610687024,0.9618320610687024,True,63.0,65.5,1046.8572777746815,1123.8078232173436,153.14272222531815,73.14272222531815,False,140.69336853038286,True,False,0.00950308053734,0.0003072980502143,2.0,False,1.0,8.000:8.000|30.651:11.664|33.317:28.936|37.610:40.375|35.713:35.149|40.857:28.650|47.587:34.456|57.205:21.428|78.563:18.911|88.133:23.224|87.386:26.299|69.211:26.152|62.323:31.654|57.825:36.693|55.275:38.754|59.513:39.053|63.799:42.982|63.712:47.315|65.703:45.243|69.784:42.430|83.169:54.653|72.998:61.963|63.600:68.135|58.313:62.065|56.615:78.527|55.750:80.336|56.922:92.993|51.498:92.577|22.876:75.457|24.137:64.190|24.469:36.673|8.000:8.000,0-8-9-26-30-18-19-28-23-25-31-13-22-10-32-21-7-24-16-1-15-29-5-2-6-3-20-17-4-11-27-0,50.30108045600355
111,moderate,cluttered,NearestNeighbor,32,26,0.8125,0.811965811965812,0.0,False,47.5,58.5,1366.1423893127703,1352.5683704748049,-166.14238931277058,-246.14238931277055,True,122.17840903495616,False,True,0.0346991869350041,0.0012852132648649,2.0,True,1.0,8.000:8.000|25.935:22.798|24.802:26.865|34.137:30.327|34.702:35.669|32.195:35.769|26.785:45.395|26.540:55.281|22.430:54.811|42.393:48.340|42.800:45.951|45.736:67.073|46.637:83.623|60.427:89.771|64.638:77.907|75.689:66.506|72.601:53.458|69.929:46.202|84.354:46.403|78.933:37.851|79.264:28.740|80.516:26.217|72.938:22.705|71.018:28.616|63.464:15.571|53.035:24.999|52.024:26.797|8.000:8.000,0-21-16-17-2-5-1-27-26-10-15-19-24-3-22-11-12-9-18-4-6-7-29-32-14-28-20-0,0.0023566640447825
111,moderate,cluttered,ValuePerDistance,32,24,0.75,0.7863247863247863,0.0,False,46.0,58.5,1536.0294390225033,1535.6100139197133,-336.02943902250337,-416.02943902250337,True,129.5280550056279,False,True,0.1552687653797607,0.0065611007918388,2.0,True,1.0,8.000:8.000|24.802:26.865|25.935:22.798|32.195:35.769|34.702:35.669|34.137:30.327|52.024:26.797|53.035:24.999|63.464:15.571|71.018:28.616|79.264:28.740|80.516:26.217|78.933:37.851|84.354:46.403|89.644:58.799|64.638:77.907|60.427:89.771|46.637:83.623|79.773:81.051|89.722:77.389|75.689:66.506|72.601:53.458|69.929:46.202|42.800:45.951|42.393:48.340|8.000:8.000,0-16-21-5-2-17-20-28-14-32-6-7-4-18-31-22-3-24-13-23-11-12-9-15-10-0,0.0019394708797335
111,moderate,cluttered,WindAwareGreedy,32,16,0.5,0.6666666666666666,0.0,False,39.0,58.5,1474.36373986389,1482.9036483015047,-274.36373986389003,-354.36373986389003,True,121.15080324144108,False,True,0.2381942439088894,0.0155203472755842,2.0,True,1.0,8.000:8.000|32.195:35.769|26.785:45.395|24.802:26.865|52.024:26.797|53.035:24.999|79.264:28.740|93.371:18.375|63.464:15.571|71.018:28.616|80.516:26.217|84.354:46.403|64.638:77.907|60.427:89.771|79.773:81.051|46.637:83.623|23.380:75.666|8.000:8.000,0-5-1-16-20-28-6-8-14-32-7-18-22-3-13-24-25-0,0.0013696199748665
111,moderate,cluttered,ReserveOnlyPlanner,32,12,0.375,0.3931623931623931,0.3931623931623931,True,23.0,58.5,1091.6548575630954,1163.6155729448146,108.34514243690472,28.345142436904723,False,82.02177527566911,True,False,0.1466933380787439,0.0119197409494445,2.0,False,1.0,8.000:8.000|24.802:26.865|32.195:35.769|26.785:45.395|26.540:55.281|23.380:75.666|46.637:83.623|64.638:77.907|60.427:89.771|79.773:81.051|75.689:66.506|72.601:53.458|69.929:46.202|8.000:8.000,0-16-5-1-27-25-24-22-3-13-11-12-9-0,0.0013669920153915
111,moderate,cluttered,FairRiskAwareGreedy,32,16,0.5,0.5982905982905983,0.5982905982905983,True,35.0,58.5,1028.8048609536856,1073.5890868037088,171.19513904631415,91.19513904631415,False,113.80775511110788,True,False,0.0004779385301334,2.8117589239380215e-05,2.8284271247461903,False,1.0,8.000:8.000|32.195:35.769|24.802:26.865|26.785:45.395|64.638:77.907|79.264:28.740|93.371:18.375|52.024:26.797|53.035:24.999|63.464:15.571|71.018:28.616|80.516:26.217|78.933:37.851|72.938:22.705|34.137:30.327|34.702:35.669|25.935:22.798|8.000:8.000,0-5-16-1-22-6-8-20-28-14-32-7-4-29-17-2-21-0,0.001949505880475
111,moderate,cluttered,FairALNSPlanner,32,26,0.8125,0.8803418803418803,0.8803418803418803,True,51.5,58.5,1056.62446938413,1204.388214947,143.3755306158706,63.37553061587059,False,130.57939378793108,True,False,0.0510491174943654,0.0018908283868084,2.0,False,1.0,8.000:8.000|24.802:26.865|26.785:45.395|26.540:55.281|22.430:54.811|45.736:67.073|46.637:83.623|60.427:89.771|64.638:77.907|79.773:81.051|75.689:66.506|72.601:53.458|89.644:58.799|84.354:46.403|78.933:37.851|93.371:18.375|80.516:26.217|79.264:28.740|71.018:28.616|72.938:22.705|63.464:15.571|53.035:24.999|52.024:26.797|34.137:30.327|34.702:35.669|32.195:35.769|25.935:22.798|8.000:8.000,0-16-1-27-26-19-24-3-22-13-11-12-31-18-4-8-7-6-32-29-14-28-20-17-2-5-21-0,16.822139874100685
111,moderate,cluttered,RAWA-RHP,32,27,0.84375,0.8888888888888888,0.8888888888888888,True,52.0,58.5,1029.1120690475689,1167.7235781918494,170.88793095243085,90.88793095243084,False,130.6658860876445,True,False,1.2573793965020563e-05,4.49066302143919e-07,2.8284271247461903,False,1.0,8.000:8.000|32.195:35.769|34.702:35.669|34.137:30.327|52.024:26.797|53.035:24.999|63.464:15.571|72.938:22.705|71.018:28.616|79.264:28.740|80.516:26.217|93.371:18.375|78.933:37.851|84.354:46.403|89.644:58.799|89.722:77.389|79.773:81.051|64.638:77.907|60.427:89.771|46.637:83.623|45.736:67.073|42.393:48.340|42.800:45.951|26.540:55.281|22.430:54.811|26.785:45.395|24.802:26.865|25.935:22.798|8.000:8.000,0-5-2-17-20-28-14-29-32-6-7-8-4-18-31-23-13-22-3-24-19-10-15-27-26-1-16-21-0,107.27285444410518
109,moderate,sparse,NearestNeighbor,32,26,0.8125,0.8083333333333333,0.0,False,48.5,60.0,1664.8459054855327,1621.0404545425197,-464.8459054855325,-544.8459054855325,True,134.35952624888895,False,True,0.1071500962396386,0.0039819995743347,2.0,True,1.0,8.000:8.000|11.754:24.003|18.711:39.612|27.052:36.235|32.449:42.877|41.856:43.755|42.611:46.438|41.471:37.491|33.921:21.738|66.479:32.151|76.946:39.090|75.535:44.502|70.995:48.060|79.145:51.597|88.667:56.011|86.570:31.013|95.320:25.349|97.271:22.746|96.109:19.276|81.659:19.050|59.628:57.341|55.238:62.307|52.374:57.246|45.033:56.664|43.152:61.483|42.931:64.730|40.005:63.823|8.000:8.000,0-23-30-8-22-31-3-5-7-4-13-18-14-24-17-1-27-28-9-19-26-10-21-20-25-6-11-0,0.0021104689221829
109,moderate,sparse,ValuePerDistance,32,27,0.84375,0.8916666666666667,0.0,False,53.5,60.0,1591.3265356386864,1599.6981368661773,-391.32653563868666,-471.32653563868666,True,137.92997230913466,False,True,0.1287709351512215,0.0048446137006647,2.0,True,1.0,8.000:8.000|11.754:24.003|27.052:36.235|32.449:42.877|42.611:46.438|41.856:43.755|41.471:37.491|52.374:57.246|59.628:57.341|55.238:62.307|58.311:75.030|52.675:81.316|50.695:87.225|47.788:88.849|43.152:61.483|40.005:63.823|42.931:64.730|45.033:56.664|39.168:58.413|70.995:48.060|75.535:44.502|79.145:51.597|88.667:56.011|97.271:22.746|95.320:25.349|96.109:19.276|86.570:31.013|76.946:39.090|8.000:8.000,0-23-8-22-3-31-5-21-26-10-32-2-12-15-25-11-6-20-29-14-18-24-17-28-27-9-1-13-0,0.0023000701330602
109,moderate,sparse,WindAwareGreedy,32,22,0.6875,0.7916666666666666,0.0,False,47.5,60.0,1737.7578067777497,1730.9120037349553,-537.7578067777496,-617.7578067777496,True,136.5515130732231,False,True,0.1381126659472262,0.0063652652483244,2.0,True,1.0,8.000:8.000|27.052:36.235|42.611:46.438|52.374:57.246|59.628:57.341|58.311:75.030|52.675:81.316|50.695:87.225|43.152:61.483|40.005:63.823|45.033:56.664|41.471:37.491|41.856:43.755|32.449:42.877|66.479:32.151|97.271:22.746|95.320:25.349|86.570:31.013|70.995:48.060|75.535:44.502|79.145:51.597|76.946:39.090|88.667:56.011|8.000:8.000,0-8-3-21-26-32-2-12-25-11-20-5-31-22-4-28-27-1-14-18-24-13-17-0,0.0016813690308481
109,moderate,sparse,ReserveOnlyPlanner,32,13,0.40625,0.4833333333333333,0.4833333333333333,True,29.0,60.0,1100.4298067100738,1151.607198913434,99.57019328992637,19.57019328992635,False,89.30498917773377,True,False,0.0853222481983569,0.0062576545376812,2.0,False,1.0,8.000:8.000|27.052:36.235|42.611:46.438|52.374:57.246|59.628:57.341|58.311:75.030|52.675:81.316|50.695:87.225|47.788:88.849|66.099:86.337|70.995:48.060|75.535:44.502|97.271:22.746|96.109:19.276|8.000:8.000,0-8-3-21-26-32-2-12-15-16-14-18-28-9-0,0.0013802989851683
109,moderate,sparse,FairRiskAwareGreedy,32,16,0.5,0.625,0.625,True,37.5,60.0,1088.127015610418,1130.556926783401,111.87298438958194,31.872984389581944,False,120.3012313089775,True,False,0.0023225416563665,0.0001367260691877,2.0,False,1.0,8.000:8.000|27.052:36.235|42.611:46.438|52.374:57.246|58.311:75.030|59.628:57.341|41.471:37.491|43.152:61.483|40.005:63.823|32.449:42.877|41.856:43.755|45.033:56.664|97.271:22.746|95.320:25.349|66.479:32.151|81.659:19.050|11.754:24.003|8.000:8.000,0-8-3-21-32-26-5-25-11-22-31-20-28-27-4-19-23-0,0.0023487561848014
109,moderate,sparse,FairALNSPlanner,32,24,0.75,0.8583333333333333,0.8583333333333333,True,51.5,60.0,1058.5142663552429,1177.9698564483208,141.48573364475723,61.48573364475723,False,128.31230153717,True,False,0.028692785715192,0.0011563592640785,2.0,False,1.0,8.000:8.000|11.754:24.003|45.033:56.664|52.374:57.246|55.238:62.307|58.311:75.030|59.628:57.341|70.995:48.060|79.145:51.597|75.535:44.502|97.271:22.746|95.320:25.349|86.570:31.013|66.479:32.151|41.471:37.491|41.856:43.755|42.611:46.438|43.152:61.483|40.005:63.823|52.675:81.316|50.695:87.225|47.788:88.849|39.168:58.413|32.449:42.877|27.052:36.235|8.000:8.000,0-23-20-21-10-32-26-14-24-18-28-27-1-4-5-31-3-25-11-2-12-15-29-22-8-0,16.520452184136957
109,moderate,sparse,RAWA-RHP,32,29,0.90625,0.95,0.95,True,57.0,60.0,1027.3037789970945,1153.5050676152266,172.6962210029055,92.6962210029055,False,133.11767356405306,True,False,0.0773649242704178,0.0026387344971618,2.0,False,1.0,8.000:8.000|11.754:24.003|18.711:39.612|27.052:36.235|32.449:42.877|41.471:37.491|41.856:43.755|42.611:46.438|45.033:56.664|39.168:58.413|43.152:61.483|40.005:63.823|47.788:88.849|50.695:87.225|52.675:81.316|58.311:75.030|55.238:62.307|52.374:57.246|59.628:57.341|70.995:48.060|79.145:51.597|75.535:44.502|76.946:39.090|96.109:19.276|97.271:22.746|95.320:25.349|86.570:31.013|81.659:19.050|66.479:32.151|33.921:21.738|8.000:8.000,0-23-30-8-22-5-31-3-20-29-25-11-15-12-2-32-10-21-26-14-24-18-13-9-28-27-1-19-4-7-0,210.9431320610456
111,moderate,sparse,NearestNeighbor,32,28,0.875,0.8455882352941176,0.0,False,57.5,68.0,1479.4183803940791,1482.527142622902,-279.4183803940792,-359.4183803940792,True,135.6812049713288,False,True,0.0901304876317969,0.0032038852864047,2.0,True,1.0,8.000:8.000|12.743:35.302|22.234:40.264|25.618:40.276|32.804:31.848|47.226:41.458|52.116:46.365|60.149:46.358|64.819:42.608|63.026:38.038|53.041:34.282|59.904:21.440|60.227:17.173|71.167:8.776|73.829:10.597|77.594:19.454|79.597:19.607|70.986:62.588|72.160:69.234|59.891:77.320|47.247:84.828|42.478:82.004|40.302:84.808|34.636:95.304|25.241:87.430|24.176:89.295|14.300:76.434|16.222:60.518|29.261:56.308|8.000:8.000,0-29-25-17-28-7-3-18-16-11-13-9-31-5-6-20-27-1-10-21-24-2-15-32-14-22-23-30-8-0,0.0021967780776321
111,moderate,sparse,ValuePerDistance,32,25,0.78125,0.8088235294117647,0.0,False,55.0,68.0,1288.2566056446387,1261.555226770895,-88.25660564463871,-168.2566056446387,True,118.48703388943596,False,True,0.1372607949126038,0.0055732529973923,2.0,True,1.0,8.000:8.000|32.804:31.848|25.618:40.276|22.234:40.264|32.314:51.759|33.589:56.352|29.261:56.308|41.343:59.530|52.116:46.365|47.226:41.458|53.041:34.282|63.026:38.038|64.819:42.608|60.149:46.358|70.986:62.588|72.160:69.234|59.891:77.320|47.247:84.828|40.302:84.808|42.478:82.004|34.636:95.304|24.176:89.295|25.241:87.430|14.300:76.434|16.222:60.518|12.743:35.302|8.000:8.000,0-28-17-25-12-19-8-26-3-7-13-11-16-18-1-10-21-24-15-2-32-22-14-23-30-29-0,0.0018622120842337
111,moderate,sparse,WindAwareGreedy,32,21,0.65625,0.7279411764705882,0.0,False,49.5,68.0,1654.9426331175127,1668.9599712936877,-454.9426331175125,-534.9426331175125,True,132.09765313949234,False,True,0.1607243156264269,0.0077395609318696,2.0,True,1.0,8.000:8.000|32.804:31.848|32.314:51.759|41.343:59.530|33.589:56.352|29.261:56.308|14.300:76.434|24.176:89.295|34.636:95.304|40.302:84.808|47.247:84.828|53.652:90.966|59.891:77.320|70.986:62.588|52.116:46.365|47.226:41.458|25.618:40.276|12.743:35.302|22.234:40.264|16.222:60.518|25.241:87.430|42.478:82.004|8.000:8.000,0-28-12-26-19-8-23-22-32-15-24-4-21-1-3-7-17-29-25-30-14-2-0,0.0016789021901786
111,moderate,sparse,ReserveOnlyPlanner,32,15,0.46875,0.5147058823529411,0.5147058823529411,True,35.0,68.0,1062.8377601013724,1144.7342261423564,137.16223989862775,57.16223989862775,False,89.05699934716188,True,False,0.0882114454286592,0.0056440164670889,2.0,False,1.0,8.000:8.000|32.804:31.848|32.314:51.759|33.589:56.352|41.343:59.530|29.261:56.308|14.300:76.434|24.176:89.295|34.636:95.304|40.302:84.808|47.247:84.828|53.652:90.966|59.891:77.320|42.478:82.004|16.222:60.518|12.743:35.302|8.000:8.000,0-28-12-19-26-8-23-22-32-15-24-4-21-2-30-29-0,0.0014445229899138
111,moderate,sparse,FairRiskAwareGreedy,32,16,0.5,0.5882352941176471,0.5882352941176471,True,40.0,68.0,1076.569399494298,1127.6826917149576,123.43060050570186,43.43060050570186,False,117.4340618625084,True,False,0.0040116710526599,0.0002359965334405,2.0,False,1.0,8.000:8.000|32.314:51.759|33.589:56.352|29.261:56.308|14.300:76.434|52.116:46.365|47.226:41.458|32.804:31.848|25.618:40.276|12.743:35.302|70.986:62.588|59.891:77.320|40.302:84.808|34.636:95.304|24.176:89.295|25.241:87.430|22.234:40.264|8.000:8.000,0-12-19-8-23-3-7-28-17-29-1-21-15-32-22-14-25-0,0.0023553920909762
111,moderate,sparse,FairALNSPlanner,32,24,0.75,0.8308823529411765,0.8308823529411765,True,56.5,68.0,1035.5132770479463,1185.3719375433377,164.4867229520531,84.4867229520531,False,125.59989605595244,True,False,0.059560298375941,0.0024091907138796,2.0,False,1.0,8.000:8.000|12.743:35.302|22.234:40.264|25.618:40.276|32.314:51.759|33.589:56.352|41.343:59.530|70.986:62.588|59.891:77.320|53.652:90.966|47.247:84.828|40.302:84.808|34.636:95.304|24.176:89.295|25.241:87.430|14.300:76.434|29.261:56.308|32.804:31.848|47.226:41.458|52.116:46.365|64.819:42.608|63.026:38.038|53.041:34.282|59.904:21.440|60.227:17.173|8.000:8.000,0-29-25-17-12-19-26-1-21-4-24-15-32-22-14-23-8-28-7-3-16-11-13-9-31-0,15.17409022897482
111,moderate,sparse,RAWA-RHP,32,27,0.84375,0.8823529411764706,0.8823529411764706,True,60.0,68.0,1054.0821467462963,1206.9678649583193,145.91785325370313,65.91785325370313,False,136.03491347442676,True,False,0.0595962186921964,0.0021719703613817,2.0,False,1.0,8.000:8.000|32.804:31.848|47.226:41.458|52.116:46.365|60.149:46.358|77.594:19.454|79.597:19.607|71.167:8.776|60.227:17.173|59.904:21.440|63.026:38.038|64.819:42.608|70.986:62.588|41.343:59.530|47.247:84.828|42.478:82.004|40.302:84.808|34.636:95.304|24.176:89.295|25.241:87.430|14.300:76.434|16.222:60.518|32.314:51.759|33.589:56.352|29.261:56.308|25.618:40.276|22.234:40.264|12.743:35.302|8.000:8.000,0-28-7-3-18-20-27-5-31-9-11-16-1-26-24-2-15-32-22-14-23-30-12-19-8-17-25-29-0,116.99480896396562
113,severe,sparse,NearestNeighbor,32,14,0.4375,0.3833333333333333,0.0,False,23.0,60.0,1599.106481191072,1555.379661899232,-399.1064811910719,-479.1064811910719,True,82.07573516904634,False,True,0.1495010159392631,0.0102901674564382,2.0,True,1.0,8.000:8.000|25.761:16.108|36.061:36.873|29.299:43.669|28.516:52.758|32.382:59.881|43.938:59.787|45.000:62.638|49.698:77.297|38.367:77.003|32.634:87.119|22.446:93.760|16.542:88.222|17.759:63.765|45.369:41.152|8.000:8.000,0-18-30-7-9-10-32-17-22-29-11-3-28-14-6-0,0.001421941909939
113,severe,sparse,ValuePerDistance,32,17,0.53125,0.625,0.0,False,37.5,60.0,1743.9820966378804,1729.5264057323309,-543.9820966378804,-623.9820966378804,True,95.99492518073497,False,True,0.1315854480484966,0.0076791244024462,2.0,True,1.0,8.000:8.000|25.761:16.108|63.112:49.362|72.580:52.605|71.858:61.985|69.594:65.832|78.531:67.788|85.049:67.374|90.335:59.317|84.230:51.261|82.078:54.138|78.478:51.936|87.657:37.270|85.415:38.637|81.139:29.951|82.326:26.358|97.217:27.050|95.580:34.804|8.000:8.000,0-18-24-23-19-26-31-15-4-21-12-13-5-1-20-8-16-2-0,0.0013598988298326
113,severe,sparse,WindAwareGreedy,32,17,0.53125,0.625,0.0,False,37.5,60.0,1911.482753640357,1951.2995435264295,-711.482753640357,-791.482753640357,True,104.46678404761782,False,True,0.324535028322517,0.0207717451918753,2.0,True,1.0,8.000:8.000|25.761:16.108|63.112:49.362|72.580:52.605|71.858:61.985|69.594:65.832|78.531:67.788|84.230:51.261|87.657:37.270|85.415:38.637|81.139:29.951|82.326:26.358|97.217:27.050|95.580:34.804|82.078:54.138|90.335:59.317|85.049:67.374|78.478:51.936|8.000:8.000,0-18-24-23-19-26-31-21-5-1-20-8-16-2-12-4-15-13-0,0.001545940991491
113,severe,sparse,ReserveOnlyPlanner,32,9,0.28125,0.2916666666666667,0.2916666666666667,True,17.5,60.0,1082.54285176162,1158.1027493412423,117.45714823837989,37.45714823837989,False,57.04095782544971,True,False,0.029195640712859,0.002930810970982,2.0,False,1.0,8.000:8.000|25.761:16.108|36.061:36.873|63.112:49.362|72.580:52.605|71.858:61.985|69.594:65.832|61.326:65.972|57.302:53.955|45.369:41.152|8.000:8.000,0-18-30-24-23-19-26-27-25-6-0,0.0009923321194946
113,severe,sparse,FairRiskAwareGreedy,32,14,0.4375,0.4833333333333333,0.4833333333333333,True,29.0,60.0,1082.8471677438326,1145.563720592461,117.15283225616722,37.152832256167216,False,102.47018614347876,True,False,0.0075929736510785,0.0005075378165412,2.0,False,1.0,8.000:8.000|25.761:16.108|72.580:52.605|63.112:49.362|84.230:51.261|87.657:37.270|81.139:29.951|82.326:26.358|43.938:59.787|45.000:62.638|32.382:59.881|28.516:52.758|29.299:43.669|17.759:63.765|38.367:77.003|8.000:8.000,0-18-23-24-21-5-20-8-32-17-10-9-7-14-29-0,0.0019208188168704
113,severe,sparse,FairALNSPlanner,32,19,0.59375,0.65,0.65,True,39.0,60.0,1018.4065758783622,1252.2029459455357,181.5934241216379,101.5934241216379,False,104.42552716062823,True,False,0.0366187487985331,0.0018537202539296,2.0,False,1.0,8.000:8.000|36.061:36.873|45.369:41.152|32.382:59.881|45.000:62.638|61.326:65.972|69.594:65.832|85.049:67.374|78.531:67.788|71.858:61.985|72.580:52.605|78.478:51.936|82.078:54.138|90.335:59.317|84.230:51.261|85.415:38.637|81.139:29.951|87.657:37.270|63.112:49.362|25.761:16.108|8.000:8.000,0-30-6-10-17-27-26-15-31-19-23-13-12-4-21-1-20-5-24-18-0,11.325379896908998
113,severe,sparse,RAWA-RHP,32,22,0.6875,0.7333333333333333,0.7333333333333333,True,44.0,60.0,1061.1661262920045,1251.0982298652311,138.83387370799548,58.83387370799548,False,111.14041874147284,True,False,0.0558628512444786,0.0024758255766871,2.0,False,1.0,8.000:8.000|17.759:63.765|32.382:59.881|28.516:52.758|45.000:62.638|43.938:59.787|57.302:53.955|61.326:65.972|69.594:65.832|78.531:67.788|71.858:61.985|72.580:52.605|78.478:51.936|82.078:54.138|84.230:51.261|85.415:38.637|87.657:37.270|81.139:29.951|82.326:26.358|63.112:49.362|45.369:41.152|36.061:36.873|25.761:16.108|8.000:8.000,0-14-10-9-17-32-25-27-26-31-19-23-13-12-21-1-5-20-8-24-6-30-18-0,43.63381728599779
113,moderate,cluttered,NearestNeighbor,32,16,0.5,0.528,0.0,False,33.0,62.5,1266.28965717934,1263.3647815129857,-66.28965717933986,-146.28965717933986,True,92.84436647129796,False,True,0.139460276105273,0.008568138761234,2.0,True,1.0,8.000:8.000|21.225:30.600|27.455:37.273|26.763:42.829|33.343:62.748|44.519:66.896|43.966:81.255|47.763:84.500|43.164:86.893|35.206:81.636|33.203:81.614|28.842:88.945|23.278:71.041|15.738:64.473|11.295:83.252|43.662:47.414|51.641:35.017|8.000:8.000,0-13-27-14-11-7-23-26-30-4-22-9-32-2-15-31-20-0,0.0015387069433927
113,moderate,cluttered,ValuePerDistance,32,17,0.53125,0.576,0.0,False,36.0,62.5,1228.84126686575,1231.466113511788,-28.841266865750264,-108.84126686575028,True,94.59039923993788,False,True,0.1642629480055293,0.0096673000270814,2.0,True,1.0,8.000:8.000|49.100:14.013|48.100:29.562|51.641:35.017|43.662:47.414|44.519:66.896|43.966:81.255|47.763:84.500|43.164:86.893|35.206:81.636|33.203:81.614|28.842:88.945|23.278:71.041|15.738:64.473|11.295:83.252|33.343:62.748|27.455:37.273|21.225:30.600|8.000:8.000,0-6-16-20-31-7-23-26-30-4-22-9-32-2-15-11-27-13-0,0.001237072981894
113,moderate,cluttered,WindAwareGreedy,32,13,0.40625,0.44,0.0,False,27.5,62.5,1317.6750511266864,1298.716627098541,-117.67505112668664,-197.67505112668664,True,92.80119587795902,False,True,5.368028850427642e-06,3.834309296576625e-07,2.8284271247461903,True,1.0,8.000:8.000|49.100:14.013|43.662:47.414|51.641:35.017|48.100:29.562|27.455:37.273|26.763:42.829|21.225:30.600|44.519:66.896|35.206:81.636|33.203:81.614|23.278:71.041|15.738:64.473|11.295:83.252|8.000:8.000,0-6-31-20-16-27-14-13-7-4-22-32-2-15-0,0.001170631032437
113,moderate,cluttered,ReserveOnlyPlanner,32,11,0.34375,0.368,0.368,True,23.0,62.5,1111.264977844241,1178.1391087031236,88.73502215575895,8.735022155758955,False,76.91790126167477,True,False,0.0980735940284889,0.0084383865155533,2.0,False,1.0,8.000:8.000|49.100:14.013|48.100:29.562|51.641:35.017|43.662:47.414|27.455:37.273|26.763:42.829|21.225:30.600|15.738:64.473|23.278:71.041|44.519:66.896|33.343:62.748|8.000:8.000,0-6-16-20-31-27-14-13-2-32-7-11-0,0.0011012230534106
113,moderate,cluttered,FairRiskAwareGreedy,32,15,0.46875,0.512,0.512,True,32.0,62.5,1080.359327277289,1126.9497215226804,119.64067272271164,39.64067272271164,False,115.70884575422748,True,False,0.0005551236805805,3.4695471287045365e-05,2.8284271247461903,False,1.0,8.000:8.000|49.100:14.013|51.641:35.017|27.455:37.273|44.519:66.896|43.966:81.255|35.206:81.636|47.763:84.500|43.164:86.893|23.278:71.041|15.738:64.473|26.763:42.829|21.225:30.600|56.556:64.783|70.759:18.454|66.793:20.450|8.000:8.000,0-6-20-27-7-23-4-26-30-32-2-14-13-29-25-21-0,0.0018484950996935
113,moderate,cluttered,FairALNSPlanner,32,23,0.71875,0.784,0.784,True,49.0,62.5,1045.9916721876275,1207.0275030913758,154.00832781237202,74.00832781237202,False,127.69708148051625,True,False,0.0645602280014661,0.0027318087466106,2.0,False,1.0,8.000:8.000|89.298:16.277|84.662:12.488|70.759:18.454|66.793:20.450|49.100:14.013|51.473:22.639|48.100:29.562|51.641:35.017|69.510:45.778|43.662:47.414|56.556:64.783|55.656:69.947|63.479:83.061|47.763:84.500|43.164:86.893|43.966:81.255|35.206:81.636|33.203:81.614|23.278:71.041|44.519:66.896|26.763:42.829|27.455:37.273|21.225:30.600|8.000:8.000,0-1-10-25-21-6-8-16-20-3-31-29-17-28-26-30-23-4-22-32-7-14-27-13-0,12.929302697069945
113,moderate,cluttered,RAWA-RHP,32,22,0.6875,0.76,0.76,True,47.5,62.5,1047.1827925450175,1197.8042649310405,152.81720745498197,72.81720745498197,False,121.44109817548248,True,False,0.0697846455882308,0.0030823029898669,2.0,False,1.0,8.000:8.000|51.641:35.017|43.662:47.414|44.519:66.896|23.278:71.041|33.203:81.614|35.206:81.636|43.966:81.255|43.164:86.893|47.763:84.500|63.479:83.061|55.656:69.947|56.556:64.783|69.510:45.778|89.298:16.277|84.662:12.488|66.793:20.450|70.759:18.454|49.100:14.013|51.473:22.639|48.100:29.562|27.455:37.273|21.225:30.600|8.000:8.000,0-20-31-7-32-22-4-23-30-26-28-17-29-3-1-10-21-25-6-8-16-27-13-0,47.27653001085855
112,moderate,cluttered,NearestNeighbor,32,28,0.875,0.855072463768116,0.0,False,59.0,69.0,1513.4612400362034,1480.4547690837878,-313.4612400362031,-393.4612400362031,True,137.47793294487607,False,True,0.1552109929889056,0.0057350325854975,2.0,True,1.0,8.000:8.000|21.611:20.716|32.310:21.143|41.207:18.793|53.683:22.915|61.879:17.680|73.963:13.657|75.741:23.603|74.000:25.864|71.093:31.063|71.423:40.385|74.295:49.318|85.674:48.706|88.007:50.028|90.357:45.496|83.673:22.888|55.013:45.816|46.430:48.917|43.604:50.272|54.328:61.357|56.681:73.832|57.459:76.752|48.783:82.069|48.332:85.922|39.744:88.288|36.009:82.346|26.025:90.740|19.478:84.540|30.463:63.726|8.000:8.000,0-4-24-14-3-5-1-25-28-23-26-9-8-2-6-27-21-11-32-19-15-17-30-13-29-7-22-16-10-0,0.0022757649421691
112,moderate,cluttered,ValuePerDistance,32,26,0.8125,0.8623188405797102,0.0,False,59.5,69.0,1556.4595664858762,1558.970438941688,-356.4595664858765,-436.4595664858765,True,142.14116093789534,False,True,0.2725643415186745,0.0114379653117436,2.0,True,1.0,8.000:8.000|21.611:20.716|11.349:44.246|12.513:42.316|30.463:63.726|36.009:82.346|39.744:88.288|48.332:85.922|48.783:82.069|56.681:73.832|57.459:76.752|76.134:75.413|76.389:80.976|88.007:50.028|90.357:45.496|85.674:48.706|71.423:40.385|71.093:31.063|74.000:25.864|75.741:23.603|83.673:22.888|61.879:17.680|53.683:22.915|46.430:48.917|43.604:50.272|55.013:45.816|54.328:61.357|8.000:8.000,0-4-31-12-10-7-29-13-30-15-17-20-18-2-6-8-26-23-28-25-27-5-3-11-32-21-19-0,0.0016579418443143
112,moderate,cluttered,WindAwareGreedy,32,18,0.5625,0.6884057971014492,0.0,False,47.5,69.0,1672.7227636128532,1686.3506397670976,-472.72276361285344,-552.7227636128534,True,135.96846719270036,False,True,0.2661156913766944,0.0150222741982697,2.0,True,1.0,8.000:8.000|21.611:20.716|11.349:44.246|43.604:50.272|46.430:48.917|71.423:40.385|74.000:25.864|75.741:23.603|61.879:17.680|53.683:22.915|71.093:31.063|56.681:73.832|76.389:80.976|76.134:75.413|36.009:82.346|19.478:84.540|39.744:88.288|48.332:85.922|48.783:82.069|8.000:8.000,0-4-31-32-11-26-28-25-5-3-23-15-18-20-7-16-29-13-30-0,0.0013311461079865
112,moderate,cluttered,ReserveOnlyPlanner,32,14,0.4375,0.5434782608695652,0.5434782608695652,True,37.5,69.0,1102.2839332055676,1173.665112839165,97.71606679443244,17.716066794432436,False,97.1093646132305,True,False,0.0786528347385464,0.0053511523685198,2.0,False,1.0,8.000:8.000|21.611:20.716|11.349:44.246|12.513:42.316|30.463:63.726|36.009:82.346|39.744:88.288|19.478:84.540|26.025:90.740|56.681:73.832|76.389:80.976|76.134:75.413|71.423:40.385|74.000:25.864|75.741:23.603|8.000:8.000,0-4-31-12-10-7-29-16-22-15-18-20-26-28-25-0,0.0012395458761602
112,moderate,cluttered,FairRiskAwareGreedy,32,15,0.46875,0.5869565217391305,0.5869565217391305,True,40.5,69.0,1081.6485954453,1119.6972478423886,118.35140455470008,38.35140455470008,False,121.03942286332828,True,False,0.0062183534986495,0.0003892528173015,2.0,False,1.0,8.000:8.000|21.611:20.716|11.349:44.246|19.478:84.540|39.744:88.288|36.009:82.346|43.604:50.272|46.430:48.917|56.681:73.832|71.423:40.385|61.879:17.680|53.683:22.915|76.389:80.976|76.134:75.413|30.463:63.726|12.513:42.316|8.000:8.000,0-4-31-16-29-7-32-11-15-26-5-3-18-20-10-12-0,0.0018300029914826
112,moderate,cluttered,FairALNSPlanner,32,23,0.71875,0.7681159420289855,0.7681159420289855,True,53.0,69.0,1041.982311685275,1164.7699697235514,158.0176883147254,78.0176883147254,False,130.4191772708824,True,False,0.0185747877667389,0.0007791467914128,2.0,False,1.0,8.000:8.000|12.513:42.316|11.349:44.246|19.478:84.540|26.025:90.740|39.744:88.288|36.009:82.346|43.604:50.272|46.430:48.917|56.681:73.832|57.459:76.752|54.328:61.357|76.389:80.976|76.134:75.413|71.423:40.385|74.295:49.318|85.674:48.706|88.007:50.028|90.357:45.496|75.741:23.603|74.000:25.864|71.093:31.063|32.310:21.143|21.611:20.716|8.000:8.000,0-12-31-16-22-29-7-32-11-15-17-19-18-20-26-9-8-2-6-25-28-23-24-4-0,11.675819294992834
112,moderate,cluttered,RAWA-RHP,32,27,0.84375,0.8768115942028986,0.8768115942028986,True,60.5,69.0,1049.764549200541,1187.993082903305,150.23545079945873,70.23545079945873,False,135.7221540017566,True,False,0.1121558575067841,0.0041791499364626,2.0,False,1.0,8.000:8.000|12.513:42.316|11.349:44.246|30.463:63.726|36.009:82.346|39.744:88.288|48.332:85.922|48.783:82.069|57.459:76.752|56.681:73.832|43.604:50.272|46.430:48.917|54.328:61.357|76.389:80.976|76.134:75.413|88.007:50.028|85.674:48.706|90.357:45.496|83.673:22.888|74.000:25.864|75.741:23.603|71.093:31.063|71.423:40.385|53.683:22.915|61.879:17.680|41.207:18.793|32.310:21.143|21.611:20.716|8.000:8.000,0-12-31-10-7-29-13-30-17-15-32-11-19-18-20-2-8-6-27-28-25-23-26-3-5-14-24-4-0,90.79357824614272
114,severe,cluttered,NearestNeighbor,32,14,0.4375,0.4318181818181818,0.0,False,28.5,66.0,1390.6399923173522,1370.002808332429,-190.6399923173519,-270.6399923173519,True,80.68954376687762,False,True,0.1023532220360695,0.006928776666901,2.0,True,1.0,8.000:8.000|18.619:10.218|22.629:10.030|27.246:20.354|32.425:24.579|18.773:29.371|12.907:28.253|14.223:44.711|13.693:60.539|31.829:54.925|43.025:48.594|48.752:61.130|44.775:73.542|31.545:75.440|33.866:80.832|8.000:8.000,0-26-13-7-27-22-2-4-32-21-9-23-31-3-11-0,0.0016559180803596
114,severe,cluttered,ValuePerDistance,32,16,0.5,0.5757575757575758,0.0,False,38.0,66.0,1744.0975559610274,1717.1584975761707,-544.0975559610274,-624.0975559610274,True,92.765039385204,False,True,0.1178347657166607,0.007131174193704,2.0,True,1.0,8.000:8.000|22.629:10.030|18.619:10.218|27.246:20.354|32.425:24.579|18.773:29.371|12.907:28.253|14.223:44.711|13.693:60.539|31.829:54.925|43.025:48.594|54.859:33.688|75.371:23.173|71.319:16.712|77.508:8.786|81.349:11.325|88.491:16.796|8.000:8.000,0-13-26-7-27-22-2-4-32-21-9-15-5-24-6-25-19-0,0.0013505269307643
114,severe,cluttered,WindAwareGreedy,32,15,0.46875,0.5606060606060606,0.0,False,37.0,66.0,1817.0109147442065,1825.911774732288,-617.0109147442062,-697.0109147442062,True,94.06279960659688,False,True,0.0724940891765316,0.0045713890764645,2.0,True,1.0,8.000:8.000|22.629:10.030|18.619:10.218|40.002:13.565|27.246:20.354|32.425:24.579|18.773:29.371|12.907:28.253|31.829:54.925|43.025:48.594|54.859:33.688|71.319:16.712|77.508:8.786|75.371:23.173|84.105:29.445|88.491:16.796|8.000:8.000,0-13-26-20-7-27-22-2-21-9-15-24-6-5-16-19-0,0.0013047219254076
114,severe,cluttered,ReserveOnlyPlanner,32,7,0.21875,0.2651515151515151,0.2651515151515151,True,17.5,66.0,1093.903704633795,1152.4307017265387,106.09629536620456,26.09629536620457,False,51.614763077731226,True,False,0.0197763663743104,0.0024850940645591,2.8284271247461903,False,1.0,8.000:8.000|22.629:10.030|18.619:10.218|40.002:13.565|71.319:16.712|77.508:8.786|81.349:11.325|88.491:16.796|8.000:8.000,0-13-26-20-24-6-25-19-0,0.0008151158690452
114,severe,cluttered,FairRiskAwareGreedy,32,13,0.40625,0.4772727272727273,0.4772727272727273,True,31.5,66.0,1080.7717088929635,1135.0379443146803,119.22829110703682,39.22829110703682,False,99.28319730899422,True,False,0.0049392108372858,0.0003528910210434,2.8284271247461903,False,1.0,8.000:8.000|22.629:10.030|18.619:10.218|40.002:13.565|71.319:16.712|77.508:8.786|31.829:54.925|18.773:29.371|12.907:28.253|13.693:60.539|14.223:44.711|27.246:20.354|32.425:24.579|43.025:48.594|8.000:8.000,0-13-26-20-24-6-21-22-2-32-4-7-27-9-0,0.0015021699946373
114,severe,cluttered,FairALNSPlanner,32,19,0.59375,0.6590909090909091,0.6590909090909091,True,43.5,66.0,1049.8017801484516,1223.4921107594944,150.19821985154834,70.19821985154834,False,103.62618564934247,True,False,0.0271461865222042,0.0013682316892074,2.0,False,1.0,8.000:8.000|12.907:28.253|18.773:29.371|14.223:44.711|31.829:54.925|73.368:53.926|43.025:48.594|54.859:33.688|67.730:23.745|75.371:23.173|84.105:29.445|77.385:26.169|71.319:16.712|81.349:11.325|77.508:8.786|40.002:13.565|32.425:24.579|27.246:20.354|22.629:10.030|18.619:10.218|8.000:8.000,0-2-22-4-21-30-9-15-1-5-16-18-24-25-6-20-27-7-13-26-0,7.718891474884003
114,severe,cluttered,RAWA-RHP,32,21,0.65625,0.7196969696969697,0.7196969696969697,True,47.5,66.0,1007.4742597156156,1232.8719097672165,192.5257402843843,112.52574028438433,False,106.07259720716328,True,False,0.0239837494590011,0.0010990294062829,2.0,False,1.0,8.000:8.000|18.619:10.218|22.629:10.030|27.246:20.354|32.425:24.579|40.002:13.565|71.319:16.712|75.371:23.173|77.385:26.169|84.105:29.445|87.282:35.969|88.491:16.796|81.349:11.325|77.508:8.786|67.730:23.745|54.859:33.688|43.025:48.594|31.829:54.925|14.223:44.711|13.693:60.539|18.773:29.371|12.907:28.253|8.000:8.000,0-26-13-7-27-20-24-5-18-16-8-19-25-6-1-15-9-21-4-32-22-2-0,32.47460501594469
115,severe,sparse,NearestNeighbor,32,18,0.5625,0.5454545454545454,0.0,False,33.0,60.5,1725.9423934908132,1783.9215769316106,-525.942393490813,-605.942393490813,True,99.21501294165068,False,True,0.2570233971088582,0.0140748112611961,2.0,True,1.0,8.000:8.000|13.553:24.540|28.019:21.412|28.744:29.508|34.694:38.469|36.076:40.416|37.242:38.633|41.225:44.921|44.135:44.616|42.413:49.066|51.087:62.006|57.134:60.942|53.377:73.612|47.005:81.555|39.314:75.537|31.673:79.442|29.288:82.735|32.481:84.944|39.193:90.288|8.000:8.000,0-23-16-18-13-22-20-2-28-6-3-19-10-11-7-9-30-14-31-0,0.0018257088959217
115,severe,sparse,ValuePerDistance,32,17,0.53125,0.5289256198347108,0.0,False,32.0,60.5,1724.51386689193,1712.272081925743,-524.5138668919302,-604.5138668919302,True,94.7449704880065,False,True,0.2515284881554819,0.0144296737996986,2.0,True,1.0,8.000:8.000|13.553:24.540|28.019:21.412|28.744:29.508|34.694:38.469|36.076:40.416|37.242:38.633|41.225:44.921|42.413:49.066|51.087:62.006|57.134:60.942|53.377:73.612|39.314:75.537|31.673:79.442|29.288:82.735|32.481:84.944|39.193:90.288|47.005:81.555|8.000:8.000,0-23-16-18-13-22-20-2-6-3-19-10-7-9-30-14-31-11-0,0.0012928659562021
115,severe,sparse,WindAwareGreedy,32,13,0.40625,0.4628099173553719,0.0,False,28.0,60.5,1738.658175630589,1728.3338054394649,-538.6581756305889,-618.6581756305889,True,85.15589525859089,False,True,0.3227696757306,0.0266982158541063,2.0,True,1.0,8.000:8.000|28.019:21.412|27.813:48.014|41.225:44.921|42.413:49.066|51.087:62.006|57.134:60.942|78.518:70.742|86.275:63.853|85.380:67.035|89.102:78.180|86.651:90.703|74.562:77.914|53.377:73.612|8.000:8.000,0-16-24-2-6-3-19-21-27-15-25-32-26-10-0,0.0014382160734385
115,severe,sparse,ReserveOnlyPlanner,32,10,0.3125,0.3553719008264462,0.3553719008264462,True,21.5,60.5,1048.3084497935956,1205.372023125414,151.6915502064045,71.69155020640449,False,55.66279282133206,True,False,0.0910946194271838,0.0085050525675604,2.0,False,1.0,8.000:8.000|28.019:21.412|28.744:29.508|37.242:38.633|36.076:40.416|41.225:44.921|42.413:49.066|51.087:62.006|57.134:60.942|34.694:38.469|27.813:48.014|8.000:8.000,0-16-18-20-22-2-6-3-19-13-24-0,0.001160467043519
115,severe,sparse,FairRiskAwareGreedy,32,5,0.15625,0.2066115702479339,0.2066115702479339,True,12.5,60.5,1075.5224039649663,1112.3004833313585,124.47759603503364,44.47759603503363,False,79.70796798658733,True,False,0.0068025225414539,0.0011337617925133,2.8284271247461903,False,1.0,8.000:8.000|27.813:48.014|13.553:24.540|85.285:30.458|51.087:62.006|87.900:21.137|8.000:8.000,0-24-23-12-3-4-0,0.0007367909420281
115,severe,sparse,FairALNSPlanner,32,15,0.46875,0.512396694214876,0.512396694214876,True,31.0,60.5,1047.7928575763776,1211.7567859680237,152.2071424236221,72.20714242362209,False,93.11167249753932,True,False,0.019069080497536,0.0011974412321502,2.0,False,1.0,8.000:8.000|13.553:24.540|34.694:38.469|37.242:38.633|36.076:40.416|41.225:44.921|44.135:44.616|42.413:49.066|39.314:75.537|53.377:73.612|47.005:81.555|39.193:90.288|51.087:62.006|57.134:60.942|85.285:30.458|87.900:21.137|8.000:8.000,0-23-13-20-22-2-28-6-7-10-11-31-3-19-12-4-0,6.65606376901269
115,severe,sparse,RAWA-RHP,32,19,0.59375,0.6198347107438017,0.6198347107438017,True,37.5,60.5,1028.1314455278073,1199.481896691216,171.8685544721926,91.8685544721926,False,101.02449395611607,True,False,0.0543804924196045,0.002774197442592,2.0,False,1.0,8.000:8.000|13.553:24.540|27.813:48.014|39.314:75.537|29.288:82.735|31.673:79.442|51.087:62.006|57.134:60.942|74.562:77.914|78.518:70.742|86.275:63.853|85.380:67.035|42.413:49.066|44.135:44.616|41.225:44.921|36.076:40.416|37.242:38.633|34.694:38.469|28.019:21.412|28.744:29.508|8.000:8.000,0-23-24-7-30-9-3-19-26-21-27-15-6-28-2-22-20-13-16-18-0,19.591586459893733
112,calm,sparse,NearestNeighbor,32,32,1.0,1.0,1.0,True,56.0,56.0,1194.9094374326592,1201.5233816174105,5.090562567341152,-74.90943743265885,True,149.43132267545678,True,False,0.0222073440597582,0.0006782146411526,2.0,False,1.0,8.000:8.000|29.851:23.882|28.943:26.074|35.327:19.408|40.084:16.101|44.860:21.356|44.173:24.860|36.489:31.487|38.032:32.934|40.077:33.093|32.937:41.257|32.916:46.666|30.850:46.122|29.826:68.210|28.575:70.821|37.154:77.199|28.631:83.107|14.915:86.583|45.516:68.570|50.369:59.713|57.010:44.923|64.926:40.260|69.167:35.459|74.302:42.307|70.583:43.698|75.918:52.020|78.823:60.087|84.159:71.446|94.999:54.524|75.437:30.311|75.160:26.831|66.872:24.315|48.480:15.617|8.000:8.000,0-23-10-22-27-13-32-7-19-15-24-20-18-6-26-1-9-21-14-28-17-25-31-3-12-29-4-30-2-5-16-11-8-0,0.0022527039982378
112,calm,sparse,ValuePerDistance,32,32,1.0,1.0,0.0,False,56.0,56.0,1443.1595838386936,1453.5360823991628,-243.15958383869335,-323.1595838386934,True,169.12085294079964,False,True,0.0395281783305985,0.0012172243548853,2.0,True,1.0,8.000:8.000|29.851:23.882|28.943:26.074|36.489:31.487|38.032:32.934|40.077:33.093|32.937:41.257|32.916:46.666|30.850:46.122|29.826:68.210|28.575:70.821|37.154:77.199|45.516:68.570|50.369:59.713|57.010:44.923|64.926:40.260|70.583:43.698|74.302:42.307|69.167:35.459|75.437:30.311|75.160:26.831|66.872:24.315|48.480:15.617|40.084:16.101|35.327:19.408|44.173:24.860|44.860:21.356|78.823:60.087|84.159:71.446|94.999:54.524|75.918:52.020|28.631:83.107|14.915:86.583|8.000:8.000,0-23-10-7-19-15-24-20-18-6-26-1-14-28-17-25-12-3-31-5-16-11-8-27-22-32-13-4-30-2-29-9-21-0,0.0017055650241672
112,calm,sparse,WindAwareGreedy,32,23,0.71875,0.8035714285714286,0.0,False,45.0,56.0,1341.527168000051,1346.5742664681954,-141.52716800005132,-221.5271680000513,True,148.74860625665025,False,True,0.0281703756395654,0.0011856514445043,2.0,True,1.0,8.000:8.000|29.851:23.882|48.480:15.617|57.010:44.923|45.516:68.570|37.154:77.199|28.575:70.821|29.826:68.210|28.631:83.107|84.159:71.446|78.823:60.087|70.583:43.698|32.937:41.257|36.489:31.487|40.077:33.093|28.943:26.074|40.084:16.101|44.173:24.860|44.860:21.356|35.327:19.408|32.916:46.666|30.850:46.122|50.369:59.713|64.926:40.260|8.000:8.000,0-23-8-17-14-1-26-6-9-30-4-12-24-7-15-10-27-32-13-22-20-18-28-25-0,0.0017144880257546
112,calm,sparse,ReserveOnlyPlanner,32,20,0.625,0.6517857142857143,0.6517857142857143,True,36.5,56.0,1025.345797921513,1062.01151290852,174.65420207848717,94.65420207848716,False,117.40284462411545,True,False,0.0104955447577815,0.0005015626611764,2.0,False,1.0,8.000:8.000|29.851:23.882|36.489:31.487|32.937:41.257|45.516:68.570|37.154:77.199|28.575:70.821|29.826:68.210|28.631:83.107|14.915:86.583|57.010:44.923|48.480:15.617|40.084:16.101|28.943:26.074|40.077:33.093|44.173:24.860|44.860:21.356|35.327:19.408|32.916:46.666|30.850:46.122|38.032:32.934|8.000:8.000,0-23-7-24-14-1-26-6-9-21-17-8-27-10-15-32-13-22-20-18-19-0,0.0016810190863907
112,calm,sparse,FairRiskAwareGreedy,32,19,0.59375,0.6785714285714286,0.6785714285714286,True,38.0,56.0,1066.267241758879,1091.2924823747553,133.7327582411209,53.732758241120905,False,127.07587733145188,True,False,0.0041032912298133,0.0002053324400484,2.0,False,1.0,8.000:8.000|48.480:15.617|45.516:68.570|37.154:77.199|28.575:70.821|29.826:68.210|57.010:44.923|84.159:71.446|78.823:60.087|36.489:31.487|29.851:23.882|32.937:41.257|28.943:26.074|40.084:16.101|44.173:24.860|40.077:33.093|32.916:46.666|30.850:46.122|38.032:32.934|35.327:19.408|8.000:8.000,0-8-14-1-26-6-17-30-4-7-23-24-10-27-32-15-20-18-19-22-0,0.0027127629145979
112,calm,sparse,FairALNSPlanner,32,31,0.96875,0.9821428571428572,0.9821428571428572,True,55.0,56.0,1023.3770856866546,1096.7032170598268,176.62291431334535,96.62291431334536,False,140.78589750987666,True,False,0.0309977552085075,0.00098011653761,2.0,False,1.0,8.000:8.000|35.327:19.408|40.084:16.101|48.480:15.617|44.860:21.356|44.173:24.860|57.010:44.923|64.926:40.260|69.167:35.459|75.437:30.311|66.872:24.315|75.160:26.831|74.302:42.307|70.583:43.698|78.823:60.087|84.159:71.446|94.999:54.524|75.918:52.020|50.369:59.713|45.516:68.570|37.154:77.199|28.631:83.107|28.575:70.821|29.826:68.210|30.850:46.122|32.916:46.666|32.937:41.257|40.077:33.093|38.032:32.934|36.489:31.487|28.943:26.074|29.851:23.882|8.000:8.000,0-22-27-8-13-32-17-25-31-5-11-16-3-12-4-30-2-29-28-14-1-9-26-6-18-20-24-15-19-7-10-23-0,20.51386706391349
112,calm,sparse,RAWA-RHP,32,31,0.96875,0.9821428571428572,0.9821428571428572,True,55.0,56.0,1007.35136033043,1075.3594223450775,192.64863966957031,112.64863966957031,False,138.62173793529163,True,False,0.0331907847062045,0.0010500249024195,2.0,False,1.0,8.000:8.000|35.327:19.408|40.084:16.101|48.480:15.617|44.860:21.356|44.173:24.860|57.010:44.923|64.926:40.260|69.167:35.459|66.872:24.315|75.160:26.831|75.437:30.311|74.302:42.307|70.583:43.698|75.918:52.020|94.999:54.524|84.159:71.446|78.823:60.087|50.369:59.713|45.516:68.570|37.154:77.199|28.631:83.107|28.575:70.821|29.826:68.210|30.850:46.122|32.916:46.666|32.937:41.257|40.077:33.093|38.032:32.934|36.489:31.487|28.943:26.074|29.851:23.882|8.000:8.000,0-22-27-8-13-32-17-25-31-11-16-5-3-12-29-2-30-4-28-14-1-9-26-6-18-20-24-15-19-7-10-23-0,136.4222343310248
115,severe,cluttered,NearestNeighbor,32,15,0.46875,0.4724409448818897,0.0,False,30.0,63.5,1721.7214354024943,1713.3607244302204,-521.7214354024944,-601.7214354024944,True,87.69314709270208,False,True,0.2940740002902476,0.0204696015099108,2.0,True,1.0,8.000:8.000|31.878:21.826|32.757:49.736|45.808:50.598|52.322:45.800|59.452:51.386|61.850:52.020|65.272:54.564|76.603:65.004|80.862:71.204|91.293:87.547|77.495:93.076|71.734:92.791|60.532:79.750|58.754:74.247|50.229:64.429|8.000:8.000,0-23-24-29-22-30-20-7-32-12-17-31-16-2-19-21-0,0.0023321728222072
115,severe,cluttered,ValuePerDistance,32,12,0.375,0.4488188976377952,0.0,False,28.5,63.5,1444.020903780556,1406.7584887809635,-244.02090378055613,-324.0209037805562,True,68.9791035653675,False,True,0.2358094391125105,0.0190119209235736,2.0,True,1.0,8.000:8.000|31.878:21.826|45.808:50.598|52.322:45.800|59.876:38.421|65.272:54.564|61.850:52.020|59.452:51.386|50.229:64.429|30.730:63.946|29.581:61.132|25.343:64.740|19.417:55.550|8.000:8.000,0-23-29-22-1-7-20-30-21-9-11-5-14-0,0.0017014800105243
115,severe,cluttered,WindAwareGreedy,32,11,0.34375,0.4173228346456692,0.0,False,26.5,63.5,1778.4360551056643,1797.024061768655,-578.4360551056642,-658.4360551056642,True,74.66600162941478,False,True,0.3350266372930897,0.0315261067967714,2.0,True,1.0,8.000:8.000|31.878:21.826|45.808:50.598|65.272:54.564|61.850:52.020|59.876:38.421|80.446:45.390|88.089:43.230|82.778:12.285|78.142:14.356|72.602:22.382|70.169:16.007|8.000:8.000,0-23-29-7-20-1-28-10-13-18-6-26-0,0.0017410679720342
115,severe,cluttered,ReserveOnlyPlanner,32,5,0.15625,0.2047244094488189,0.2047244094488189,True,13.0,63.5,1085.1316816526896,1142.1876258897405,114.86831834731038,34.86831834731038,False,43.307090916349416,True,False,0.0585487902505402,0.0099707520196948,2.0,False,1.0,8.000:8.000|31.878:21.826|59.876:38.421|65.272:54.564|61.850:52.020|52.322:45.800|8.000:8.000,0-23-1-7-20-22-0,0.0010072910226881
115,severe,cluttered,FairRiskAwareGreedy,32,4,0.125,0.1496062992125984,0.1496062992125984,True,9.5,63.5,519.432749142557,537.8585849779879,680.5672508574431,600.5672508574431,False,42.89521000541144,True,False,0.0001542533822082,3.085172423888949e-05,4.0,False,1.0,8.000:8.000|31.878:21.826|19.417:55.550|18.032:67.913|22.121:80.815|8.000:8.000,0-23-14-4-25-0,0.0008969171904027
115,severe,cluttered,FairALNSPlanner,32,3,0.09375,0.1259842519685039,0.1259842519685039,True,8.0,63.5,429.9832138952127,476.7784558439523,770.0167861047875,690.0167861047875,False,35.253619711863045,True,False,3.1398433027907124e-05,7.849676078197643e-06,4.0,False,1.0,8.000:8.000|19.417:55.550|18.032:67.913|31.878:21.826|8.000:8.000,0-14-4-23-0,2.388677791925147
115,severe,cluttered,RAWA-RHP,32,19,0.59375,0.6377952755905512,0.6377952755905512,True,40.5,63.5,1038.4292130429142,1232.398749057476,161.5707869570859,81.57078695708589,False,102.14574062310022,True,False,0.0356657192352182,0.0018081558684779,2.0,False,1.0,8.000:8.000|19.417:55.550|18.032:67.913|30.730:63.946|25.343:64.740|29.581:61.132|32.829:68.082|34.696:74.135|50.229:64.429|45.808:50.598|52.322:45.800|59.452:51.386|61.850:52.020|65.272:54.564|80.446:45.390|88.089:43.230|82.778:12.285|78.142:14.356|70.169:16.007|72.602:22.382|8.000:8.000,0-14-4-9-5-11-8-27-21-29-22-30-20-7-28-10-13-18-26-6-0,23.409838588908315
114,severe,sparse,NearestNeighbor,32,17,0.53125,0.5036496350364964,0.0,False,34.5,68.5,1461.0116640980132,1462.457183461644,-261.011664098013,-341.011664098013,True,86.76214344762734,False,True,0.1260845838167265,0.0070995568187214,2.0,True,1.0,8.000:8.000|26.423:17.539|36.446:12.615|47.073:33.455|70.043:39.025|74.318:38.697|78.978:40.791|82.001:40.966|87.619:47.762|84.913:57.261|82.243:58.966|74.584:59.737|73.365:63.352|70.562:62.289|78.994:69.439|81.565:68.764|58.604:71.894|55.044:64.401|8.000:8.000,0-22-16-3-20-31-4-24-30-10-9-27-2-25-18-23-7-19-0,0.0016916769091039
114,severe,sparse,ValuePerDistance,32,16,0.5,0.5693430656934306,0.0,False,39.0,68.5,1669.4015463844348,1689.5635697804512,-469.4015463844349,-549.4015463844348,True,95.88486026727492,False,True,0.2401466195097147,0.0154078946903296,2.0,True,1.0,8.000:8.000|26.423:17.539|36.446:12.615|16.032:32.070|19.306:30.028|22.416:44.574|22.104:47.591|13.708:53.766|37.464:54.994|47.503:66.379|45.451:74.910|50.901:82.662|55.044:64.401|73.365:63.352|74.584:59.737|82.243:58.966|84.913:57.261|8.000:8.000,0-22-16-6-11-28-32-13-15-1-26-29-19-2-27-9-10-0,0.0012447759509086
114,severe,sparse,WindAwareGreedy,32,17,0.53125,0.5912408759124088,0.0,False,40.5,68.5,1732.7834314296783,1743.666240271357,-532.7834314296784,-612.7834314296784,True,99.72654576799084,False,True,0.2541522391289696,0.0154917093117559,2.0,True,1.0,8.000:8.000|26.423:17.539|36.446:12.615|16.032:32.070|19.306:30.028|22.416:44.574|22.104:47.591|13.708:53.766|37.464:54.994|47.503:66.379|55.044:64.401|73.365:63.352|74.584:59.737|74.307:28.884|83.116:25.400|79.734:22.071|80.039:24.162|90.303:32.190|8.000:8.000,0-22-16-6-11-28-32-13-15-1-19-2-27-8-12-21-14-5-0,0.0013757208362221
114,severe,sparse,ReserveOnlyPlanner,32,9,0.28125,0.3065693430656934,0.3065693430656934,True,21.0,68.5,1052.4080171082765,1193.718627948026,147.5919828917235,67.59198289172349,False,58.65179918771709,True,False,0.0133038198893072,0.001332554414568,2.0,False,1.0,8.000:8.000|26.423:17.539|36.446:12.615|47.073:33.455|74.307:28.884|83.116:25.400|79.734:22.071|80.039:24.162|16.032:32.070|19.306:30.028|8.000:8.000,0-22-16-3-8-12-21-14-6-11-0,0.0009558200836181
114,severe,sparse,FairRiskAwareGreedy,32,10,0.3125,0.364963503649635,0.364963503649635,True,25.0,68.5,1084.4518371922447,1126.4130281107243,115.54816280775516,35.54816280775515,False,95.41300673667143,True,False,0.0035129087269287,0.0003193659953274,2.8284271247461903,False,1.0,8.000:8.000|26.423:17.539|16.032:32.070|19.306:30.028|47.503:66.379|37.464:54.994|13.708:53.766|74.307:28.884|36.446:12.615|47.073:33.455|70.043:39.025|8.000:8.000,0-22-6-11-1-15-13-8-16-3-20-0,0.0013804950285702
114,severe,sparse,FairALNSPlanner,32,19,0.59375,0.656934306569343,0.656934306569343,True,45.0,68.5,1041.4526922756302,1218.0745818722748,158.54730772437006,78.54730772437006,False,106.7622090939204,True,False,0.0306543388085021,0.0015481294940521,2.0,False,1.0,8.000:8.000|26.423:17.539|22.416:44.574|22.104:47.591|45.451:74.910|47.503:66.379|55.044:64.401|70.562:62.289|73.365:63.352|74.584:59.737|82.243:58.966|84.913:57.261|78.994:69.439|81.565:68.764|50.901:82.662|37.464:54.994|13.708:53.766|16.032:32.070|19.306:30.028|36.446:12.615|8.000:8.000,0-22-28-32-26-1-19-25-2-27-9-10-18-23-29-15-13-6-11-16-0,10.89781298302114
114,severe,sparse,RAWA-RHP,32,25,0.78125,0.8394160583941606,0.8394160583941606,True,57.5,68.5,1037.9338761430513,1246.533122090824,162.06612385694834,82.06612385694834,False,115.22308574762609,True,False,0.0308772715470813,0.0012018505945761,2.0,False,1.0,8.000:8.000|19.306:30.028|16.032:32.070|13.708:53.766|22.416:44.574|22.104:47.591|37.464:54.994|47.503:66.379|45.451:74.910|50.901:82.662|78.994:69.439|81.565:68.764|73.365:63.352|74.584:59.737|82.243:58.966|84.913:57.261|87.619:47.762|82.001:40.966|78.978:40.791|74.318:38.697|74.307:28.884|80.039:24.162|83.116:25.400|79.734:22.071|36.446:12.615|26.423:17.539|8.000:8.000,0-11-6-13-28-32-15-1-26-29-18-23-2-27-9-10-30-24-4-31-8-14-12-21-16-22-0,50.52506781718694
115,calm,sparse,NearestNeighbor,32,31,0.96875,0.961904761904762,0.0,False,50.5,52.5,1361.2634426221734,1364.669832115231,-161.26344262217336,-241.26344262217336,True,166.3050395031483,False,True,0.0065810099896614,0.0002060925455079,2.0,True,1.0,8.000:8.000|20.977:18.330|15.958:39.053|21.190:49.051|22.439:50.878|26.147:55.555|27.522:61.033|19.753:66.553|19.554:72.178|24.403:88.674|41.575:91.542|53.930:81.407|64.694:73.008|87.259:78.736|85.651:45.496|81.245:36.560|82.246:26.620|80.838:21.816|81.461:19.244|71.168:20.736|62.357:28.179|69.176:38.111|51.563:41.405|45.638:33.604|30.040:41.754|43.739:53.350|43.166:56.439|36.566:65.121|35.316:67.321|35.714:70.226|37.357:71.682|87.886:28.044|8.000:8.000,0-13-7-23-19-6-2-30-27-18-16-31-10-29-21-28-17-12-5-11-22-14-8-9-1-32-25-20-4-24-26-3-0,0.0021367210429161
115,calm,sparse,ValuePerDistance,32,29,0.90625,0.9333333333333332,0.0,False,49.0,52.5,1392.5336849524526,1388.5161393781666,-192.53368495245263,-272.53368495245263,True,165.16220605870916,False,True,0.017354739456353,0.000582538147694,2.0,True,1.0,8.000:8.000|20.977:18.330|26.147:55.555|21.190:49.051|22.439:50.878|35.714:70.226|37.357:71.682|35.316:67.321|36.566:65.121|53.930:81.407|64.694:73.008|87.259:78.736|94.625:39.491|87.886:28.044|82.246:26.620|81.245:36.560|69.176:38.111|62.357:28.179|71.168:20.736|80.838:21.816|81.461:19.244|51.563:41.405|45.638:33.604|43.739:53.350|43.166:56.439|27.522:61.033|19.753:66.553|19.554:72.178|24.403:88.674|41.575:91.542|8.000:8.000,0-13-6-23-19-24-26-4-20-31-10-29-15-3-17-28-14-22-11-12-5-8-9-32-25-2-30-27-18-16-0,0.0018105490598827
115,calm,sparse,WindAwareGreedy,32,22,0.6875,0.780952380952381,0.0,False,41.0,52.5,1473.6794270811745,1460.4124069339514,-273.6794270811744,-353.6794270811744,True,160.39662623313612,False,True,0.0135935417272448,0.0005938369996465,2.0,True,1.0,8.000:8.000|26.147:55.555|35.714:70.226|37.357:71.682|53.930:81.407|21.190:49.051|15.958:39.053|20.977:18.330|71.168:20.736|87.886:28.044|82.246:26.620|81.245:36.560|62.357:28.179|51.563:41.405|45.638:33.604|43.739:53.350|43.166:56.439|19.753:66.553|19.554:72.178|24.403:88.674|41.575:91.542|64.694:73.008|87.259:78.736|8.000:8.000,0-6-24-26-31-23-7-13-11-3-17-28-22-8-9-32-25-30-27-18-16-10-29-0,0.0016738108824938
115,calm,sparse,ReserveOnlyPlanner,32,23,0.71875,0.7904761904761904,0.7904761904761904,True,41.5,52.5,1081.574570374299,1118.5662514848275,118.42542962570118,38.425429625701184,False,127.81070523351198,True,False,0.0159233352680735,0.0006676310281849,2.0,False,1.0,8.000:8.000|20.977:18.330|26.147:55.555|21.190:49.051|35.714:70.226|37.357:71.682|53.930:81.407|64.694:73.008|51.563:41.405|45.638:33.604|62.357:28.179|71.168:20.736|87.886:28.044|82.246:26.620|81.245:36.560|69.176:38.111|43.739:53.350|43.166:56.439|36.566:65.121|35.316:67.321|19.753:66.553|19.554:72.178|27.522:61.033|15.958:39.053|8.000:8.000,0-13-6-23-24-26-31-10-8-9-22-11-3-17-28-14-32-25-20-4-30-27-2-7-0,0.0018107588402926
115,calm,sparse,FairRiskAwareGreedy,32,18,0.5625,0.6571428571428571,0.6571428571428571,True,34.5,52.5,1054.6862703385364,1078.1848072593511,145.31372966146364,65.31372966146364,False,125.89922712330844,True,False,0.0070453124001181,0.0003717808610371,2.0,False,1.0,8.000:8.000|26.147:55.555|35.714:70.226|37.357:71.682|53.930:81.407|71.168:20.736|87.886:28.044|82.246:26.620|81.245:36.560|62.357:28.179|51.563:41.405|45.638:33.604|21.190:49.051|15.958:39.053|20.977:18.330|43.739:53.350|43.166:56.439|30.040:41.754|22.439:50.878|8.000:8.000,0-6-24-26-31-11-3-17-28-22-8-9-23-7-13-32-25-1-19-0,0.0029173239599913
115,calm,sparse,FairALNSPlanner,32,30,0.9375,0.9523809523809524,0.9523809523809524,True,50.0,52.5,1049.0817338793863,1132.405503103318,150.91826612061396,70.91826612061396,False,139.8541207833509,True,False,0.004534495430934,0.0001464857319927,2.0,False,1.0,8.000:8.000|20.977:18.330|45.638:33.604|62.357:28.179|71.168:20.736|81.461:19.244|80.838:21.816|82.246:26.620|87.886:28.044|94.625:39.491|85.651:45.496|81.245:36.560|69.176:38.111|51.563:41.405|43.739:53.350|43.166:56.439|64.694:73.008|53.930:81.407|41.575:91.542|24.403:88.674|19.554:72.178|19.753:66.553|27.522:61.033|36.566:65.121|37.357:71.682|35.714:70.226|35.316:67.321|26.147:55.555|22.439:50.878|21.190:49.051|15.958:39.053|8.000:8.000,0-13-9-22-11-5-12-17-3-15-21-28-14-8-32-25-10-31-16-18-27-30-2-20-26-24-4-6-19-23-7-0,20.17392134410329
115,calm,sparse,RAWA-RHP,32,31,0.96875,0.9714285714285714,0.9714285714285714,True,51.0,52.5,1045.6297709025123,1141.2965114840513,154.3702290974873,74.37022909748731,False,143.45890638031722,True,False,0.0045323675551657,0.0001418412539581,2.0,False,1.0,8.000:8.000|15.958:39.053|21.190:49.051|22.439:50.878|26.147:55.555|27.522:61.033|19.753:66.553|19.554:72.178|24.403:88.674|41.575:91.542|53.930:81.407|64.694:73.008|37.357:71.682|35.714:70.226|35.316:67.321|36.566:65.121|43.166:56.439|43.739:53.350|51.563:41.405|62.357:28.179|71.168:20.736|81.461:19.244|80.838:21.816|82.246:26.620|87.886:28.044|94.625:39.491|85.651:45.496|81.245:36.560|69.176:38.111|45.638:33.604|30.040:41.754|20.977:18.330|8.000:8.000,0-7-23-19-6-2-30-27-18-16-31-10-26-24-4-20-25-32-8-22-11-5-12-17-3-15-21-28-14-9-1-13-0,54.225509104086086
114,moderate,cluttered,NearestNeighbor,32,17,0.53125,0.5116279069767442,0.0,False,33.0,64.5,1275.73496716989,1259.6630656099337,-75.7349671698898,-155.7349671698898,True,95.04382229275932,False,True,0.2164535588462651,0.0130731549936316,2.0,True,1.0,8.000:8.000|34.490:14.408|52.221:14.670|54.037:33.196|44.325:39.859|34.962:30.801|30.441:45.130|30.290:55.223|36.863:57.868|23.179:66.399|31.155:75.931|35.349:75.406|38.907:78.113|42.132:78.146|55.316:79.962|64.296:62.075|66.531:63.562|57.691:53.262|8.000:8.000,0-25-21-31-24-2-22-14-16-30-27-13-19-20-8-10-15-12-0,0.0016685100272297
114,moderate,cluttered,ValuePerDistance,32,19,0.59375,0.6201550387596899,0.0,False,40.0,64.5,1337.9324150814243,1347.187561223092,-137.9324150814244,-217.9324150814244,True,104.94543466196404,False,True,0.256603054299192,0.0142624948593082,2.0,True,1.0,8.000:8.000|34.490:14.408|52.221:14.670|54.037:33.196|70.703:41.605|69.201:43.734|75.986:50.724|72.917:53.131|75.812:40.639|84.373:34.678|77.953:68.216|78.401:62.838|66.531:63.562|64.296:62.075|57.691:53.262|42.132:78.146|38.907:78.113|35.349:75.406|31.155:75.931|26.321:78.318|8.000:8.000,0-25-21-31-6-7-29-3-28-5-32-18-15-10-12-20-19-13-27-23-0,0.0013998919166624
114,moderate,cluttered,WindAwareGreedy,32,13,0.40625,0.4883720930232558,0.4883720930232558,True,31.5,64.5,1140.029474633292,1151.0502166985734,59.97052536670826,-20.02947463329174,True,82.95958115348122,True,False,0.183032273930365,0.0140999325651233,2.0,False,1.0,8.000:8.000|34.490:14.408|52.221:14.670|54.037:33.196|70.703:41.605|75.986:50.724|84.373:34.678|75.812:40.639|69.201:43.734|57.691:53.262|42.132:78.146|38.907:78.113|23.179:66.399|8.728:43.458|8.000:8.000,0-25-21-31-6-29-5-28-7-12-20-19-30-4-0,0.0011947690509259
114,moderate,cluttered,ReserveOnlyPlanner,32,10,0.3125,0.2945736434108527,0.2945736434108527,True,19.0,64.5,1074.3692906048177,1140.6355495339606,125.6307093951828,45.630709395182805,False,78.52672051042188,True,False,0.1705781420529852,0.0160437288514728,2.0,False,1.0,8.000:8.000|8.728:43.458|23.179:66.399|30.290:55.223|30.441:45.130|34.490:14.408|52.221:14.670|34.962:30.801|54.037:33.196|44.325:39.859|57.691:53.262|8.000:8.000,0-4-30-14-22-25-21-2-31-24-12-0,0.0010947240516543
114,moderate,cluttered,FairRiskAwareGreedy,32,8,0.25,0.3100775193798449,0.3100775193798449,True,20.0,64.5,918.463552434586,940.9872782076632,281.5364475654138,201.53644756541385,False,88.58552810985479,True,False,0.000900688520943,0.0001000816933297,2.8284271247461903,False,1.0,8.000:8.000|34.490:14.408|70.703:41.605|75.986:50.724|54.037:33.196|23.179:66.399|8.728:43.458|29.176:97.604|19.436:91.390|8.000:8.000,0-25-6-29-31-30-4-26-17-0,0.0010771488305181
114,moderate,cluttered,FairALNSPlanner,32,19,0.59375,0.6201550387596899,0.6201550387596899,True,40.0,64.5,987.2757152777702,1111.381596857089,212.72428472222947,132.72428472222947,False,113.71172650530042,True,False,0.059269983774753,0.0030240566581743,2.0,False,1.0,8.000:8.000|34.962:30.801|54.037:33.196|57.691:53.262|44.325:39.859|70.703:41.605|84.373:34.678|75.812:40.639|75.986:50.724|78.401:62.838|77.953:68.216|66.531:63.562|64.296:62.075|38.907:78.113|35.349:75.406|31.155:75.931|26.321:78.318|42.132:78.146|55.316:79.962|34.490:14.408|8.000:8.000,0-2-31-12-24-6-5-28-29-18-32-15-10-19-13-27-23-20-8-25-0,11.785409634001551
114,moderate,cluttered,RAWA-RHP,32,24,0.75,0.7751937984496124,0.7751937984496124,True,50.0,64.5,1044.5021812536345,1172.2804144915406,155.49781874636594,75.49781874636594,False,124.86368451713818,True,False,0.0841710958797344,0.0034784328312089,2.0,False,1.0,8.000:8.000|8.728:43.458|30.441:45.130|30.290:55.223|23.179:66.399|31.155:75.931|35.349:75.406|38.907:78.113|42.132:78.146|55.316:79.962|57.691:53.262|64.296:62.075|66.531:63.562|77.953:68.216|78.401:62.838|72.917:53.131|75.986:50.724|75.812:40.639|84.373:34.678|70.703:41.605|69.201:43.734|54.037:33.196|44.325:39.859|34.490:14.408|52.221:14.670|8.000:8.000,0-4-22-14-30-27-13-19-20-8-12-10-15-32-18-3-29-28-5-6-7-31-24-25-21-0,78.94764866214246
114,calm,sparse,NearestNeighbor,32,31,0.96875,0.968503937007874,0.0,False,61.5,63.5,1271.1668746706414,1260.5662946277182,-71.16687467064139,-151.1668746706414,True,152.203673228035,False,True,0.016784184061941,0.0005274103073943,2.0,True,1.0,8.000:8.000|15.872:29.171|21.395:40.432|24.796:39.962|26.219:38.138|28.761:39.985|33.775:46.637|27.242:51.301|25.457:52.515|23.189:53.021|20.033:47.785|32.713:27.503|44.775:33.549|51.254:48.217|66.137:46.629|66.805:55.149|65.430:68.700|50.751:81.401|48.256:85.403|51.431:92.466|37.057:88.969|30.843:87.551|38.580:69.601|44.751:75.614|73.161:39.450|76.664:34.275|83.301:40.416|88.283:42.202|90.835:24.949|85.765:20.302|81.869:19.872|68.047:26.581|8.000:8.000,0-30-12-28-5-3-1-29-4-27-22-7-2-17-11-14-9-32-24-31-21-19-18-20-15-23-8-26-25-16-6-10-0,0.002220642985776
114,calm,sparse,ValuePerDistance,32,29,0.90625,0.9448818897637796,0.0,False,60.0,63.5,1320.0338195386448,1311.72931984693,-120.03381953864486,-200.03381953864488,True,153.53279217939755,False,True,0.0056576044509013,0.0001889820252929,2.0,True,1.0,8.000:8.000|15.872:29.171|20.033:47.785|23.189:53.021|25.457:52.515|27.242:51.301|33.775:46.637|24.796:39.962|26.219:38.138|28.761:39.985|21.395:40.432|32.713:27.503|44.775:33.549|51.254:48.217|38.580:69.601|44.751:75.614|50.751:81.401|48.256:85.403|37.057:88.969|30.843:87.551|51.431:92.466|94.343:83.990|73.161:39.450|76.664:34.275|83.301:40.416|88.283:42.202|90.835:24.949|85.765:20.302|81.869:19.872|68.047:26.581|8.000:8.000,0-30-22-27-4-29-1-28-5-3-12-7-2-17-18-20-32-24-21-19-31-13-15-23-8-26-25-16-6-10-0,0.0016519320197403
114,calm,sparse,WindAwareGreedy,32,22,0.6875,0.7795275590551181,0.0,False,49.5,63.5,1332.025608564796,1320.482868140174,-132.02560856479613,-212.02560856479613,True,143.11083610318295,False,True,0.069130243522796,0.0030968323340256,2.0,True,1.0,8.000:8.000|20.033:47.785|23.189:53.021|24.796:39.962|51.254:48.217|38.580:69.601|37.057:88.969|48.256:85.403|50.751:81.401|44.751:75.614|21.395:40.432|15.872:29.171|26.219:38.138|32.713:27.503|44.775:33.549|76.664:34.275|73.161:39.450|83.301:40.416|81.869:19.872|85.765:20.302|90.835:24.949|68.047:26.581|66.137:46.629|8.000:8.000,0-22-27-28-17-18-21-24-32-20-12-30-5-7-2-23-15-8-6-16-25-10-11-0,0.0016584489494562
114,calm,sparse,ReserveOnlyPlanner,32,19,0.59375,0.6456692913385826,0.6456692913385826,True,41.0,63.5,1088.3301037675358,1132.3204304828064,111.66989623246404,31.66989623246405,False,120.62084517966736,True,False,0.0296211384655753,0.0014972328716993,2.0,False,1.0,8.000:8.000|20.033:47.785|23.189:53.021|24.796:39.962|26.219:38.138|21.395:40.432|15.872:29.171|32.713:27.503|51.254:48.217|38.580:69.601|37.057:88.969|48.256:85.403|50.751:81.401|44.751:75.614|25.457:52.515|27.242:51.301|33.775:46.637|44.775:33.549|28.761:39.985|66.137:46.629|8.000:8.000,0-22-27-28-5-12-30-7-17-18-21-24-32-20-4-29-1-2-3-11-0,0.0016259290277957
114,calm,sparse,FairRiskAwareGreedy,32,15,0.46875,0.5748031496062992,0.5748031496062992,True,36.5,63.5,1099.4197759662018,1121.3355488795792,100.58022403379826,20.58022403379826,False,124.51963915408837,True,False,0.009167087775691,0.0005749313396804,2.0,False,1.0,8.000:8.000|20.033:47.785|23.189:53.021|51.254:48.217|24.796:39.962|21.395:40.432|15.872:29.171|32.713:27.503|26.219:38.138|37.057:88.969|48.256:85.403|38.580:69.601|73.161:39.450|76.664:34.275|44.775:33.549|81.869:19.872|8.000:8.000,0-22-27-17-28-12-30-7-5-21-24-18-15-23-2-6-0,0.0025320539716631
114,calm,sparse,FairALNSPlanner,32,31,0.96875,0.968503937007874,0.968503937007874,True,61.5,63.5,1056.9280290199897,1128.3339822525377,143.07197098000995,63.07197098000995,False,143.3439580366524,True,False,0.0055297071681088,0.0001731680758521,2.0,False,1.0,8.000:8.000|15.872:29.171|21.395:40.432|24.796:39.962|26.219:38.138|28.761:39.985|32.713:27.503|44.775:33.549|68.047:26.581|81.869:19.872|85.765:20.302|90.835:24.949|88.283:42.202|83.301:40.416|76.664:34.275|73.161:39.450|66.137:46.629|66.805:55.149|65.430:68.700|44.751:75.614|50.751:81.401|48.256:85.403|51.431:92.466|37.057:88.969|30.843:87.551|38.580:69.601|51.254:48.217|33.775:46.637|27.242:51.301|25.457:52.515|23.189:53.021|20.033:47.785|8.000:8.000,0-30-12-28-5-3-7-2-10-6-16-25-26-8-23-15-11-14-9-20-32-24-31-21-19-18-17-1-29-4-27-22-0,20.183419061126187
114,calm,sparse,RAWA-RHP,32,31,0.96875,0.968503937007874,0.968503937007874,True,61.5,63.5,1035.8860906063803,1116.3796555912218,164.1139093936199,84.11390939361993,False,141.73151064684464,True,False,0.0115274285341099,0.0003617291131518,2.0,False,1.0,8.000:8.000|32.713:27.503|44.775:33.549|68.047:26.581|81.869:19.872|85.765:20.302|90.835:24.949|88.283:42.202|83.301:40.416|76.664:34.275|73.161:39.450|66.137:46.629|66.805:55.149|65.430:68.700|50.751:81.401|48.256:85.403|51.431:92.466|37.057:88.969|30.843:87.551|38.580:69.601|44.751:75.614|51.254:48.217|33.775:46.637|27.242:51.301|25.457:52.515|23.189:53.021|20.033:47.785|21.395:40.432|24.796:39.962|26.219:38.138|28.761:39.985|15.872:29.171|8.000:8.000,0-7-2-10-6-16-25-26-8-23-15-11-14-9-32-24-31-21-19-18-20-17-1-29-4-27-22-12-28-5-3-30-0,113.38107525091618
113,moderate,sparse,NearestNeighbor,32,27,0.84375,0.8257575757575758,0.0,False,54.5,66.0,1239.7272683892902,1262.0584044743132,-39.72726838929046,-119.72726838929046,True,116.28191397513392,False,True,0.0723508585365584,0.0026271371468031,2.0,True,1.0,8.000:8.000|21.861:19.422|22.444:22.481|30.632:25.629|32.939:35.384|41.689:33.658|46.865:25.124|50.304:18.664|53.508:20.349|59.428:27.662|54.011:36.007|74.777:50.271|76.170:52.338|83.725:56.622|82.657:60.576|75.057:67.371|68.909:58.907|66.328:74.172|60.909:80.481|56.044:78.062|55.460:67.913|36.038:67.453|31.702:67.745|30.599:65.219|28.569:64.228|28.243:66.589|38.672:61.370|30.558:47.795|8.000:8.000,0-12-13-7-26-21-22-1-10-11-8-24-30-20-19-27-17-6-5-14-18-29-3-15-31-4-32-16-0,0.0020021239761263
113,moderate,sparse,ValuePerDistance,32,19,0.59375,0.6590909090909091,0.0,False,43.5,66.0,1283.439045463356,1290.2708382980709,-83.43904546335598,-163.43904546335597,True,103.2597847862014,False,True,0.0203049184202729,0.001015279984417,2.0,True,1.0,8.000:8.000|30.632:25.629|32.939:35.384|41.689:33.658|54.011:36.007|59.428:27.662|50.304:18.664|53.508:20.349|46.865:25.124|55.460:67.913|60.909:80.481|56.044:78.062|64.003:89.585|32.677:91.913|37.578:85.024|31.702:67.745|30.599:65.219|28.243:66.589|28.569:64.228|9.911:63.128|8.000:8.000,0-7-26-21-8-11-1-10-22-18-5-14-9-23-2-3-15-4-31-25-0,0.0012915949337184
113,moderate,sparse,WindAwareGreedy,32,13,0.40625,0.4924242424242424,0.0,False,32.5,66.0,1267.163088267826,1246.654191419207,-67.16308826782603,-147.16308826782603,True,90.6525572287611,False,True,0.0399888738763579,0.0028587207138629,2.0,True,1.0,8.000:8.000|30.632:25.629|32.939:35.384|41.689:33.658|50.304:18.664|54.011:36.007|59.428:27.662|31.702:67.745|9.911:63.128|30.599:65.219|38.672:61.370|55.460:67.913|28.243:66.589|28.569:64.228|8.000:8.000,0-7-26-21-1-8-11-3-25-15-32-18-4-31-0,0.0011696410365402
113,moderate,sparse,ReserveOnlyPlanner,32,11,0.34375,0.3409090909090909,0.3409090909090909,True,22.5,66.0,1054.9624632418995,1151.337346786626,145.0375367581004,65.0375367581004,False,76.63504082902446,True,False,0.0876363341108539,0.0074711834938,2.0,False,1.0,8.000:8.000|30.632:25.629|32.939:35.384|41.689:33.658|50.304:18.664|54.011:36.007|59.428:27.662|53.508:20.349|21.861:19.422|22.444:22.481|9.911:63.128|30.558:47.795|8.000:8.000,0-7-26-21-1-8-11-10-12-13-25-16-0,0.0011256919242441
113,moderate,sparse,FairRiskAwareGreedy,32,17,0.53125,0.6212121212121212,0.6212121212121212,True,41.0,66.0,1096.8034184033763,1139.968860209791,103.19658159662362,23.196581596623616,False,119.83082992613204,True,False,0.0008685381640329,4.825282399038381e-05,2.8284271247461903,False,1.0,8.000:8.000|30.632:25.629|32.939:35.384|41.689:33.658|9.911:63.128|31.702:67.745|30.599:65.219|55.460:67.913|60.909:80.481|38.672:61.370|54.011:36.007|59.428:27.662|50.304:18.664|32.677:91.913|37.578:85.024|28.243:66.589|28.569:64.228|22.444:22.481|8.000:8.000,0-7-26-21-25-3-15-18-5-32-8-11-1-23-2-4-31-13-0,0.0026772571727633
113,moderate,sparse,FairALNSPlanner,32,28,0.875,0.9242424242424242,0.9242424242424242,True,61.0,66.0,1047.0598682193877,1194.762823319173,152.94013178061277,72.94013178061275,False,131.26554709322178,True,False,0.0240447726857714,0.0008298390240669,2.0,False,1.0,8.000:8.000|21.861:19.422|30.632:25.629|32.939:35.384|9.911:63.128|28.569:64.228|28.243:66.589|30.599:65.219|31.702:67.745|38.672:61.370|37.578:85.024|32.677:91.913|64.003:89.585|60.909:80.481|56.044:78.062|55.460:67.913|68.909:58.907|75.057:67.371|82.657:60.576|83.725:56.622|76.170:52.338|74.777:50.271|54.011:36.007|59.428:27.662|53.508:20.349|50.304:18.664|46.865:25.124|41.689:33.658|22.444:22.481|8.000:8.000,0-12-7-26-25-31-4-15-3-32-2-23-9-5-14-18-17-27-19-20-30-24-8-11-10-1-22-21-13-0,17.605834395159036
113,moderate,sparse,RAWA-RHP,32,31,0.96875,0.9545454545454546,0.9545454545454546,True,63.0,66.0,1030.2974739880758,1209.6875783458609,169.70252601192402,89.70252601192402,False,137.31151063320047,True,False,0.0389409261607518,0.0012290144122114,2.0,False,1.0,8.000:8.000|21.861:19.422|30.632:25.629|32.939:35.384|41.689:33.658|46.865:25.124|50.304:18.664|53.508:20.349|59.428:27.662|54.011:36.007|78.068:41.109|74.777:50.271|76.170:52.338|83.725:56.622|82.657:60.576|75.057:67.371|68.909:58.907|66.328:74.172|55.460:67.913|56.044:78.062|60.909:80.481|64.003:89.585|32.677:91.913|37.578:85.024|36.038:67.453|30.599:65.219|28.569:64.228|28.243:66.589|31.702:67.745|38.672:61.370|30.558:47.795|22.444:22.481|8.000:8.000,0-12-7-26-21-22-1-10-11-8-28-24-30-20-19-27-17-6-18-14-5-9-23-2-29-15-31-4-3-32-16-13-0,136.06383126298897
115,calm,cluttered,NearestNeighbor,32,32,1.0,1.0,0.0,False,64.0,64.0,1402.9281549944508,1393.514710972819,-202.9281549944512,-282.9281549944512,True,167.95352729826828,False,True,0.0387495736557376,0.0011942871090234,2.0,True,1.0,8.000:8.000|10.384:19.494|20.096:15.431|24.426:29.121|32.382:29.486|36.479:32.077|36.259:40.927|42.621:41.533|42.485:49.715|23.263:53.860|26.056:67.680|14.809:77.592|12.855:86.388|10.271:88.493|39.310:86.845|38.593:83.099|45.418:80.258|52.357:90.556|51.746:92.707|61.455:96.617|81.116:83.053|88.535:69.235|83.939:57.434|89.068:55.218|73.692:62.434|63.277:65.577|59.531:67.152|60.810:46.106|60.758:34.694|69.208:30.538|56.895:23.972|53.714:25.595|90.321:36.782|8.000:8.000,0-31-24-13-7-23-22-11-20-32-3-5-19-17-1-28-16-12-27-9-21-29-18-26-10-14-25-30-15-8-4-2-6-0,0.0022106589749455
115,calm,cluttered,ValuePerDistance,32,25,0.78125,0.84375,0.0,False,54.0,64.0,1308.0384268602131,1313.2651498858493,-108.03842686021297,-188.03842686021292,True,149.60111915216663,False,True,0.0180402223370086,0.0006983542217718,2.0,True,1.0,8.000:8.000|10.384:19.494|20.096:15.431|36.479:32.077|32.382:29.486|42.621:41.533|42.485:49.715|45.418:80.258|38.593:83.099|39.310:86.845|51.746:92.707|52.357:90.556|61.455:96.617|81.116:83.053|63.277:65.577|59.531:67.152|73.692:62.434|83.939:57.434|89.068:55.218|88.535:69.235|69.208:30.538|60.758:34.694|56.895:23.972|53.714:25.595|60.810:46.106|90.321:36.782|8.000:8.000,0-31-24-23-7-11-20-16-28-1-27-12-9-21-14-25-10-18-26-29-8-15-4-2-30-6-0,0.0015407109167426
115,calm,cluttered,WindAwareGreedy,32,21,0.65625,0.75,0.0,False,48.0,64.0,1504.3250679646844,1496.638081410155,-304.3250679646844,-384.3250679646844,True,158.90448577281887,False,True,0.034111156229153,0.0015705596105907,2.0,True,1.0,8.000:8.000|36.479:32.077|32.382:29.486|56.895:23.972|69.208:30.538|60.758:34.694|42.621:41.533|45.418:80.258|51.746:92.707|52.357:90.556|59.531:67.152|63.277:65.577|42.485:49.715|10.384:19.494|20.096:15.431|53.714:25.595|60.810:46.106|89.068:55.218|83.939:57.434|73.692:62.434|81.116:83.053|61.455:96.617|8.000:8.000,0-23-7-4-8-15-11-16-27-12-25-14-20-31-24-2-30-26-18-10-21-9-0,0.0016001209150999
115,calm,cluttered,ReserveOnlyPlanner,32,19,0.59375,0.65625,0.65625,True,42.0,64.0,1066.9750111401695,1109.4948973885034,133.0249888598304,53.02498885983039,False,120.32181294500626,True,False,0.0159938120153307,0.0008038823731534,2.0,False,1.0,8.000:8.000|10.384:19.494|36.479:32.077|32.382:29.486|42.621:41.533|42.485:49.715|45.418:80.258|51.746:92.707|52.357:90.556|59.531:67.152|63.277:65.577|69.208:30.538|56.895:23.972|60.758:34.694|60.810:46.106|53.714:25.595|20.096:15.431|24.426:29.121|36.259:40.927|23.263:53.860|8.000:8.000,0-31-23-7-11-20-16-27-12-25-14-8-4-15-30-2-24-13-22-32-0,0.0016262051649391
115,calm,cluttered,FairRiskAwareGreedy,32,13,0.40625,0.515625,0.515625,True,33.0,64.0,1102.0395216924085,1118.2177920597098,97.96047830759171,17.96047830759173,False,120.10153664879044,True,False,0.01052145441702,0.000753473722209,2.0,False,1.0,8.000:8.000|36.479:32.077|32.382:29.486|56.895:23.972|69.208:30.538|60.758:34.694|45.418:80.258|42.621:41.533|10.384:19.494|20.096:15.431|53.714:25.595|59.531:67.152|63.277:65.577|51.746:92.707|8.000:8.000,0-23-7-4-8-15-16-11-31-24-2-25-14-27-0,0.0021061629522591
115,calm,cluttered,FairALNSPlanner,32,27,0.84375,0.875,0.875,True,56.0,64.0,1066.8209292638523,1133.3798932894276,133.17907073614754,53.17907073614754,False,136.9940592469717,True,False,0.0204107967932872,0.0007345169483515,2.0,False,1.0,8.000:8.000|20.096:15.431|24.426:29.121|32.382:29.486|36.479:32.077|53.714:25.595|56.895:23.972|69.208:30.538|60.758:34.694|60.810:46.106|73.692:62.434|83.939:57.434|89.068:55.218|88.535:69.235|81.116:83.053|63.277:65.577|59.531:67.152|52.357:90.556|51.746:92.707|61.455:96.617|45.418:80.258|39.310:86.845|38.593:83.099|26.056:67.680|42.485:49.715|42.621:41.533|36.259:40.927|10.384:19.494|8.000:8.000,0-24-13-7-23-2-4-8-15-30-10-18-26-29-21-14-25-12-27-9-16-1-28-3-20-11-22-31-0,17.885140378959477
115,calm,cluttered,RAWA-RHP,32,30,0.9375,0.9609375,0.9609375,True,61.5,64.0,1049.7031199428427,1127.3902387064406,150.2968800571578,70.29688005715781,False,141.2883519411332,True,False,0.0236931920563694,0.0007719409384991,2.0,False,1.0,8.000:8.000|10.384:19.494|24.426:29.121|32.382:29.486|36.479:32.077|36.259:40.927|42.621:41.533|42.485:49.715|26.056:67.680|14.809:77.592|12.855:86.388|10.271:88.493|39.310:86.845|38.593:83.099|45.418:80.258|52.357:90.556|51.746:92.707|61.455:96.617|81.116:83.053|88.535:69.235|89.068:55.218|83.939:57.434|73.692:62.434|63.277:65.577|59.531:67.152|60.810:46.106|60.758:34.694|69.208:30.538|56.895:23.972|53.714:25.595|20.096:15.431|8.000:8.000,0-31-13-7-23-22-11-20-3-5-19-17-1-28-16-12-27-9-21-29-26-18-10-14-25-30-15-8-4-2-24-0,75.03158863796853
116,severe,sparse,NearestNeighbor,32,12,0.375,0.392,0.0,False,24.5,62.5,1376.831924873156,1384.0372486131675,-176.8319248731558,-256.8319248731558,True,68.1886111169897,False,True,0.0218275199276891,0.001688311460161,2.8284271247461903,True,1.0,8.000:8.000|18.312:43.974|13.405:53.691|11.112:53.808|12.102:63.225|19.558:65.960|22.853:60.650|24.117:57.859|28.065:62.775|33.019:74.293|36.209:76.888|30.724:80.392|26.002:91.327|8.000:8.000,0-7-28-6-5-21-4-9-17-1-26-13-16-0,0.0023700189776718
116,severe,sparse,ValuePerDistance,32,12,0.375,0.44,0.0,False,27.5,62.5,1327.6224842092165,1338.7300060841042,-127.62248420921637,-207.62248420921637,True,66.91609906950674,False,True,0.2468422399273918,0.0202311972700824,2.0,True,1.0,8.000:8.000|36.678:38.242|47.085:46.961|50.363:53.922|40.942:69.046|36.209:76.888|33.019:74.293|30.724:80.392|22.853:60.650|24.117:57.859|19.558:65.960|12.102:63.225|11.112:53.808|8.000:8.000,0-14-10-24-19-26-1-13-4-9-21-5-6-0,0.0010100409854203
116,severe,sparse,WindAwareGreedy,32,8,0.25,0.304,0.304,True,19.0,62.5,1121.0423325179138,1081.16022595912,78.95766748208646,-1.042332517913536,True,50.88889150659442,True,False,0.0087264506578688,0.0009699388512539,2.8284271247461903,False,1.0,8.000:8.000|36.678:38.242|18.312:43.974|11.112:53.808|12.102:63.225|22.853:60.650|24.117:57.859|19.558:65.960|13.405:53.691|8.000:8.000,0-14-7-6-5-4-9-21-28-0,0.0008178087882697
116,severe,sparse,ReserveOnlyPlanner,32,8,0.25,0.304,0.304,True,19.0,62.5,1057.7504028938008,1137.199768497073,142.24959710619916,62.24959710619916,False,49.78016822373775,True,False,0.0969911457654363,0.0108633630426656,2.0,False,1.0,8.000:8.000|18.312:43.974|11.112:53.808|13.405:53.691|12.102:63.225|22.853:60.650|24.117:57.859|19.558:65.960|36.678:38.242|8.000:8.000,0-7-6-28-5-4-9-21-14-0,0.0008187070488929
116,severe,sparse,FairRiskAwareGreedy,32,14,0.4375,0.456,0.456,True,28.5,62.5,1070.9551845602352,1129.7945623815751,129.04481543976476,49.04481543976476,False,93.31505518279056,True,False,0.0023650852954617,0.0001578209819936,2.8284271247461903,False,1.0,8.000:8.000|36.678:38.242|47.085:46.961|24.117:57.859|12.102:63.225|19.558:65.960|11.112:53.808|13.405:53.691|40.942:69.046|18.312:43.974|33.019:74.293|36.209:76.888|28.065:62.775|31.428:49.980|32.557:46.165|8.000:8.000,0-14-10-9-5-21-6-28-19-7-1-26-17-15-2-0,0.0017087208107113
116,severe,sparse,FairALNSPlanner,32,16,0.5,0.608,0.608,True,38.0,62.5,1057.601896664078,1209.0624638838974,142.3981033359221,62.39810333592209,False,97.8081798435654,True,False,0.0238610971177107,0.0014125711364812,2.8284271247461903,False,1.0,8.000:8.000|18.312:43.974|36.678:38.242|70.094:39.621|84.249:17.916|87.100:43.214|81.879:43.067|82.272:50.520|78.684:52.178|47.085:46.961|40.942:69.046|28.065:62.775|24.117:57.859|22.853:60.650|19.558:65.960|12.102:63.225|11.112:53.808|8.000:8.000,0-7-14-27-32-29-31-11-12-10-19-17-9-4-21-5-6-0,6.677760857855901
116,severe,sparse,RAWA-RHP,32,18,0.5625,0.672,0.672,True,42.0,62.5,1065.289375972361,1200.6226881758132,134.71062402763914,54.71062402763914,False,100.6673264349975,True,False,0.0321584363546224,0.0017113088267817,2.8284271247461903,False,1.0,8.000:8.000|36.678:38.242|84.249:17.916|87.100:43.214|81.879:43.067|82.272:50.520|78.684:52.178|50.363:53.922|47.085:46.961|40.942:69.046|36.209:76.888|33.019:74.293|28.065:62.775|24.117:57.859|22.853:60.650|19.558:65.960|12.102:63.225|11.112:53.808|18.312:43.974|8.000:8.000,0-14-32-29-31-11-12-24-10-19-26-1-17-9-4-21-5-6-7-0,18.898512761108577
115,moderate,cluttered,NearestNeighbor,32,26,0.8125,0.8296296296296296,0.0,False,56.0,67.5,1698.560212797055,1701.9401542746991,-498.560212797055,-578.560212797055,True,141.9007284935695,False,True,0.1144651841579821,0.0043959469833525,2.0,True,1.0,8.000:8.000|28.779:17.288|29.602:22.518|22.265:30.585|35.538:34.038|37.262:35.152|46.694:18.984|47.932:16.619|42.082:7.903|38.544:9.075|71.054:13.077|64.161:28.091|55.324:42.980|45.688:53.545|47.364:62.295|44.372:64.643|45.720:66.262|41.433:66.563|30.092:49.527|24.072:49.556|11.775:51.538|22.031:65.716|21.880:67.860|24.005:79.776|8.990:85.567|47.629:84.180|59.231:82.804|8.000:8.000,0-7-3-23-30-2-18-21-1-19-6-31-27-10-28-29-24-14-9-8-13-15-11-22-4-25-26-0,0.0020436889026314
115,moderate,cluttered,ValuePerDistance,32,22,0.6875,0.7703703703703704,0.0,False,52.0,67.5,1750.4603956497897,1726.763077485114,-550.4603956497898,-630.4603956497898,True,134.57941841396993,False,True,0.2276637125685008,0.0109137365151226,2.0,True,1.0,8.000:8.000|42.082:7.903|38.544:9.075|47.932:16.619|46.694:18.984|35.538:34.038|37.262:35.152|30.092:49.527|24.072:49.556|11.775:51.538|21.880:67.860|22.031:65.716|24.005:79.776|8.990:85.567|47.629:84.180|45.720:66.262|44.372:64.643|47.364:62.295|45.688:53.545|41.433:66.563|83.437:39.903|70.726:48.451|85.588:57.809|8.000:8.000,0-1-19-21-18-30-2-9-8-13-11-15-22-4-25-24-29-28-10-14-16-12-32-0,0.001457188045606
115,moderate,cluttered,WindAwareGreedy,32,16,0.5,0.6074074074074074,0.0,False,41.0,67.5,1346.7942752220606,1354.1787243072888,-146.79427522206063,-226.79427522206063,True,104.04965794089466,False,True,0.1693922542463263,0.0105680068750817,2.0,True,1.0,8.000:8.000|42.082:7.903|47.932:16.619|35.538:34.038|37.262:35.152|30.092:49.527|24.072:49.556|21.880:67.860|47.629:84.180|45.720:66.262|45.688:53.545|47.364:62.295|44.372:64.643|83.437:39.903|64.161:28.091|71.054:13.077|38.544:9.075|8.000:8.000,0-1-21-30-2-9-8-11-25-24-10-28-29-16-31-6-19-0,0.0013737559784203
115,moderate,cluttered,ReserveOnlyPlanner,32,15,0.46875,0.5185185185185185,0.5185185185185185,True,35.0,67.5,1116.8270387252162,1180.063206972046,83.17296127478377,3.172961274783773,False,88.96372690510825,True,False,0.2459185490206057,0.0170544213282964,2.0,False,1.0,8.000:8.000|42.082:7.903|47.932:16.619|35.538:34.038|37.262:35.152|30.092:49.527|24.072:49.556|45.688:53.545|45.720:66.262|44.372:64.643|47.364:62.295|47.629:84.180|59.231:82.804|41.433:66.563|29.602:22.518|22.265:30.585|8.000:8.000,0-1-21-30-2-9-8-10-24-29-28-25-26-14-3-23-0,0.0014023859985172
115,moderate,cluttered,FairRiskAwareGreedy,32,16,0.5,0.5777777777777777,0.5777777777777777,True,39.0,67.5,1071.5870457887725,1105.556640554069,128.4129542112276,48.4129542112276,False,117.47179389733635,True,False,0.0037542311140255,0.0002210990072073,2.0,False,1.0,8.000:8.000|42.082:7.903|47.932:16.619|35.538:34.038|37.262:35.152|29.602:22.518|21.880:67.860|30.092:49.527|45.688:53.545|45.720:66.262|44.372:64.643|47.364:62.295|22.265:30.585|83.437:39.903|64.161:28.091|38.544:9.075|46.694:18.984|8.000:8.000,0-1-21-30-2-3-11-9-10-24-29-28-23-16-31-19-18-0,0.0020119261462241
115,moderate,cluttered,FairALNSPlanner,32,23,0.71875,0.7555555555555555,0.7555555555555555,True,51.0,67.5,1041.4656605350362,1170.865017898676,158.53433946496403,78.53433946496403,False,126.643411549934,True,False,0.0101364734008811,0.0004226059021358,2.0,False,1.0,8.000:8.000|28.779:17.288|29.602:22.518|24.072:49.556|30.092:49.527|8.990:85.567|47.629:84.180|24.005:79.776|21.880:67.860|22.031:65.716|11.775:51.538|41.433:66.563|45.720:66.262|44.372:64.643|47.364:62.295|45.688:53.545|37.262:35.152|35.538:34.038|55.324:42.980|64.161:28.091|46.694:18.984|47.932:16.619|42.082:7.903|38.544:9.075|8.000:8.000,0-7-3-8-9-4-25-22-11-15-13-14-24-29-28-10-2-30-27-31-18-21-1-19-0,14.10396001394838
115,moderate,cluttered,RAWA-RHP,32,26,0.8125,0.8740740740740741,0.8740740740740741,True,59.0,67.5,1052.0817169730508,1201.721151858233,147.9182830269492,67.91828302694921,False,132.87716277063487,True,False,0.0626633389328159,0.0023565978516227,2.0,False,1.0,8.000:8.000|38.544:9.075|42.082:7.903|47.932:16.619|46.694:18.984|64.161:28.091|83.437:39.903|70.726:48.451|85.588:57.809|76.602:70.988|47.629:84.180|8.990:85.567|24.005:79.776|21.880:67.860|22.031:65.716|11.775:51.538|24.072:49.556|30.092:49.527|41.433:66.563|45.720:66.262|44.372:64.643|47.364:62.295|45.688:53.545|37.262:35.152|35.538:34.038|29.602:22.518|28.779:17.288|8.000:8.000,0-19-1-21-18-31-16-12-32-20-25-4-22-11-15-13-8-9-14-24-29-28-10-2-30-3-7-0,74.69798565004021
114,moderate,sparse,NearestNeighbor,32,25,0.78125,0.8014184397163121,0.0,False,56.5,70.5,1291.569848393042,1278.0911794870296,-91.56984839304168,-171.5698483930417,True,114.74429195562982,False,True,0.1129325860297991,0.0045616605104216,2.0,True,1.0,8.000:8.000|18.686:28.864|11.652:32.934|20.914:42.442|29.982:50.788|40.370:42.710|35.420:33.523|49.586:30.905|51.293:32.828|54.068:24.272|57.242:25.496|65.294:14.088|71.504:21.520|76.216:20.268|80.604:22.683|83.480:15.622|84.082:13.098|86.392:16.195|92.017:27.116|92.381:41.069|83.957:39.101|69.445:35.150|63.452:36.639|60.421:38.717|57.947:42.692|49.342:56.870|8.000:8.000,0-9-19-31-16-8-17-13-10-28-32-29-21-1-18-24-26-5-23-20-6-14-11-22-7-4-0,0.0019661700353026
114,moderate,sparse,ValuePerDistance,32,24,0.75,0.8014184397163121,0.0,False,56.5,70.5,1286.7750130291415,1324.2007929993483,-86.77501302914156,-166.77501302914158,True,114.30293051028625,False,True,0.1663962881588045,0.0071497834768337,2.0,True,1.0,8.000:8.000|18.686:28.864|11.652:32.934|35.420:33.523|40.370:42.710|51.293:32.828|49.586:30.905|57.242:25.496|54.068:24.272|65.294:14.088|71.504:21.520|76.216:20.268|80.604:22.683|83.480:15.622|84.082:13.098|86.392:16.195|92.017:27.116|92.381:41.069|83.957:39.101|69.445:35.150|63.452:36.639|60.421:38.717|57.947:42.692|68.020:50.802|29.982:50.788|8.000:8.000,0-9-19-17-8-10-13-32-28-29-21-1-18-24-26-5-23-20-6-14-11-22-7-25-16-0,0.0014480159152299
114,moderate,sparse,WindAwareGreedy,32,17,0.53125,0.5673758865248227,0.0,False,40.0,70.5,1238.913617295604,1254.4544780922197,-38.91361729560395,-118.91361729560396,True,98.87226738389928,False,True,0.2573311515773926,0.0162054530984208,2.0,True,1.0,8.000:8.000|18.686:28.864|11.652:32.934|35.420:33.523|49.586:30.905|51.293:32.828|57.242:25.496|65.294:14.088|76.216:20.268|71.504:21.520|69.445:35.150|60.421:38.717|40.370:42.710|29.982:50.788|20.914:42.442|57.947:42.692|63.452:36.639|54.068:24.272|8.000:8.000,0-9-19-17-13-10-32-29-1-21-14-22-8-16-31-7-11-28-0,0.0013782759197056
114,moderate,sparse,ReserveOnlyPlanner,32,16,0.5,0.5673758865248227,0.5673758865248227,True,40.0,70.5,1022.6048178978645,1139.309364859897,177.39518210213555,97.39518210213556,False,85.53475551547461,True,False,0.1737602962171904,0.0110375165902966,2.0,False,1.0,8.000:8.000|18.686:28.864|11.652:32.934|35.420:33.523|49.586:30.905|51.293:32.828|57.242:25.496|65.294:14.088|71.504:21.520|76.216:20.268|84.082:13.098|83.480:15.622|69.445:35.150|60.421:38.717|40.370:42.710|29.982:50.788|20.914:42.442|8.000:8.000,0-9-19-17-13-10-32-29-21-1-26-24-14-22-8-16-31-0,0.0015076049603521
114,moderate,sparse,FairRiskAwareGreedy,32,17,0.53125,0.6099290780141844,0.6099290780141844,True,43.0,70.5,1066.002281241241,1098.7583247626692,133.99771875875916,53.99771875875916,False,115.8315952615569,True,False,0.0021656483288446,0.00012031672818,2.0,False,1.0,8.000:8.000|49.586:30.905|51.293:32.828|40.370:42.710|29.982:50.788|51.681:77.844|92.217:61.143|69.445:35.150|57.242:25.496|65.294:14.088|76.216:20.268|92.381:41.069|83.957:39.101|68.020:50.802|57.947:42.692|60.421:38.717|18.686:28.864|11.652:32.934|8.000:8.000,0-13-10-8-16-15-27-14-32-29-1-20-6-25-7-22-9-19-0,0.0020210130605846
114,moderate,sparse,FairALNSPlanner,32,18,0.5625,0.6382978723404256,0.6382978723404256,True,45.0,70.5,1063.1950287901725,1197.3824535045744,136.80497120982733,56.80497120982733,False,121.44427103896452,True,False,0.0128335904064696,0.0006754567644785,2.0,False,1.0,8.000:8.000|18.686:28.864|35.420:33.523|40.370:42.710|29.982:50.788|51.681:77.844|92.381:41.069|92.217:61.143|57.947:42.692|60.421:38.717|51.293:32.828|49.586:30.905|68.020:50.802|83.957:39.101|69.445:35.150|57.242:25.496|54.068:24.272|71.504:21.520|65.294:14.088|8.000:8.000,0-9-17-8-16-15-20-27-7-22-10-13-25-6-14-32-28-21-29-0,11.40535759483464
114,moderate,sparse,RAWA-RHP,32,26,0.8125,0.8794326241134752,0.8794326241134752,True,62.0,70.5,1053.8458721284094,1215.1372890991363,146.15412787159053,66.15412787159053,False,129.88653623732475,True,False,0.0636275711737953,0.0024082052372597,2.0,False,1.0,8.000:8.000|18.686:28.864|20.914:42.442|29.982:50.788|51.681:77.844|54.046:66.929|92.217:61.143|92.381:41.069|83.957:39.101|92.017:27.116|83.480:15.622|86.392:16.195|84.082:13.098|80.604:22.683|76.216:20.268|71.504:21.520|65.294:14.088|54.068:24.272|57.242:25.496|69.445:35.150|63.452:36.639|60.421:38.717|57.947:42.692|51.293:32.828|49.586:30.905|35.420:33.523|40.370:42.710|8.000:8.000,0-9-31-16-15-30-27-20-6-23-24-5-26-18-1-21-29-28-32-14-11-22-7-10-13-17-8-0,108.88628853694536
116,calm,sparse,NearestNeighbor,32,25,0.78125,0.7580645161290323,0.0,False,47.0,62.0,1273.4836727999475,1279.811677566441,-73.48367279994775,-153.48367279994775,True,148.85599561405763,False,True,0.0078303343527077,0.000302066205635,2.0,True,1.0,8.000:8.000|23.270:17.264|22.026:20.487|24.444:23.313|25.422:26.057|23.899:27.570|34.890:34.317|43.990:31.429|57.794:20.914|69.256:17.194|68.540:13.666|75.237:10.342|39.808:14.400|29.556:10.779|25.840:47.094|41.837:64.369|57.136:60.598|52.223:47.169|71.990:68.408|82.567:63.297|86.090:70.432|84.612:72.602|70.649:82.175|91.063:91.089|94.496:87.491|91.689:41.134|8.000:8.000,0-2-24-6-17-23-28-11-30-3-31-5-25-9-7-22-10-26-29-8-19-12-20-13-21-16-0,0.0019890440162271
116,calm,sparse,ValuePerDistance,32,28,0.875,0.9193548387096774,0.0,False,57.0,62.0,1417.839938084791,1418.1099408718608,-217.8399380847905,-297.8399380847905,True,167.48068941888147,False,True,0.0060514252721851,0.000209137973425,2.0,True,1.0,8.000:8.000|22.026:20.487|23.899:27.570|25.422:26.057|24.444:23.313|29.556:10.779|39.808:14.400|43.990:31.429|52.223:47.169|71.990:68.408|86.090:70.432|84.612:72.602|82.567:63.297|91.689:41.134|75.237:10.342|68.540:13.666|69.256:17.194|57.794:20.914|34.890:34.317|23.369:75.368|21.128:76.466|30.639:80.203|28.943:87.500|17.124:95.260|18.929:93.455|13.988:84.587|41.837:64.369|57.136:60.598|70.649:82.175|8.000:8.000,0-24-23-17-6-9-25-11-26-29-19-12-8-16-5-31-3-30-28-18-32-27-14-1-15-4-22-10-20-0,0.0017089440952986
116,calm,sparse,WindAwareGreedy,32,22,0.6875,0.7983870967741935,0.7983870967741935,True,49.5,62.0,1183.6493513863168,1170.7566336466853,16.350648613682985,-63.649351386317015,True,134.68040338183354,True,False,0.0097528082454348,0.0004254768791558,2.0,False,1.0,8.000:8.000|22.026:20.487|23.899:27.570|29.556:10.779|43.990:31.429|52.223:47.169|23.369:75.368|30.639:80.203|28.943:87.500|17.124:95.260|13.988:84.587|21.128:76.466|71.990:68.408|86.090:70.432|84.612:72.602|82.567:63.297|91.689:41.134|57.794:20.914|39.808:14.400|24.444:23.313|25.422:26.057|34.890:34.317|23.270:17.264|8.000:8.000,0-24-23-9-11-26-18-27-14-1-4-32-29-19-12-8-16-30-25-6-17-28-2-0,0.0016799138393253
116,calm,sparse,ReserveOnlyPlanner,32,21,0.65625,0.7419354838709677,0.7419354838709677,True,46.0,62.0,1084.127679309276,1111.9974208604656,115.87232069072392,35.87232069072391,False,124.94695472990784,True,False,0.0106054699473724,0.0004840508248718,2.0,False,1.0,8.000:8.000|22.026:20.487|23.899:27.570|29.556:10.779|43.990:31.429|52.223:47.169|71.990:68.408|86.090:70.432|84.612:72.602|82.567:63.297|23.369:75.368|30.639:80.203|28.943:87.500|17.124:95.260|13.988:84.587|21.128:76.466|18.929:93.455|41.837:64.369|34.890:34.317|25.422:26.057|24.444:23.313|23.270:17.264|8.000:8.000,0-24-23-9-11-26-29-19-12-8-18-27-14-1-4-32-15-22-28-17-6-2-0,0.0018662351649254
116,calm,sparse,FairRiskAwareGreedy,32,18,0.5625,0.6854838709677419,0.6854838709677419,True,42.5,62.0,1053.792426577251,1072.6948176405856,146.2075734227489,66.20757342274891,False,123.87295667669144,True,False,0.0042743090179144,0.0002252665525944,2.0,False,1.0,8.000:8.000|22.026:20.487|23.899:27.570|29.556:10.779|43.990:31.429|52.223:47.169|23.369:75.368|30.639:80.203|28.943:87.500|71.990:68.408|86.090:70.432|84.612:72.602|82.567:63.297|39.808:14.400|57.794:20.914|75.237:10.342|24.444:23.313|25.422:26.057|23.270:17.264|8.000:8.000,0-24-23-9-11-26-18-27-14-29-19-12-8-25-30-5-6-17-2-0,0.0031555069144815
116,calm,sparse,FairALNSPlanner,32,27,0.84375,0.9032258064516128,0.9032258064516128,True,56.0,62.0,1046.5537177322017,1115.8494815833274,153.44628226779864,73.44628226779864,False,136.06114936848292,True,False,0.0035743708305518,0.0001278009006806,2.0,False,1.0,8.000:8.000|29.556:10.779|39.808:14.400|75.237:10.342|68.540:13.666|69.256:17.194|57.794:20.914|91.689:41.134|82.567:63.297|86.090:70.432|84.612:72.602|71.990:68.408|28.943:87.500|18.929:93.455|17.124:95.260|13.988:84.587|21.128:76.466|23.369:75.368|30.639:80.203|41.837:64.369|52.223:47.169|43.990:31.429|34.890:34.317|23.899:27.570|25.422:26.057|24.444:23.313|22.026:20.487|23.270:17.264|8.000:8.000,0-9-25-5-31-3-30-16-8-19-12-29-14-15-1-4-32-18-27-22-26-11-28-23-17-6-24-2-0,18.13547941413708
116,calm,sparse,RAWA-RHP,32,28,0.875,0.9193548387096774,0.9193548387096774,True,57.0,62.0,1034.5867223453124,1112.4192901309618,165.41327765468807,85.41327765468807,False,138.12453005769825,True,False,0.005144520958552,0.0001777469360564,2.0,False,1.0,8.000:8.000|29.556:10.779|23.270:17.264|22.026:20.487|24.444:23.313|25.422:26.057|23.899:27.570|34.890:34.317|43.990:31.429|52.223:47.169|41.837:64.369|30.639:80.203|28.943:87.500|18.929:93.455|17.124:95.260|13.988:84.587|21.128:76.466|23.369:75.368|57.136:60.598|71.990:68.408|84.612:72.602|86.090:70.432|82.567:63.297|91.689:41.134|75.237:10.342|68.540:13.666|69.256:17.194|57.794:20.914|39.808:14.400|8.000:8.000,0-9-2-24-6-17-23-28-11-26-22-27-14-15-1-4-32-18-10-29-12-19-8-16-5-31-3-30-25-0,40.78375778510235
116,severe,cluttered,NearestNeighbor,32,9,0.28125,0.2635658914728682,0.2635658914728682,True,17.0,64.5,1143.945453253741,1147.1432514557546,56.05454674625915,-23.94545325374085,True,56.85828807434011,True,False,0.1807318862502006,0.0189618710070671,2.0,False,1.0,8.000:8.000|22.346:25.377|30.136:18.887|28.659:42.507|34.217:48.010|36.319:49.324|49.580:40.065|56.486:28.473|60.819:18.767|71.063:18.315|8.000:8.000,0-4-7-19-11-25-15-10-28-12-0,0.0009607749525457
116,severe,cluttered,ValuePerDistance,32,10,0.3125,0.3333333333333333,0.0,False,21.5,64.5,1411.4185631103674,1393.659820547942,-211.41856311036744,-291.4185631103674,True,65.00909267211799,False,True,0.3672343448453672,0.038464478182859,2.0,True,1.0,8.000:8.000|22.346:25.377|30.136:18.887|28.659:42.507|34.217:48.010|36.319:49.324|33.870:64.697|28.095:62.276|36.400:79.106|23.630:79.768|29.065:84.187|8.000:8.000,0-4-7-19-11-25-23-18-24-17-5-0,0.0008963919244706
116,severe,cluttered,WindAwareGreedy,32,10,0.3125,0.3333333333333333,0.0,False,21.5,64.5,1325.359252731857,1376.3895367830896,-125.359252731857,-205.359252731857,True,65.02740557230698,False,True,0.1816003059364676,0.0173287722106866,2.0,True,1.0,8.000:8.000|22.346:25.377|30.136:18.887|28.659:42.507|16.903:42.849|15.205:48.423|34.217:48.010|36.319:49.324|28.095:62.276|33.870:64.697|23.630:79.768|8.000:8.000,0-4-7-19-9-21-11-25-18-23-17-0,0.0009036620613187
116,severe,cluttered,ReserveOnlyPlanner,32,8,0.25,0.2558139534883721,0.2558139534883721,True,16.5,64.5,1077.1664125603902,1194.2175533133966,122.83358743960952,42.83358743960952,False,52.23547646104386,True,False,0.1810463208169387,0.0211044436951724,2.0,False,1.0,8.000:8.000|22.346:25.377|30.136:18.887|28.659:42.507|16.903:42.849|15.205:48.423|34.217:48.010|36.319:49.324|28.095:62.276|8.000:8.000,0-4-7-19-9-21-11-25-18-0,0.0008277310989797
116,severe,cluttered,FairRiskAwareGreedy,32,15,0.46875,0.5348837209302325,0.5348837209302325,True,34.5,64.5,1067.9177382173152,1136.4742014456658,132.08226178268472,52.082261782684725,False,97.01925349894744,True,False,0.001985819509778,0.000124210645165,2.8284271247461903,False,1.0,8.000:8.000|22.346:25.377|28.659:42.507|34.217:48.010|36.319:49.324|16.903:42.849|15.205:48.423|33.870:64.697|36.400:79.106|23.630:79.768|91.308:54.065|95.857:43.642|89.450:32.996|71.063:18.315|60.819:18.767|30.136:18.887|8.000:8.000,0-4-19-11-25-9-21-23-24-17-1-3-2-12-28-7-0,0.0019352461677044
116,severe,cluttered,FairALNSPlanner,32,19,0.59375,0.6124031007751938,0.6124031007751938,True,39.5,64.5,1017.132682245576,1192.5403907077498,182.86731775442396,102.86731775442394,False,99.76090499864696,True,False,0.0021478102340242,0.0001074871821686,2.8284271247461903,False,1.0,8.000:8.000|16.903:42.849|15.205:48.423|28.095:62.276|62.460:79.689|62.742:71.844|64.957:68.563|75.372:66.338|77.164:65.344|79.852:66.376|82.913:56.502|82.089:46.994|91.308:54.065|95.857:43.642|89.450:32.996|71.063:18.315|60.819:18.767|56.486:28.473|30.136:18.887|22.346:25.377|8.000:8.000,0-9-21-18-29-14-13-20-26-16-6-30-1-3-2-12-28-10-7-4-0,9.812195722945036
116,severe,cluttered,RAWA-RHP,32,21,0.65625,0.7054263565891473,0.7054263565891473,True,45.5,64.5,1045.9621675535743,1212.1598440941182,154.03783244642557,74.03783244642557,False,103.94850435638736,True,False,0.0118414152588837,0.0005393515426788,2.8284271247461903,False,1.0,8.000:8.000|30.136:18.887|60.819:18.767|71.063:18.315|89.450:32.996|95.857:43.642|91.308:54.065|82.913:56.502|79.852:66.376|77.164:65.344|75.372:66.338|64.957:68.563|52.806:66.710|45.434:73.952|36.400:79.106|33.870:64.697|28.095:62.276|28.659:42.507|34.217:48.010|36.319:49.324|15.205:48.423|16.903:42.849|8.000:8.000,0-7-28-12-2-3-1-6-16-26-20-13-22-27-24-23-18-19-11-25-21-9-0,16.336096829967573
115,moderate,sparse,NearestNeighbor,32,27,0.84375,0.8709677419354839,0.0,False,54.0,62.0,1626.4444267625454,1619.5259733915138,-426.4444267625455,-506.4444267625455,True,135.36128268401202,False,True,0.2304839799460257,0.0091181872859008,2.0,True,1.0,8.000:8.000|26.783:32.863|24.448:38.280|35.158:43.087|35.208:45.167|39.951:36.004|42.455:53.268|53.863:55.055|48.418:65.710|41.209:65.825|35.587:62.500|34.829:77.387|34.793:80.194|43.981:86.885|49.392:78.326|61.128:71.260|69.199:83.919|73.277:77.336|76.819:79.085|74.549:71.664|76.677:69.871|80.622:70.852|83.188:71.459|90.519:65.839|92.986:63.625|89.631:80.695|75.449:40.974|77.600:35.904|8.000:8.000,0-12-29-19-18-17-13-15-3-4-10-2-23-32-30-27-8-16-6-21-25-1-7-22-31-11-9-14-0,0.0020991130731999
115,moderate,sparse,ValuePerDistance,32,25,0.78125,0.8225806451612904,0.0,False,51.0,62.0,1752.0601255113704,1747.6466740402957,-552.0601255113704,-632.0601255113704,True,138.92737077308004,False,True,0.2459183399771759,0.0104655526764384,2.0,True,1.0,8.000:8.000|26.783:32.863|24.448:38.280|35.158:43.087|35.208:45.167|39.951:36.004|42.455:53.268|53.863:55.055|61.506:44.110|75.449:40.974|77.600:35.904|67.789:25.429|50.690:19.463|41.209:65.825|35.587:62.500|34.829:77.387|34.793:80.194|49.392:78.326|61.128:71.260|69.199:83.919|76.819:79.085|80.622:70.852|83.188:71.459|76.677:69.871|74.549:71.664|73.277:77.336|8.000:8.000,0-12-29-19-18-17-13-15-26-9-14-28-20-4-10-2-23-30-27-8-6-1-7-25-21-16-0,0.0015698091592639
115,moderate,sparse,WindAwareGreedy,32,20,0.625,0.7096774193548387,0.0,False,44.0,62.0,1662.135296995188,1620.2426535881743,-462.1352969951882,-542.1352969951881,True,123.36977297035136,False,True,0.2778212761533527,0.0150992316033898,2.0,True,1.0,8.000:8.000|26.783:32.863|39.951:36.004|42.455:53.268|41.209:65.825|53.863:55.055|61.506:44.110|61.128:71.260|69.199:83.919|80.622:70.852|92.986:63.625|90.519:65.839|76.677:69.871|74.549:71.664|76.819:79.085|89.631:80.695|83.188:71.459|75.449:40.974|77.600:35.904|67.789:25.429|84.653:26.821|8.000:8.000,0-12-17-13-4-15-26-27-8-1-31-22-25-21-6-11-7-9-14-28-5-0,0.0015461868606507
115,moderate,sparse,ReserveOnlyPlanner,32,13,0.40625,0.4758064516129032,0.4758064516129032,True,29.5,62.0,1104.077010038828,1180.254691446959,95.9229899611721,15.922989961172108,False,84.06722531922429,True,False,0.0571394399602996,0.0041198770627515,2.0,False,1.0,8.000:8.000|26.783:32.863|39.951:36.004|42.455:53.268|53.863:55.055|61.506:44.110|75.449:40.974|77.600:35.904|92.986:63.625|90.519:65.839|80.622:70.852|76.677:69.871|74.549:71.664|83.188:71.459|8.000:8.000,0-12-17-13-15-26-9-14-31-22-1-25-21-7-0,0.0012559869792312
115,moderate,sparse,FairRiskAwareGreedy,32,15,0.46875,0.5725806451612904,0.5725806451612904,True,35.5,62.0,1093.7790775334586,1132.3724549492222,106.2209224665416,26.220922466541595,False,117.19834835973268,True,False,0.0013142197048371,8.21662325096173e-05,2.0,False,1.0,8.000:8.000|26.783:32.863|24.448:38.280|41.209:65.825|35.587:62.500|39.951:36.004|42.455:53.268|53.863:55.055|61.506:44.110|50.690:19.463|35.158:43.087|80.622:70.852|69.199:83.919|74.549:71.664|92.986:63.625|90.519:65.839|8.000:8.000,0-12-29-4-10-17-13-15-26-20-19-1-8-21-31-22-0,0.0019888740498572
115,moderate,sparse,FairALNSPlanner,32,24,0.75,0.8387096774193549,0.8387096774193549,True,52.0,62.0,1039.3315138411915,1199.032298054634,160.66848615880843,80.66848615880843,False,126.061262550291,True,False,0.0581479055448687,0.0023659265448211,2.0,False,1.0,8.000:8.000|26.783:32.863|24.448:38.280|35.158:43.087|35.208:45.167|42.455:53.268|61.128:71.260|48.418:65.710|41.209:65.825|35.587:62.500|49.392:78.326|69.199:83.919|76.819:79.085|89.631:80.695|83.188:71.459|80.622:70.852|74.549:71.664|76.677:69.871|90.519:65.839|92.986:63.625|75.449:40.974|61.506:44.110|53.863:55.055|39.951:36.004|50.690:19.463|8.000:8.000,0-12-29-19-18-13-27-3-4-10-30-8-6-11-7-1-21-25-22-31-9-26-15-17-20-0,16.070863087894395
115,moderate,sparse,RAWA-RHP,32,26,0.8125,0.8790322580645161,0.8790322580645161,True,54.5,62.0,1036.1562342569025,1174.5143603654649,163.8437657430978,83.8437657430978,False,127.88138957224312,True,False,0.0203608838711267,0.0007575900252605,2.0,False,1.0,8.000:8.000|26.783:32.863|24.448:38.280|35.158:43.087|35.208:45.167|35.587:62.500|34.829:77.387|34.793:80.194|41.209:65.825|48.418:65.710|61.128:71.260|49.392:78.326|69.199:83.919|76.819:79.085|89.631:80.695|83.188:71.459|80.622:70.852|74.549:71.664|76.677:69.871|90.519:65.839|92.986:63.625|77.600:35.904|75.449:40.974|61.506:44.110|53.863:55.055|42.455:53.268|39.951:36.004|8.000:8.000,0-12-29-19-18-10-2-23-4-3-27-30-8-6-11-7-1-21-25-22-31-14-9-26-15-13-17-0,93.39909933903256
116,calm,cluttered,NearestNeighbor,32,32,1.0,1.0,0.0,False,70.5,70.5,1294.9569142898013,1299.0105455567611,-94.95691428980123,-174.95691428980126,True,159.46460748739867,False,True,0.0153571332680095,0.0004682441016592,2.0,True,1.0,8.000:8.000|22.551:19.579|27.727:21.730|44.278:28.401|47.821:33.655|47.927:37.191|46.720:39.650|53.114:54.044|52.478:62.614|60.987:68.148|62.404:69.853|64.801:62.772|66.456:56.238|66.507:51.301|71.238:50.355|74.701:43.655|81.022:40.316|62.534:34.023|48.818:18.832|75.000:20.235|95.684:45.022|74.877:67.410|69.771:79.430|75.549:85.373|63.810:93.568|55.462:86.464|55.153:84.417|45.423:86.582|14.806:77.044|18.832:49.534|12.452:42.625|25.965:42.847|26.042:40.792|8.000:8.000,0-24-18-32-29-5-25-22-16-21-9-4-2-28-17-30-13-8-27-11-14-19-6-31-26-3-1-10-20-15-23-12-7-0,0.0021418540272861
116,calm,cluttered,ValuePerDistance,32,27,0.84375,0.900709219858156,0.0,False,63.5,70.5,1267.0193614995344,1257.1603474328476,-67.01936149953461,-147.01936149953465,True,148.91010093699367,False,True,0.0153450212888227,0.000551614355539,2.0,True,1.0,8.000:8.000|22.551:19.579|27.727:21.730|47.821:33.655|47.927:37.191|46.720:39.650|44.278:28.401|48.818:18.832|62.534:34.023|81.022:40.316|74.701:43.655|71.238:50.355|66.507:51.301|64.801:62.772|60.987:68.148|62.404:69.853|74.877:67.410|75.549:85.373|69.771:79.430|55.462:86.464|55.153:84.417|45.423:86.582|63.810:93.568|52.478:62.614|53.114:54.044|66.456:56.238|95.684:45.022|75.000:20.235|8.000:8.000,0-24-18-29-5-25-32-27-8-13-30-17-28-4-21-9-19-31-6-3-1-10-26-16-22-2-14-11-0,0.0016030790284276
116,calm,cluttered,WindAwareGreedy,32,23,0.71875,0.7943262411347518,0.0,False,56.0,70.5,1214.826224332875,1214.4549236317234,-14.826224332875242,-94.82622433287524,True,138.9587202476021,False,True,0.0270889571178777,0.0011412607070478,2.0,True,1.0,8.000:8.000|27.727:21.730|22.551:19.579|47.821:33.655|47.927:37.191|46.720:39.650|66.507:51.301|64.801:62.772|60.987:68.148|74.877:67.410|55.462:86.464|45.423:86.582|62.404:69.853|81.022:40.316|74.701:43.655|71.238:50.355|95.684:45.022|62.534:34.023|48.818:18.832|44.278:28.401|18.832:49.534|12.452:42.625|25.965:42.847|26.042:40.792|8.000:8.000,0-18-24-29-5-25-28-4-21-19-3-10-9-13-30-17-14-8-27-32-15-23-12-7-0,0.0016684359870851
116,calm,cluttered,ReserveOnlyPlanner,32,21,0.65625,0.7730496453900709,0.7730496453900709,True,54.5,70.5,1093.1769717250857,1126.1233551556447,106.82302827491404,26.82302827491404,False,124.46119368670712,True,False,0.014669028724395,0.0006704941405854,2.0,False,1.0,8.000:8.000|27.727:21.730|22.551:19.579|47.821:33.655|47.927:37.191|46.720:39.650|66.507:51.301|64.801:62.772|60.987:68.148|62.404:69.853|74.877:67.410|55.462:86.464|45.423:86.582|55.153:84.417|75.549:85.373|63.810:93.568|52.478:62.614|81.022:40.316|74.701:43.655|71.238:50.355|62.534:34.023|48.818:18.832|8.000:8.000,0-18-24-29-5-25-28-4-21-9-19-3-10-1-31-26-16-13-30-17-8-27-0,0.001727599883452
116,calm,cluttered,FairRiskAwareGreedy,32,16,0.5,0.624113475177305,0.624113475177305,True,44.0,70.5,1100.9640395580218,1122.352497763074,99.03596044197842,19.035960441978418,False,126.12512481335447,True,False,0.0065874709903388,0.0003883769771728,2.0,False,1.0,8.000:8.000|27.727:21.730|22.551:19.579|47.821:33.655|47.927:37.191|46.720:39.650|60.987:68.148|64.801:62.772|74.877:67.410|81.022:40.316|45.423:86.582|55.462:86.464|62.404:69.853|75.549:85.373|95.684:45.022|48.818:18.832|12.452:42.625|8.000:8.000,0-18-24-29-5-25-21-4-19-13-10-3-9-31-14-27-23-0,0.0025690090842545
116,calm,cluttered,FairALNSPlanner,32,28,0.875,0.900709219858156,0.900709219858156,True,63.5,70.5,1042.4041618000658,1111.2858198754732,157.59583819993412,77.59583819993412,False,136.84823948781224,True,False,0.0073169247659043,0.0002527712190158,2.0,False,1.0,8.000:8.000|22.551:19.579|48.818:18.832|62.534:34.023|74.701:43.655|81.022:40.316|95.684:45.022|71.238:50.355|66.507:51.301|66.456:56.238|64.801:62.772|74.877:67.410|69.771:79.430|75.549:85.373|63.810:93.568|45.423:86.582|55.462:86.464|55.153:84.417|62.404:69.853|60.987:68.148|52.478:62.614|53.114:54.044|46.720:39.650|47.927:37.191|47.821:33.655|25.965:42.847|26.042:40.792|18.832:49.534|12.452:42.625|8.000:8.000,0-24-27-8-30-13-14-17-28-2-4-19-6-31-26-10-3-1-9-21-16-22-25-5-29-12-7-15-23-0,18.640336903044957
116,calm,cluttered,RAWA-RHP,32,29,0.90625,0.9361702127659576,0.9361702127659576,True,66.0,70.5,1057.7206939507814,1140.9154864495638,142.27930604921897,62.279306049218974,False,140.175134218899,True,False,0.0202158675677074,0.0006794116122859,2.0,False,1.0,8.000:8.000|22.551:19.579|27.727:21.730|48.818:18.832|44.278:28.401|47.821:33.655|46.720:39.650|47.927:37.191|62.534:34.023|74.701:43.655|81.022:40.316|95.684:45.022|74.877:67.410|69.771:79.430|75.549:85.373|55.153:84.417|55.462:86.464|45.423:86.582|62.404:69.853|60.987:68.148|64.801:62.772|66.456:56.238|71.238:50.355|66.507:51.301|52.478:62.614|53.114:54.044|26.042:40.792|25.965:42.847|18.832:49.534|12.452:42.625|8.000:8.000,0-24-18-27-32-29-25-5-8-30-13-14-19-6-31-1-3-10-9-21-4-2-17-28-16-22-7-12-15-23-0,52.6595357239712
117,severe,cluttered,NearestNeighbor,32,20,0.625,0.6893939393939394,0.0,False,45.5,66.0,2301.9484166401726,2398.903369952505,-1101.9484166401724,-1181.9484166401724,True,120.29103410270494,False,True,0.4019116256958347,0.0232282768032747,2.0,True,1.0,8.000:8.000|31.944:14.409|37.863:10.406|53.350:13.503|53.907:16.217|56.451:22.354|56.838:26.742|48.509:31.604|43.543:28.368|54.452:37.389|67.099:30.196|74.026:11.253|93.750:36.865|93.853:40.754|87.517:51.976|76.325:65.853|82.080:71.639|78.013:78.528|67.608:67.854|67.284:88.705|74.972:97.002|8.000:8.000,0-10-24-28-21-26-20-15-16-31-4-13-2-5-27-30-11-25-14-17-8-0,0.001748566981405
117,severe,cluttered,ValuePerDistance,32,19,0.59375,0.6363636363636364,0.0,False,42.0,66.0,2013.8207731806783,1985.994849524775,-813.8207731806781,-893.8207731806781,True,108.75612034007588,False,True,0.1830608978198135,0.0096295860703924,2.0,True,1.0,8.000:8.000|31.944:14.409|53.350:13.503|53.907:16.217|56.451:22.354|56.838:26.742|54.452:37.389|48.509:31.604|43.543:28.368|64.256:55.981|67.608:67.854|76.325:65.853|82.080:71.639|78.013:78.528|67.284:88.705|74.972:97.002|77.124:94.990|41.395:85.747|41.765:82.230|51.834:89.046|8.000:8.000,0-10-28-21-26-20-31-15-16-19-14-30-11-25-17-8-3-7-32-9-0,0.0013071738649159
117,severe,cluttered,WindAwareGreedy,32,15,0.46875,0.5833333333333334,0.0,False,38.5,66.0,1750.4779323872217,1768.8923922682775,-550.4779323872222,-630.4779323872222,True,97.82977209726072,False,True,0.3592082053130784,0.0258579090756402,2.0,True,1.0,8.000:8.000|31.944:14.409|53.350:13.503|53.907:16.217|56.451:22.354|54.452:37.389|64.256:55.981|93.750:36.865|93.853:40.754|87.517:51.976|82.080:71.639|76.325:65.853|67.608:67.854|41.395:85.747|41.765:82.230|20.747:81.288|8.000:8.000,0-10-28-21-26-31-19-2-5-27-11-30-14-7-32-29-0,0.0025483730714768
117,severe,cluttered,ReserveOnlyPlanner,32,9,0.28125,0.3333333333333333,0.3333333333333333,True,22.0,66.0,1010.0381112843946,1091.5128904564913,189.96188871560517,109.96188871560514,False,51.54389651842276,True,False,0.1131444947002145,0.0113976248310391,2.0,False,1.0,8.000:8.000|31.944:14.409|53.907:16.217|53.350:13.503|56.451:22.354|54.452:37.389|48.509:31.604|43.543:28.368|56.838:26.742|37.863:10.406|8.000:8.000,0-10-21-28-26-31-15-16-20-24-0,0.0010174298658967
117,severe,cluttered,FairRiskAwareGreedy,32,11,0.34375,0.4318181818181818,0.4318181818181818,True,28.5,66.0,887.5273908406162,946.5405026329224,312.4726091593837,232.47260915938372,False,81.848067815132,True,False,0.0010121733533561,8.437567685627238e-05,2.8284271247461903,False,1.0,8.000:8.000|31.944:14.409|53.350:13.503|53.907:16.217|56.451:22.354|56.838:26.742|37.863:10.406|54.452:37.389|64.256:55.981|93.750:36.865|93.853:40.754|74.026:11.253|8.000:8.000,0-10-28-21-26-20-24-31-19-2-5-13-0,0.0013335968833416
117,severe,cluttered,FairALNSPlanner,32,16,0.5,0.6060606060606061,0.6060606060606061,True,40.0,66.0,1016.4084381345422,1229.9291465028653,183.5915618654577,103.59156186545766,False,98.85903925888336,True,False,0.0012523572875275,7.370692758843761e-05,2.8284271247461903,False,1.0,8.000:8.000|31.944:14.409|37.863:10.406|53.350:13.503|56.451:22.354|48.509:31.604|43.543:28.368|54.452:37.389|76.325:65.853|67.608:67.854|82.080:71.639|64.256:55.981|87.517:51.976|93.853:40.754|93.750:36.865|74.026:11.253|53.907:16.217|8.000:8.000,0-10-24-28-26-15-16-31-30-14-11-19-27-5-2-13-21-0,3.2850702239666134
117,severe,cluttered,RAWA-RHP,32,18,0.5625,0.6515151515151515,0.6515151515151515,True,43.0,66.0,1040.220280551304,1239.3194605759024,159.7797194486962,79.7797194486962,False,103.2018021555604,True,False,0.0430536505885827,0.00226827369951,2.0,False,1.0,8.000:8.000|31.944:14.409|53.350:13.503|53.907:16.217|56.451:22.354|56.838:26.742|48.509:31.604|43.543:28.368|54.452:37.389|76.325:65.853|67.608:67.854|78.013:78.528|82.080:71.639|64.256:55.981|87.517:51.976|93.853:40.754|93.750:36.865|74.026:11.253|37.863:10.406|8.000:8.000,0-10-28-21-26-20-15-16-31-30-14-25-11-19-27-5-2-13-24-0,16.307582173962146
113,calm,cluttered,NearestNeighbor,32,30,0.9375,0.9224806201550388,0.9224806201550388,True,59.5,64.5,1160.398476861726,1162.4347509762645,39.60152313827413,-40.39847686172587,True,147.4011209698056,True,False,0.0167184575541605,0.0005430361747395,2.0,False,1.0,8.000:8.000|11.343:16.567|21.870:30.507|25.074:33.076|31.838:35.300|30.684:21.608|34.621:20.110|42.760:26.293|51.256:35.308|56.660:28.667|56.827:24.352|62.720:28.029|64.115:35.082|63.180:37.325|78.472:36.743|87.915:26.819|81.090:52.342|78.548:57.438|59.052:58.709|66.299:76.937|71.881:76.891|80.293:82.744|71.036:92.747|55.644:86.250|62.858:82.015|47.397:83.326|36.236:88.859|19.488:90.964|22.501:73.884|12.924:71.280|22.587:46.493|8.000:8.000,0-5-29-31-26-22-8-11-21-3-18-20-1-17-15-14-4-23-30-16-24-32-27-10-19-28-6-2-9-12-7-0,0.0020973631180822
113,calm,cluttered,ValuePerDistance,32,28,0.875,0.9069767441860463,0.0,False,58.5,64.5,1414.6967524432184,1405.1853926778624,-214.69675244321837,-294.6967524432183,True,161.93091703023666,False,True,0.0243935220292383,0.0008504057239084,2.0,True,1.0,8.000:8.000|11.343:16.567|30.684:21.608|34.621:20.110|42.760:26.293|51.256:35.308|56.827:24.352|56.660:28.667|64.115:35.082|63.180:37.325|62.720:28.029|31.838:35.300|25.074:33.076|21.870:30.507|22.587:46.493|22.501:73.884|12.924:71.280|19.488:90.964|36.236:88.859|47.397:83.326|62.858:82.015|66.299:76.937|71.881:76.891|80.293:82.744|71.036:92.747|55.644:86.250|59.052:58.709|93.331:54.296|95.413:57.316|8.000:8.000,0-5-22-8-11-21-18-3-1-17-20-26-31-29-7-9-12-2-6-28-19-16-24-32-27-10-30-25-13-0,0.0015784199349582
113,calm,cluttered,WindAwareGreedy,32,19,0.59375,0.689922480620155,0.0,False,44.5,64.5,1331.2864120886384,1326.7688493807225,-131.2864120886381,-211.2864120886381,True,143.0793914162726,False,True,0.02516540374015,0.0012717039232774,2.0,True,1.0,8.000:8.000|30.684:21.608|25.074:33.076|31.838:35.300|22.587:46.493|22.501:73.884|12.924:71.280|21.870:30.507|42.760:26.293|56.827:24.352|64.115:35.082|51.256:35.308|62.858:82.015|71.036:92.747|47.397:83.326|19.488:90.964|36.236:88.859|66.299:76.937|71.881:76.891|59.052:58.709|8.000:8.000,0-22-31-26-7-9-12-29-11-18-1-21-19-27-28-2-6-16-24-30-0,0.0014922909904271
113,calm,cluttered,ReserveOnlyPlanner,32,20,0.625,0.7286821705426356,0.7286821705426356,True,47.0,64.5,1107.574339413694,1144.5088269526532,92.42566058630634,12.425660586306336,False,123.29879713745598,True,False,0.0368888677654618,0.0017841943989966,2.0,False,1.0,8.000:8.000|30.684:21.608|25.074:33.076|31.838:35.300|22.587:46.493|22.501:73.884|12.924:71.280|19.488:90.964|47.397:83.326|62.858:82.015|71.036:92.747|66.299:76.937|71.881:76.891|93.331:54.296|95.413:57.316|64.115:35.082|56.827:24.352|42.760:26.293|51.256:35.308|21.870:30.507|11.343:16.567|8.000:8.000,0-22-31-26-7-9-12-2-28-19-27-16-24-25-13-1-18-11-21-29-5-0,0.0016792460810393
113,calm,cluttered,FairRiskAwareGreedy,32,15,0.46875,0.5503875968992248,0.5503875968992248,True,35.5,64.5,1070.7725541309728,1089.8273202319972,129.2274458690271,49.22744586902709,False,119.93750219605202,True,False,0.0150181627670427,0.0009448335151376,2.0,False,1.0,8.000:8.000|30.684:21.608|25.074:33.076|31.838:35.300|42.760:26.293|56.827:24.352|64.115:35.082|22.587:46.493|22.501:73.884|62.858:82.015|47.397:83.326|71.036:92.747|21.870:30.507|51.256:35.308|34.621:20.110|11.343:16.567|8.000:8.000,0-22-31-26-11-18-1-7-9-19-28-27-29-21-8-5-0,0.0026563541032373
113,calm,cluttered,FairALNSPlanner,32,29,0.90625,0.9302325581395348,0.9302325581395348,True,60.0,64.5,1062.0711874350472,1144.5536777534553,137.9288125649523,57.928812564952295,False,139.47074244274663,True,False,0.0215559770535241,0.0007248309077696,2.0,False,1.0,8.000:8.000|11.343:16.567|21.870:30.507|25.074:33.076|31.838:35.300|22.587:46.493|12.924:71.280|22.501:73.884|19.488:90.964|36.236:88.859|47.397:83.326|55.644:86.250|71.036:92.747|62.858:82.015|66.299:76.937|71.881:76.891|80.293:82.744|95.413:57.316|93.331:54.296|87.915:26.819|78.472:36.743|63.180:37.325|64.115:35.082|62.720:28.029|56.827:24.352|56.660:28.667|51.256:35.308|42.760:26.293|34.621:20.110|30.684:21.608|8.000:8.000,0-5-29-31-26-7-12-9-2-6-28-10-27-19-16-24-32-13-25-14-15-17-1-20-18-3-21-11-8-22-0,18.90542454691604
113,calm,cluttered,RAWA-RHP,32,29,0.90625,0.9302325581395348,0.9302325581395348,True,60.0,64.5,1047.2245057408093,1134.388009484075,152.7754942591905,72.77549425919051,False,139.47074244274663,True,False,0.0215559770535241,0.0007248309077696,2.0,False,1.0,8.000:8.000|30.684:21.608|34.621:20.110|42.760:26.293|51.256:35.308|56.660:28.667|56.827:24.352|62.720:28.029|64.115:35.082|63.180:37.325|78.472:36.743|87.915:26.819|93.331:54.296|95.413:57.316|80.293:82.744|71.881:76.891|66.299:76.937|62.858:82.015|71.036:92.747|55.644:86.250|47.397:83.326|36.236:88.859|19.488:90.964|22.501:73.884|12.924:71.280|22.587:46.493|31.838:35.300|25.074:33.076|21.870:30.507|11.343:16.567|8.000:8.000,0-22-8-11-21-3-18-20-1-17-15-14-25-13-32-24-16-19-27-10-28-6-2-9-12-7-26-31-29-5-0,182.77683325205
116,moderate,cluttered,NearestNeighbor,32,25,0.78125,0.7559055118110236,0.0,False,48.0,63.5,1304.8811820635776,1288.2978277034365,-104.88118206357773,-184.8811820635777,True,123.01868950809434,False,True,0.1440766559598103,0.005902295220205,2.0,True,1.0,8.000:8.000|31.638:12.736|36.301:23.074|44.891:20.397|49.599:16.497|53.611:18.672|56.308:17.188|57.496:45.090|52.071:51.846|45.095:59.180|44.714:73.797|51.936:86.534|61.975:93.339|69.136:93.704|73.678:77.750|71.454:76.481|69.953:78.096|64.818:69.734|62.006:61.252|62.653:58.611|72.046:59.966|79.065:67.504|79.397:69.955|77.066:48.859|81.934:46.108|68.263:45.083|8.000:8.000,0-6-7-22-13-23-12-25-26-4-19-14-2-10-24-15-9-1-17-21-28-3-8-29-5-27-0,0.0019435060676187
116,moderate,cluttered,ValuePerDistance,32,22,0.6875,0.7637795275590551,0.0,False,48.5,63.5,1298.525695025708,1294.52139039991,-98.52569502570816,-178.52569502570816,True,120.62574906355432,False,True,0.19401934909555,0.0092424290079601,2.0,True,1.0,8.000:8.000|31.638:12.736|49.599:16.497|44.891:20.397|56.308:17.188|53.611:18.672|32.186:43.615|28.363:43.090|25.037:50.665|17.882:63.415|21.580:58.384|45.095:59.180|44.714:73.797|51.936:86.534|61.975:93.339|69.136:93.704|79.065:67.504|79.397:69.955|73.678:77.750|71.454:76.481|69.953:78.096|62.653:58.611|62.006:61.252|8.000:8.000,0-6-13-22-12-23-20-32-18-30-16-4-19-14-2-10-3-8-24-15-9-21-17-0,0.0014671930111944
116,moderate,cluttered,WindAwareGreedy,32,18,0.5625,0.6299212598425197,0.0,False,40.0,63.5,1290.4713436986317,1311.7386302035352,-90.4713436986316,-170.4713436986316,True,114.2993763680813,False,True,0.1984049240538137,0.011442369942232,2.0,True,1.0,8.000:8.000|31.638:12.736|49.599:16.497|44.891:20.397|56.308:17.188|32.186:43.615|28.363:43.090|17.882:63.415|25.037:50.665|45.095:59.180|44.714:73.797|62.653:58.611|79.065:67.504|77.066:48.859|81.934:46.108|68.263:45.083|57.496:45.090|52.071:51.846|21.580:58.384|8.000:8.000,0-6-13-22-12-20-32-30-18-4-19-21-3-29-5-27-25-26-16-0,0.0014350460842251
116,moderate,cluttered,ReserveOnlyPlanner,32,17,0.53125,0.5511811023622047,0.5511811023622047,True,35.0,63.5,1112.57239438373,1228.548388914228,87.42760561627016,7.4276056162701565,False,100.37993993830096,True,False,0.2286608255246099,0.0140760418590406,2.0,False,1.0,8.000:8.000|31.638:12.736|49.599:16.497|44.891:20.397|56.308:17.188|53.611:18.672|36.301:23.074|32.186:43.615|28.363:43.090|17.882:63.415|25.037:50.665|21.580:58.384|45.095:59.180|44.714:73.797|62.653:58.611|62.006:61.252|57.496:45.090|52.071:51.846|8.000:8.000,0-6-13-22-12-23-7-20-32-30-18-16-4-19-21-17-25-26-0,0.0015215158928185
116,moderate,cluttered,FairRiskAwareGreedy,32,17,0.53125,0.5196850393700787,0.5196850393700787,True,33.0,63.5,1095.9028719838946,1131.39536979216,104.0971280161054,24.0971280161054,False,123.84063621962596,True,False,0.0008998754931311,5.000698038290816e-05,2.8284271247461903,False,1.0,8.000:8.000|31.638:12.736|49.599:16.497|44.891:20.397|56.308:17.188|79.065:67.504|62.653:58.611|69.953:78.096|81.934:46.108|77.066:48.859|86.521:13.928|68.263:45.083|57.496:45.090|62.006:61.252|71.454:76.481|73.678:77.750|64.818:69.734|36.301:23.074|8.000:8.000,0-6-13-22-12-3-21-9-5-29-31-27-25-17-15-24-1-7-0,0.0020703298505395
116,moderate,cluttered,FairALNSPlanner,32,1,0.03125,0.0393700787401574,0.0393700787401574,True,2.5,63.5,205.9327014774929,236.31519310970597,994.0672985225071,914.0672985225071,False,20.63168385095604,True,False,0.0299428904529575,0.0150852272673323,2.0,False,1.0,8.000:8.000|28.363:43.090|8.000:8.000,0-32-0,1.0978325000032785
116,moderate,cluttered,RAWA-RHP,32,27,0.84375,0.8740157480314961,0.8740157480314961,True,55.5,63.5,1043.597624382036,1187.4932793606947,156.40237561796397,76.40237561796397,False,136.8252939289172,True,False,0.1044269869416457,0.0039009658166072,2.0,False,1.0,8.000:8.000|25.037:50.665|17.882:63.415|23.092:75.962|44.714:73.797|51.936:86.534|61.975:93.339|69.136:93.704|79.397:69.955|79.065:67.504|73.678:77.750|71.454:76.481|69.953:78.096|64.818:69.734|62.006:61.252|62.653:58.611|52.071:51.846|32.186:43.615|28.363:43.090|57.496:45.090|68.263:45.083|77.066:48.859|81.934:46.108|56.308:17.188|53.611:18.672|49.599:16.497|44.891:20.397|31.638:12.736|8.000:8.000,0-18-30-11-19-14-2-10-8-3-24-15-9-1-17-21-26-20-32-25-27-29-5-12-23-13-22-6-0,73.22156208590604
112,moderate,sparse,NearestNeighbor,32,31,0.96875,0.9661016949152542,0.0,False,57.0,59.0,1463.6473031589212,1488.479855801844,-263.64730315892126,-343.64730315892126,True,142.2541443275469,False,True,0.0537946669242838,0.0017135874541377,2.0,True,1.0,8.000:8.000|42.668:34.727|42.614:37.656|48.105:43.442|50.653:44.065|49.293:30.324|70.312:30.407|75.434:18.150|84.672:43.292|77.572:47.498|64.105:55.111|69.461:67.152|77.714:71.936|78.900:68.267|81.862:61.439|92.280:60.882|91.299:57.475|94.689:68.998|95.759:73.505|91.186:76.266|89.342:78.224|78.332:77.140|77.218:82.623|72.733:83.643|65.069:85.986|61.243:79.178|60.900:73.617|45.104:75.573|42.606:81.310|33.790:68.911|33.627:57.836|26.933:51.032|8.000:8.000,0-8-18-6-16-11-20-5-14-24-26-27-13-12-4-15-23-9-29-30-3-1-19-28-2-32-7-31-21-25-10-22-0,0.0026774059515446
112,moderate,sparse,ValuePerDistance,32,29,0.90625,0.9152542372881356,0.0,False,54.0,59.0,1447.2777556904598,1470.703455362859,-247.2777556904599,-327.2777556904599,True,136.22625323195,False,True,0.0588486991997967,0.0019999242410666,2.0,True,1.0,8.000:8.000|48.105:43.442|50.653:44.065|42.614:37.656|42.668:34.727|49.293:30.324|75.434:18.150|70.312:30.407|77.572:47.498|84.672:43.292|91.299:57.475|92.280:60.882|95.759:73.505|94.689:68.998|89.342:78.224|91.186:76.266|77.714:71.936|78.900:68.267|78.332:77.140|77.218:82.623|72.733:83.643|65.069:85.986|60.900:73.617|61.243:79.178|45.104:75.573|42.606:81.310|33.790:68.911|33.627:57.836|26.933:51.032|29.024:48.382|8.000:8.000,0-6-16-18-8-11-5-20-24-14-23-15-29-9-3-30-13-12-1-19-28-2-7-32-31-21-25-10-22-17-0,0.0016418739687651
112,moderate,sparse,WindAwareGreedy,32,21,0.65625,0.7203389830508474,0.0,False,42.5,59.0,1713.015342892118,1683.85512555592,-513.0153428921179,-593.0153428921179,True,144.43129475069082,False,True,0.0985753465305634,0.0046413684986371,2.0,True,1.0,8.000:8.000|48.105:43.442|45.104:75.573|33.790:68.911|60.900:73.617|77.714:71.936|89.342:78.224|95.759:73.505|91.299:57.475|75.434:18.150|70.312:30.407|77.572:47.498|64.105:55.111|69.461:67.152|78.332:77.140|78.900:68.267|92.280:60.882|94.689:68.998|91.186:76.266|65.069:85.986|72.733:83.643|77.218:82.623|8.000:8.000,0-6-31-25-7-13-3-29-23-5-20-24-26-27-1-12-15-9-30-2-28-19-0,0.0049737941008061
112,moderate,sparse,ReserveOnlyPlanner,32,14,0.4375,0.5169491525423728,0.5169491525423728,True,30.5,59.0,1101.4950850269772,1189.6119204662837,98.50491497302278,18.504914973022775,False,97.65586953818509,True,False,0.0364560426796917,0.0024306722145168,2.0,False,1.0,8.000:8.000|48.105:43.442|45.104:75.573|60.900:73.617|77.714:71.936|89.342:78.224|95.759:73.505|91.299:57.475|92.280:60.882|94.689:68.998|78.332:77.140|69.461:67.152|64.105:55.111|77.572:47.498|84.672:43.292|8.000:8.000,0-6-31-7-13-3-29-23-15-9-1-27-26-24-14-0,0.0029670200310647
112,moderate,sparse,FairRiskAwareGreedy,32,17,0.53125,0.635593220338983,0.635593220338983,True,37.5,59.0,1043.8450263473103,1095.4437327646715,156.15497365268988,76.15497365268988,False,118.87273153039926,True,False,0.0007627858233661,4.238878260335064e-05,2.8284271247461903,False,1.0,8.000:8.000|75.434:18.150|48.105:43.442|45.104:75.573|33.790:68.911|33.627:57.836|26.933:51.032|29.024:48.382|60.900:73.617|69.461:67.152|77.714:71.936|89.342:78.224|78.332:77.140|64.105:55.111|77.572:47.498|70.312:30.407|42.668:34.727|42.614:37.656|8.000:8.000,0-5-6-31-25-10-22-17-7-27-13-3-1-26-24-20-8-18-0,0.0023995849769562
112,moderate,sparse,FairALNSPlanner,32,14,0.4375,0.4661016949152542,0.4661016949152542,True,27.5,59.0,675.8948065036475,775.898948126666,524.1051934963526,444.1051934963526,False,85.3298631879237,True,False,0.0398582105217284,0.00268607775889,2.0,False,1.0,8.000:8.000|29.024:48.382|26.933:51.032|33.627:57.836|33.790:68.911|42.606:81.310|45.104:75.573|65.069:85.986|61.243:79.178|60.900:73.617|69.461:67.152|77.714:71.936|78.900:68.267|78.332:77.140|72.733:83.643|8.000:8.000,0-17-22-10-25-21-31-2-32-7-27-13-12-1-28-0,18.847335186088458
112,moderate,sparse,RAWA-RHP,32,31,0.96875,0.9830508474576272,0.9830508474576272,True,58.0,59.0,1062.0506012674923,1214.920090868097,137.94939873250766,57.94939873250766,False,144.72054022202894,True,False,0.0407999255347633,0.0012942978623756,2.0,False,1.0,8.000:8.000|29.024:48.382|26.933:51.032|33.627:57.836|33.790:68.911|42.606:81.310|45.104:75.573|65.069:85.986|61.243:79.178|60.900:73.617|69.461:67.152|77.714:71.936|78.900:68.267|78.332:77.140|72.733:83.643|77.218:82.623|89.342:78.224|91.186:76.266|95.759:73.505|94.689:68.998|92.280:60.882|91.299:57.475|84.672:43.292|70.312:30.407|75.434:18.150|77.572:47.498|64.105:55.111|50.653:44.065|48.105:43.442|42.614:37.656|42.668:34.727|49.293:30.324|8.000:8.000,0-17-22-10-25-21-31-2-32-7-27-13-12-1-28-19-3-30-29-9-15-23-14-20-5-24-26-16-6-18-8-11-0,210.6496651400812
118,calm,sparse,NearestNeighbor,32,29,0.90625,0.9140625,0.0,False,58.5,64.0,1354.851705717445,1342.0022689700436,-154.85170571744462,-234.85170571744464,True,161.862255245951,False,True,0.0037593512956614,0.0001254557199583,2.0,True,1.0,8.000:8.000|25.938:28.372|17.983:48.840|27.216:56.583|29.452:57.927|38.878:56.800|52.415:53.219|53.175:55.691|50.283:46.912|56.484:38.486|51.479:32.986|63.841:24.670|74.599:37.831|70.588:40.843|70.805:43.936|68.412:47.670|76.302:44.564|80.880:42.316|83.806:48.693|83.063:54.753|87.552:60.655|86.143:63.074|80.830:75.960|85.006:81.176|53.659:73.356|15.227:82.973|15.766:62.234|80.999:26.582|88.195:27.000|93.854:16.478|8.000:8.000,0-22-2-32-26-14-19-30-29-5-7-16-18-10-11-4-23-31-27-12-13-25-6-1-21-28-8-24-3-15-0,0.0021234170999377
118,calm,sparse,ValuePerDistance,32,30,0.9375,0.9609375,0.0,False,61.5,64.0,1315.0828653570777,1323.204517033861,-115.08286535707768,-195.08286535707768,True,161.18591727893548,False,True,0.0054626662017136,0.0001765444904224,2.0,True,1.0,8.000:8.000|25.938:28.372|51.479:32.986|56.484:38.486|50.283:46.912|52.415:53.219|53.175:55.691|38.878:56.800|29.452:57.927|27.216:56.583|17.983:48.840|15.227:82.973|15.766:62.234|70.805:43.936|70.588:40.843|74.599:37.831|80.880:42.316|76.302:44.564|83.806:48.693|83.063:54.753|87.552:60.655|86.143:63.074|80.830:75.960|85.006:81.176|68.412:47.670|80.999:26.582|88.195:27.000|93.854:16.478|90.212:11.388|80.539:9.801|63.841:24.670|8.000:8.000,0-22-7-5-29-19-30-14-26-32-2-28-8-11-10-18-31-23-27-12-13-25-6-1-4-24-3-15-20-9-16-0,0.001668931916356
118,calm,sparse,WindAwareGreedy,32,23,0.71875,0.8125,0.0,False,52.0,64.0,1333.1666307051526,1328.8213170323418,-133.16663070515264,-213.16663070515264,True,152.47430007919766,False,True,0.0108862614197399,0.0004554380295268,2.0,True,1.0,8.000:8.000|25.938:28.372|56.484:38.486|70.805:43.936|51.479:32.986|50.283:46.912|15.227:82.973|27.216:56.583|29.452:57.927|38.878:56.800|80.830:75.960|85.006:81.176|87.552:60.655|86.143:63.074|83.806:48.693|80.880:42.316|70.588:40.843|68.412:47.670|80.539:9.801|93.854:16.478|88.195:27.000|80.999:26.582|63.841:24.670|74.599:37.831|8.000:8.000,0-22-5-11-7-29-28-32-26-14-6-1-13-25-27-31-10-4-9-15-3-24-16-18-0,0.0017012399621307
118,calm,sparse,ReserveOnlyPlanner,32,23,0.71875,0.78125,0.78125,True,50.0,64.0,1117.0480122883532,1158.765775419208,82.95198771164668,2.95198771164668,False,133.20515040318762,True,False,0.0189870433664794,0.0007972724814014,2.0,False,1.0,8.000:8.000|25.938:28.372|56.484:38.486|51.479:32.986|50.283:46.912|70.805:43.936|70.588:40.843|68.412:47.670|80.830:75.960|85.006:81.176|87.552:60.655|86.143:63.074|83.806:48.693|80.880:42.316|76.302:44.564|80.999:26.582|80.539:9.801|93.854:16.478|88.195:27.000|63.841:24.670|74.599:37.831|52.415:53.219|38.878:56.800|27.216:56.583|8.000:8.000,0-22-5-7-29-11-10-4-6-1-13-25-27-31-23-24-9-15-3-16-18-19-14-32-0,0.0019568449351936
118,calm,sparse,FairRiskAwareGreedy,32,13,0.40625,0.515625,0.515625,True,33.0,64.0,1023.0426748843304,1039.5142738214686,176.9573251156696,96.9573251156696,False,115.0240139247153,True,False,0.010649941693732,0.0007634149386528,2.0,False,1.0,8.000:8.000|56.484:38.486|70.805:43.936|51.479:32.986|50.283:46.912|15.227:82.973|80.830:75.960|85.006:81.176|87.552:60.655|80.539:9.801|93.854:16.478|88.195:27.000|80.999:26.582|25.938:28.372|8.000:8.000,0-5-11-7-29-28-6-1-13-9-15-3-24-22-0,0.0024777110666036
118,calm,sparse,FairALNSPlanner,32,25,0.78125,0.8515625,0.8515625,True,54.5,64.0,1062.6950518406156,1134.66291081155,137.30494815938437,57.30494815938437,False,137.90637990006223,True,False,0.0035740981293582,0.0001376525916756,2.0,False,1.0,8.000:8.000|51.479:32.986|56.484:38.486|68.412:47.670|70.805:43.936|70.588:40.843|74.599:37.831|80.999:26.582|88.195:27.000|93.854:16.478|80.539:9.801|63.841:24.670|50.283:46.912|76.302:44.564|80.880:42.316|83.806:48.693|83.063:54.753|87.552:60.655|86.143:63.074|80.830:75.960|85.006:81.176|15.227:82.973|29.452:57.927|27.216:56.583|17.983:48.840|25.938:28.372|8.000:8.000,0-7-5-4-11-10-18-24-3-15-9-16-29-23-31-27-12-13-25-6-1-28-26-32-2-22-0,15.991672785952687
118,calm,sparse,RAWA-RHP,32,27,0.84375,0.8984375,0.8984375,True,57.5,64.0,1060.6574954709426,1125.5276140015517,139.3425045290573,59.342504529057294,False,138.28147418303598,True,False,0.0058812133975215,0.0002103963737577,2.0,False,1.0,8.000:8.000|25.938:28.372|51.479:32.986|56.484:38.486|68.412:47.670|70.805:43.936|70.588:40.843|74.599:37.831|80.999:26.582|88.195:27.000|93.854:16.478|80.539:9.801|76.302:44.564|80.880:42.316|83.806:48.693|83.063:54.753|87.552:60.655|86.143:63.074|80.830:75.960|85.006:81.176|52.415:53.219|50.283:46.912|38.878:56.800|29.452:57.927|27.216:56.583|15.227:82.973|15.766:62.234|17.983:48.840|8.000:8.000,0-22-7-5-4-11-10-18-24-3-15-9-23-31-27-12-13-25-6-1-19-29-14-26-32-28-8-2-0,34.26805339520797
117,severe,sparse,NearestNeighbor,32,24,0.75,0.8387096774193549,0.0,False,52.0,62.0,1937.6131488417736,1979.7148149746868,-737.6131488417739,-817.6131488417739,True,117.98088612485222,False,True,0.0965299399508009,0.0038654368374881,2.0,True,1.0,8.000:8.000|24.737:20.287|27.788:25.872|31.094:37.958|51.838:43.069|54.905:42.493|61.604:43.509|59.576:37.554|58.641:53.866|68.878:52.454|69.848:50.022|77.144:50.905|75.930:46.807|76.302:38.060|85.303:34.095|88.427:45.791|87.907:48.403|91.041:47.792|77.778:72.881|85.071:81.930|68.396:83.012|66.720:79.058|60.726:80.647|54.198:74.452|50.318:84.241|8.000:8.000,0-25-29-17-4-26-32-30-11-28-9-21-16-31-15-7-13-14-19-18-22-6-2-12-24-0,0.0019160839729011
117,severe,sparse,ValuePerDistance,32,19,0.59375,0.7338709677419355,0.0,False,45.5,62.0,2025.153753469507,2006.7749183734516,-825.1537534695069,-905.1537534695068,True,110.765074797664,False,True,0.1700437404158888,0.0088984427296325,2.0,True,1.0,8.000:8.000|27.788:25.872|24.737:20.287|31.094:37.958|61.604:43.509|59.576:37.554|58.641:53.866|69.848:50.022|68.878:52.454|77.144:50.905|75.930:46.807|85.303:34.095|88.427:45.791|87.907:48.403|91.041:47.792|85.071:81.930|60.726:80.647|66.720:79.058|68.396:83.012|50.318:84.241|8.000:8.000,0-29-25-17-32-30-11-9-28-21-16-15-7-13-14-18-2-6-22-24-0,0.0012590801343321
117,severe,sparse,WindAwareGreedy,32,18,0.5625,0.6532258064516129,0.0,False,40.5,62.0,1860.0714062414768,1842.3020885511587,-660.0714062414773,-740.0714062414773,True,105.1785179023603,False,True,0.1571116840714324,0.0087183062283792,2.0,True,1.0,8.000:8.000|27.788:25.872|24.737:20.287|31.094:37.958|61.604:43.509|77.144:50.905|85.303:34.095|88.427:45.791|91.041:47.792|87.907:48.403|60.726:80.647|66.720:79.058|68.396:83.012|54.198:74.452|50.318:84.241|43.837:80.532|39.343:86.043|37.241:86.144|37.287:89.749|8.000:8.000,0-29-25-17-32-21-15-7-14-13-2-6-22-12-24-1-23-5-27-0,0.0014310490805655
117,severe,sparse,ReserveOnlyPlanner,32,7,0.21875,0.25,0.25,True,15.5,62.0,1116.179044890566,1154.382332027587,83.82095510943401,3.82095510943401,False,49.69540553191776,True,False,0.0003614539099053,4.518373471974757e-05,2.8284271247461903,False,1.0,8.000:8.000|27.788:25.872|24.737:20.287|31.094:37.958|61.604:43.509|58.641:53.866|59.576:37.554|39.199:17.707|8.000:8.000,0-29-25-17-32-11-30-3-0,0.0007830241229385
117,severe,sparse,FairRiskAwareGreedy,32,12,0.375,0.4435483870967742,0.4435483870967742,True,27.5,62.0,928.1632282726532,979.1644325673108,271.83677172734656,191.83677172734656,False,86.02076228562939,True,False,0.000539842433784,4.1532429867596754e-05,2.8284271247461903,False,1.0,8.000:8.000|27.788:25.872|24.737:20.287|61.604:43.509|77.144:50.905|58.641:53.866|54.198:74.452|60.726:80.647|66.720:79.058|31.094:37.958|59.576:37.554|39.199:17.707|32.325:13.264|8.000:8.000,0-29-25-32-21-11-12-2-6-17-30-3-20-0,0.001835725037381
117,severe,sparse,FairALNSPlanner,32,16,0.5,0.6129032258064516,0.6129032258064516,True,38.0,62.0,1054.7666677688703,1249.0801104811528,145.23333223112968,65.23333223112968,False,101.7389111670299,True,False,0.0078640496441223,0.0004629451222474,2.8284271247461903,False,1.0,8.000:8.000|27.788:25.872|59.576:37.554|61.604:43.509|85.071:81.930|77.778:72.881|77.144:50.905|75.930:46.807|76.302:38.060|85.303:34.095|88.427:45.791|87.907:48.403|91.041:47.792|60.726:80.647|66.720:79.058|54.198:74.452|31.094:37.958|8.000:8.000,0-29-30-32-18-19-21-16-31-15-7-13-14-2-6-12-17-0,7.36602416401729
117,severe,sparse,RAWA-RHP,32,24,0.75,0.8064516129032258,0.8064516129032258,True,50.0,62.0,1056.204115827866,1280.9493292339798,143.7958841721343,63.795884172134265,False,112.61404317751926,True,False,0.0622668492014967,0.0025088563024543,2.0,False,1.0,8.000:8.000|24.737:20.287|27.788:25.872|31.094:37.958|45.808:54.523|54.198:74.452|60.726:80.647|68.396:83.012|66.720:79.058|69.848:50.022|77.144:50.905|75.930:46.807|76.302:38.060|85.303:34.095|88.427:45.791|87.907:48.403|91.041:47.792|68.878:52.454|58.641:53.866|61.604:43.509|51.838:43.069|54.905:42.493|59.576:37.554|39.199:17.707|32.325:13.264|8.000:8.000,0-25-29-17-8-12-2-22-6-9-21-16-31-15-7-13-14-28-11-32-4-26-30-3-20-0,42.00687356200069
118,severe,sparse,NearestNeighbor,32,18,0.5625,0.512396694214876,0.0,False,31.0,60.5,1458.8976094658276,1455.6057431771142,-258.89760946582794,-338.89760946582794,True,85.28579968309487,False,True,0.168285506471347,0.0094332922237631,2.0,True,1.0,8.000:8.000|37.197:24.496|40.961:26.335|35.128:30.576|32.789:34.146|42.849:36.973|51.273:32.394|57.713:36.716|62.456:35.455|74.218:37.331|68.284:44.694|67.127:48.142|57.984:58.763|51.879:48.292|41.584:54.331|34.942:48.368|30.090:48.074|25.518:56.685|13.702:46.813|8.000:8.000,0-19-27-11-2-16-4-15-31-17-23-5-3-12-13-1-18-29-24-0,0.0017850729636847
118,severe,sparse,ValuePerDistance,32,17,0.53125,0.5702479338842975,0.0,False,34.5,60.5,1914.1373805386868,1887.132554624452,-714.1373805386867,-794.1373805386867,True,98.8927544687338,False,True,0.1085330282299207,0.0062672148110675,2.0,True,1.0,8.000:8.000|42.849:36.973|51.273:32.394|57.713:36.716|51.879:48.292|34.942:48.368|30.090:48.074|32.789:34.146|35.128:30.576|37.197:24.496|40.961:26.335|54.767:16.500|57.941:20.714|55.358:11.575|85.184:15.877|79.334:26.897|68.284:44.694|67.127:48.142|8.000:8.000,0-16-4-15-12-1-18-2-11-19-27-8-25-14-9-32-23-5-0,0.0012539750896394
118,severe,sparse,WindAwareGreedy,32,15,0.46875,0.5785123966942148,0.0,False,35.0,60.5,1939.000450983934,2021.6037559096796,-739.0004509839348,-819.0004509839348,True,102.07092135950766,False,True,0.0666992601474404,0.0042397002499531,2.0,True,1.0,8.000:8.000|42.849:36.973|51.273:32.394|51.879:48.292|57.713:36.716|57.941:20.714|54.767:16.500|55.358:11.575|85.184:15.877|79.334:26.897|68.284:44.694|76.028:80.510|84.561:85.926|71.978:85.522|63.419:83.924|66.272:79.887|8.000:8.000,0-16-4-12-15-25-8-14-9-32-23-30-26-21-7-22-0,0.0012907299678772
118,severe,sparse,ReserveOnlyPlanner,32,9,0.28125,0.3223140495867768,0.3223140495867768,True,19.5,60.5,1052.819848440533,1165.0149339643106,147.18015155946688,67.18015155946688,False,52.96858903567157,True,False,0.1148895638762262,0.0118738671530502,2.0,False,1.0,8.000:8.000|42.849:36.973|51.273:32.394|57.713:36.716|51.879:48.292|34.942:48.368|32.789:34.146|37.197:24.496|40.961:26.335|35.128:30.576|8.000:8.000,0-16-4-15-12-1-2-19-27-11-0,0.0018524080514907
118,severe,sparse,FairRiskAwareGreedy,32,13,0.40625,0.5206611570247934,0.5206611570247934,True,31.5,60.5,1077.4901332433317,1129.0096780229533,122.50986675666844,42.50986675666843,False,99.86769462737315,True,False,0.00406845668655,0.0002908367216488,2.0,False,1.0,8.000:8.000|42.849:36.973|51.273:32.394|51.879:48.292|34.942:48.368|32.789:34.146|57.713:36.716|57.941:20.714|54.767:16.500|55.358:11.575|85.184:15.877|76.028:80.510|71.978:85.522|41.584:54.331|8.000:8.000,0-16-4-12-1-2-15-25-8-14-9-30-21-13-0,0.0019322098232805
118,severe,sparse,FairALNSPlanner,32,20,0.625,0.71900826446281,0.71900826446281,True,43.5,60.5,1044.7647157615909,1240.8756359989593,155.23528423840918,75.23528423840918,False,105.58465750433992,True,False,0.0530026681082931,0.0025640848408723,2.0,False,1.0,8.000:8.000|32.789:34.146|42.849:36.973|34.942:48.368|41.584:54.331|36.972:76.236|39.083:82.653|43.533:87.897|63.419:83.924|66.272:79.887|71.978:85.522|76.028:80.510|68.284:44.694|57.713:36.716|51.879:48.292|51.273:32.394|57.941:20.714|54.767:16.500|55.358:11.575|40.961:26.335|37.197:24.496|8.000:8.000,0-2-16-1-13-20-28-10-7-22-21-30-23-15-12-4-25-8-14-27-19-0,8.773614320904016
118,severe,sparse,RAWA-RHP,32,19,0.59375,0.6694214876033058,0.6694214876033058,True,40.5,60.5,1031.9677434268146,1235.5040263059848,168.0322565731857,88.03225657318569,False,105.81877205752002,True,False,0.0313453391603039,0.0015791119346558,2.0,False,1.0,8.000:8.000|32.789:34.146|42.849:36.973|34.942:48.368|51.879:48.292|51.273:32.394|54.767:16.500|55.358:11.575|57.941:20.714|57.713:36.716|68.284:44.694|67.127:48.142|66.272:79.887|63.419:83.924|71.978:85.522|43.533:87.897|39.083:82.653|36.972:76.236|25.518:56.685|13.702:46.813|8.000:8.000,0-2-16-1-12-4-8-14-25-15-23-5-22-7-21-10-28-20-29-24-0,22.13238744600676
118,severe,cluttered,NearestNeighbor,32,22,0.6875,0.6422764227642277,0.0,False,39.5,61.5,1993.803334703838,1968.2997074671296,-793.8033347038382,-873.8033347038382,True,111.05174727062838,False,True,0.2904190412210896,0.0143827254147105,2.0,True,1.0,8.000:8.000|18.734:40.927|20.893:50.398|16.278:58.043|28.505:74.006|32.751:67.207|35.647:67.213|39.624:61.084|43.305:77.038|52.907:83.524|53.485:86.044|55.777:88.445|62.717:78.624|72.255:83.437|73.505:67.442|84.510:55.137|88.226:55.496|75.608:49.355|60.098:47.319|61.193:41.851|59.159:32.053|63.037:27.119|70.968:34.221|8.000:8.000,0-8-13-6-30-12-15-1-17-9-26-2-19-23-27-5-11-18-24-25-22-28-4-0,0.0018892819061875
118,severe,cluttered,ValuePerDistance,32,18,0.5625,0.6260162601626016,0.0,False,38.5,61.5,1756.7864351794396,1740.9380754350243,-556.7864351794396,-636.7864351794396,True,98.1784910845277,False,True,0.2335653149053235,0.0135526771896653,2.0,True,1.0,8.000:8.000|43.249:27.384|49.538:39.605|60.098:47.319|61.193:41.851|59.159:32.053|63.037:27.119|77.196:19.788|81.287:24.709|81.233:27.843|75.608:49.355|88.226:55.496|84.510:55.137|73.505:67.442|58.134:62.856|58.545:55.459|39.624:61.084|35.647:67.213|32.751:67.207|8.000:8.000,0-20-3-24-25-22-28-31-14-29-18-11-5-27-32-10-1-15-12-0,0.0013972399756312
118,severe,cluttered,WindAwareGreedy,32,12,0.375,0.4634146341463415,0.0,False,28.5,61.5,2117.542088912247,2112.448990433178,-917.542088912247,-997.542088912247,True,96.92316786303203,False,True,0.2645652290923002,0.0224597700794333,2.0,True,1.0,8.000:8.000|43.249:27.384|60.098:47.319|58.134:62.856|39.624:61.084|20.893:50.398|16.278:58.043|18.734:40.927|59.159:32.053|49.538:39.605|61.193:41.851|88.226:55.496|84.510:55.137|8.000:8.000,0-20-24-32-1-13-6-8-22-3-25-11-5-0,0.0011487649753689
118,severe,cluttered,ReserveOnlyPlanner,32,6,0.1875,0.2439024390243902,0.2439024390243902,True,15.0,61.5,1038.9387133543985,1155.17261496148,161.06128664560163,81.06128664560163,False,47.702976280922826,True,False,0.2006307157548925,0.0302457923276617,2.0,False,1.0,8.000:8.000|43.249:27.384|59.159:32.053|60.098:47.319|58.134:62.856|58.545:55.459|49.538:39.605|8.000:8.000,0-20-22-24-32-10-3-0,0.0007261340506374
118,severe,cluttered,FairRiskAwareGreedy,32,11,0.34375,0.3902439024390244,0.3902439024390244,True,24.0,61.5,1061.0844564655754,1111.6668523298931,138.9155435344245,58.9155435344245,False,94.08347652792148,True,False,0.0016660704160194,0.0001389073245515,2.8284271247461903,False,1.0,8.000:8.000|43.249:27.384|60.098:47.319|59.159:32.053|39.624:61.084|58.134:62.856|20.893:50.398|18.734:40.927|58.545:55.459|49.538:39.605|61.193:41.851|54.713:7.374|8.000:8.000,0-20-24-22-1-32-13-8-10-3-25-16-0,0.0015496769919991
118,severe,cluttered,FairALNSPlanner,32,16,0.5,0.5121951219512195,0.5121951219512195,True,31.5,61.5,1045.5885151263833,1226.2194988543604,154.4114848736167,74.4114848736167,False,100.36041078647452,True,False,0.0032494971388088,0.0001913898272895,2.8284271247461903,False,1.0,8.000:8.000|18.734:40.927|20.893:50.398|32.751:67.207|35.647:67.213|58.134:62.856|39.624:61.084|49.538:39.605|73.505:67.442|86.326:75.688|88.226:55.496|84.510:55.137|75.608:49.355|70.968:34.221|63.037:27.119|59.159:32.053|43.249:27.384|8.000:8.000,0-8-13-12-15-32-1-3-27-21-11-5-18-4-28-22-20-0,7.384900434873998
118,severe,cluttered,RAWA-RHP,32,18,0.5625,0.6260162601626016,0.6260162601626016,True,38.5,61.5,1018.5580933050996,1234.2969245861984,181.4419066949003,101.4419066949003,False,103.89809517114954,True,False,0.016995309801401,0.0008960666403358,2.0,False,1.0,8.000:8.000|18.734:40.927|20.893:50.398|39.624:61.084|58.134:62.856|32.751:67.207|35.647:67.213|62.717:78.624|72.255:83.437|73.505:67.442|86.326:75.688|88.226:55.496|84.510:55.137|75.608:49.355|60.098:47.319|61.193:41.851|59.159:32.053|49.538:39.605|43.249:27.384|8.000:8.000,0-8-13-1-32-12-15-19-23-27-21-11-5-18-24-25-22-3-20-0,20.649468451971188
118,calm,cluttered,NearestNeighbor,32,30,0.9375,0.9117647058823528,0.0,False,62.0,68.0,1327.3444496851223,1330.0869167917622,-127.34444968512244,-207.34444968512244,True,161.46448986433825,False,True,0.0247219539082093,0.0008055771148303,2.0,True,1.0,8.000:8.000|24.447:8.564|34.753:18.740|34.964:28.805|35.503:31.602|44.848:30.710|50.144:33.269|60.519:24.438|68.994:26.099|72.711:24.283|68.013:11.744|52.600:15.210|44.564:10.622|34.808:46.185|30.404:49.688|28.865:47.921|28.902:43.465|24.307:42.331|20.583:36.128|12.667:68.090|35.611:75.436|49.083:61.548|51.303:61.862|53.415:55.771|62.864:58.086|76.955:74.892|81.830:78.377|92.307:64.376|83.482:53.477|78.156:55.741|92.763:36.871|8.000:8.000,0-5-9-29-22-4-16-6-15-20-32-25-11-8-31-26-27-14-7-30-17-28-23-18-12-19-13-10-3-21-1-0,0.0021415408700704
118,calm,cluttered,ValuePerDistance,32,28,0.875,0.9044117647058824,0.0,False,61.5,68.0,1244.2045691918588,1249.2054977402954,-44.20456919185919,-124.2045691918592,True,150.4338795814436,False,True,0.015668262622157,0.0005437015109681,2.0,True,1.0,8.000:8.000|24.447:8.564|34.753:18.740|34.964:28.805|35.503:31.602|28.902:43.465|28.865:47.921|30.404:49.688|34.808:46.185|24.307:42.331|20.583:36.128|44.564:10.622|52.600:15.210|60.519:24.438|72.711:24.283|68.994:26.099|62.864:58.086|53.415:55.771|51.303:61.862|49.083:61.548|52.747:79.702|59.397:92.260|76.955:74.892|81.830:78.377|92.307:64.376|78.156:55.741|83.482:53.477|92.763:36.871|68.013:11.744|8.000:8.000,0-5-9-29-22-27-26-31-8-14-7-11-25-6-20-15-12-18-23-28-24-2-19-13-10-21-3-1-32-0,0.0016328229103237
118,calm,cluttered,WindAwareGreedy,32,20,0.625,0.7426470588235294,0.7426470588235294,True,50.5,68.0,1188.6959696223328,1199.7305259716024,11.304030377667186,-68.69596962233281,True,134.27938497195996,True,False,0.0244277596055978,0.0011756816875867,2.0,False,1.0,8.000:8.000|20.583:36.128|28.902:43.465|34.964:28.805|44.564:10.622|60.519:24.438|34.753:18.740|34.808:46.185|51.303:61.862|53.415:55.771|62.864:58.086|52.747:79.702|59.397:92.260|35.611:75.436|28.865:47.921|24.307:42.331|35.503:31.602|50.144:33.269|52.600:15.210|68.013:11.744|24.447:8.564|8.000:8.000,0-7-27-29-11-6-9-8-23-18-12-24-2-17-26-14-22-16-25-32-5-0,0.0015521640889346
118,calm,cluttered,ReserveOnlyPlanner,32,19,0.59375,0.7132352941176471,0.7132352941176471,True,48.5,68.0,975.9974201351343,1006.974145519261,224.0025798648651,144.0025798648651,False,113.38799556052142,True,False,0.0192657580214072,0.0009713439315802,2.0,False,1.0,8.000:8.000|20.583:36.128|28.902:43.465|34.964:28.805|34.753:18.740|44.564:10.622|60.519:24.438|52.600:15.210|50.144:33.269|53.415:55.771|51.303:61.862|62.864:58.086|52.747:79.702|59.397:92.260|35.611:75.436|34.808:46.185|28.865:47.921|24.307:42.331|35.503:31.602|24.447:8.564|8.000:8.000,0-7-27-29-9-11-6-25-16-18-23-12-24-2-17-8-26-14-22-5-0,0.0016144649125635
118,calm,cluttered,FairRiskAwareGreedy,32,17,0.53125,0.6617647058823529,0.6617647058823529,True,45.0,68.0,1099.9668930537198,1118.058217751103,100.03310694628033,20.033106946280327,False,124.34953610382088,True,False,0.0130999911243714,0.0007314946744957,2.0,False,1.0,8.000:8.000|20.583:36.128|28.902:43.465|34.964:28.805|44.564:10.622|60.519:24.438|34.753:18.740|53.415:55.771|51.303:61.862|62.864:58.086|52.747:79.702|59.397:92.260|34.808:46.185|28.865:47.921|24.307:42.331|35.503:31.602|52.600:15.210|68.013:11.744|8.000:8.000,0-7-27-29-11-6-9-18-23-12-24-2-8-26-14-22-25-32-0,0.0027464991435408
118,calm,cluttered,FairALNSPlanner,32,25,0.78125,0.8529411764705882,0.8529411764705882,True,58.0,68.0,1051.9438678136603,1123.7614526563943,148.05613218633948,68.05613218633948,False,134.3539901422402,True,False,0.0211345340440362,0.0008195725128884,2.0,False,1.0,8.000:8.000|24.447:8.564|20.583:36.128|24.307:42.331|28.902:43.465|28.865:47.921|30.404:49.688|34.808:46.185|62.864:58.086|92.307:64.376|76.955:74.892|59.397:92.260|52.747:79.702|35.611:75.436|49.083:61.548|51.303:61.862|53.415:55.771|50.144:33.269|44.848:30.710|35.503:31.602|34.964:28.805|34.753:18.740|60.519:24.438|68.013:11.744|52.600:15.210|44.564:10.622|8.000:8.000,0-5-7-14-27-26-31-8-12-10-19-2-24-17-28-23-18-16-4-22-29-9-6-32-25-11-0,17.311804704833776
118,calm,cluttered,RAWA-RHP,32,25,0.78125,0.8308823529411765,0.8308823529411765,True,56.5,68.0,973.5587310972091,1053.7972757404325,226.4412689027912,146.4412689027912,False,126.23025246771336,True,False,0.0165018357188116,0.0006387876632092,2.0,False,1.0,8.000:8.000|24.447:8.564|44.564:10.622|52.600:15.210|68.013:11.744|60.519:24.438|72.711:24.283|68.994:26.099|62.864:58.086|53.415:55.771|49.083:61.548|51.303:61.862|52.747:79.702|59.397:92.260|76.955:74.892|50.144:33.269|44.848:30.710|34.753:18.740|34.964:28.805|35.503:31.602|34.808:46.185|30.404:49.688|28.865:47.921|28.902:43.465|24.307:42.331|20.583:36.128|8.000:8.000,0-5-11-25-32-6-20-15-12-18-28-23-24-2-19-16-4-9-29-22-8-31-26-27-14-7-0,41.75895714899525
117,calm,sparse,NearestNeighbor,32,32,1.0,1.0,1.0,True,63.5,63.5,1189.7850298895669,1198.118268855136,10.2149701104333,-69.7850298895667,True,151.79150439649786,True,False,0.0067398129676964,0.0002047221778981,2.0,False,1.0,8.000:8.000|28.688:21.228|36.125:17.658|39.981:24.503|52.095:21.448|53.043:18.959|60.614:12.947|69.859:22.666|76.305:26.670|70.929:30.762|79.273:38.841|84.337:42.151|93.946:20.126|80.707:15.341|77.836:13.099|50.225:44.769|47.653:46.210|45.071:54.133|42.667:57.256|49.759:59.865|48.580:63.214|58.480:59.669|71.299:72.854|64.889:80.074|62.803:80.873|72.463:85.992|47.989:81.273|22.069:81.799|15.160:81.985|11.395:77.034|19.340:58.465|15.597:53.659|16.615:36.691|8.000:8.000,0-4-18-10-15-23-30-24-9-25-17-20-14-21-6-7-27-22-26-13-28-12-2-29-5-31-16-19-11-1-32-3-8-0,0.0018599820323288
117,calm,sparse,ValuePerDistance,32,27,0.84375,0.8818897637795275,0.0,False,56.0,63.5,1400.703071071074,1400.006341369534,-200.7030710710737,-280.70307107107374,True,160.98508525151004,False,True,0.0290074326069456,0.0010462213776,2.0,True,1.0,8.000:8.000|36.125:17.658|39.981:24.503|28.688:21.228|16.615:36.691|15.597:53.659|19.340:58.465|22.069:81.799|15.160:81.985|11.395:77.034|49.759:59.865|48.580:63.214|58.480:59.669|50.225:44.769|47.653:46.210|45.071:54.133|42.667:57.256|62.803:80.873|64.889:80.074|72.463:85.992|47.989:81.273|71.299:72.854|69.859:22.666|76.305:26.670|70.929:30.762|77.836:13.099|80.707:15.341|93.946:20.126|8.000:8.000,0-18-10-4-8-3-32-19-11-1-13-28-12-7-27-22-26-5-29-31-16-2-24-9-25-6-21-14-0,0.0016040508635342
117,calm,sparse,WindAwareGreedy,32,22,0.6875,0.7874015748031497,0.0,False,50.0,63.5,1388.4647121924595,1386.5220504364263,-188.46471219245916,-268.4647121924592,True,153.00209738496704,False,True,0.0156444591571762,0.0006815411035635,2.0,True,1.0,8.000:8.000|36.125:17.658|16.615:36.691|19.340:58.465|22.069:81.799|49.759:59.865|58.480:59.669|50.225:44.769|47.653:46.210|45.071:54.133|69.859:22.666|77.836:13.099|60.614:12.947|52.095:21.448|39.981:24.503|28.688:21.228|15.597:53.659|11.395:77.034|15.160:81.985|62.803:80.873|64.889:80.074|72.463:85.992|47.989:81.273|8.000:8.000,0-18-8-32-19-13-12-7-27-22-24-6-30-15-10-4-3-1-11-5-29-31-16-0,0.0019330300856381
117,calm,sparse,ReserveOnlyPlanner,32,21,0.65625,0.7165354330708661,0.7165354330708661,True,45.5,63.5,1114.5081285289848,1154.9375593770085,85.49187147101497,5.491871471014974,False,127.80400783825816,True,False,0.0160350207347278,0.0007305248219233,2.0,False,1.0,8.000:8.000|36.125:17.658|28.688:21.228|16.615:36.691|19.340:58.465|15.597:53.659|22.069:81.799|15.160:81.985|11.395:77.034|49.759:59.865|58.480:59.669|50.225:44.769|47.653:46.210|45.071:54.133|62.803:80.873|64.889:80.074|72.463:85.992|47.989:81.273|48.580:63.214|39.981:24.503|52.095:21.448|53.043:18.959|8.000:8.000,0-18-4-8-32-3-19-11-1-13-12-7-27-22-5-29-31-16-28-10-15-23-0,0.0016321341972798
117,calm,sparse,FairRiskAwareGreedy,32,19,0.59375,0.6377952755905512,0.6377952755905512,True,40.5,63.5,1092.8768595947226,1113.7811866414877,107.12314040527748,27.123140405277468,False,130.3392952958012,True,False,0.0029187949786317,0.0001460628274499,2.0,False,1.0,8.000:8.000|36.125:17.658|16.615:36.691|19.340:58.465|50.225:44.769|47.653:46.210|58.480:59.669|49.759:59.865|45.071:54.133|69.859:22.666|77.836:13.099|60.614:12.947|52.095:21.448|39.981:24.503|28.688:21.228|15.597:53.659|11.395:77.034|15.160:81.985|42.667:57.256|48.580:63.214|8.000:8.000,0-18-8-32-7-27-12-13-22-24-6-30-15-10-4-3-1-11-26-28-0,0.0034843280445784
117,calm,sparse,FairALNSPlanner,32,30,0.9375,0.952755905511811,0.952755905511811,True,60.5,63.5,1046.1034249457805,1138.0361032156095,153.8965750542198,73.8965750542198,False,141.74079948962316,True,False,0.0049289664325393,0.0001592213103241,2.0,False,1.0,8.000:8.000|28.688:21.228|36.125:17.658|39.981:24.503|52.095:21.448|53.043:18.959|60.614:12.947|77.836:13.099|80.707:15.341|93.946:20.126|76.305:26.670|69.859:22.666|70.929:30.762|79.273:38.841|58.480:59.669|49.759:59.865|48.580:63.214|42.667:57.256|45.071:54.133|47.653:46.210|50.225:44.769|71.299:72.854|64.889:80.074|62.803:80.873|47.989:81.273|22.069:81.799|15.160:81.985|11.395:77.034|19.340:58.465|15.597:53.659|16.615:36.691|8.000:8.000,0-4-18-10-15-23-30-6-21-14-9-24-25-17-12-13-28-26-22-27-7-2-29-5-16-19-11-1-32-3-8-0,20.33711833995767
117,calm,sparse,RAWA-RHP,32,30,0.9375,0.968503937007874,0.968503937007874,True,61.5,63.5,1021.1354839367568,1096.7118327591884,178.86451606324312,98.86451606324312,False,138.78263101179712,True,False,0.0056887786380055,0.0001838528045967,2.0,False,1.0,8.000:8.000|16.615:36.691|15.597:53.659|19.340:58.465|11.395:77.034|15.160:81.985|22.069:81.799|47.989:81.273|62.803:80.873|64.889:80.074|72.463:85.992|71.299:72.854|58.480:59.669|49.759:59.865|48.580:63.214|42.667:57.256|45.071:54.133|47.653:46.210|50.225:44.769|70.929:30.762|76.305:26.670|69.859:22.666|93.946:20.126|80.707:15.341|77.836:13.099|60.614:12.947|53.043:18.959|52.095:21.448|39.981:24.503|36.125:17.658|28.688:21.228|8.000:8.000,0-8-3-32-1-11-19-16-5-29-31-2-12-13-28-26-22-27-7-25-9-24-14-21-6-30-23-15-10-18-4-0,72.25427632196806
114,calm,cluttered,NearestNeighbor,32,32,1.0,1.0,0.0,False,58.0,58.0,1320.0799050294297,1333.4371634850293,-120.0799050294296,-200.0799050294296,True,161.32512738744794,False,True,0.0292553171205141,0.0008946312579794,2.0,True,1.0,8.000:8.000|24.470:13.410|26.936:19.019|27.741:23.620|21.742:28.872|16.009:28.176|16.392:41.534|17.779:46.742|34.705:64.752|34.986:69.618|44.514:75.749|55.191:67.765|50.763:60.254|58.224:52.271|58.330:47.685|66.462:43.234|68.895:43.506|68.877:34.944|64.051:34.432|64.606:24.866|52.717:15.701|81.271:18.854|77.475:45.162|75.920:47.197|69.732:55.254|84.784:56.669|87.651:58.333|81.737:72.668|76.144:78.433|72.538:75.244|63.440:76.556|62.320:95.368|69.991:95.424|8.000:8.000,0-12-16-7-29-19-30-32-4-1-24-18-6-3-15-28-2-9-10-27-21-11-31-8-25-22-14-17-23-26-5-13-20-0,0.0022807971108704
114,calm,cluttered,ValuePerDistance,32,27,0.84375,0.913793103448276,0.0,False,53.0,58.0,1346.7464121158594,1351.3330293342865,-146.74641211585936,-226.74641211585936,True,155.59474719746964,False,True,0.0350360146599034,0.0012643815973968,2.0,True,1.0,8.000:8.000|24.470:13.410|26.936:19.019|27.741:23.620|16.009:28.176|21.742:28.872|16.392:41.534|17.779:46.742|34.986:69.618|34.705:64.752|44.514:75.749|63.440:76.556|72.538:75.244|76.144:78.433|81.737:72.668|87.651:58.333|84.784:56.669|77.475:45.162|75.920:47.197|64.051:34.432|68.877:34.944|64.606:24.866|52.717:15.701|81.271:18.854|69.991:95.424|62.320:95.368|69.732:55.254|58.224:52.271|8.000:8.000,0-12-16-7-19-29-30-32-1-4-24-5-26-23-17-14-22-31-8-10-9-27-21-11-20-13-25-3-0,0.0017400598153471
114,calm,cluttered,WindAwareGreedy,32,25,0.78125,0.8793103448275862,0.0,False,51.0,58.0,1344.22043303523,1349.4896515826972,-144.22043303523003,-224.22043303523003,True,151.66356679833794,False,True,0.0148123388076514,0.000571976683874,2.0,True,1.0,8.000:8.000|24.470:13.410|26.936:19.019|27.741:23.620|16.009:28.176|16.392:41.534|17.779:46.742|34.986:69.618|44.514:75.749|69.991:95.424|62.320:95.368|63.440:76.556|72.538:75.244|77.475:45.162|64.051:34.432|52.717:15.701|64.606:24.866|75.920:47.197|84.784:56.669|87.651:58.333|81.737:72.668|69.732:55.254|58.224:52.271|34.705:64.752|50.763:60.254|55.191:67.765|8.000:8.000,0-12-16-7-19-30-32-1-24-20-13-5-26-31-10-21-27-8-22-14-17-25-3-4-6-18-0,0.0018756838981062
114,calm,cluttered,ReserveOnlyPlanner,32,20,0.625,0.7672413793103449,0.7672413793103449,True,44.5,58.0,1113.807366013932,1165.3915802369772,86.1926339860677,6.192633986067705,False,125.16474611489218,True,False,0.0111338620480905,0.0005309809973503,2.0,False,1.0,8.000:8.000|24.470:13.410|26.936:19.019|27.741:23.620|16.009:28.176|16.392:41.534|17.779:46.742|34.986:69.618|34.705:64.752|44.514:75.749|69.991:95.424|62.320:95.368|63.440:76.556|72.538:75.244|81.737:72.668|77.475:45.162|64.051:34.432|52.717:15.701|64.606:24.866|75.920:47.197|84.784:56.669|8.000:8.000,0-12-16-7-19-30-32-1-4-24-20-13-5-26-17-31-10-21-27-8-22-0,0.001802803017199
114,calm,cluttered,FairRiskAwareGreedy,32,15,0.46875,0.5862068965517241,0.5862068965517241,True,34.0,58.0,1074.985815460733,1093.843160962881,125.01418453926692,45.01418453926692,False,120.8374901205237,True,False,0.00857650086109,0.0005374184405113,2.0,False,1.0,8.000:8.000|24.470:13.410|26.936:19.019|27.741:23.620|16.009:28.176|34.986:69.618|64.051:34.432|77.475:45.162|75.920:47.197|69.991:95.424|62.320:95.368|16.392:41.534|17.779:46.742|52.717:15.701|64.606:24.866|21.742:28.872|8.000:8.000,0-12-16-7-19-1-10-31-8-20-13-30-32-21-27-29-0,0.0025927710812538
114,calm,cluttered,FairALNSPlanner,32,31,0.96875,0.9827586206896552,0.9827586206896552,True,57.0,58.0,1038.896137001106,1106.629893150421,161.10386299889353,81.10386299889353,False,141.2998522820873,True,False,0.0320181901110649,0.0010126844512496,2.0,False,1.0,8.000:8.000|16.009:28.176|21.742:28.872|16.392:41.534|17.779:46.742|34.705:64.752|34.986:69.618|44.514:75.749|50.763:60.254|55.191:67.765|63.440:76.556|62.320:95.368|69.991:95.424|72.538:75.244|76.144:78.433|81.737:72.668|87.651:58.333|84.784:56.669|69.732:55.254|75.920:47.197|77.475:45.162|68.895:43.506|66.462:43.234|58.224:52.271|58.330:47.685|68.877:34.944|64.051:34.432|64.606:24.866|52.717:15.701|27.741:23.620|26.936:19.019|24.470:13.410|8.000:8.000,0-19-29-30-32-4-1-24-6-18-5-13-20-26-23-17-14-22-25-8-31-2-28-3-15-9-10-27-21-7-16-12-0,19.791360668838024
114,calm,cluttered,RAWA-RHP,32,31,0.96875,0.9827586206896552,0.9827586206896552,True,57.0,58.0,1035.2602692107623,1106.629893150421,164.73973078923734,84.73973078923734,False,141.2998522820873,True,False,0.0320181901110649,0.0010126844512496,2.0,False,1.0,8.000:8.000|16.009:28.176|21.742:28.872|16.392:41.534|17.779:46.742|34.705:64.752|34.986:69.618|44.514:75.749|50.763:60.254|55.191:67.765|63.440:76.556|62.320:95.368|69.991:95.424|72.538:75.244|76.144:78.433|81.737:72.668|87.651:58.333|84.784:56.669|69.732:55.254|75.920:47.197|77.475:45.162|68.895:43.506|66.462:43.234|58.224:52.271|58.330:47.685|68.877:34.944|64.051:34.432|64.606:24.866|52.717:15.701|27.741:23.620|26.936:19.019|24.470:13.410|8.000:8.000,0-19-29-30-32-4-1-24-6-18-5-13-20-26-23-17-14-22-25-8-31-2-28-3-15-9-10-27-21-7-16-12-0,204.4310407531448
116,moderate,sparse,NearestNeighbor,32,24,0.75,0.732824427480916,0.0,False,48.0,65.5,1341.3159326166426,1372.9351592765515,-141.31593261664287,-221.31593261664287,True,130.1608777620358,False,True,0.0717131276116707,0.0029386541860555,2.0,True,1.0,8.000:8.000|20.093:45.722|24.907:51.166|27.381:50.497|32.182:45.460|34.437:45.867|50.765:39.715|51.586:37.801|60.456:32.995|60.234:26.691|51.863:19.810|70.672:14.871|83.129:28.386|89.532:34.853|83.643:47.555|75.405:39.504|73.259:35.445|83.604:73.626|85.741:73.912|93.638:78.323|94.816:81.339|91.642:81.981|76.523:79.455|53.104:89.680|42.604:86.795|8.000:8.000,0-8-28-3-5-22-29-21-7-19-1-2-31-11-20-26-4-27-30-24-15-9-32-14-6-0,0.0019755880348384
116,moderate,sparse,ValuePerDistance,32,18,0.5625,0.5572519083969466,0.0,False,36.5,65.5,1321.395161787609,1337.846064696515,-121.39516178760924,-201.39516178760925,True,112.38152082860076,False,True,0.0292353784741959,0.0015387052605821,2.0,True,1.0,8.000:8.000|32.182:45.460|34.437:45.867|51.586:37.801|50.765:39.715|60.234:26.691|60.456:32.995|73.259:35.445|75.405:39.504|83.643:47.555|89.532:34.853|83.129:28.386|70.672:14.871|51.863:19.810|41.837:70.272|50.520:72.926|42.604:86.795|45.167:82.674|26.514:75.506|8.000:8.000,0-5-22-21-29-19-7-4-26-20-11-31-2-1-16-13-6-18-17-0,0.0013141341041773
116,moderate,sparse,WindAwareGreedy,32,15,0.46875,0.5343511450381679,0.0,False,35.0,65.5,1249.2024948900842,1223.6972549872,-49.20249489008432,-129.20249489008432,True,105.7371873578814,False,True,0.0815405893653453,0.0052391972159703,2.0,True,1.0,8.000:8.000|32.182:45.460|51.586:37.801|60.234:26.691|70.672:14.871|51.863:19.810|34.437:45.867|17.623:69.057|20.464:64.983|19.261:66.701|15.242:91.681|41.837:70.272|42.604:86.795|26.514:75.506|24.907:51.166|20.093:45.722|8.000:8.000,0-5-21-19-2-1-22-23-10-12-25-16-6-17-28-8-0,0.0013206410221755
116,moderate,sparse,ReserveOnlyPlanner,32,15,0.46875,0.5038167938931297,0.5038167938931297,True,33.0,65.5,1102.4745384212647,1203.061570454032,97.52546157873483,17.52546157873485,False,95.8834060479413,True,False,0.071218346640702,0.0045611531445671,2.0,False,1.0,8.000:8.000|32.182:45.460|34.437:45.867|51.586:37.801|60.234:26.691|51.863:19.810|70.672:14.871|73.259:35.445|83.643:47.555|75.405:39.504|60.456:32.995|50.765:39.715|17.623:69.057|20.464:64.983|19.261:66.701|20.093:45.722|8.000:8.000,0-5-22-21-19-1-2-4-20-26-7-29-23-10-12-8-0,0.0013897588942199
116,moderate,sparse,FairRiskAwareGreedy,32,14,0.4375,0.5190839694656488,0.5190839694656488,True,34.0,65.5,1039.073517879269,1071.956091341725,160.92648212073095,80.92648212073095,False,115.57388011633276,True,False,0.0001219935729693,8.132911524431445e-06,2.8284271247461903,False,1.0,8.000:8.000|32.182:45.460|51.586:37.801|41.837:70.272|15.242:91.681|17.623:69.057|20.464:64.983|19.261:66.701|34.437:45.867|83.643:47.555|60.234:26.691|51.863:19.810|70.672:14.871|89.532:34.853|83.129:28.386|8.000:8.000,0-5-21-16-25-23-10-12-22-20-19-1-2-11-31-0,0.0021223258227109
116,moderate,sparse,FairALNSPlanner,32,6,0.1875,0.2442748091603053,0.2442748091603053,True,16.0,65.5,506.9947997428095,575.237084315102,693.0052002571904,613.0052002571904,False,54.80939856824172,True,False,2.7524880152896003e-08,3.932125767848658e-09,2.8284271247461903,False,1.0,8.000:8.000|41.837:70.272|42.604:86.795|15.242:91.681|17.623:69.057|19.261:66.701|20.464:64.983|8.000:8.000,0-16-6-25-23-12-10-0,7.130061807110906
116,moderate,sparse,RAWA-RHP,32,26,0.8125,0.8702290076335878,0.8702290076335878,True,57.0,65.5,1052.214058220871,1192.0298971268824,147.78594177912927,67.78594177912927,False,134.90842881595927,True,False,0.0171442597979849,0.0006375496705419,2.0,False,1.0,8.000:8.000|51.586:37.801|50.765:39.715|34.437:45.867|32.182:45.460|27.381:50.497|24.907:51.166|20.464:64.983|19.261:66.701|17.623:69.057|15.242:91.681|26.514:75.506|41.837:70.272|50.520:72.926|76.523:79.455|83.604:73.626|85.741:73.912|94.816:81.339|91.642:81.981|93.638:78.323|83.643:47.555|75.405:39.504|73.259:35.445|60.456:32.995|60.234:26.691|51.863:19.810|70.672:14.871|8.000:8.000,0-21-29-22-5-3-28-10-12-23-25-17-16-13-32-27-30-15-9-24-20-26-4-7-19-1-2-0,124.54553394089452
119,severe,cluttered,NearestNeighbor,32,9,0.28125,0.288,0.0,False,18.0,62.5,1330.4868956796704,1331.4771953828133,-130.4868956796703,-210.4868956796703,True,55.739357032558814,False,True,0.1599599818066475,0.0169724464618255,2.0,True,1.0,8.000:8.000|34.704:17.542|30.325:29.434|40.534:29.269|49.143:27.219|52.201:21.520|58.734:26.153|57.951:28.670|63.060:33.359|75.254:38.300|8.000:8.000,0-32-27-6-9-25-11-28-4-29-0,0.0010724829044193
119,severe,cluttered,ValuePerDistance,32,12,0.375,0.376,0.0,False,23.5,62.5,1285.4912757187828,1288.4868117328235,-85.49127571878277,-165.4912757187828,True,60.45801983044522,False,True,0.2799895391463575,0.024521972673688,2.0,True,1.0,8.000:8.000|34.704:17.542|30.325:29.434|38.400:38.892|46.326:39.767|51.146:44.728|55.482:52.398|55.649:46.539|63.060:33.359|58.734:26.153|57.951:28.670|49.143:27.219|40.534:29.269|8.000:8.000,0-32-27-20-23-15-8-24-4-11-28-9-6-0,0.0010068039409816
119,severe,cluttered,WindAwareGreedy,32,8,0.25,0.296,0.0,False,18.5,62.5,1214.0842320990118,1229.1681474473694,-14.084232099011828,-94.08423209901184,True,50.686093872575405,False,True,0.2061050611289641,0.0241115717525012,2.0,True,1.0,8.000:8.000|34.704:17.542|30.325:29.434|16.479:38.297|20.178:39.432|38.400:38.892|40.534:29.269|49.143:27.219|52.201:21.520|8.000:8.000,0-32-27-31-10-20-6-9-25-0,0.0010076421312987
119,severe,cluttered,ReserveOnlyPlanner,32,6,0.1875,0.232,0.232,True,14.5,62.5,1027.1775632032936,1108.139202879111,172.82243679670637,92.82243679670636,False,41.631490824241496,True,False,0.1636320697673333,0.0239168004530223,2.0,False,1.0,8.000:8.000|34.704:17.542|30.325:29.434|16.479:38.297|20.178:39.432|38.400:38.892|40.534:29.269|8.000:8.000,0-32-27-31-10-20-6-0,0.0007645839359611
119,severe,cluttered,FairRiskAwareGreedy,32,10,0.3125,0.36,0.36,True,22.5,62.5,1017.3046470327936,1063.1970311836933,182.6953529672067,102.6953529672067,False,85.10662875831417,True,False,0.0072514815965161,0.0006600096312953,2.8284271247461903,False,1.0,8.000:8.000|34.704:17.542|16.479:38.297|20.178:39.432|71.166:80.271|80.244:89.882|64.725:82.237|44.071:71.690|34.293:70.748|29.829:88.318|23.505:78.960|8.000:8.000,0-32-31-10-7-21-5-1-18-30-3-0,0.0012749610468745
119,severe,cluttered,FairALNSPlanner,32,13,0.40625,0.48,0.48,True,30.0,62.5,1049.357953361662,1213.6954168842367,150.64204663833775,70.64204663833777,False,92.23828363404849,True,False,0.0050429748853845,0.0003609408569756,2.8284271247461903,False,1.0,8.000:8.000|34.704:17.542|30.325:29.434|38.400:38.892|20.178:39.432|55.482:52.398|91.321:71.329|80.244:89.882|62.377:84.646|64.725:82.237|71.166:80.271|44.071:71.690|34.293:70.748|16.479:38.297|8.000:8.000,0-32-27-20-10-8-2-21-16-5-7-1-18-31-0,4.070783898001537
119,severe,cluttered,RAWA-RHP,32,17,0.53125,0.576,0.576,True,36.0,62.5,1043.3610053178083,1205.676370793514,156.63899468219165,76.63899468219165,False,99.21735603789084,True,False,0.0444837295540467,0.002493146210488,2.0,False,1.0,8.000:8.000|52.201:21.520|49.143:27.219|63.060:33.359|75.254:38.300|75.931:52.777|91.321:71.329|80.244:89.882|71.166:80.271|64.725:82.237|62.377:84.646|51.909:90.760|49.278:91.161|29.829:88.318|34.293:70.748|44.071:71.690|20.178:39.432|16.479:38.297|8.000:8.000,0-25-9-4-29-12-2-21-7-5-16-13-22-30-18-1-10-31-0,11.8026469880715
119,calm,cluttered,NearestNeighbor,32,30,0.9375,0.9197080291970804,0.9197080291970804,True,63.0,68.5,1027.1786828942154,1031.0037456189018,172.82131710578477,92.82131710578476,False,135.02711488399788,True,False,0.0123881514412073,0.0004010658848644,2.0,False,1.0,8.000:8.000|19.452:15.128|31.855:13.529|55.396:23.137|60.775:18.202|64.392:12.348|75.895:14.131|74.872:18.464|80.074:24.822|76.165:29.520|71.911:30.064|62.947:42.229|68.379:51.087|69.646:56.898|64.481:58.153|74.403:61.845|73.269:65.382|72.450:80.236|76.876:83.340|76.374:88.234|67.437:89.274|56.403:86.753|51.038:82.908|35.768:93.216|28.932:69.560|27.840:65.503|38.177:64.107|40.879:58.130|36.770:55.001|42.112:42.272|12.817:32.865|8.000:8.000,0-25-22-16-18-11-31-15-7-13-12-26-5-27-6-19-23-28-2-14-1-20-4-8-17-3-10-9-24-32-30-0,0.0021165430080145
119,calm,cluttered,ValuePerDistance,32,28,0.875,0.9051094890510948,0.0,False,62.0,68.5,1403.73348700322,1408.766811464402,-203.73348700321995,-283.7334870032199,True,161.9899504934304,False,True,0.0079762089347112,0.0002759552963981,2.0,True,1.0,8.000:8.000|19.452:15.128|31.855:13.529|60.775:18.202|55.396:23.137|42.112:42.272|36.770:55.001|40.879:58.130|38.177:64.107|28.932:69.560|27.840:65.503|35.768:93.216|51.038:82.908|56.403:86.753|72.450:80.236|76.876:83.340|76.374:88.234|67.437:89.274|73.269:65.382|69.646:56.898|68.379:51.087|62.947:42.229|71.911:30.064|76.165:29.520|74.872:18.464|75.895:14.131|64.392:12.348|80.074:24.822|88.573:76.295|8.000:8.000,0-25-22-18-16-32-24-9-10-17-3-8-4-20-28-2-14-1-23-27-5-26-12-13-15-31-11-7-29-0,0.0018377599772065
119,calm,cluttered,WindAwareGreedy,32,20,0.625,0.7372262773722628,0.0,False,50.5,68.5,1366.865028669319,1362.0862783116906,-166.86502866931897,-246.86502866931897,True,148.1118372195337,False,True,0.0119493229333812,0.0005717324490007,2.0,True,1.0,8.000:8.000|19.452:15.128|42.112:42.272|36.770:55.001|28.932:69.560|27.840:65.503|38.177:64.107|60.775:18.202|71.911:30.064|76.165:29.520|74.872:18.464|62.947:42.229|73.269:65.382|69.646:56.898|88.573:76.295|72.450:80.236|76.374:88.234|91.242:87.116|35.768:93.216|51.038:82.908|56.403:86.753|8.000:8.000,0-25-32-24-17-3-10-18-12-13-15-26-23-27-29-28-14-21-8-4-20-0,0.001728317933157
119,calm,cluttered,ReserveOnlyPlanner,32,20,0.625,0.6788321167883211,0.6788321167883211,True,46.5,68.5,1090.0430089554002,1133.149804647412,109.95699104459985,29.95699104459983,False,124.94022262577325,True,False,0.0079256376055129,0.0003785285010218,2.0,False,1.0,8.000:8.000|19.452:15.128|31.855:13.529|60.775:18.202|71.911:30.064|76.165:29.520|74.872:18.464|42.112:42.272|36.770:55.001|28.932:69.560|27.840:65.503|38.177:64.107|40.879:58.130|73.269:65.382|69.646:56.898|62.947:42.229|55.396:23.137|64.392:12.348|75.895:14.131|80.074:24.822|12.817:32.865|8.000:8.000,0-25-22-18-12-13-15-32-24-17-3-10-9-23-27-26-16-11-31-7-30-0,0.0018959769513458
119,calm,cluttered,FairRiskAwareGreedy,32,15,0.46875,0.5693430656934306,0.5693430656934306,True,39.0,68.5,945.7780283652464,966.5472156038052,254.22197163475352,174.22197163475352,False,109.82592804416475,True,False,0.0088554844364392,0.0005552387914804,2.0,False,1.0,8.000:8.000|42.112:42.272|36.770:55.001|28.932:69.560|27.840:65.503|38.177:64.107|60.775:18.202|71.911:30.064|73.269:65.382|69.646:56.898|62.947:42.229|76.165:29.520|74.872:18.464|19.452:15.128|31.855:13.529|12.817:32.865|8.000:8.000,0-32-24-17-3-10-18-12-23-27-26-13-15-25-22-30-0,0.0031938629690557
119,calm,cluttered,FairALNSPlanner,32,26,0.8125,0.8832116788321168,0.8832116788321168,True,60.5,68.5,1059.441728902528,1137.9006609478856,140.55827109747182,60.55827109747182,False,136.68716288357632,True,False,0.0127288664457128,0.000473945862325,2.0,False,1.0,8.000:8.000|19.452:15.128|31.855:13.529|55.396:23.137|60.775:18.202|74.872:18.464|80.074:24.822|76.165:29.520|71.911:30.064|88.573:76.295|91.242:87.116|76.876:83.340|76.374:88.234|72.450:80.236|73.269:65.382|74.403:61.845|69.646:56.898|68.379:51.087|62.947:42.229|42.112:42.272|36.770:55.001|40.879:58.130|38.177:64.107|35.768:93.216|28.932:69.560|27.840:65.503|12.817:32.865|8.000:8.000,0-25-22-16-18-15-7-13-12-29-21-2-14-28-23-19-27-5-26-32-24-9-10-8-17-3-30-0,16.40917345508933
119,calm,cluttered,RAWA-RHP,32,29,0.90625,0.927007299270073,0.927007299270073,True,63.5,68.5,1040.333295708174,1114.6153045476096,159.66670429182557,79.66670429182557,False,138.64794979501465,True,False,0.0117285414688295,0.000392864120381,2.0,False,1.0,8.000:8.000|12.817:32.865|27.840:65.503|28.932:69.560|38.177:64.107|40.879:58.130|36.770:55.001|42.112:42.272|62.947:42.229|68.379:51.087|64.481:58.153|69.646:56.898|74.403:61.845|73.269:65.382|72.450:80.236|67.437:89.274|76.374:88.234|76.876:83.340|91.242:87.116|88.573:76.295|71.911:30.064|76.165:29.520|80.074:24.822|74.872:18.464|75.895:14.131|64.392:12.348|60.775:18.202|55.396:23.137|31.855:13.529|19.452:15.128|8.000:8.000,0-30-3-17-10-9-24-32-26-5-6-27-19-23-28-1-14-2-21-29-12-13-7-15-31-11-18-16-22-25-0,38.53748051985167
119,calm,sparse,NearestNeighbor,32,31,0.96875,0.96,0.0,False,60.0,62.5,1315.5423566208565,1327.2077365041096,-115.54235662085644,-195.54235662085645,True,163.245962549863,False,True,0.011336126013098,0.0003559105262022,2.0,True,1.0,8.000:8.000|27.091:35.382|49.344:39.317|51.285:31.368|56.352:27.792|58.381:26.025|55.950:25.031|66.791:16.400|64.899:13.592|79.344:17.668|87.825:24.241|88.203:29.498|73.502:27.603|65.534:39.058|60.805:53.154|64.244:64.446|61.468:67.603|57.457:72.984|43.047:72.176|37.145:69.323|37.158:66.772|48.075:83.717|45.392:90.155|64.791:90.283|64.730:84.558|72.528:81.898|71.775:79.380|79.954:85.522|74.836:93.444|89.368:90.392|13.001:91.221|14.628:86.984|8.000:8.000,0-13-9-15-1-26-23-19-28-5-29-16-12-17-22-3-14-4-24-8-32-27-21-7-6-11-18-2-20-10-31-30-0,0.0021024760790169
119,calm,sparse,ValuePerDistance,32,28,0.875,0.912,0.0,False,57.0,62.5,1255.2250752114956,1254.0379812817937,-55.22507521149599,-135.225075211496,True,152.41182800334127,False,True,0.0161671373208375,0.0005612073632632,2.0,True,1.0,8.000:8.000|27.091:35.382|51.285:31.368|55.950:25.031|58.381:26.025|56.352:27.792|66.791:16.400|64.899:13.592|73.502:27.603|79.344:17.668|88.203:29.498|87.825:24.241|60.805:53.154|64.244:64.446|61.468:67.603|57.457:72.984|64.730:84.558|64.791:90.283|71.775:79.380|72.528:81.898|79.954:85.522|89.368:90.392|74.836:93.444|43.047:72.176|37.158:66.772|37.145:69.323|8.880:73.518|13.001:91.221|14.628:86.984|8.000:8.000,0-13-15-23-26-1-19-28-12-5-16-29-22-3-14-4-6-7-18-11-2-10-20-24-32-8-25-31-30-0,0.0015864931046962
119,calm,sparse,WindAwareGreedy,32,19,0.59375,0.72,0.0,False,45.0,62.5,1248.6323430637617,1250.9763573952373,-48.632343063761226,-128.63234306376123,True,139.19024936369155,False,True,0.0129284647704471,0.0006494887251026,2.0,True,1.0,8.000:8.000|66.791:16.400|73.502:27.603|55.950:25.031|60.805:53.154|61.468:67.603|64.244:64.446|64.730:84.558|43.047:72.176|37.158:66.772|8.880:73.518|27.091:35.382|51.285:31.368|56.352:27.792|58.381:26.025|65.534:39.058|79.344:17.668|88.203:29.498|64.899:13.592|49.344:39.317|8.000:8.000,0-19-12-23-22-14-3-6-24-32-25-13-15-1-26-17-5-16-28-9-0,0.0014490110334008
119,calm,sparse,ReserveOnlyPlanner,32,18,0.5625,0.672,0.672,True,42.0,62.5,1102.779694346284,1140.2761507928851,97.22030565371628,17.22030565371628,False,123.99306326457844,True,False,0.0121968326717397,0.0006446899253977,2.0,False,1.0,8.000:8.000|27.091:35.382|55.950:25.031|66.791:16.400|73.502:27.603|60.805:53.154|61.468:67.603|64.244:64.446|64.730:84.558|43.047:72.176|37.158:66.772|8.880:73.518|13.001:91.221|14.628:86.984|37.145:69.323|51.285:31.368|56.352:27.792|58.381:26.025|65.534:39.058|8.000:8.000,0-13-23-19-12-22-14-3-6-24-32-25-31-30-8-15-1-26-17-0,0.0015440459828823
119,calm,sparse,FairRiskAwareGreedy,32,16,0.5,0.632,0.632,True,39.5,62.5,1075.534474188975,1099.298416102982,124.46552581102485,44.46552581102485,False,124.1452463300565,True,False,0.0149320916530862,0.0008836172068104,2.0,False,1.0,8.000:8.000|66.791:16.400|73.502:27.603|60.805:53.154|61.468:67.603|64.244:64.446|64.730:84.558|37.158:66.772|43.047:72.176|8.880:73.518|55.950:25.031|56.352:27.792|58.381:26.025|51.285:31.368|27.091:35.382|65.534:39.058|49.344:39.317|8.000:8.000,0-19-12-22-14-3-6-32-24-25-23-1-26-15-13-17-9-0,0.0026257450226694
119,calm,sparse,FairALNSPlanner,32,25,0.78125,0.856,0.856,True,53.5,62.5,1057.5464408125438,1123.8308566730657,142.45355918745656,62.45355918745656,False,135.14200654268654,True,False,0.0074177464950414,0.0002860319648272,2.0,False,1.0,8.000:8.000|27.091:35.382|49.344:39.317|60.805:53.154|61.468:67.603|64.244:64.446|71.775:79.380|72.528:81.898|64.730:84.558|64.791:90.283|57.457:72.984|43.047:72.176|14.628:86.984|13.001:91.221|8.880:73.518|37.145:69.323|37.158:66.772|65.534:39.058|73.502:27.603|79.344:17.668|66.791:16.400|64.899:13.592|58.381:26.025|55.950:25.031|56.352:27.792|51.285:31.368|8.000:8.000,0-13-9-22-14-3-18-11-6-7-4-24-30-31-25-8-32-17-12-5-19-28-26-23-1-15-0,17.287555842893198
119,calm,sparse,RAWA-RHP,32,28,0.875,0.928,0.928,True,58.0,62.5,1059.0612026493518,1134.4611917706457,140.93879735064831,60.93879735064832,False,140.61730390857215,True,False,0.0082125541004022,0.000284022971704,2.0,False,1.0,8.000:8.000|27.091:35.382|49.344:39.317|51.285:31.368|56.352:27.792|55.950:25.031|58.381:26.025|64.899:13.592|66.791:16.400|79.344:17.668|87.825:24.241|88.203:29.498|73.502:27.603|65.534:39.058|60.805:53.154|61.468:67.603|64.244:64.446|71.775:79.380|72.528:81.898|79.954:85.522|64.730:84.558|64.791:90.283|57.457:72.984|43.047:72.176|37.158:66.772|37.145:69.323|14.628:86.984|13.001:91.221|8.880:73.518|8.000:8.000,0-13-9-15-1-23-26-28-19-5-29-16-12-17-22-14-3-18-11-2-6-7-4-24-32-8-30-31-25-0,40.53112356597558
118,moderate,cluttered,NearestNeighbor,32,25,0.78125,0.7851851851851852,0.0,False,53.0,67.5,1426.3154060848624,1400.9017094426345,-226.3154060848624,-306.3154060848624,True,128.14726921137748,False,True,0.1015551683891855,0.0040435308519365,2.0,True,1.0,8.000:8.000|19.243:9.747|22.500:11.174|40.528:17.022|46.030:16.195|57.583:18.101|64.678:27.468|67.400:33.052|71.186:36.558|84.013:41.165|71.219:53.086|70.646:56.809|75.625:68.944|86.061:64.334|70.488:81.751|68.849:87.854|52.505:90.073|51.807:85.552|46.119:62.180|41.186:64.095|43.977:52.511|36.080:52.161|30.029:49.280|29.763:56.845|9.657:66.656|19.650:80.102|8.000:8.000,0-8-30-17-10-26-29-18-27-7-28-19-9-25-2-5-31-4-24-15-1-32-21-11-20-6-0,0.0021580648608505
118,moderate,cluttered,ValuePerDistance,32,22,0.6875,0.762962962962963,0.0,False,51.5,67.5,1667.6449024858653,1680.6011492606503,-467.64490248586543,-547.6449024858655,True,136.75666881571087,False,True,0.2602012268555175,0.0127170049871909,2.0,True,1.0,8.000:8.000|22.500:11.174|19.243:9.747|18.339:41.141|30.029:49.280|36.080:52.161|29.763:56.845|41.186:64.095|46.119:62.180|70.646:56.809|71.219:53.086|64.678:27.468|57.583:18.101|46.030:16.195|40.528:17.022|30.061:24.040|31.916:29.706|9.657:66.656|19.650:80.102|51.807:85.552|52.505:90.073|68.849:87.854|70.488:81.751|8.000:8.000,0-30-8-12-21-32-11-15-24-19-28-29-26-10-17-14-22-20-6-4-31-5-2-0,0.0017784289084374
118,moderate,cluttered,WindAwareGreedy,32,19,0.59375,0.6814814814814815,0.0,False,46.0,67.5,1621.3195818946822,1647.2896268899085,-421.31958189468185,-501.31958189468185,True,130.01488004223836,False,True,0.306284420091014,0.0177099279074374,2.0,True,1.0,8.000:8.000|22.500:11.174|18.339:41.141|30.029:49.280|36.080:52.161|46.119:62.180|41.186:64.095|70.646:56.809|71.219:53.086|64.678:27.468|57.583:18.101|46.030:16.195|30.061:24.040|40.528:17.022|31.916:29.706|29.763:56.845|9.657:66.656|19.650:80.102|51.807:85.552|52.505:90.073|8.000:8.000,0-30-12-21-32-24-15-19-28-29-26-10-14-17-22-11-20-6-4-31-0,0.0026411260478198
118,moderate,cluttered,ReserveOnlyPlanner,32,15,0.46875,0.5259259259259259,0.5259259259259259,True,35.5,67.5,1065.253822610867,1158.0322151169985,134.7461773891332,54.74617738913321,False,83.72205714530666,True,False,0.1517370964646315,0.0099188266708695,2.0,False,1.0,8.000:8.000|22.500:11.174|30.061:24.040|30.029:49.280|36.080:52.161|46.119:62.180|41.186:64.095|70.646:56.809|71.219:53.086|64.678:27.468|73.609:20.549|81.985:15.473|57.583:18.101|46.030:16.195|40.528:17.022|19.243:9.747|8.000:8.000,0-30-14-21-32-24-15-19-28-29-13-16-26-10-17-8-0,0.0028456659056246
118,moderate,cluttered,FairRiskAwareGreedy,32,13,0.40625,0.4666666666666667,0.4666666666666667,True,31.5,67.5,1054.8746521124974,1084.243590385996,145.12534788750253,65.12534788750253,False,111.1003499049172,True,False,0.0050906884046191,0.0003636226316947,2.0,False,1.0,8.000:8.000|22.500:11.174|64.678:27.468|46.119:62.180|30.029:49.280|30.061:24.040|36.080:52.161|70.646:56.809|71.219:53.086|68.849:87.854|46.030:16.195|40.528:17.022|57.583:18.101|19.243:9.747|8.000:8.000,0-30-29-24-21-14-32-19-28-5-10-17-26-8-0,0.0018822909332811
118,moderate,cluttered,FairALNSPlanner,32,5,0.15625,0.1851851851851851,0.1851851851851851,True,12.5,67.5,388.6563175187857,424.22202389947824,811.3436824812145,731.3436824812145,False,40.61671184074392,True,False,0.0001205943943666,2.0099072419880556e-05,2.8284271247461903,False,1.0,8.000:8.000|30.061:24.040|31.916:29.706|30.029:49.280|9.657:66.656|18.339:41.141|8.000:8.000,0-14-22-21-20-12-0,6.182356433011591
118,moderate,cluttered,RAWA-RHP,32,25,0.78125,0.8,0.8,True,54.0,67.5,1040.340669352364,1174.499740066288,159.65933064763567,79.65933064763567,False,129.94490184451732,True,False,0.041244841637984,0.0016152455056551,2.0,False,1.0,8.000:8.000|19.243:9.747|22.500:11.174|40.528:17.022|46.030:16.195|57.583:18.101|73.609:20.549|64.678:27.468|67.400:33.052|46.119:62.180|41.186:64.095|29.763:56.845|9.657:66.656|19.650:80.102|51.807:85.552|52.505:90.073|68.849:87.854|70.488:81.751|75.625:68.944|70.646:56.809|71.219:53.086|43.977:52.511|36.080:52.161|30.029:49.280|31.916:29.706|30.061:24.040|8.000:8.000,0-8-30-17-10-26-13-29-18-24-15-11-20-6-4-31-5-2-9-19-28-1-32-21-22-14-0,67.59188602911308
119,severe,sparse,NearestNeighbor,32,8,0.25,0.2408759124087591,0.0,False,16.5,68.5,1313.156788914591,1330.9830021809082,-113.15678891459096,-193.15678891459092,True,55.422105778065145,False,True,0.0594172873849191,0.0066140346967453,2.0,True,1.0,8.000:8.000|31.698:29.822|36.216:41.018|27.648:47.278|25.357:46.396|12.247:45.429|23.896:60.455|27.588:68.099|44.528:67.721|8.000:8.000,0-30-25-21-23-1-6-8-5-0,0.0009752640035003
119,severe,sparse,ValuePerDistance,32,7,0.21875,0.2262773722627737,0.0,False,15.5,68.5,1340.7908064721291,1337.6094375908904,-140.79080647212913,-220.79080647212916,True,51.88397452573884,False,True,0.0018882648608973,0.0002360686701007,2.8284271247461903,True,1.0,8.000:8.000|25.357:46.396|27.648:47.278|36.216:41.018|31.698:29.822|64.949:32.490|69.538:31.682|70.203:28.097|8.000:8.000,0-23-21-25-30-18-19-7-0,0.0006902748718857
119,severe,sparse,WindAwareGreedy,32,6,0.1875,0.218978102189781,0.0,False,15.0,68.5,1314.132637553224,1276.515929936276,-114.13263755322389,-194.13263755322387,True,49.55044454964111,False,True,0.00325276351304,0.0004651565368278,2.8284271247461903,True,1.0,8.000:8.000|12.247:45.429|25.357:46.396|27.648:47.278|36.216:41.018|31.698:29.822|53.723:56.673|8.000:8.000,0-1-23-21-25-30-3-0,0.0006948090158402
119,severe,sparse,ReserveOnlyPlanner,32,5,0.15625,0.1751824817518248,0.1751824817518248,True,12.0,68.5,762.236840402894,831.6793219995194,437.7631595971059,357.7631595971059,False,32.988237331435656,True,False,0.0018864942220631,0.0003144625627616,2.8284271247461903,False,1.0,8.000:8.000|12.247:45.429|25.357:46.396|27.648:47.278|36.216:41.018|31.698:29.822|8.000:8.000,0-1-23-21-25-30-0,0.0006249421276152
119,severe,sparse,FairRiskAwareGreedy,32,12,0.375,0.5036496350364964,0.5036496350364964,True,34.5,68.5,913.6942492355656,966.0250453802772,286.30575076443483,206.30575076443483,False,80.51431240317427,True,False,0.0039062427451193,0.0003008666039123,2.8284271247461903,False,1.0,8.000:8.000|25.357:46.396|36.216:41.018|53.723:56.673|57.843:54.590|61.033:52.853|64.949:32.490|76.258:46.955|78.568:53.114|82.853:64.355|91.630:70.611|69.868:47.411|31.698:29.822|8.000:8.000,0-23-25-3-2-26-18-24-4-13-11-16-30-0,0.0023458539508283
119,severe,sparse,FairALNSPlanner,32,19,0.59375,0.708029197080292,0.708029197080292,True,48.5,68.5,1045.9591723840867,1225.4188003631302,154.040827615913,74.040827615913,False,102.16260608365972,True,False,0.0087427670365408,0.0004379995662995,2.8284271247461903,False,1.0,8.000:8.000|12.247:45.429|25.357:46.396|27.648:47.278|76.258:46.955|78.568:53.114|75.568:56.385|79.345:65.782|82.853:64.355|88.756:61.143|91.630:70.611|86.576:77.582|78.062:87.099|79.393:79.751|61.033:52.853|57.843:54.590|69.868:47.411|53.723:56.673|36.216:41.018|31.698:29.822|8.000:8.000,0-1-23-21-24-4-10-9-13-31-11-15-22-17-26-2-16-3-25-30-0,9.759422162082046
119,severe,sparse,RAWA-RHP,32,24,0.75,0.8248175182481752,0.8248175182481752,True,56.5,68.5,1032.9683636567206,1247.5731180221003,167.03163634327933,87.03163634327933,False,110.21542905159004,True,False,0.0439156163337522,0.0017591979510969,2.0,False,1.0,8.000:8.000|12.247:45.429|25.357:46.396|27.648:47.278|36.216:41.018|53.723:56.673|57.843:54.590|61.033:52.853|69.868:47.411|72.659:47.345|76.258:46.955|78.568:53.114|75.568:56.385|79.345:65.782|82.853:64.355|83.643:62.468|88.756:61.143|91.630:70.611|86.576:77.582|79.393:79.751|78.062:87.099|61.072:73.309|54.452:78.950|44.528:67.721|31.698:29.822|8.000:8.000,0-1-23-21-25-3-2-26-16-27-24-4-10-9-13-29-31-11-15-17-22-20-32-5-30-0,23.757689093938097
120,severe,sparse,NearestNeighbor,32,21,0.65625,0.6258992805755396,0.0,False,43.5,69.5,2266.482451640386,2282.2337537080566,-1066.4824516403858,-1146.4824516403858,True,114.50182429105908,False,True,0.3879831054169042,0.0212807789977157,2.0,True,1.0,8.000:8.000|29.047:15.990|16.773:30.692|43.500:35.015|45.512:29.523|57.289:16.415|65.097:16.198|68.340:17.467|76.228:8.120|83.804:20.716|82.527:22.999|78.293:27.814|76.338:26.799|75.555:29.738|63.912:34.754|60.710:29.802|58.898:48.519|52.214:54.649|67.178:52.826|71.117:70.054|74.044:71.342|83.210:77.470|8.000:8.000,0-16-24-8-20-3-32-15-27-11-9-30-4-29-7-22-10-2-18-14-5-17-0,0.0017661850433796
120,severe,sparse,ValuePerDistance,32,18,0.5625,0.5467625899280576,0.0,False,38.0,69.5,1819.3698912245309,1791.6678666002886,-619.3698912245312,-699.3698912245312,True,95.90489669846144,False,True,0.1958965136306172,0.0111558092328639,2.0,True,1.0,8.000:8.000|29.047:15.990|16.773:30.692|45.512:29.523|43.500:35.015|63.912:34.754|60.710:29.802|57.289:16.415|65.097:16.198|68.340:17.467|78.293:27.814|76.338:26.799|75.555:29.738|82.527:22.999|83.804:20.716|88.943:27.392|67.178:52.826|58.898:48.519|52.214:54.649|8.000:8.000,0-16-24-20-8-7-22-3-32-15-30-4-29-9-11-12-18-10-2-0,0.0012642338406294
120,severe,sparse,WindAwareGreedy,32,16,0.5,0.5611510791366906,0.0,False,39.0,69.5,2212.269632858537,2217.154179388108,-1012.2696328585369,-1092.2696328585369,True,104.51766657741028,False,True,0.185888859637235,0.0116733194525666,2.0,True,1.0,8.000:8.000|29.047:15.990|16.773:30.692|45.512:29.523|63.912:34.754|78.293:27.814|75.555:29.738|82.527:22.999|83.804:20.716|65.097:16.198|57.289:16.415|60.710:29.802|67.178:52.826|84.344:65.920|74.044:71.342|71.117:70.054|68.778:83.016|8.000:8.000,0-16-24-20-7-30-29-9-11-32-3-22-18-31-5-14-26-0,0.001350297126919
120,severe,sparse,ReserveOnlyPlanner,32,7,0.21875,0.2661870503597122,0.2661870503597122,True,18.5,69.5,1050.8989343508483,1160.8149951748503,149.10106564915174,69.10106564915174,False,50.59084922968954,True,False,0.0674895637244058,0.0084386328392569,2.0,False,1.0,8.000:8.000|29.047:15.990|16.773:30.692|45.512:29.523|63.912:34.754|60.710:29.802|65.097:16.198|57.289:16.415|8.000:8.000,0-16-24-20-7-22-32-3-0,0.0007698410190641
120,severe,sparse,FairRiskAwareGreedy,32,11,0.34375,0.4028776978417266,0.4028776978417266,True,28.0,69.5,1075.132700340618,1139.6009715018122,124.86729965938213,44.86729965938213,False,92.21637307889551,True,False,0.000985875816264,8.2185739012632e-05,2.8284271247461903,False,1.0,8.000:8.000|29.047:15.990|16.773:30.692|57.289:16.415|65.097:16.198|78.293:27.814|67.178:52.826|84.344:65.920|59.825:75.671|45.512:29.523|43.500:35.015|58.898:48.519|8.000:8.000,0-16-24-3-32-30-18-31-23-20-8-10-0,0.001575396163389
120,severe,sparse,FairALNSPlanner,32,14,0.4375,0.4892086330935252,0.4892086330935252,True,34.0,69.5,1052.2774900482011,1207.245511439624,147.72250995179894,67.72250995179894,False,95.5184344108596,True,False,0.0101014787347778,0.000674080337722,2.8284271247461903,False,1.0,8.000:8.000|29.047:15.990|57.289:16.415|63.912:34.754|75.555:29.738|67.178:52.826|60.710:29.802|84.344:65.920|74.044:71.342|71.117:70.054|68.778:83.016|59.825:75.671|52.214:54.649|45.512:29.523|16.773:30.692|8.000:8.000,0-16-3-7-29-18-22-31-5-14-26-23-2-20-24-0,4.99719147500582
120,severe,sparse,RAWA-RHP,32,19,0.59375,0.697841726618705,0.697841726618705,True,48.5,69.5,1042.5055928379002,1220.3386730798854,157.49440716209983,77.49440716209983,False,103.19189331439333,True,False,0.0037520639832918,0.000187888162801,2.8284271247461903,False,1.0,8.000:8.000|29.047:15.990|57.289:16.415|65.097:16.198|60.710:29.802|63.912:34.754|76.338:26.799|78.293:27.814|75.555:29.738|67.178:52.826|84.344:65.920|74.044:71.342|71.117:70.054|59.825:75.671|68.778:83.016|61.055:86.141|58.901:88.143|53.516:80.840|31.227:77.816|16.773:30.692|8.000:8.000,0-16-3-32-22-7-4-30-29-18-31-5-14-23-26-19-21-6-13-24-0,14.95811994606629
117,calm,cluttered,NearestNeighbor,32,30,0.9375,0.9333333333333332,0.0,False,56.0,60.0,1375.1530633867185,1370.276742092581,-175.15306338671888,-255.15306338671888,True,162.33073713505792,False,True,0.0251638745682337,0.0008203582418368,2.0,True,1.0,8.000:8.000|17.238:23.918|21.748:30.389|23.070:39.335|26.744:38.939|30.784:49.385|32.814:49.821|24.139:55.030|18.003:47.240|24.100:70.647|38.729:63.931|39.411:58.521|43.991:69.269|48.504:68.515|52.351:72.328|56.414:59.212|55.292:57.059|59.113:52.765|65.054:43.628|66.225:45.295|68.702:45.453|78.054:45.898|79.859:32.660|77.998:23.012|87.550:19.315|85.615:13.815|95.650:25.119|61.251:14.611|62.010:26.001|45.132:12.320|68.494:71.621|8.000:8.000,0-22-25-32-1-7-2-29-4-12-3-20-18-11-5-21-26-16-17-14-9-27-15-10-23-31-24-8-13-28-30-0,0.0021461599972099
117,calm,cluttered,ValuePerDistance,32,29,0.90625,0.9166666666666666,0.9166666666666666,True,55.0,60.0,1141.96475692002,1132.91477360439,58.03524307998038,-21.964756920019617,True,141.45075738124942,True,False,0.0180616867390157,0.0006068440842552,2.0,False,1.0,8.000:8.000|21.748:30.389|23.070:39.335|26.744:38.939|32.814:49.821|30.784:49.385|39.411:58.521|38.729:63.931|43.991:69.269|48.504:68.515|52.351:72.328|68.494:71.621|56.414:59.212|55.292:57.059|59.113:52.765|65.054:43.628|66.225:45.295|68.702:45.453|78.054:45.898|79.859:32.660|77.998:23.012|85.615:13.815|87.550:19.315|95.650:25.119|45.132:12.320|61.251:14.611|62.010:26.001|24.139:55.030|18.003:47.240|17.238:23.918|8.000:8.000,0-25-32-1-2-7-20-3-18-11-5-30-21-26-16-17-14-9-27-15-10-31-23-24-28-8-13-29-4-22-0,0.0016422939952462
117,calm,cluttered,WindAwareGreedy,32,23,0.71875,0.825,0.0,False,49.5,60.0,1395.0237381833938,1382.6477215440384,-195.0237381833938,-275.0237381833938,True,152.66991901076042,False,True,0.0251374226588475,0.0010574986713227,2.0,True,1.0,8.000:8.000|21.748:30.389|26.744:38.939|23.070:39.335|39.411:58.521|38.729:63.931|32.814:49.821|30.784:49.385|56.414:59.212|68.494:71.621|78.054:45.898|66.225:45.295|65.054:43.628|79.859:32.660|85.615:13.815|45.132:12.320|61.251:14.611|77.998:23.012|87.550:19.315|95.650:25.119|52.351:72.328|43.991:69.269|41.853:84.835|44.026:84.344|8.000:8.000,0-25-1-32-20-3-2-7-21-30-27-14-17-15-31-28-8-10-23-24-5-18-19-6-0,0.0016816910356283
117,calm,cluttered,ReserveOnlyPlanner,32,24,0.75,0.8083333333333333,0.8083333333333333,True,48.5,60.0,1054.8585966981293,1095.451443222757,145.14140330187053,65.14140330187053,False,127.27995174516968,True,False,0.0202243938488653,0.0008161279533752,2.0,False,1.0,8.000:8.000|21.748:30.389|26.744:38.939|23.070:39.335|32.814:49.821|39.411:58.521|38.729:63.931|43.991:69.269|68.494:71.621|56.414:59.212|55.292:57.059|65.054:43.628|66.225:45.295|78.054:45.898|79.859:32.660|85.615:13.815|87.550:19.315|77.998:23.012|45.132:12.320|61.251:14.611|62.010:26.001|30.784:49.385|24.139:55.030|18.003:47.240|17.238:23.918|8.000:8.000,0-25-1-32-2-20-3-18-30-21-26-17-14-27-15-31-23-10-28-8-13-7-29-4-22-0,0.0018870350904762
117,calm,cluttered,FairRiskAwareGreedy,32,19,0.59375,0.7,0.7,True,42.0,60.0,1088.3551549800477,1108.8259587549485,111.64484501995278,31.644845019952783,False,127.50995971258784,True,False,0.0143079083862104,0.0007197617307501,2.0,False,1.0,8.000:8.000|21.748:30.389|23.070:39.335|26.744:38.939|39.411:58.521|38.729:63.931|32.814:49.821|30.784:49.385|68.494:71.621|56.414:59.212|78.054:45.898|66.225:45.295|65.054:43.628|79.859:32.660|85.615:13.815|45.132:12.320|18.003:47.240|24.139:55.030|43.991:69.269|17.238:23.918|8.000:8.000,0-25-32-1-20-3-2-7-30-21-27-14-17-15-31-28-4-29-18-22-0,0.0028849190566688
117,calm,cluttered,FairALNSPlanner,32,26,0.8125,0.8916666666666667,0.8916666666666667,True,53.5,60.0,1048.774532594393,1121.67765840124,151.22546740560767,71.22546740560767,False,133.27625319009036,True,False,0.0324377928709824,0.0012177050741883,2.0,False,1.0,8.000:8.000|21.748:30.389|26.744:38.939|23.070:39.335|18.003:47.240|24.139:55.030|38.729:63.931|43.991:69.269|41.853:84.835|44.026:84.344|52.351:72.328|68.494:71.621|78.054:45.898|79.859:32.660|85.615:13.815|87.550:19.315|77.998:23.012|68.702:45.453|66.225:45.295|65.054:43.628|59.113:52.765|56.414:59.212|55.292:57.059|39.411:58.521|32.814:49.821|30.784:49.385|45.132:12.320|8.000:8.000,0-25-1-32-4-29-3-18-19-6-5-30-27-15-31-23-10-9-14-17-16-21-26-20-2-7-28-0,17.948525067884475
117,calm,cluttered,RAWA-RHP,32,30,0.9375,0.9666666666666668,0.9666666666666668,True,58.0,60.0,1045.4305441858269,1108.353017091198,154.56945581417332,74.56945581417332,False,139.57117616182668,True,False,0.0225035435873236,0.0007322336440458,2.0,False,1.0,8.000:8.000|45.132:12.320|61.251:14.611|85.615:13.815|95.650:25.119|87.550:19.315|77.998:23.012|79.859:32.660|65.054:43.628|66.225:45.295|68.702:45.453|78.054:45.898|68.494:71.621|59.113:52.765|55.292:57.059|56.414:59.212|52.351:72.328|44.026:84.344|41.853:84.835|48.504:68.515|43.991:69.269|38.729:63.931|39.411:58.521|32.814:49.821|30.784:49.385|24.139:55.030|18.003:47.240|23.070:39.335|26.744:38.939|21.748:30.389|17.238:23.918|8.000:8.000,0-28-8-31-24-23-10-15-17-14-9-27-30-16-26-21-5-6-19-11-18-3-20-2-7-29-4-32-1-25-22-0,132.93725979491137
118,moderate,sparse,NearestNeighbor,32,30,0.9375,0.931297709923664,0.0,False,61.0,65.5,1704.4250335418446,1737.7067687138267,-504.4250335418444,-584.4250335418444,True,155.33846012891482,False,True,0.2248294976975114,0.0080119178046054,2.0,True,1.0,8.000:8.000|33.428:22.499|35.337:21.026|43.837:14.675|54.600:21.759|51.415:24.315|53.450:25.388|49.071:29.405|54.393:42.609|66.950:45.104|68.823:47.585|65.105:57.599|46.513:62.009|44.065:59.075|30.006:55.086|32.178:47.794|33.876:46.264|27.695:40.563|18.275:48.945|21.842:58.694|18.786:74.366|30.366:73.311|37.309:72.538|39.057:74.764|39.289:77.419|37.070:78.157|37.853:85.577|43.735:80.321|31.512:92.076|86.999:71.715|88.658:43.860|8.000:8.000,0-8-27-18-32-21-10-14-30-20-17-15-11-24-5-6-31-1-3-28-29-13-23-16-25-7-2-9-12-22-19-0,0.0061263090465217
118,moderate,sparse,ValuePerDistance,32,24,0.75,0.7938931297709924,0.0,False,52.0,65.5,1562.034821953304,1569.7268602994227,-362.034821953304,-442.034821953304,True,133.8755979356963,False,True,0.1552615494646181,0.0066221102008733,2.0,True,1.0,8.000:8.000|35.337:21.026|33.428:22.499|43.837:14.675|53.450:25.388|51.415:24.315|54.600:21.759|67.326:20.505|54.393:42.609|68.823:47.585|66.950:45.104|65.105:57.599|88.658:43.860|82.981:25.292|49.071:29.405|27.695:40.563|33.876:46.264|32.178:47.794|30.006:55.086|21.842:58.694|18.275:48.945|30.366:73.311|37.070:78.157|39.289:77.419|39.057:74.764|8.000:8.000,0-27-8-18-10-21-32-26-30-17-20-15-19-4-14-1-31-6-5-28-3-13-7-25-16-0,0.0017060649115592
118,moderate,sparse,WindAwareGreedy,32,18,0.5625,0.6946564885496184,0.0,False,45.5,65.5,1364.7295803355023,1347.2732264460117,-164.72958033550276,-244.7295803355028,True,112.91089851403667,False,True,0.0938003445802359,0.0051049535859873,2.0,True,1.0,8.000:8.000|35.337:21.026|43.837:14.675|53.450:25.388|54.393:42.609|65.105:57.599|88.658:43.860|68.823:47.585|67.326:20.505|54.600:21.759|27.695:40.563|30.006:55.086|30.366:73.311|37.853:85.577|37.070:78.157|39.289:77.419|43.735:80.321|39.057:74.764|18.275:48.945|8.000:8.000,0-27-18-10-30-15-19-17-26-32-1-5-13-2-7-25-9-16-3-0,0.0050637840759009
118,moderate,sparse,ReserveOnlyPlanner,32,14,0.4375,0.5419847328244275,0.5419847328244275,True,35.5,65.5,1074.9522560491062,1168.54011473347,125.04774395089368,45.04774395089368,False,90.06299679598344,True,False,0.0983781101236151,0.0067944797850921,2.0,False,1.0,8.000:8.000|35.337:21.026|43.837:14.675|53.450:25.388|54.393:42.609|65.105:57.599|88.658:43.860|68.823:47.585|67.326:20.505|54.600:21.759|51.415:24.315|49.071:29.405|27.695:40.563|30.006:55.086|18.275:48.945|8.000:8.000,0-27-18-10-30-15-19-17-26-32-21-14-1-5-3-0,0.001549795968458
118,moderate,sparse,FairRiskAwareGreedy,32,16,0.5,0.5648854961832062,0.5648854961832062,True,37.0,65.5,1097.506276404175,1140.6854338733908,102.4937235958251,22.493723595825102,False,120.43553721390832,True,False,0.0024675325852028,0.0001451806631191,2.0,False,1.0,8.000:8.000|35.337:21.026|54.393:42.609|43.837:14.675|67.326:20.505|88.658:43.860|68.823:47.585|27.695:40.563|30.006:55.086|65.105:57.599|37.853:85.577|30.366:73.311|18.786:74.366|21.842:58.694|33.876:46.264|32.178:47.794|33.428:22.499|8.000:8.000,0-27-30-18-26-19-17-1-5-15-2-13-29-28-31-6-8-0,0.0079575979616492
118,moderate,sparse,FairALNSPlanner,32,27,0.84375,0.8778625954198473,0.8778625954198473,True,57.5,65.5,1045.5063709279389,1214.8319945729506,154.49362907206068,74.49362907206068,False,132.89782261869453,True,False,0.0158917079644743,0.000570008799748,2.0,False,1.0,8.000:8.000|35.337:21.026|33.428:22.499|27.695:40.563|33.876:46.264|30.006:55.086|21.842:58.694|18.786:74.366|30.366:73.311|37.309:72.538|39.057:74.764|39.289:77.419|37.070:78.157|37.853:85.577|31.512:92.076|43.735:80.321|65.105:57.599|88.658:43.860|82.981:25.292|68.823:47.585|66.950:45.104|54.393:42.609|49.071:29.405|53.450:25.388|51.415:24.315|54.600:21.759|67.326:20.505|43.837:14.675|8.000:8.000,0-27-8-1-31-5-28-29-13-23-16-25-7-2-12-9-15-19-4-17-20-30-14-10-21-32-26-18-0,18.01949560502544
118,moderate,sparse,RAWA-RHP,32,28,0.875,0.8854961832061069,0.8854961832061069,True,58.0,65.5,1023.0581382788864,1185.589578887905,176.94186172111313,96.94186172111311,False,133.12244185476092,True,False,0.0596119535098634,0.0020993266593159,2.0,False,1.0,8.000:8.000|43.837:14.675|54.600:21.759|67.326:20.505|53.450:25.388|51.415:24.315|49.071:29.405|35.337:21.026|33.428:22.499|54.393:42.609|66.950:45.104|68.823:47.585|88.658:43.860|65.105:57.599|46.513:62.009|44.065:59.075|37.309:72.538|39.057:74.764|39.289:77.419|43.735:80.321|37.853:85.577|37.070:78.157|30.366:73.311|18.786:74.366|21.842:58.694|30.006:55.086|32.178:47.794|33.876:46.264|27.695:40.563|8.000:8.000,0-18-32-26-10-21-14-27-8-30-20-17-19-15-11-24-23-16-25-9-2-7-13-29-28-5-6-31-1-0,105.9080311669968
120,severe,cluttered,NearestNeighbor,32,21,0.65625,0.6474820143884892,0.0,False,45.0,69.5,1566.9517572702753,1572.934631680765,-366.9517572702753,-446.9517572702753,True,93.58151068593578,False,True,0.2801255499613648,0.0144016418906826,2.0,True,1.0,8.000:8.000|19.901:23.256|24.502:25.235|26.784:25.291|32.022:28.364|35.185:34.816|52.143:35.451|55.081:34.932|50.760:38.444|62.050:37.496|64.794:36.262|67.463:41.016|68.459:43.819|66.389:51.729|79.058:50.827|79.511:40.615|87.127:40.777|72.942:20.465|65.489:17.692|56.823:14.586|44.958:10.991|48.389:24.356|8.000:8.000,0-3-6-12-30-5-4-9-25-10-27-28-18-31-7-24-22-21-19-17-14-11-0,0.0017813921440392
120,severe,cluttered,ValuePerDistance,32,22,0.6875,0.7122302158273381,0.0,False,49.5,69.5,1991.062819807321,1971.0067575267592,-791.0628198073207,-871.0628198073207,True,107.27181875244511,False,True,0.207391325065383,0.0098154031884116,2.0,True,1.0,8.000:8.000|15.541:27.681|19.901:23.256|32.022:28.364|35.185:34.816|48.389:24.356|56.823:14.586|65.489:17.692|72.942:20.465|79.511:40.615|87.127:40.777|79.058:50.827|66.389:51.729|68.459:43.819|67.463:41.016|64.794:36.262|62.050:37.496|55.081:34.932|52.143:35.451|50.760:38.444|44.049:56.816|53.116:61.821|53.841:67.933|8.000:8.000,0-2-3-30-5-11-17-19-21-24-22-7-31-18-28-27-10-9-4-25-8-16-23-0,0.0014266041107475
120,severe,cluttered,WindAwareGreedy,32,19,0.59375,0.6258992805755396,0.0,False,43.5,69.5,1913.4843375543944,1913.210177654161,-713.4843375543946,-793.4843375543946,True,101.12856483378256,False,True,0.1986532017262303,0.0108326265365866,2.0,True,1.0,8.000:8.000|15.541:27.681|19.901:23.256|32.022:28.364|44.958:10.991|56.823:14.586|65.489:17.692|72.942:20.465|79.511:40.615|79.058:50.827|68.459:43.819|66.389:51.729|67.463:41.016|64.794:36.262|55.081:34.932|50.760:38.444|48.389:24.356|35.185:34.816|52.143:35.451|62.050:37.496|8.000:8.000,0-2-3-30-14-17-19-21-24-7-18-31-28-27-9-25-11-5-4-10-0,0.0014729250688105
120,severe,cluttered,ReserveOnlyPlanner,32,10,0.3125,0.2949640287769784,0.2949640287769784,True,20.5,69.5,1086.7787052635913,1169.0859109479666,113.2212947364086,33.221294736408595,False,55.51773487446156,True,False,0.1173529217217601,0.0110197057076041,2.0,False,1.0,8.000:8.000|15.541:27.681|19.901:23.256|32.022:28.364|35.185:34.816|50.760:38.444|55.081:34.932|64.794:36.262|68.459:43.819|24.502:25.235|26.784:25.291|8.000:8.000,0-2-3-30-5-25-9-27-18-6-12-0,0.0011096908710896
120,severe,cluttered,FairRiskAwareGreedy,32,14,0.4375,0.539568345323741,0.539568345323741,True,37.5,69.5,1058.5569963300827,1105.9314978005395,141.44300366991737,61.44300366991735,False,95.09918349255936,True,False,0.0082732888241806,0.0005526795989271,2.8284271247461903,False,1.0,8.000:8.000|15.541:27.681|19.901:23.256|32.022:28.364|32.820:69.967|54.033:77.074|44.049:56.816|66.389:51.729|68.459:43.819|79.511:40.615|79.058:50.827|64.794:36.262|56.823:14.586|44.958:10.991|65.489:17.692|8.000:8.000,0-2-3-30-15-13-8-31-18-24-7-27-17-14-19-0,0.0020799119956791
120,severe,cluttered,FairALNSPlanner,32,21,0.65625,0.7194244604316546,0.7194244604316546,True,50.0,69.5,1028.580341551573,1229.8647410966948,171.41965844842713,91.41965844842711,False,106.2089483796423,True,False,0.0474607796985049,0.0021742858209283,2.0,False,1.0,8.000:8.000|24.502:25.235|32.022:28.364|44.958:10.991|56.823:14.586|48.389:24.356|52.143:35.451|55.081:34.932|64.794:36.262|67.463:41.016|68.459:43.819|87.127:40.777|79.511:40.615|79.058:50.827|66.389:51.729|44.049:56.816|53.116:61.821|53.841:67.933|54.033:77.074|32.820:69.967|15.541:27.681|19.901:23.256|8.000:8.000,0-6-30-14-17-11-4-9-27-28-18-22-24-7-31-8-16-23-13-15-2-3-0,12.845609684009103
120,severe,cluttered,RAWA-RHP,32,23,0.71875,0.762589928057554,0.762589928057554,True,53.0,69.5,1023.2660847377704,1224.7352287933957,176.73391526222943,96.73391526222944,False,108.79711850001225,True,False,0.0678122426316539,0.0028845009448011,2.0,False,1.0,8.000:8.000|44.958:10.991|56.823:14.586|48.389:24.356|55.081:34.932|62.050:37.496|64.794:36.262|67.463:41.016|68.459:43.819|87.127:40.777|79.511:40.615|79.058:50.827|66.389:51.729|44.049:56.816|53.116:61.821|53.841:67.933|54.033:77.074|32.820:69.967|35.185:34.816|32.022:28.364|26.784:25.291|24.502:25.235|19.901:23.256|15.541:27.681|8.000:8.000,0-14-17-11-9-10-27-28-18-22-24-7-31-8-16-23-13-15-5-30-12-6-3-2-0,40.40187280089594
121,calm,sparse,NearestNeighbor,32,32,1.0,1.0,0.0,False,65.0,65.0,1286.8910099302527,1298.4015635453866,-86.89100993025271,-166.89100993025272,True,160.23275960375483,False,True,0.0087304845593981,0.0002654678825734,2.0,True,1.0,8.000:8.000|15.317:15.146|14.229:17.425|18.629:9.752|30.903:15.207|20.325:24.773|19.788:35.928|17.747:36.822|30.850:50.439|33.873:52.503|38.204:54.566|41.646:55.781|42.061:38.529|57.035:41.781|61.225:40.018|64.280:36.909|63.627:32.588|59.241:26.183|60.683:23.222|70.995:25.702|78.263:15.775|60.992:65.066|72.564:77.061|85.592:84.480|91.292:91.161|95.821:83.744|60.689:96.448|50.386:92.293|31.692:87.872|17.239:89.356|22.074:74.873|25.536:62.424|27.081:59.491|8.000:8.000,0-17-30-15-20-3-21-31-24-8-11-12-28-5-2-18-29-14-1-13-19-23-22-25-26-10-4-27-9-32-7-16-6-0,0.0021811800543218
121,calm,sparse,ValuePerDistance,32,30,0.9375,0.9692307692307692,0.0,False,63.0,65.0,1217.8524088610477,1217.5696026751305,-17.852408861047774,-97.85240886104778,True,153.29497421969953,False,True,0.0090416402058219,0.0002926540568808,2.0,True,1.0,8.000:8.000|15.317:15.146|14.229:17.425|20.325:24.773|19.788:35.928|17.747:36.822|38.204:54.566|41.646:55.781|33.873:52.503|30.850:50.439|27.081:59.491|25.536:62.424|22.074:74.873|31.692:87.872|17.239:89.356|50.386:92.293|60.992:65.066|72.564:77.061|85.592:84.480|91.292:91.161|95.821:83.744|61.225:40.018|64.280:36.909|57.035:41.781|42.061:38.529|59.241:26.183|60.683:23.222|70.995:25.702|63.627:32.588|30.903:15.207|18.629:9.752|8.000:8.000,0-17-30-3-21-31-11-12-8-24-6-16-7-9-32-27-23-22-25-26-10-2-18-5-28-14-1-13-29-20-15-0,0.0016929970588535
121,calm,sparse,WindAwareGreedy,32,20,0.625,0.7615384615384615,0.0,False,49.5,65.0,1320.234244050611,1307.0254476878283,-120.23424405061084,-200.23424405061084,True,146.38869766631936,False,True,0.0060322257686513,0.0002879023165734,2.0,True,1.0,8.000:8.000|15.317:15.146|19.788:35.928|20.325:24.773|14.229:17.425|18.629:9.752|30.903:15.207|38.204:54.566|61.225:40.018|70.995:25.702|42.061:38.529|60.992:65.066|31.692:87.872|17.239:89.356|27.081:59.491|25.536:62.424|50.386:92.293|72.564:77.061|57.035:41.781|64.280:36.909|59.241:26.183|8.000:8.000,0-17-21-3-30-15-20-11-2-13-28-23-9-32-6-16-27-22-5-18-14-0,0.0015858761034905
121,calm,sparse,ReserveOnlyPlanner,32,20,0.625,0.7153846153846154,0.7153846153846154,True,46.5,65.0,1107.417317632162,1138.1911394989447,92.58268236783827,12.582682367838288,False,127.4220907297086,True,False,0.0080105345673763,0.0003824437689519,2.0,False,1.0,8.000:8.000|15.317:15.146|19.788:35.928|20.325:24.773|14.229:17.425|18.629:9.752|30.903:15.207|38.204:54.566|27.081:59.491|31.692:87.872|17.239:89.356|60.992:65.066|61.225:40.018|70.995:25.702|59.241:26.183|42.061:38.529|57.035:41.781|64.280:36.909|63.627:32.588|60.683:23.222|17.747:36.822|8.000:8.000,0-17-21-3-30-15-20-11-6-9-32-23-2-13-14-28-5-18-29-1-31-0,0.0015669239219278
121,calm,sparse,FairRiskAwareGreedy,32,15,0.46875,0.6153846153846154,0.6153846153846154,True,40.0,65.0,1047.7318841912847,1067.5208603689505,152.2681158087153,72.2681158087153,False,120.19773972731826,True,False,0.003966433211201,0.0002482251129066,2.0,False,1.0,8.000:8.000|15.317:15.146|19.788:35.928|20.325:24.773|38.204:54.566|61.225:40.018|70.995:25.702|60.992:65.066|42.061:38.529|27.081:59.491|17.239:89.356|31.692:87.872|50.386:92.293|72.564:77.061|14.229:17.425|18.629:9.752|8.000:8.000,0-17-21-3-11-2-13-23-28-6-32-9-27-22-30-15-0,0.0026813719887286
121,calm,sparse,FairALNSPlanner,32,29,0.90625,0.946153846153846,0.946153846153846,True,61.5,65.0,1053.5572375352383,1130.9732924346836,146.4427624647616,66.44276246476159,False,139.22426260156791,True,False,0.0085158915404075,0.0002846284674712,2.0,False,1.0,8.000:8.000|15.317:15.146|14.229:17.425|20.325:24.773|42.061:38.529|59.241:26.183|70.995:25.702|63.627:32.588|64.280:36.909|61.225:40.018|57.035:41.781|60.992:65.066|72.564:77.061|85.592:84.480|91.292:91.161|60.689:96.448|50.386:92.293|31.692:87.872|17.239:89.356|22.074:74.873|25.536:62.424|27.081:59.491|30.850:50.439|33.873:52.503|41.646:55.781|38.204:54.566|19.788:35.928|17.747:36.822|30.903:15.207|18.629:9.752|8.000:8.000,0-17-30-3-28-14-13-29-18-2-5-23-22-25-26-4-27-9-32-7-16-6-24-8-12-11-21-31-20-15-0,18.801886931061745
121,calm,sparse,RAWA-RHP,32,30,0.9375,0.9692307692307692,0.9692307692307692,True,63.0,65.0,1050.5983981173692,1126.0024337529626,149.40160188263062,69.40160188263062,False,140.0707359980869,True,False,0.0112382270817326,0.0003641182533095,2.0,False,1.0,8.000:8.000|18.629:9.752|30.903:15.207|59.241:26.183|60.683:23.222|70.995:25.702|63.627:32.588|64.280:36.909|61.225:40.018|57.035:41.781|60.992:65.066|72.564:77.061|85.592:84.480|95.821:83.744|91.292:91.161|50.386:92.293|31.692:87.872|17.239:89.356|22.074:74.873|25.536:62.424|27.081:59.491|30.850:50.439|33.873:52.503|38.204:54.566|41.646:55.781|42.061:38.529|17.747:36.822|19.788:35.928|20.325:24.773|14.229:17.425|15.317:15.146|8.000:8.000,0-15-20-14-1-13-29-18-2-5-23-22-25-10-26-27-9-32-7-16-6-24-8-11-12-28-31-21-3-30-17-0,43.1272251480259
117,moderate,sparse,NearestNeighbor,32,27,0.84375,0.8306451612903226,0.0,False,51.5,62.0,1267.524221268351,1256.0361618054908,-67.52422126835124,-147.52422126835123,True,126.6891177284268,False,True,0.0300072949880267,0.0010830851726384,2.0,True,1.0,8.000:8.000|22.053:13.493|26.770:12.942|30.998:19.519|30.862:28.279|34.199:27.218|28.915:34.105|26.239:35.758|28.219:42.703|33.633:38.625|35.563:39.215|38.780:36.537|42.330:48.329|38.683:52.656|37.430:51.062|51.920:65.046|43.102:70.548|38.406:68.066|49.485:83.878|76.109:76.573|80.138:60.986|75.750:59.175|84.358:53.292|85.685:51.465|78.596:36.613|57.268:34.627|56.039:38.056|62.438:54.033|8.000:8.000,0-2-8-5-1-23-13-16-21-9-19-10-3-18-25-20-7-14-22-6-24-15-30-29-27-11-28-32-0,0.0021068339701741
117,moderate,sparse,ValuePerDistance,32,24,0.75,0.8064516129032258,0.8064516129032258,True,50.0,62.0,1162.1513430603072,1189.305989119699,37.84865693969294,-42.15134306030706,True,118.05628946898666,True,False,0.0828569621230191,0.0034248205731262,2.0,False,1.0,8.000:8.000|22.053:13.493|26.770:12.942|14.819:22.375|16.612:24.496|28.915:34.105|26.239:35.758|28.219:42.703|33.633:38.625|35.563:39.215|38.780:36.537|56.039:38.056|57.268:34.627|62.438:54.033|51.920:65.046|38.406:68.066|43.102:70.548|49.485:83.878|42.330:48.329|38.683:52.656|37.430:51.062|8.338:63.286|30.862:28.279|34.199:27.218|30.998:19.519|8.000:8.000,0-2-8-31-4-13-16-21-9-19-10-28-11-32-20-14-7-22-3-18-25-12-1-23-5-0,0.0016204488929361
117,moderate,sparse,WindAwareGreedy,32,21,0.65625,0.7338709677419355,0.0,False,45.5,62.0,1320.3717480763823,1322.748972646447,-120.371748076382,-200.371748076382,True,121.36356128785144,False,True,0.1409453318298608,0.0067052605529266,2.0,True,1.0,8.000:8.000|14.819:22.375|16.612:24.496|22.053:13.493|26.770:12.942|28.915:34.105|28.219:42.703|33.633:38.625|56.039:38.056|57.268:34.627|38.406:68.066|51.920:65.046|62.438:54.033|42.330:48.329|35.563:39.215|26.239:35.758|30.862:28.279|34.199:27.218|30.998:19.519|8.338:63.286|38.683:52.656|37.430:51.062|8.000:8.000,0-31-4-2-8-13-21-9-28-11-14-20-32-3-19-16-1-23-5-12-18-25-0,0.0018382449634373
117,moderate,sparse,ReserveOnlyPlanner,32,19,0.59375,0.6532258064516129,0.6532258064516129,True,40.5,62.0,1107.327062088945,1220.6027439307848,92.67293791105516,12.672937911055172,False,105.50658436723324,True,False,0.1343505592997683,0.00699484570756,2.0,False,1.0,8.000:8.000|14.819:22.375|16.612:24.496|22.053:13.493|26.770:12.942|28.915:34.105|28.219:42.703|33.633:38.625|35.563:39.215|56.039:38.056|57.268:34.627|38.406:68.066|8.338:63.286|26.239:35.758|30.862:28.279|34.199:27.218|30.998:19.519|42.330:48.329|38.683:52.656|37.430:51.062|8.000:8.000,0-31-4-2-8-13-21-9-19-28-11-14-12-16-1-23-5-3-18-25-0,0.0017527698073536
117,moderate,sparse,FairRiskAwareGreedy,32,18,0.5625,0.6693548387096774,0.6693548387096774,True,41.5,62.0,1049.0766005685991,1094.3807755271196,150.92339943140098,70.92339943140098,False,120.77596739789448,True,False,0.0034160601044539,0.0001799539222131,2.0,False,1.0,8.000:8.000|22.053:13.493|26.770:12.942|56.039:38.056|14.819:22.375|16.612:24.496|8.338:63.286|38.406:68.066|51.920:65.046|62.438:54.033|57.268:34.627|28.915:34.105|28.219:42.703|42.330:48.329|33.633:38.625|26.239:35.758|30.862:28.279|34.199:27.218|58.503:17.291|8.000:8.000,0-2-8-28-31-4-12-14-20-32-11-13-21-3-9-16-1-23-17-0,0.0026510059833526
117,moderate,sparse,FairALNSPlanner,32,27,0.84375,0.8870967741935484,0.8870967741935484,True,55.0,62.0,1053.355541812666,1221.7122564540591,146.644458187334,66.64445818733401,False,134.78869544521032,True,False,0.0219086465370386,0.0007873965874769,2.0,False,1.0,8.000:8.000|22.053:13.493|26.770:12.942|30.998:19.519|30.862:28.279|34.199:27.218|35.563:39.215|33.633:38.625|38.780:36.537|56.039:38.056|57.268:34.627|78.596:36.613|85.685:51.465|84.358:53.292|80.138:60.986|75.750:59.175|62.438:54.033|51.920:65.046|43.102:70.548|49.485:83.878|38.406:68.066|8.338:63.286|16.612:24.496|14.819:22.375|37.430:51.062|28.219:42.703|28.915:34.105|26.239:35.758|8.000:8.000,0-2-8-5-1-23-19-9-10-28-11-27-29-30-24-15-32-20-7-22-14-12-4-31-25-21-13-16-0,22.61982868192717
117,moderate,sparse,RAWA-RHP,32,29,0.90625,0.9435483870967742,0.9435483870967742,True,58.5,62.0,968.0049569201476,1116.8410338205003,231.99504307985188,151.99504307985188,False,130.31046253531812,True,False,0.0876360035917163,0.0029692324322053,2.0,False,1.0,8.000:8.000|16.612:24.496|14.819:22.375|8.338:63.286|38.406:68.066|43.102:70.548|49.485:83.878|51.920:65.046|62.438:54.033|75.750:59.175|80.138:60.986|84.358:53.292|85.685:51.465|78.596:36.613|57.268:34.627|56.039:38.056|42.330:48.329|38.683:52.656|37.430:51.062|28.219:42.703|33.633:38.625|35.563:39.215|38.780:36.537|28.915:34.105|26.239:35.758|34.199:27.218|30.862:28.279|30.998:19.519|26.770:12.942|22.053:13.493|8.000:8.000,0-4-31-12-14-7-22-20-32-15-24-30-29-27-11-28-3-18-25-21-9-19-10-13-16-23-1-5-8-2-0,155.09330669697374
121,calm,cluttered,NearestNeighbor,32,32,1.0,1.0,0.0,False,63.5,63.5,1300.3065536279814,1304.5485754122544,-100.30655362798144,-180.30655362798143,True,161.22668890519162,False,True,0.0161796855594428,0.0004936696867662,2.0,True,1.0,8.000:8.000|21.034:10.824|28.381:14.747|39.404:16.097|51.552:21.410|50.470:26.048|51.602:36.941|50.880:39.895|56.482:42.376|62.762:41.910|66.780:46.314|71.462:49.191|71.118:51.979|61.412:56.133|51.793:71.340|59.766:78.893|71.977:77.251|42.470:87.201|36.457:78.340|32.332:73.505|31.680:65.951|35.144:63.252|37.076:60.923|20.716:53.181|19.378:68.114|17.953:80.368|23.913:86.477|38.043:34.743|67.939:37.333|74.967:35.169|76.129:33.323|83.570:23.116|72.354:14.091|8.000:8.000,0-14-7-8-9-25-29-13-15-18-17-26-4-11-16-30-27-31-2-5-3-24-12-19-32-1-6-21-22-28-10-23-20-0,0.0022047308739274
121,calm,cluttered,ValuePerDistance,32,30,0.9375,0.9606299212598424,0.0,False,61.0,63.5,1363.2752474141755,1365.6362782844014,-163.2752474141752,-243.2752474141752,True,165.2003973226171,False,True,0.0076543433260952,0.0002476460474459,2.0,True,1.0,8.000:8.000|28.381:14.747|21.034:10.824|39.404:16.097|51.552:21.410|50.470:26.048|72.354:14.091|74.967:35.169|76.129:33.323|66.780:46.314|71.118:51.979|71.462:49.191|62.762:41.910|56.482:42.376|50.880:39.895|51.602:36.941|38.043:34.743|35.144:63.252|37.076:60.923|31.680:65.951|32.332:73.505|36.457:78.340|42.470:87.201|59.766:78.893|71.977:77.251|51.793:71.340|17.953:80.368|23.913:86.477|19.378:68.114|20.716:53.181|61.412:56.133|8.000:8.000,0-7-14-8-9-25-20-28-10-17-4-26-18-15-13-29-21-24-12-3-5-2-31-30-27-16-1-6-32-19-11-0,0.0017528971657156
121,calm,cluttered,WindAwareGreedy,32,22,0.6875,0.7874015748031497,0.0,False,50.0,63.5,1257.6850258562467,1262.4231870091471,-57.685025856246966,-137.68502585624697,True,144.13084909863696,False,True,0.0043882138536387,0.0001910746074224,2.0,True,1.0,8.000:8.000|28.381:14.747|72.354:14.091|74.967:35.169|71.118:51.979|66.780:46.314|62.762:41.910|56.482:42.376|35.144:63.252|17.953:80.368|59.766:78.893|71.977:77.251|51.793:71.340|36.457:78.340|31.680:65.951|20.716:53.181|19.378:68.114|32.332:73.505|42.470:87.201|37.076:60.923|51.552:21.410|50.470:26.048|39.404:16.097|8.000:8.000,0-7-20-28-4-17-18-15-24-1-30-27-16-2-3-19-32-5-31-12-9-25-8-0,0.0016791569069027
121,calm,cluttered,ReserveOnlyPlanner,32,19,0.59375,0.6929133858267716,0.6929133858267716,True,44.0,63.5,1115.5637090493008,1153.4618379084118,84.43629095069933,4.43629095069933,False,127.3697611274029,True,False,0.0049886834200121,0.0002498393132105,2.0,False,1.0,8.000:8.000|28.381:14.747|21.034:10.824|72.354:14.091|74.967:35.169|71.118:51.979|66.780:46.314|62.762:41.910|56.482:42.376|51.552:21.410|50.470:26.048|39.404:16.097|38.043:34.743|35.144:63.252|17.953:80.368|59.766:78.893|71.977:77.251|51.793:71.340|37.076:60.923|20.716:53.181|8.000:8.000,0-7-14-20-28-4-17-18-15-9-25-8-21-24-1-30-27-16-12-19-0,0.0016863448545336
121,calm,cluttered,FairRiskAwareGreedy,32,15,0.46875,0.6062992125984252,0.6062992125984252,True,38.5,63.5,1100.588222394577,1118.9099737437125,99.4117776054228,19.4117776054228,False,121.97267851612328,True,False,0.0055778891799307,0.0003493416897502,2.0,False,1.0,8.000:8.000|28.381:14.747|72.354:14.091|74.967:35.169|71.118:51.979|66.780:46.314|62.762:41.910|59.766:78.893|71.977:77.251|17.953:80.368|35.144:63.252|31.680:65.951|20.716:53.181|51.552:21.410|56.482:42.376|71.462:49.191|8.000:8.000,0-7-20-28-4-17-18-30-27-1-24-3-19-9-15-26-0,0.0030992908868938
121,calm,cluttered,FairALNSPlanner,32,22,0.6875,0.7637795275590551,0.7637795275590551,True,48.5,63.5,1052.9550165990502,1117.1726509604832,147.04498340094972,67.04498340094972,False,129.61288490840374,True,False,0.0064181447286755,0.0002796897163174,2.0,False,1.0,8.000:8.000|21.034:10.824|28.381:14.747|20.716:53.181|31.680:65.951|35.144:63.252|37.076:60.923|56.482:42.376|62.762:41.910|66.780:46.314|51.793:71.340|36.457:78.340|32.332:73.505|50.880:39.895|59.766:78.893|71.977:77.251|71.118:51.979|71.462:49.191|74.967:35.169|76.129:33.323|72.354:14.091|51.552:21.410|39.404:16.097|8.000:8.000,0-14-7-19-3-24-12-15-18-17-16-2-5-13-30-27-4-26-28-10-20-9-8-0,16.26852836809121
121,calm,cluttered,RAWA-RHP,32,29,0.90625,0.9448818897637796,0.9448818897637796,True,60.0,63.5,1028.3668263485124,1098.6010102644725,171.63317365148757,91.63317365148755,False,136.27953926018972,True,False,0.0148619997318706,0.0004985497479018,2.0,False,1.0,8.000:8.000|21.034:10.824|28.381:14.747|39.404:16.097|51.552:21.410|50.470:26.048|72.354:14.091|83.570:23.116|76.129:33.323|74.967:35.169|67.939:37.333|62.762:41.910|56.482:42.376|66.780:46.314|71.462:49.191|71.118:51.979|61.412:56.133|71.977:77.251|59.766:78.893|51.793:71.340|37.076:60.923|35.144:63.252|31.680:65.951|32.332:73.505|36.457:78.340|42.470:87.201|23.913:86.477|17.953:80.368|19.378:68.114|20.716:53.181|8.000:8.000,0-14-7-8-9-25-20-23-10-28-22-18-15-17-26-4-11-27-30-16-12-24-3-5-2-31-6-1-32-19-0,59.233331114053726
121,severe,cluttered,NearestNeighbor,32,13,0.40625,0.4263565891472868,0.0,False,27.5,64.5,1297.7359750261978,1326.065811908947,-97.73597502619754,-177.73597502619754,True,69.55266356986539,False,True,0.1901072185969684,0.0146092925140462,2.0,True,1.0,8.000:8.000|20.926:18.804|22.873:17.804|29.133:16.173|16.463:22.889|18.099:40.235|16.537:46.306|10.250:46.926|24.246:49.813|33.765:43.752|38.032:53.338|29.850:61.758|25.056:68.300|30.200:73.717|8.000:8.000,0-20-22-15-23-6-11-24-12-27-7-16-5-25-0,0.001127486815676
121,severe,cluttered,ValuePerDistance,32,12,0.375,0.4031007751937984,0.0,False,26.0,64.5,1216.5160375998607,1261.000534275354,-16.51603759986068,-96.51603759986068,True,66.05400661314704,False,True,0.1421374412347424,0.0113559876144883,2.0,True,1.0,8.000:8.000|29.133:16.173|22.873:17.804|20.926:18.804|16.463:22.889|16.537:46.306|10.250:46.926|18.099:40.235|24.246:49.813|33.765:43.752|38.032:53.338|25.056:68.300|29.850:61.758|8.000:8.000,0-15-22-20-23-11-24-6-12-27-7-5-16-0,0.0009689249563962
121,severe,cluttered,WindAwareGreedy,32,10,0.3125,0.3333333333333333,0.0,False,21.5,64.5,1311.353418963046,1272.24632064772,-111.35341896304614,-191.35341896304607,True,68.73269015917936,False,True,0.2394734856824074,0.0236184067073125,2.0,True,1.0,8.000:8.000|29.133:16.173|22.873:17.804|20.926:18.804|16.463:22.889|65.744:15.265|67.948:23.381|66.687:19.079|50.453:15.843|33.765:43.752|38.032:53.338|8.000:8.000,0-15-22-20-23-17-26-31-29-27-7-0,0.0009143659844994
121,severe,cluttered,ReserveOnlyPlanner,32,8,0.25,0.2403100775193798,0.2403100775193798,True,15.5,64.5,914.6775656266384,965.179788707292,285.3224343733617,205.3224343733617,False,51.14987143391627,True,False,0.2067932867470244,0.0242740489754862,2.0,False,1.0,8.000:8.000|29.133:16.173|22.873:17.804|20.926:18.804|16.463:22.889|65.744:15.265|67.948:23.381|66.687:19.079|50.453:15.843|8.000:8.000,0-15-22-20-23-17-26-31-29-0,0.000948553904891
121,severe,cluttered,FairRiskAwareGreedy,32,13,0.40625,0.4496124031007752,0.4496124031007752,True,29.0,64.5,938.2987714672682,988.7717954652024,261.7012285327319,181.70122853273188,False,89.94380333413702,True,False,0.0050048978088367,0.0003581620540355,2.8284271247461903,False,1.0,8.000:8.000|29.133:16.173|33.765:43.752|38.032:53.338|25.056:68.300|16.537:46.306|10.250:46.926|18.099:40.235|16.463:22.889|20.926:18.804|22.873:17.804|76.048:49.577|67.948:23.381|66.687:19.079|8.000:8.000,0-15-27-7-5-11-24-6-23-20-22-28-26-31-0,0.0015091320965439
121,severe,cluttered,FairALNSPlanner,32,18,0.5625,0.6356589147286822,0.6356589147286822,True,41.0,64.5,1053.652150248951,1229.9735630851928,146.34784975104867,66.34784975104867,False,104.74742574329812,True,False,0.0441393325134799,0.0023442307267571,2.0,False,1.0,8.000:8.000|10.250:46.926|16.537:46.306|29.850:61.758|24.246:49.813|25.056:68.300|39.996:71.148|34.118:84.402|42.223:93.535|85.726:85.817|82.287:86.875|82.859:65.589|76.048:49.577|64.647:48.510|38.032:53.338|33.765:43.752|29.133:16.173|22.873:17.804|20.926:18.804|8.000:8.000,0-24-11-16-12-5-9-10-1-30-14-19-28-4-7-27-15-22-20-0,7.645955642918125
121,severe,cluttered,RAWA-RHP,32,20,0.625,0.6744186046511628,0.6744186046511628,True,43.5,64.5,1044.6670985815888,1251.3134582656623,155.33290141841132,75.33290141841132,False,108.44493605096486,True,False,0.0161464633684366,0.0007729414873856,2.0,False,1.0,8.000:8.000|20.926:18.804|22.873:17.804|29.133:16.173|33.765:43.752|67.948:23.381|66.687:19.079|65.744:15.265|76.048:49.577|56.847:76.367|56.845:79.987|47.124:78.652|34.118:84.402|39.996:71.148|38.032:53.338|29.850:61.758|25.056:68.300|10.250:46.926|16.537:46.306|18.099:40.235|16.463:22.889|8.000:8.000,0-20-22-15-27-26-31-17-28-13-3-8-10-9-7-16-5-24-11-6-23-0,23.930322800995786
120,moderate,cluttered,NearestNeighbor,32,30,0.9375,0.9384615384615383,0.0,False,61.0,65.0,1701.7945345696917,1692.0596112982455,-501.79453456969145,-581.7945345696915,True,150.8331487052486,False,True,0.1961540901293779,0.0069456469517647,2.0,True,1.0,8.000:8.000|33.344:13.151|38.331:14.870|43.998:24.644|49.115:23.948|59.080:29.195|68.526:25.431|68.529:18.295|68.072:15.433|73.939:16.355|53.325:39.453|40.084:40.890|28.867:40.134|16.978:67.387|26.292:72.281|23.228:79.833|27.407:87.203|31.341:87.140|35.244:76.081|51.290:65.150|51.305:61.958|50.015:58.916|60.525:52.003|65.622:49.210|68.785:66.508|70.716:74.143|69.936:76.657|74.547:81.931|73.701:86.504|75.870:89.686|83.319:77.530|8.000:8.000,0-6-4-12-8-26-29-13-23-24-32-9-11-20-7-15-30-25-1-28-17-14-22-2-16-19-21-3-5-18-31-0,0.002592246979475
120,moderate,cluttered,ValuePerDistance,32,24,0.75,0.8153846153846154,0.0,False,53.0,65.0,1812.6027065897435,1771.684695155547,-612.6027065897439,-692.6027065897439,True,146.51265619729486,False,True,0.2010616765356647,0.0084922966223729,2.0,True,1.0,8.000:8.000|38.331:14.870|33.344:13.151|59.080:29.195|68.526:25.431|68.072:15.433|73.939:16.355|68.529:18.295|53.325:39.453|40.084:40.890|28.867:40.134|26.292:72.281|23.228:79.833|16.978:67.387|35.244:76.081|31.341:87.140|27.407:87.203|56.926:90.761|59.768:85.279|70.716:74.143|69.936:76.657|73.701:86.504|75.870:89.686|74.547:81.931|83.319:77.530|8.000:8.000,0-4-6-26-29-23-24-13-32-9-11-7-15-20-1-25-30-27-10-19-21-5-18-3-31-0,0.0023128220345824
120,moderate,cluttered,WindAwareGreedy,32,18,0.5625,0.7076923076923077,0.0,False,46.0,65.0,1407.4576091718402,1401.649322607157,-207.45760917184,-287.45760917184,True,115.76324454928428,False,True,0.3217031381610741,0.0194849081106335,2.0,True,1.0,8.000:8.000|38.331:14.870|59.080:29.195|68.526:25.431|68.072:15.433|73.939:16.355|68.529:18.295|70.716:74.143|73.701:86.504|69.936:76.657|56.926:90.761|26.292:72.281|23.228:79.833|16.978:67.387|35.244:76.081|50.015:58.916|51.290:65.150|40.084:40.890|28.867:40.134|8.000:8.000,0-4-26-29-23-24-13-19-5-21-27-7-15-20-1-14-28-9-11-0,0.0023144010920077
120,moderate,cluttered,ReserveOnlyPlanner,32,16,0.5,0.5846153846153846,0.5846153846153846,True,38.0,65.0,1100.6766472631805,1191.2111492501103,99.32335273681971,19.323352736819714,False,94.62175785761292,True,False,0.2704178779944221,0.0176363904554254,2.0,False,1.0,8.000:8.000|38.331:14.870|59.080:29.195|68.526:25.431|68.072:15.433|73.939:16.355|68.529:18.295|70.716:74.143|69.936:76.657|73.701:86.504|56.926:90.761|59.768:85.279|50.015:58.916|51.290:65.150|51.305:61.958|40.084:40.890|28.867:40.134|8.000:8.000,0-4-26-29-23-24-13-19-21-5-27-10-14-28-17-9-11-0,0.00166687509045
120,moderate,cluttered,FairRiskAwareGreedy,32,16,0.5,0.5538461538461539,0.5538461538461539,True,36.0,65.0,1064.312374612691,1108.861704499093,135.68762538730914,55.68762538730914,False,119.33232465663804,True,False,0.000267499241158,1.5736890927068902e-05,2.8284271247461903,False,1.0,8.000:8.000|38.331:14.870|59.080:29.195|68.526:25.431|40.084:40.890|28.867:40.134|50.015:58.916|70.716:74.143|69.936:76.657|51.290:65.150|35.244:76.081|56.926:90.761|23.228:79.833|27.407:87.203|31.341:87.140|49.115:23.948|33.344:13.151|8.000:8.000,0-4-26-29-9-11-14-19-21-28-1-27-15-30-25-8-6-0,0.0020331260748207
120,moderate,cluttered,FairALNSPlanner,32,13,0.40625,0.4307692307692308,0.4307692307692308,True,28.0,65.0,735.2575054706414,830.4377747358385,464.7424945293585,384.7424945293585,False,85.36188148916884,True,False,0.043635627248837,0.0031485109708989,2.0,False,1.0,8.000:8.000|33.344:13.151|38.331:14.870|43.998:24.644|49.115:23.948|59.080:29.195|68.526:25.431|53.325:39.453|68.785:66.508|70.716:74.143|69.936:76.657|83.319:77.530|73.939:16.355|68.529:18.295|8.000:8.000,0-6-4-12-8-26-29-32-16-19-21-31-24-13-0,12.33894796203822
120,moderate,cluttered,RAWA-RHP,32,26,0.8125,0.8846153846153846,0.8846153846153846,True,57.5,65.0,1045.8038753943663,1206.792782190866,154.19612460563363,74.19612460563363,False,133.51856615047114,True,False,0.0716390056804707,0.0027302736919642,2.0,False,1.0,8.000:8.000|28.867:40.134|26.292:72.281|16.978:67.387|23.228:79.833|27.407:87.203|31.341:87.140|35.244:76.081|56.926:90.761|73.701:86.504|74.547:81.931|83.319:77.530|69.936:76.657|70.716:74.143|51.290:65.150|51.305:61.958|50.015:58.916|40.084:40.890|53.325:39.453|49.115:23.948|59.080:29.195|68.526:25.431|68.529:18.295|73.939:16.355|68.072:15.433|38.331:14.870|33.344:13.151|8.000:8.000,0-11-7-20-15-30-25-1-27-5-3-31-21-19-28-17-14-9-32-8-26-29-13-24-23-4-6-0,86.99181541288272
121,severe,sparse,NearestNeighbor,32,16,0.5,0.5038167938931297,0.0,False,33.0,65.5,1271.287297850315,1340.823873916926,-71.28729785031564,-151.28729785031564,True,79.70750644632595,False,True,0.0691310195768357,0.0040754637146709,2.0,True,1.0,8.000:8.000|22.057:9.634|32.800:10.373|38.787:9.171|37.225:17.865|37.395:21.041|30.911:27.663|47.743:21.865|54.525:22.457|53.377:40.872|40.622:45.675|36.744:60.666|33.631:70.266|25.244:77.430|21.948:77.654|16.786:63.440|22.944:55.866|8.000:8.000,0-24-25-19-14-20-13-6-3-28-18-27-8-26-21-5-30-0,0.0015053281094878
121,severe,sparse,ValuePerDistance,32,15,0.46875,0.5267175572519084,0.0,False,34.5,65.5,1359.4064203487974,1311.9110747058398,-159.4064203487979,-239.4064203487979,True,80.05445717751176,False,True,0.0888056441467682,0.0056737355370409,2.0,True,1.0,8.000:8.000|22.057:9.634|32.800:10.373|38.787:9.171|37.225:17.865|37.395:21.041|47.743:21.865|54.525:22.457|67.852:38.945|70.157:60.197|81.986:60.421|84.673:63.131|86.909:62.963|86.384:76.286|81.115:75.170|72.454:72.193|8.000:8.000,0-24-25-19-14-20-6-3-23-9-4-10-29-15-2-17-0,0.0011437169741839
121,severe,sparse,WindAwareGreedy,32,11,0.34375,0.3740458015267175,0.3740458015267175,True,24.5,65.5,1164.4862249235446,1164.4533019922108,35.513775076455474,-44.486224923544526,True,64.93195837665742,True,False,0.0671916035187543,0.0056002554844532,2.0,False,1.0,8.000:8.000|22.057:9.634|32.800:10.373|38.787:9.171|54.525:22.457|47.743:21.865|30.911:27.663|37.395:21.041|37.225:17.865|40.622:45.675|22.944:55.866|16.786:63.440|8.000:8.000,0-24-25-19-3-6-13-20-14-18-30-5-0,0.0010449539404362
121,severe,sparse,ReserveOnlyPlanner,32,10,0.3125,0.3435114503816794,0.3435114503816794,True,22.5,65.5,1035.2267299229595,1122.0523238321248,164.7732700770406,84.77327007704059,False,57.203324113174816,True,False,7.976062705883358e-05,7.250966097670609e-06,4.0,False,1.0,8.000:8.000|22.057:9.634|32.800:10.373|38.787:9.171|54.525:22.457|47.743:21.865|37.225:17.865|37.395:21.041|30.911:27.663|40.622:45.675|22.944:55.866|8.000:8.000,0-24-25-19-3-6-14-20-13-18-30-0,0.0009951328393071
121,severe,sparse,FairRiskAwareGreedy,32,12,0.375,0.4274809160305343,0.4274809160305343,True,28.0,65.5,1063.2394937319866,1107.1570252752806,136.76050626801333,56.76050626801333,False,97.67147411194618,True,False,0.0043998068013055,0.0003389899596602,2.8284271247461903,False,1.0,8.000:8.000|32.800:10.373|54.525:22.457|40.622:45.675|33.631:70.266|22.944:55.866|22.057:9.634|47.743:21.865|38.787:9.171|30.911:27.663|67.852:38.945|37.225:17.865|37.395:21.041|8.000:8.000,0-25-3-18-8-30-24-6-19-13-23-14-20-0,0.0020728250965476
121,severe,sparse,FairALNSPlanner,32,20,0.625,0.7022900763358778,0.7022900763358778,True,46.0,65.5,1030.1634585674417,1233.016337730291,169.8365414325581,89.8365414325581,False,105.63609396972578,True,False,0.0366730043173133,0.0017499774262916,2.0,False,1.0,8.000:8.000|30.911:27.663|22.944:55.866|33.631:70.266|25.244:77.430|36.744:60.666|40.622:45.675|72.454:72.193|81.115:75.170|86.384:76.286|86.909:62.963|84.673:63.131|81.986:60.421|67.852:38.945|54.525:22.457|47.743:21.865|37.395:21.041|37.225:17.865|38.787:9.171|32.800:10.373|22.057:9.634|8.000:8.000,0-13-30-8-26-27-18-17-2-15-29-10-4-23-3-6-20-14-19-25-24-0,10.546016240026802
121,severe,sparse,RAWA-RHP,32,22,0.6875,0.7557251908396947,0.7557251908396947,True,49.5,65.5,1053.866131891054,1269.6135412750175,146.13386810894588,66.13386810894588,False,110.77953516883784,True,False,0.0349876778625263,0.0015218365026023,2.0,False,1.0,8.000:8.000|30.911:27.663|40.622:45.675|22.944:55.866|36.744:60.666|33.631:70.266|25.244:77.430|36.163:88.689|60.621:88.616|53.107:78.837|72.454:72.193|81.115:75.170|86.384:76.286|86.909:62.963|84.673:63.131|81.986:60.421|67.852:38.945|54.525:22.457|47.743:21.865|37.395:21.041|37.225:17.865|32.800:10.373|22.057:9.634|8.000:8.000,0-13-18-30-27-8-26-11-31-7-17-2-15-29-10-4-23-3-6-20-14-25-24-0,44.07405127491802
117,moderate,cluttered,NearestNeighbor,32,24,0.75,0.8134328358208955,0.0,False,54.5,67.0,1263.203636276006,1272.274578668358,-63.20363627600568,-143.20363627600568,True,125.0723279378402,False,True,0.1087350914022357,0.0045469007705132,2.0,True,1.0,8.000:8.000|14.995:31.729|17.684:30.138|26.228:40.329|30.487:40.071|41.838:40.534|47.074:46.581|56.506:44.761|60.358:43.864|60.519:40.705|66.458:44.323|75.113:39.029|75.727:52.260|81.870:50.973|68.143:65.376|59.795:77.556|39.654:82.932|32.190:66.868|32.369:61.717|26.344:58.813|24.158:71.450|25.218:77.441|61.265:30.742|67.657:26.309|54.230:17.613|8.000:8.000,0-3-4-16-26-10-25-27-11-5-19-31-12-9-28-24-21-2-23-30-14-17-13-8-18-0,0.0019312892109155
117,moderate,cluttered,ValuePerDistance,32,23,0.71875,0.7910447761194029,0.0,False,53.0,67.0,1278.3919991659309,1298.422443579162,-78.39199916593088,-158.39199916593088,True,124.58799781936438,False,True,0.065075558723768,0.0027677558281596,2.0,True,1.0,8.000:8.000|14.995:31.729|17.684:30.138|26.228:40.329|30.487:40.071|47.074:46.581|56.506:44.761|60.358:43.864|60.519:40.705|66.458:44.323|75.113:39.029|81.870:50.973|75.727:52.260|68.143:65.376|59.795:77.556|32.190:66.868|32.369:61.717|26.344:58.813|25.218:77.441|24.158:71.450|61.265:30.742|67.657:26.309|75.335:23.562|74.774:20.404|8.000:8.000,0-3-4-16-26-25-27-11-5-19-31-9-12-28-24-2-23-30-17-14-13-8-29-15-0,0.0014338300097733
117,moderate,cluttered,WindAwareGreedy,32,18,0.5625,0.664179104477612,0.0,False,44.5,67.0,1316.77958347022,1345.285984674766,-116.77958347021996,-196.77958347022,True,117.05132629086168,False,True,0.0687262960593956,0.0037186620498086,2.0,True,1.0,8.000:8.000|14.995:31.729|30.487:40.071|26.228:40.329|47.074:46.581|56.506:44.761|61.265:30.742|66.458:44.323|32.190:66.868|25.218:77.441|32.369:61.717|26.344:58.813|17.684:30.138|47.568:13.966|54.230:17.613|67.657:26.309|75.113:39.029|60.519:40.705|60.358:43.864|8.000:8.000,0-3-26-16-25-27-13-19-2-17-23-30-4-6-18-8-31-5-11-0,0.0020350338891148
117,moderate,cluttered,ReserveOnlyPlanner,32,14,0.4375,0.5074626865671642,0.5074626865671642,True,34.0,67.0,1105.5605151311076,1181.660226580795,94.43948486889232,14.439484868892322,False,95.08509913324906,True,False,0.0714536775911653,0.0048958977332161,2.0,False,1.0,8.000:8.000|14.995:31.729|30.487:40.071|26.228:40.329|47.074:46.581|56.506:44.761|66.458:44.323|61.265:30.742|47.568:13.966|54.230:17.613|44.193:11.432|41.507:22.124|17.684:30.138|32.190:66.868|25.218:77.441|8.000:8.000,0-3-26-16-25-27-19-13-6-18-32-1-4-2-17-0,0.0014739509206265
117,moderate,cluttered,FairRiskAwareGreedy,32,16,0.5,0.582089552238806,0.582089552238806,True,39.0,67.0,1093.9294400970302,1143.3375337713785,106.07055990296988,26.07055990296988,False,122.2409610718063,True,False,0.0101318961277141,0.0005979908938351,2.0,False,1.0,8.000:8.000|14.995:31.729|30.487:40.071|47.074:46.581|56.506:44.761|61.265:30.742|66.458:44.323|32.190:66.868|26.228:40.329|26.344:58.813|32.369:61.717|25.218:77.441|17.684:30.138|41.838:40.534|68.143:65.376|60.519:40.705|60.358:43.864|8.000:8.000,0-3-26-25-27-13-19-2-16-30-23-17-4-10-28-5-11-0,0.0026162159629166
117,moderate,cluttered,FairALNSPlanner,32,28,0.875,0.9104477611940298,0.9104477611940298,True,61.0,67.0,989.617541268576,1152.5094994233625,210.38245873142424,130.38245873142426,False,130.93808703636498,True,False,0.0855432539654503,0.0030519435391567,2.0,False,1.0,8.000:8.000|44.193:11.432|47.568:13.966|54.230:17.613|74.774:20.404|75.335:23.562|67.657:26.309|61.265:30.742|66.458:44.323|56.506:44.761|60.358:43.864|60.519:40.705|75.113:39.029|75.727:52.260|81.870:50.973|68.143:65.376|59.795:77.556|39.654:82.932|25.218:77.441|24.158:71.450|32.190:66.868|32.369:61.717|26.344:58.813|47.074:46.581|41.838:40.534|30.487:40.071|26.228:40.329|14.995:31.729|17.684:30.138|8.000:8.000,0-32-6-18-15-29-8-13-19-27-11-5-31-12-9-28-24-21-17-14-2-23-30-25-10-26-16-3-4-0,18.514506716979668
117,moderate,cluttered,RAWA-RHP,32,28,0.875,0.9104477611940298,0.9104477611940298,True,61.0,67.0,1018.8447162237196,1168.8493591793708,181.15528377628027,101.15528377628029,False,132.24751078302546,True,False,0.0543517662248239,0.0019129017082054,2.0,False,1.0,8.000:8.000|17.684:30.138|14.995:31.729|26.228:40.329|30.487:40.071|41.838:40.534|47.074:46.581|26.344:58.813|32.369:61.717|32.190:66.868|25.218:77.441|24.158:71.450|59.795:77.556|68.143:65.376|81.870:50.973|75.727:52.260|56.506:44.761|60.358:43.864|60.519:40.705|66.458:44.323|75.113:39.029|75.335:23.562|74.774:20.404|67.657:26.309|61.265:30.742|54.230:17.613|47.568:13.966|44.193:11.432|41.507:22.124|8.000:8.000,0-4-3-16-26-10-25-30-23-2-17-14-24-28-9-12-27-11-5-19-31-29-15-8-13-18-6-32-1-0,168.18346470291726
120,calm,sparse,NearestNeighbor,32,29,0.90625,0.8985507246376812,0.0,False,62.0,69.0,1262.4420182641722,1264.951339179046,-62.442018264171786,-142.4420182641718,True,152.95285795771463,False,True,0.0336968583863794,0.0011377095317273,2.0,True,1.0,8.000:8.000|26.592:31.507|33.880:24.636|32.237:45.513|32.582:52.422|33.977:56.006|30.442:57.526|24.465:61.401|17.036:62.203|24.895:72.903|33.184:82.492|30.446:91.916|26.477:91.894|21.876:95.207|14.248:91.532|39.647:68.072|28.037:51.137|20.239:42.791|55.181:52.776|66.373:52.555|72.021:44.341|77.136:36.267|81.085:36.633|84.920:39.699|92.441:32.877|87.939:24.420|65.462:21.716|58.852:14.482|69.283:8.841|63.456:30.683|8.000:8.000,0-12-8-5-3-24-30-26-22-15-11-21-9-29-18-31-13-17-27-23-14-7-20-25-32-1-6-10-28-2-0,0.0021698190830647
120,calm,sparse,ValuePerDistance,32,29,0.90625,0.8985507246376812,0.0,False,62.0,69.0,1323.7655433265131,1320.3638378003309,-123.76554332651286,-203.76554332651284,True,157.96888428522783,False,True,0.0169105404276311,0.0005673468129043,2.0,True,1.0,8.000:8.000|33.880:24.636|26.592:31.507|20.239:42.791|32.582:52.422|33.977:56.006|30.442:57.526|24.465:61.401|17.036:62.203|24.895:72.903|33.184:82.492|26.477:91.894|21.876:95.207|14.248:91.532|30.446:91.916|55.181:52.776|66.373:52.555|72.021:44.341|77.136:36.267|81.085:36.633|84.920:39.699|92.441:32.877|87.939:24.420|69.283:8.841|65.462:21.716|58.852:14.482|63.456:30.683|32.237:45.513|28.037:51.137|39.647:68.072|8.000:8.000,0-8-12-17-3-24-30-26-22-15-11-9-29-18-21-27-23-14-7-20-25-32-1-28-6-10-2-5-13-31-0,0.0016967970877885
120,calm,sparse,WindAwareGreedy,32,24,0.75,0.8188405797101449,0.0,False,56.5,69.0,1412.7000086035832,1400.706939929108,-212.7000086035835,-292.7000086035835,True,155.9393750573666,False,True,0.0418791240797205,0.0017032721411336,2.0,True,1.0,8.000:8.000|33.880:24.636|32.582:52.422|17.036:62.203|24.465:61.401|30.442:57.526|33.977:56.006|55.181:52.776|77.136:36.267|81.085:36.633|84.920:39.699|72.021:44.341|66.373:52.555|85.687:83.352|71.399:76.653|32.237:45.513|20.239:42.791|26.592:31.507|28.037:51.137|24.895:72.903|14.248:91.532|21.876:95.207|26.477:91.894|33.184:82.492|30.446:91.916|8.000:8.000,0-8-3-22-26-30-24-27-7-20-25-14-23-19-4-5-17-12-13-15-18-29-9-11-21-0,0.0018819929100573
120,calm,sparse,ReserveOnlyPlanner,32,20,0.625,0.6956521739130435,0.6956521739130435,True,48.0,69.0,1104.6961327111142,1142.229090183961,95.30386728888573,15.303867288885726,False,123.96235616225324,True,False,0.0253335512357224,0.0012146227259568,2.0,False,1.0,8.000:8.000|33.880:24.636|32.582:52.422|17.036:62.203|24.465:61.401|30.442:57.526|33.977:56.006|28.037:51.137|20.239:42.791|26.592:31.507|32.237:45.513|55.181:52.776|77.136:36.267|81.085:36.633|84.920:39.699|72.021:44.341|66.373:52.555|71.399:76.653|85.687:83.352|67.498:64.610|39.647:68.072|8.000:8.000,0-8-3-22-26-30-24-13-17-12-5-27-7-20-25-14-23-4-19-16-31-0,0.0017674809787422
120,calm,sparse,FairRiskAwareGreedy,32,16,0.5,0.5797101449275363,0.5797101449275363,True,40.0,69.0,1091.2579531859374,1119.518529640705,108.74204681406286,28.74204681406286,False,127.86169822418,True,False,0.0065170556833441,0.0003835751150952,2.0,False,1.0,8.000:8.000|32.582:52.422|17.036:62.203|55.181:52.776|77.136:36.267|81.085:36.633|72.021:44.341|33.880:24.636|26.592:31.507|20.239:42.791|30.442:57.526|33.977:56.006|24.465:61.401|28.037:51.137|32.237:45.513|85.687:83.352|66.373:52.555|8.000:8.000,0-3-22-27-7-20-14-8-12-17-30-24-26-13-5-19-23-0,0.0026587529573589
120,calm,sparse,FairALNSPlanner,32,25,0.78125,0.8405797101449275,0.8405797101449275,True,58.0,69.0,1040.696988439869,1117.1320239558058,159.30301156013087,79.30301156013087,False,133.1705800909846,True,False,0.0140988224595148,0.0005450731065213,2.0,False,1.0,8.000:8.000|33.880:24.636|77.136:36.267|81.085:36.633|84.920:39.699|72.021:44.341|66.373:52.555|67.498:64.610|71.399:76.653|85.687:83.352|55.181:52.776|32.237:45.513|28.037:51.137|32.582:52.422|33.977:56.006|30.442:57.526|24.465:61.401|24.895:72.903|33.184:82.492|30.446:91.916|26.477:91.894|21.876:95.207|14.248:91.532|17.036:62.203|20.239:42.791|26.592:31.507|8.000:8.000,0-8-7-20-25-14-23-16-4-19-27-5-13-3-24-30-26-15-11-21-9-29-18-22-17-12-0,16.515559832099825
120,calm,sparse,RAWA-RHP,32,28,0.875,0.8913043478260869,0.8913043478260869,True,61.5,69.0,1058.5398821336332,1142.2878268952454,141.46011786636703,61.46011786636703,False,139.01666246538795,True,False,0.0151960483666772,0.0005270456979268,2.0,False,1.0,8.000:8.000|26.592:31.507|20.239:42.791|17.036:62.203|14.248:91.532|21.876:95.207|26.477:91.894|30.446:91.916|33.184:82.492|24.895:72.903|24.465:61.401|30.442:57.526|33.977:56.006|32.582:52.422|28.037:51.137|32.237:45.513|55.181:52.776|71.399:76.653|67.498:64.610|66.373:52.555|72.021:44.341|77.136:36.267|81.085:36.633|84.920:39.699|92.441:32.877|87.939:24.420|65.462:21.716|58.852:14.482|33.880:24.636|8.000:8.000,0-12-17-22-18-29-9-21-11-15-26-30-24-3-13-5-27-4-16-23-14-7-20-25-32-1-6-10-8-0,109.67393173510207
121,moderate,cluttered,NearestNeighbor,32,25,0.78125,0.7761194029850746,0.0,False,52.0,67.0,1374.6146946907013,1387.5147062926785,-174.61469469070116,-254.6146946907012,True,125.61846152393056,False,True,0.1662032292012387,0.0068854581558646,2.0,True,1.0,8.000:8.000|20.334:37.281|15.077:39.999|30.519:42.767|25.367:53.409|42.527:69.636|48.585:67.560|57.660:71.914|61.215:68.339|63.833:69.632|68.089:67.937|69.733:69.963|77.482:57.887|82.568:60.731|93.458:55.467|83.615:43.822|84.200:24.803|86.668:26.174|88.715:27.113|82.266:18.516|86.613:9.564|66.273:19.569|53.885:20.553|51.654:19.560|57.798:35.131|51.747:43.503|8.000:8.000,0-14-30-1-31-5-2-25-27-7-22-4-26-3-20-16-11-32-23-18-21-10-19-6-17-13-0,0.0019475340377539
121,moderate,cluttered,ValuePerDistance,32,23,0.71875,0.8059701492537313,0.0,False,54.0,67.0,1415.4160848767278,1411.5128868132754,-215.41608487672767,-295.41608487672767,True,126.8376746292692,False,True,0.1442374749636233,0.0063954254981809,2.0,True,1.0,8.000:8.000|15.077:39.999|20.334:37.281|30.519:42.767|25.367:53.409|42.527:69.636|48.585:67.560|57.660:71.914|63.833:69.632|61.215:68.339|68.089:67.937|69.733:69.963|57.064:48.824|63.317:49.347|51.747:43.503|57.798:35.131|51.654:19.560|53.885:20.553|82.266:18.516|86.613:9.564|88.715:27.113|86.668:26.174|84.200:24.803|83.615:43.822|8.000:8.000,0-30-14-1-31-5-2-25-7-27-22-4-9-29-13-17-6-19-18-21-23-32-11-16-0,0.0014494620263576
121,moderate,cluttered,WindAwareGreedy,32,18,0.5625,0.6865671641791045,0.0,False,46.0,67.0,1588.5702767685138,1633.8166918780094,-388.57027676851374,-468.57027676851374,True,127.97165340035022,False,True,0.1085882751789423,0.0059760364244325,2.0,True,1.0,8.000:8.000|15.077:39.999|25.367:53.409|30.519:42.767|57.064:48.824|63.317:49.347|51.747:43.503|51.654:19.560|53.885:20.553|82.266:18.516|88.715:27.113|86.613:9.564|57.798:35.131|57.660:71.914|63.833:69.632|48.585:67.560|42.527:69.636|32.521:90.970|25.913:95.705|8.000:8.000,0-30-31-1-9-29-13-6-19-18-23-21-17-25-7-2-5-8-28-0,0.0014475709758698
121,moderate,cluttered,ReserveOnlyPlanner,32,12,0.375,0.4552238805970149,0.4552238805970149,True,30.5,67.0,1086.7845550928828,1138.7022266811032,113.2154449071171,33.2154449071171,False,82.44708842646205,True,False,0.004981768662619,0.0003838850703765,2.0,False,1.0,8.000:8.000|15.077:39.999|25.367:53.409|30.519:42.767|51.747:43.503|57.064:48.824|63.317:49.347|57.660:71.914|63.833:69.632|48.585:67.560|42.527:69.636|32.521:90.970|25.913:95.705|8.000:8.000,0-30-31-1-13-9-29-25-7-2-5-8-28-0,0.0012124839704483
121,moderate,cluttered,FairRiskAwareGreedy,32,15,0.46875,0.5970149253731343,0.5970149253731343,True,40.0,67.0,1056.6390691355527,1107.9152057953402,143.36093086444728,63.36093086444728,False,115.7595364286128,True,False,0.0049460097483319,0.0003097286103438,2.0,False,1.0,8.000:8.000|15.077:39.999|25.367:53.409|51.654:19.560|82.266:18.516|57.064:48.824|63.317:49.347|57.660:71.914|63.833:69.632|48.585:67.560|42.527:69.636|51.747:43.503|88.715:27.113|57.798:35.131|30.519:42.767|20.334:37.281|8.000:8.000,0-30-31-6-18-9-29-25-7-2-5-13-23-17-1-14-0,0.0021735988557338
121,moderate,cluttered,FairALNSPlanner,32,17,0.53125,0.6119402985074627,0.6119402985074627,True,41.0,67.0,982.3761940778096,1097.774938697909,217.62380592219037,137.62380592219034,False,108.4780103474056,True,False,0.0051168135434317,0.0002848520267981,2.0,False,1.0,8.000:8.000|15.077:39.999|25.367:53.409|42.527:69.636|48.585:67.560|57.660:71.914|63.317:49.347|57.064:48.824|51.747:43.503|69.733:69.963|68.089:67.937|63.833:69.632|61.215:68.339|30.519:42.767|57.798:35.131|82.266:18.516|66.273:19.569|53.885:20.553|8.000:8.000,0-30-31-5-2-25-29-9-13-4-22-7-27-1-17-18-10-19-0,11.246574968099594
121,moderate,cluttered,RAWA-RHP,32,25,0.78125,0.8283582089552238,0.8283582089552238,True,55.5,67.0,1030.9003671679905,1177.2884979101534,169.09963283200938,89.09963283200938,False,126.42213227721896,True,False,0.0731346971653468,0.0029000761677045,2.0,False,1.0,8.000:8.000|51.654:19.560|53.885:20.553|66.273:19.569|86.613:9.564|82.266:18.516|84.200:24.803|86.668:26.174|88.715:27.113|57.798:35.131|51.747:43.503|57.064:48.824|63.317:49.347|57.660:71.914|61.215:68.339|63.833:69.632|77.482:57.887|82.568:60.731|68.089:67.937|69.733:69.963|48.585:67.560|42.527:69.636|25.367:53.409|30.519:42.767|20.334:37.281|15.077:39.999|8.000:8.000,0-6-19-10-21-18-11-32-23-17-13-9-29-25-27-7-26-3-22-4-2-5-31-1-14-30-0,81.33681179303676
122,severe,sparse,NearestNeighbor,32,10,0.3125,0.3178294573643411,0.0,False,20.5,64.5,1240.0679443630745,1226.258588598865,-40.06794436307433,-120.06794436307432,True,59.47338235027504,False,True,0.0918699985279799,0.0084201973893382,2.0,True,1.0,8.000:8.000|28.265:9.556|36.417:14.956|51.296:25.738|39.614:42.658|32.915:46.621|25.392:49.154|19.539:41.659|19.675:37.056|30.449:33.949|16.929:53.951|8.000:8.000,0-19-26-18-13-25-31-8-16-29-2-0,0.0010750640649348
122,severe,sparse,ValuePerDistance,32,10,0.3125,0.3178294573643411,0.0,False,20.5,64.5,1232.4883818754474,1280.473184651045,-32.4883818754477,-112.4883818754477,True,62.03981324116772,False,True,0.0919329451886462,0.0084264546531897,2.0,True,1.0,8.000:8.000|28.265:9.556|36.417:14.956|30.449:33.949|19.539:41.659|25.392:49.154|16.929:53.951|32.915:46.621|39.614:42.658|51.296:25.738|19.675:37.056|8.000:8.000,0-19-26-29-8-31-2-25-13-18-16-0,0.0007807509973645
122,severe,sparse,WindAwareGreedy,32,9,0.28125,0.3023255813953488,0.0,False,19.5,64.5,1324.4293404388643,1336.4727008305542,-124.42934043886432,-204.42934043886436,True,62.65656549638605,False,True,0.11132124501071,0.0113083965249452,2.0,True,1.0,8.000:8.000|28.265:9.556|36.417:14.956|19.539:41.659|25.392:49.154|16.929:53.951|32.915:46.621|30.449:33.949|19.675:37.056|51.296:25.738|8.000:8.000,0-19-26-8-31-2-25-29-16-18-0,0.0007886509411036
122,severe,sparse,ReserveOnlyPlanner,32,8,0.25,0.2635658914728682,0.2635658914728682,True,17.0,64.5,1079.7267416153,1224.7615584537275,120.27325838470004,40.27325838470004,False,52.0062536207021,True,False,0.0092649366351854,0.0010299530796708,2.8284271247461903,False,1.0,8.000:8.000|28.265:9.556|36.417:14.956|19.539:41.659|25.392:49.154|16.929:53.951|19.675:37.056|30.449:33.949|39.614:42.658|8.000:8.000,0-19-26-8-31-2-16-29-13-0,0.0007721160072833
122,severe,sparse,FairRiskAwareGreedy,32,11,0.34375,0.3875968992248062,0.3875968992248062,True,25.0,64.5,1083.7595375788771,1132.943999437754,116.24046242112291,36.24046242112291,False,92.71075261966908,True,False,0.0005925907560981,4.938895097799286e-05,2.8284271247461903,False,1.0,8.000:8.000|28.265:9.556|19.539:41.659|25.392:49.154|16.929:53.951|15.155:85.637|47.984:77.871|30.449:33.949|36.417:14.956|51.296:25.738|74.485:26.736|39.614:42.658|8.000:8.000,0-19-8-31-2-1-15-29-26-18-14-13-0,0.0016910037957131
122,severe,sparse,FairALNSPlanner,32,17,0.53125,0.5271317829457365,0.5271317829457365,True,34.0,64.5,1045.6742172528905,1205.3607606419591,154.32578274710966,74.32578274710966,False,98.5898016351527,True,False,0.0018341445190455,0.0001019730901542,2.8284271247461903,False,1.0,8.000:8.000|28.265:9.556|36.417:14.956|30.449:33.949|39.614:42.658|32.915:46.621|39.360:63.684|43.531:65.416|67.693:73.721|71.563:87.153|82.536:78.484|87.614:71.454|80.435:78.402|80.150:57.144|25.392:49.154|16.929:53.951|19.539:41.659|19.675:37.056|8.000:8.000,0-19-26-29-13-25-30-21-10-3-24-9-6-4-31-2-8-16-0,8.042393516981974
122,severe,sparse,RAWA-RHP,32,19,0.59375,0.6821705426356589,0.6821705426356589,True,44.0,64.5,1048.6838690945965,1218.3520579207511,151.31613090540392,71.31613090540392,False,103.66697490890049,True,False,0.1046206167660771,0.0054422619215027,2.0,False,1.0,8.000:8.000|19.539:41.659|25.392:49.154|16.929:53.951|15.155:85.637|47.984:77.871|67.693:73.721|71.563:87.153|75.025:84.968|80.435:78.402|82.536:78.484|92.840:61.248|89.144:51.364|83.210:36.906|84.455:34.681|77.796:35.458|74.485:26.736|51.296:25.738|36.417:14.956|28.265:9.556|8.000:8.000,0-8-31-2-1-15-10-3-22-6-24-17-32-5-28-7-14-18-26-19-0,17.851428491063416
122,severe,cluttered,NearestNeighbor,32,14,0.4375,0.421875,0.0,False,27.0,64.0,1259.764866612976,1265.452704462994,-59.764866612976135,-139.76486661297614,True,67.00022749606136,False,True,0.3974145329409703,0.0318161065939928,2.0,True,1.0,8.000:8.000|20.296:12.933|32.722:20.172|29.498:25.506|36.689:34.262|41.673:44.619|35.627:51.755|35.366:54.536|33.059:57.043|30.203:53.816|30.356:48.960|26.656:38.884|21.099:34.701|16.941:33.981|44.477:8.109|8.000:8.000,0-7-23-9-12-18-32-26-11-16-27-13-8-28-5-0,0.0013711450155824
122,severe,cluttered,ValuePerDistance,32,12,0.375,0.421875,0.0,False,27.0,64.0,1413.280484682182,1440.382712746807,-213.28048468218225,-293.2804846821822,True,68.71765075747062,False,True,0.2619292325214988,0.0222401208094434,2.0,True,1.0,8.000:8.000|20.296:12.933|16.941:33.981|21.099:34.701|30.356:48.960|35.627:51.755|35.366:54.536|33.059:57.043|35.852:64.264|50.863:66.109|51.244:68.247|47.868:73.217|64.589:72.050|8.000:8.000,0-7-28-8-27-32-26-11-21-4-14-30-6-0,0.0010126051492989
122,severe,cluttered,WindAwareGreedy,32,11,0.34375,0.375,0.0,False,24.0,64.0,1299.303068067896,1289.6785440197098,-99.30306806789594,-179.30306806789594,True,64.09709213838566,False,True,0.4489555514069888,0.046009969550697,2.0,True,1.0,8.000:8.000|20.296:12.933|44.477:8.109|32.722:20.172|16.941:33.981|21.099:34.701|36.689:34.262|30.356:48.960|35.627:51.755|33.059:57.043|35.366:54.536|41.673:44.619|8.000:8.000,0-7-5-23-28-8-12-27-32-11-26-18-0,0.0010920749045908
122,severe,cluttered,ReserveOnlyPlanner,32,8,0.25,0.234375,0.234375,True,15.0,64.0,1023.2858154506918,1115.3155846468662,176.71418454930804,96.71418454930804,False,49.161924172764856,True,False,0.3204716880512838,0.0409698161147241,2.0,False,1.0,8.000:8.000|20.296:12.933|44.477:8.109|32.722:20.172|16.941:33.981|21.099:34.701|29.498:25.506|36.689:34.262|26.656:38.884|8.000:8.000,0-7-5-23-28-8-9-12-13-0,0.0008981060236692
122,severe,cluttered,FairRiskAwareGreedy,32,10,0.3125,0.3984375,0.3984375,True,25.5,64.0,1027.1572707803032,1067.527366390365,172.842729219697,92.842729219697,False,84.34997399974107,True,False,0.004520798612409,0.0004116582450621,2.8284271247461903,False,1.0,8.000:8.000|16.941:33.981|30.356:48.960|35.627:51.755|33.059:57.043|50.863:66.109|60.173:25.423|44.477:8.109|20.296:12.933|77.063:22.807|57.633:13.818|8.000:8.000,0-28-27-32-11-4-31-5-7-15-2-0,0.0014169118367135
122,severe,cluttered,FairALNSPlanner,32,2,0.0625,0.078125,0.078125,True,5.0,64.0,196.4461797516352,228.61047218541205,1003.5538202483648,923.5538202483648,False,17.12556215564956,True,False,0.0372838645100609,0.0125115109791417,2.0,False,1.0,8.000:8.000|16.941:33.981|21.099:34.701|8.000:8.000,0-28-8-0,2.4739718828350306
122,severe,cluttered,RAWA-RHP,32,21,0.65625,0.7109375,0.7109375,True,45.5,64.0,1035.6518932480046,1230.5537287200705,164.34810675199557,84.34810675199557,False,103.33542472299392,True,False,0.0643942196225912,0.002997185922074,2.0,False,1.0,8.000:8.000|20.296:12.933|44.477:8.109|60.173:25.423|57.633:13.818|77.063:22.807|61.417:45.854|50.519:53.618|50.863:66.109|51.244:68.247|47.868:73.217|35.852:64.264|33.059:57.043|35.366:54.536|35.627:51.755|30.203:53.816|30.356:48.960|36.689:34.262|41.673:44.619|26.656:38.884|16.941:33.981|21.099:34.701|8.000:8.000,0-7-5-31-2-15-1-25-4-14-30-21-11-26-32-16-27-12-18-13-28-8-0,36.330494119087234
121,moderate,sparse,NearestNeighbor,32,24,0.75,0.7388059701492538,0.0,False,49.5,67.0,1390.1384101154404,1377.8074589337523,-190.13841011544037,-270.1384101154404,True,121.92086305392752,False,True,0.0254887024320975,0.0010237057038624,2.0,True,1.0,8.000:8.000|24.714:26.736|28.608:20.692|37.794:21.761|47.572:10.144|43.092:35.790|44.193:49.749|46.452:51.698|55.527:61.108|43.339:71.394|45.581:72.023|47.486:76.537|53.275:83.272|62.353:76.132|66.272:79.162|76.024:63.042|72.685:61.046|82.582:55.192|92.987:57.446|89.583:34.903|89.666:31.938|76.021:29.166|75.297:32.156|27.759:52.524|25.395:48.756|8.000:8.000,0-9-8-18-26-16-29-12-21-32-25-6-23-5-28-11-2-15-20-22-10-7-1-31-14-0,0.0019306670874357
121,moderate,sparse,ValuePerDistance,32,21,0.65625,0.6492537313432836,0.0,False,43.5,67.0,1496.0253010551437,1464.0338211802948,-296.0253010551433,-376.0253010551433,True,124.36387473904472,False,True,0.0982647741708142,0.0045975025465289,2.0,True,1.0,8.000:8.000|24.714:26.736|28.608:20.692|37.794:21.761|47.572:10.144|75.297:32.156|76.021:29.166|89.666:31.938|89.583:34.903|87.715:10.055|94.707:15.578|76.024:63.042|72.685:61.046|82.582:55.192|92.987:57.446|66.272:79.162|62.353:76.132|47.486:76.537|45.581:72.023|43.339:71.394|32.766:76.536|39.635:81.538|8.000:8.000,0-9-8-18-26-1-7-10-22-17-13-11-2-15-20-28-5-6-25-32-24-4-0,0.0014541579876095
121,moderate,sparse,WindAwareGreedy,32,18,0.5625,0.6417910447761194,0.0,False,43.0,67.0,1397.9490526073364,1397.8211224213546,-197.94905260733665,-277.9490526073366,True,112.16138651508636,False,True,0.1049329270218467,0.0056563226198994,2.0,True,1.0,8.000:8.000|24.714:26.736|27.759:52.524|25.726:60.805|19.748:62.625|21.920:62.467|10.604:53.640|46.452:51.698|47.486:76.537|45.581:72.023|32.766:76.536|39.635:81.538|53.275:83.272|62.353:76.132|66.272:79.162|76.024:63.042|75.297:32.156|76.021:29.166|89.666:31.938|8.000:8.000,0-9-31-27-30-3-19-12-6-25-24-4-23-5-28-11-1-7-10-0,0.0015308461152017
121,moderate,sparse,ReserveOnlyPlanner,32,15,0.46875,0.4925373134328358,0.4925373134328358,True,33.0,67.0,949.7572735202878,1052.418077778741,250.2427264797118,170.2427264797118,False,83.8643152346751,True,False,0.0030955482937287,0.0001936454738301,2.8284271247461903,False,1.0,8.000:8.000|24.714:26.736|27.759:52.524|25.726:60.805|19.748:62.625|21.920:62.467|10.604:53.640|32.766:76.536|47.486:76.537|45.581:72.023|46.452:51.698|44.193:49.749|43.092:35.790|28.608:20.692|37.794:21.761|47.572:10.144|8.000:8.000,0-9-31-27-30-3-19-24-6-25-12-29-16-8-18-26-0,0.0014335098676383
121,moderate,sparse,FairRiskAwareGreedy,32,16,0.5,0.5597014925373134,0.5597014925373134,True,37.5,67.0,1062.1139510526818,1097.7104652153823,137.8860489473183,57.8860489473183,False,115.37146421799775,True,False,0.0014075278556295,8.279580137394258e-05,2.8284271247461903,False,1.0,8.000:8.000|27.759:52.524|46.452:51.698|47.486:76.537|45.581:72.023|25.726:60.805|19.748:62.625|21.920:62.467|10.604:53.640|24.714:26.736|28.608:20.692|75.297:32.156|89.666:31.938|76.024:63.042|43.092:35.790|47.572:10.144|37.794:21.761|8.000:8.000,0-31-12-6-25-27-30-3-19-9-8-1-10-11-16-26-18-0,0.0024378190282732
121,moderate,sparse,FairALNSPlanner,32,8,0.25,0.2761194029850746,0.2761194029850746,True,18.5,67.0,542.3074264307288,615.1319858367718,657.6925735692712,577.6925735692712,False,61.75480070922764,True,False,0.0492924173021162,0.0055524000384349,2.0,False,1.0,8.000:8.000|28.608:20.692|24.714:26.736|25.395:48.756|27.759:52.524|43.092:35.790|75.297:32.156|76.021:29.166|87.715:10.055|8.000:8.000,0-8-9-14-31-16-1-7-17-0,12.669466588879004
121,moderate,sparse,RAWA-RHP,32,28,0.875,0.8805970149253731,0.8805970149253731,True,59.0,67.0,1053.478082675875,1219.1251502579678,146.52191732412518,66.52191732412518,False,136.81383430383914,True,False,0.0565247281364134,0.0019874154061469,2.0,False,1.0,8.000:8.000|24.714:26.736|28.608:20.692|37.794:21.761|47.572:10.144|87.715:10.055|94.707:15.578|76.021:29.166|89.666:31.938|89.583:34.903|82.582:55.192|72.685:61.046|76.024:63.042|66.272:79.162|62.353:76.132|53.275:83.272|47.486:76.537|45.581:72.023|43.339:71.394|55.527:61.108|46.452:51.698|44.193:49.749|43.092:35.790|27.759:52.524|25.395:48.756|25.726:60.805|21.920:62.467|19.748:62.625|10.604:53.640|8.000:8.000,0-9-8-18-26-17-13-7-10-22-15-2-11-28-5-23-6-25-32-21-12-29-16-31-14-27-3-30-19-0,115.7578176409006
119,moderate,cluttered,NearestNeighbor,32,25,0.78125,0.808,0.0,False,50.5,62.5,1389.8955846120152,1386.3963440918023,-189.8955846120149,-269.8955846120149,True,122.22043414340838,False,True,0.1243346922553598,0.0050191084584582,2.0,True,1.0,8.000:8.000|25.268:9.473|39.366:14.622|43.602:29.212|47.617:29.381|48.833:35.768|43.098:43.697|31.165:44.932|25.978:47.732|23.788:55.580|34.620:57.487|42.879:58.891|44.532:57.707|56.919:53.819|60.866:46.795|60.658:38.776|60.817:33.961|69.923:30.774|71.447:35.223|67.430:42.603|69.865:44.195|77.690:55.055|85.107:60.550|76.052:65.229|94.656:48.649|90.171:40.545|8.000:8.000,0-11-24-32-13-7-20-19-25-30-8-26-28-3-15-14-23-31-5-16-4-21-17-1-2-9-0,0.0019898270256817
119,moderate,cluttered,ValuePerDistance,32,24,0.75,0.8,0.0,False,50.0,62.5,1487.3830016802258,1469.7272814352127,-287.3830016802256,-367.3830016802256,True,128.02205215768785,False,True,0.1991673470977999,0.0086647407377343,2.0,True,1.0,8.000:8.000|25.268:9.473|39.366:14.622|54.154:8.684|61.062:19.277|55.060:24.515|48.833:35.768|60.658:38.776|60.866:46.795|69.865:44.195|67.430:42.603|71.447:35.223|69.923:30.774|60.817:33.961|47.617:29.381|43.602:29.212|35.616:31.208|23.788:55.580|25.978:47.732|31.165:44.932|34.620:57.487|42.879:58.891|44.532:57.707|43.098:43.697|77.690:55.055|8.000:8.000,0-11-24-27-18-10-7-14-15-4-16-5-31-23-13-32-22-30-25-19-8-26-28-20-21-0,0.0015794020146131
119,moderate,cluttered,WindAwareGreedy,32,15,0.46875,0.536,0.0,False,33.5,62.5,1342.0706970274064,1313.48689450005,-142.07069702740637,-222.0706970274064,True,102.5064938274064,False,True,0.0913434637477255,0.0058710508046366,2.0,True,1.0,8.000:8.000|39.366:14.622|25.268:9.473|23.788:55.580|34.620:57.487|42.879:58.891|60.658:38.776|69.865:44.195|60.866:46.795|48.833:35.768|35.616:31.208|25.978:47.732|16.791:67.587|44.532:57.707|43.098:43.697|31.165:44.932|8.000:8.000,0-24-11-30-8-26-14-4-15-7-22-25-6-28-20-19-0,0.0013487997930496
119,moderate,cluttered,ReserveOnlyPlanner,32,16,0.5,0.584,0.584,True,36.5,62.5,1091.9590605929552,1181.808803826474,108.04093940704482,28.040939407044817,False,91.94838750105409,True,False,0.1644823334030125,0.0103262934233418,2.0,False,1.0,8.000:8.000|25.268:9.473|39.366:14.622|35.616:31.208|23.788:55.580|34.620:57.487|42.879:58.891|44.532:57.707|48.833:35.768|60.658:38.776|69.865:44.195|60.866:46.795|67.430:42.603|77.690:55.055|76.052:65.229|56.919:53.819|43.098:43.697|8.000:8.000,0-11-24-22-30-8-26-28-7-14-4-15-16-21-1-3-20-0,0.0015175649896264
119,moderate,cluttered,FairRiskAwareGreedy,32,15,0.46875,0.544,0.544,True,34.0,62.5,1097.611437746341,1126.5187730904254,102.38856225365883,22.388562253658847,False,116.3171288543832,True,False,0.0078842512888614,0.00049405257462,2.0,False,1.0,8.000:8.000|39.366:14.622|25.268:9.473|60.658:38.776|69.865:44.195|48.833:35.768|61.062:19.277|54.154:8.684|35.616:31.208|25.978:47.732|16.791:67.587|60.866:46.795|67.430:42.603|71.447:35.223|42.879:58.891|44.532:57.707|8.000:8.000,0-24-11-14-4-7-18-27-22-25-6-15-16-5-26-28-0,0.0019824430346488
119,moderate,cluttered,FairALNSPlanner,32,27,0.84375,0.904,0.904,True,56.5,62.5,1039.3176053034642,1201.901528059969,160.68239469653582,80.68239469653582,False,130.09400630210553,True,False,0.084307300052531,0.0030843487466872,2.0,False,1.0,8.000:8.000|16.791:67.587|25.978:47.732|23.788:55.580|34.620:57.487|42.879:58.891|44.532:57.707|56.919:53.819|60.866:46.795|60.658:38.776|67.430:42.603|69.865:44.195|77.690:55.055|85.107:60.550|76.052:65.229|71.447:35.223|69.923:30.774|60.817:33.961|48.833:35.768|43.098:43.697|35.616:31.208|43.602:29.212|47.617:29.381|55.060:24.515|61.062:19.277|54.154:8.684|39.366:14.622|25.268:9.473|8.000:8.000,0-6-25-30-8-26-28-3-15-14-16-4-21-17-1-5-31-23-7-20-22-32-13-10-18-27-24-11-0,17.857001502998173
119,moderate,cluttered,RAWA-RHP,32,28,0.875,0.936,0.936,True,58.5,62.5,1025.4840939730166,1192.7827436945472,174.5159060269836,94.5159060269836,False,130.64340324438706,True,False,0.0262383967957442,0.0009079001213651,2.0,False,1.0,8.000:8.000|25.268:9.473|39.366:14.622|54.154:8.684|61.062:19.277|69.923:30.774|71.447:35.223|90.171:40.545|94.656:48.649|85.107:60.550|76.052:65.229|77.690:55.055|69.865:44.195|67.430:42.603|60.866:46.795|60.658:38.776|60.817:33.961|55.060:24.515|47.617:29.381|43.602:29.212|48.833:35.768|43.098:43.697|44.532:57.707|42.879:58.891|34.620:57.487|16.791:67.587|23.788:55.580|25.978:47.732|35.616:31.208|8.000:8.000,0-11-24-27-18-31-5-9-2-17-1-21-4-16-15-14-23-10-13-32-7-20-28-26-8-6-30-25-22-0,157.4265759899281
120,calm,cluttered,NearestNeighbor,32,31,0.96875,0.9618320610687024,0.0,False,63.0,65.5,1334.6388247583477,1334.0681119435455,-134.63882475834777,-214.63882475834777,True,158.85158738770522,False,True,0.0437881541480508,0.0013948372439157,2.0,True,1.0,8.000:8.000|28.661:20.201|28.773:34.112|25.236:34.254|17.349:37.132|15.808:44.766|33.246:47.384|35.055:53.134|37.334:42.080|45.442:16.990|55.587:13.269|59.883:15.932|59.689:19.089|60.162:25.571|62.872:32.195|68.293:32.388|72.431:21.628|82.117:20.183|87.979:34.422|91.363:31.498|94.532:26.953|66.764:8.968|63.651:8.708|60.469:55.081|64.601:59.121|66.613:74.472|54.348:71.918|53.666:87.998|42.630:83.052|32.378:75.568|30.353:75.980|24.270:65.382|8.000:8.000,0-28-8-12-30-26-5-25-9-1-18-20-17-16-22-15-32-3-2-29-4-27-13-23-6-10-11-24-31-7-19-21-0,0.0024440770503133
120,calm,cluttered,ValuePerDistance,32,28,0.875,0.900763358778626,0.0,False,59.0,65.5,1324.9647593050122,1330.8102940838996,-124.96475930501256,-204.9647593050125,True,155.50704594428277,False,True,0.0328891680236985,0.0011498192860546,2.0,True,1.0,8.000:8.000|28.773:34.112|25.236:34.254|17.349:37.132|15.808:44.766|33.246:47.384|35.055:53.134|24.270:65.382|32.378:75.568|30.353:75.980|42.630:83.052|53.666:87.998|66.613:74.472|64.601:59.121|60.469:55.081|62.872:32.195|68.293:32.388|82.117:20.183|72.431:21.628|63.651:8.708|66.764:8.968|59.883:15.932|59.689:19.089|60.162:25.571|45.442:16.990|55.587:13.269|91.363:31.498|87.979:34.422|94.532:26.953|8.000:8.000,0-8-12-30-26-5-25-21-7-19-31-24-10-6-23-22-15-3-32-13-27-20-17-16-1-18-29-2-4-0,0.0016608000732958
120,calm,cluttered,WindAwareGreedy,32,21,0.65625,0.7862595419847328,0.0,False,51.5,65.5,1395.404964166422,1389.04598949361,-195.4049641664216,-275.4049641664216,True,149.37903820626428,False,True,0.0456366617514577,0.0021158662539103,2.0,True,1.0,8.000:8.000|28.773:34.112|25.236:34.254|17.349:37.132|35.055:53.134|32.378:75.568|30.353:75.980|24.270:65.382|33.246:47.384|62.872:32.195|59.883:15.932|59.689:19.089|63.651:8.708|82.117:20.183|91.363:31.498|64.601:59.121|60.469:55.081|54.348:71.918|42.630:83.052|78.100:91.285|66.613:74.472|53.666:87.998|8.000:8.000,0-8-12-30-25-7-19-21-5-22-20-17-13-3-29-6-23-11-31-14-10-24-0,0.0014912120532244
120,calm,cluttered,ReserveOnlyPlanner,32,22,0.6875,0.7786259541984732,0.7786259541984732,True,51.0,65.5,1101.8305547511736,1138.3139637806028,98.16944524882618,18.16944524882618,False,127.80137167777754,True,False,0.0415981459321389,0.0018402377903465,2.0,False,1.0,8.000:8.000|28.773:34.112|25.236:34.254|17.349:37.132|35.055:53.134|33.246:47.384|24.270:65.382|32.378:75.568|30.353:75.980|42.630:83.052|54.348:71.918|64.601:59.121|62.872:32.195|59.883:15.932|59.689:19.089|63.651:8.708|66.764:8.968|82.117:20.183|91.363:31.498|68.293:32.388|72.431:21.628|45.442:16.990|28.661:20.201|8.000:8.000,0-8-12-30-25-5-21-7-19-31-11-6-22-20-17-13-27-3-29-15-32-1-28-0,0.0017613570671528
120,calm,cluttered,FairRiskAwareGreedy,32,18,0.5625,0.6564885496183206,0.6564885496183206,True,43.0,65.5,1097.3028155318163,1115.324832064669,102.69718446818344,22.69718446818345,False,125.41047078202368,True,False,0.0252997024536422,0.0013459897248908,2.0,False,1.0,8.000:8.000|28.773:34.112|25.236:34.254|17.349:37.132|62.872:32.195|59.883:15.932|59.689:19.089|82.117:20.183|63.651:8.708|66.764:8.968|91.363:31.498|32.378:75.568|30.353:75.980|24.270:65.382|35.055:53.134|33.246:47.384|15.808:44.766|45.442:16.990|28.661:20.201|8.000:8.000,0-8-12-30-22-20-17-3-13-27-29-7-19-21-25-5-26-1-28-0,0.002666066866368
120,calm,cluttered,FairALNSPlanner,32,29,0.90625,0.9465648854961832,0.9465648854961832,True,62.0,65.5,1066.7462480885342,1153.5863620963949,133.25375191146577,53.25375191146577,False,140.5505728336685,True,False,0.031307686360573,0.001056522304741,2.0,False,1.0,8.000:8.000|17.349:37.132|25.236:34.254|28.773:34.112|37.334:42.080|33.246:47.384|35.055:53.134|24.270:65.382|30.353:75.980|32.378:75.568|42.630:83.052|53.666:87.998|78.100:91.285|66.613:74.472|54.348:71.918|64.601:59.121|60.469:55.081|62.872:32.195|68.293:32.388|91.363:31.498|87.979:34.422|82.117:20.183|72.431:21.628|66.764:8.968|63.651:8.708|55.587:13.269|59.883:15.932|59.689:19.089|45.442:16.990|28.661:20.201|8.000:8.000,0-30-12-8-9-5-25-21-19-7-31-24-14-10-11-6-23-22-15-29-2-3-32-27-13-18-20-17-1-28-0,19.76166220288724
120,calm,cluttered,RAWA-RHP,32,29,0.90625,0.9465648854961832,0.9465648854961832,True,62.0,65.5,1064.7932406592872,1153.5863620963949,135.20675934071278,55.20675934071278,False,140.5505728336685,True,False,0.031307686360573,0.001056522304741,2.0,False,1.0,8.000:8.000|17.349:37.132|25.236:34.254|28.773:34.112|37.334:42.080|33.246:47.384|35.055:53.134|24.270:65.382|30.353:75.980|32.378:75.568|42.630:83.052|53.666:87.998|78.100:91.285|66.613:74.472|54.348:71.918|64.601:59.121|60.469:55.081|62.872:32.195|68.293:32.388|91.363:31.498|87.979:34.422|82.117:20.183|72.431:21.628|66.764:8.968|63.651:8.708|55.587:13.269|59.883:15.932|59.689:19.089|45.442:16.990|28.661:20.201|8.000:8.000,0-30-12-8-9-5-25-21-19-7-31-24-14-10-11-6-23-22-15-29-2-3-32-27-13-18-20-17-1-28-0,142.27102754916996
122,calm,cluttered,NearestNeighbor,32,32,1.0,1.0,0.0,False,66.0,66.0,1400.8958579016194,1405.3066169075012,-200.89585790161968,-280.8958579016197,True,165.7269884877255,False,True,0.0413406610992168,0.0012730089113375,2.0,True,1.0,8.000:8.000|22.879:9.359|38.922:16.388|43.751:17.680|47.603:20.545|47.557:32.132|47.647:36.103|41.774:34.189|42.055:31.733|31.217:32.908|23.687:41.956|22.148:44.232|23.548:54.944|39.720:53.771|54.005:49.880|59.038:47.316|62.806:46.990|63.756:34.536|76.393:40.093|81.607:36.810|81.089:29.466|82.496:27.136|93.018:30.512|97.475:19.507|62.060:15.237|59.337:60.921|64.504:72.927|67.976:82.997|73.964:91.134|49.647:75.208|42.690:73.996|20.019:85.511|15.122:75.702|8.000:8.000,0-12-26-30-23-6-16-10-19-11-22-32-15-24-13-4-2-3-8-21-1-14-31-25-7-9-17-27-20-18-29-28-5-0,0.0022469088435173
122,calm,cluttered,ValuePerDistance,32,30,0.9375,0.9696969696969696,0.0,False,64.0,66.0,1419.03510151708,1424.1019486303674,-219.03510151707997,-299.03510151708,True,164.80706345367318,False,True,0.0430973478576641,0.0014150338214055,2.0,True,1.0,8.000:8.000|22.879:9.359|38.922:16.388|43.751:17.680|47.603:20.545|42.055:31.733|41.774:34.189|47.647:36.103|47.557:32.132|54.005:49.880|59.038:47.316|62.806:46.990|76.393:40.093|81.607:36.810|81.089:29.466|82.496:27.136|93.018:30.512|97.475:19.507|62.060:15.237|31.217:32.908|23.687:41.956|22.148:44.232|23.548:54.944|39.720:53.771|42.690:73.996|49.647:75.208|64.504:72.927|67.976:82.997|73.964:91.134|59.337:60.921|15.122:75.702|8.000:8.000,0-12-26-30-23-19-10-16-6-13-4-2-8-21-1-14-31-25-7-11-22-32-15-24-29-18-17-27-20-9-5-0,0.0028746598400175
122,calm,cluttered,WindAwareGreedy,32,22,0.6875,0.7651515151515151,0.0,False,50.5,66.0,1367.9966387325076,1356.302764252265,-167.9966387325074,-247.9966387325074,True,147.63652913520514,False,True,0.0325252635698407,0.0014297161268387,2.0,True,1.0,8.000:8.000|22.879:9.359|42.055:31.733|62.806:46.990|54.005:49.880|59.038:47.316|42.690:73.996|64.504:72.927|67.976:82.997|73.964:91.134|82.496:27.136|62.060:15.237|47.603:20.545|38.922:16.388|31.217:32.908|41.774:34.189|47.557:32.132|47.647:36.103|23.687:41.956|22.148:44.232|15.122:75.702|20.019:85.511|39.720:53.771|8.000:8.000,0-12-19-2-13-4-29-17-27-20-14-7-23-26-11-10-6-16-22-32-5-28-24-0,0.0017488221637904
122,calm,cluttered,ReserveOnlyPlanner,32,19,0.59375,0.696969696969697,0.696969696969697,True,46.0,66.0,1085.5865112832223,1124.7019908770856,114.4134887167776,34.41348871677759,False,120.91146524930852,True,False,0.017904646380735,0.0009012973464183,2.0,False,1.0,8.000:8.000|22.879:9.359|42.055:31.733|41.774:34.189|62.806:46.990|54.005:49.880|59.038:47.316|42.690:73.996|64.504:72.927|67.976:82.997|73.964:91.134|59.337:60.921|47.647:36.103|47.557:32.132|47.603:20.545|62.060:15.237|82.496:27.136|93.018:30.512|81.089:29.466|38.922:16.388|8.000:8.000,0-12-19-10-2-13-4-29-17-27-20-9-16-6-23-7-14-31-1-26-0,0.0017050399910658
122,calm,cluttered,FairRiskAwareGreedy,32,17,0.53125,0.6212121212121212,0.6212121212121212,True,41.0,66.0,1081.538325494119,1100.2639319648813,118.46167450588082,38.46167450588082,False,122.904227259389,True,False,0.0072003352737838,0.0004009386271847,2.0,False,1.0,8.000:8.000|22.879:9.359|42.055:31.733|62.806:46.990|54.005:49.880|42.690:73.996|47.603:20.545|62.060:15.237|38.922:16.388|31.217:32.908|41.774:34.189|59.038:47.316|47.557:32.132|47.647:36.103|82.496:27.136|93.018:30.512|81.089:29.466|43.751:17.680|8.000:8.000,0-12-19-2-13-29-23-7-26-11-10-4-6-16-14-31-1-30-0,0.0026879298966377
122,calm,cluttered,FairALNSPlanner,32,28,0.875,0.9318181818181818,0.9318181818181818,True,61.5,66.0,1059.993967376039,1133.360782553163,140.00603262396118,60.006032623961175,False,137.98688292325997,True,False,0.010973844644893,0.0003796489061261,2.0,False,1.0,8.000:8.000|22.879:9.359|38.922:16.388|43.751:17.680|47.603:20.545|62.060:15.237|81.089:29.466|82.496:27.136|97.475:19.507|93.018:30.512|81.607:36.810|76.393:40.093|62.806:46.990|59.038:47.316|54.005:49.880|59.337:60.921|64.504:72.927|67.976:82.997|73.964:91.134|42.690:73.996|15.122:75.702|23.548:54.944|22.148:44.232|23.687:41.956|41.774:34.189|47.647:36.103|47.557:32.132|42.055:31.733|31.217:32.908|8.000:8.000,0-12-26-30-23-7-1-14-25-31-21-8-2-4-13-9-17-27-20-29-5-15-32-22-10-16-6-19-11-0,19.32991932402365
122,calm,cluttered,RAWA-RHP,32,29,0.90625,0.9393939393939394,0.9393939393939394,True,62.0,66.0,1047.2856344058473,1117.8414413203488,152.7143655941526,72.71436559415261,False,139.8294170879011,True,False,0.0175337663200731,0.0005880841244724,2.0,False,1.0,8.000:8.000|22.148:44.232|23.687:41.956|31.217:32.908|42.055:31.733|47.557:32.132|47.647:36.103|41.774:34.189|39.720:53.771|42.690:73.996|49.647:75.208|73.964:91.134|67.976:82.997|64.504:72.927|59.337:60.921|54.005:49.880|59.038:47.316|62.806:46.990|63.756:34.536|76.393:40.093|81.607:36.810|93.018:30.512|97.475:19.507|82.496:27.136|81.089:29.466|62.060:15.237|47.603:20.545|43.751:17.680|38.922:16.388|22.879:9.359|8.000:8.000,0-32-22-11-19-6-16-10-24-29-18-20-27-17-9-13-4-2-3-8-21-31-25-14-1-7-23-30-26-12-0,60.36879261792637
119,moderate,sparse,NearestNeighbor,32,27,0.84375,0.8245614035087719,0.0,False,47.0,57.0,1348.7977959277314,1368.5668692247089,-148.79779592773096,-228.79779592773096,True,125.8432857344776,False,True,0.031973095619482,0.0011533778550075,2.0,True,1.0,8.000:8.000|15.212:16.137|23.947:26.708|22.776:35.541|32.040:43.137|35.859:45.453|44.277:50.186|57.543:58.373|58.983:62.551|63.895:67.539|66.760:66.544|75.419:74.308|70.364:79.321|73.185:93.261|83.608:79.674|62.774:47.704|60.494:47.584|66.568:36.275|55.460:24.665|58.393:19.885|49.962:16.271|47.104:13.909|48.883:9.233|39.204:12.183|41.667:25.080|38.416:29.198|42.919:30.187|11.027:43.416|8.000:8.000,0-30-15-12-29-28-13-2-19-8-25-20-18-32-10-31-26-24-1-23-17-3-4-7-16-21-9-11-0,0.0020164668094366
119,moderate,sparse,ValuePerDistance,32,26,0.8125,0.868421052631579,0.0,False,49.5,57.0,1303.2287482084582,1290.4590967810095,-103.2287482084582,-183.2287482084582,True,122.21619280766896,False,True,0.0358566520921073,0.0013404807836694,2.0,True,1.0,8.000:8.000|15.212:16.137|39.204:12.183|47.104:13.909|49.962:16.271|48.883:9.233|58.393:19.885|55.460:24.665|66.568:36.275|60.494:47.584|62.774:47.704|57.543:58.373|58.983:62.551|63.895:67.539|66.760:66.544|75.419:74.308|83.608:79.674|73.185:93.261|70.364:79.321|30.780:73.669|34.342:73.285|44.277:50.186|35.859:45.453|32.040:43.137|38.416:29.198|42.919:30.187|41.667:25.080|8.000:8.000,0-30-7-3-17-4-23-1-24-26-31-2-19-8-25-20-10-32-18-6-27-13-28-29-21-9-16-0,0.0015711928717792
119,moderate,sparse,WindAwareGreedy,32,20,0.625,0.6842105263157895,0.0,False,39.0,57.0,1377.6207920651566,1371.507487554738,-177.6207920651566,-257.6207920651566,True,116.00280950285024,False,True,0.0786286767443754,0.0038394072052787,2.0,True,1.0,8.000:8.000|39.204:12.183|58.393:19.885|48.883:9.233|47.104:13.909|49.962:16.271|38.416:29.198|35.859:45.453|30.780:73.669|34.342:73.285|44.277:50.186|60.494:47.584|62.774:47.704|66.568:36.275|42.919:30.187|41.667:25.080|15.212:16.137|23.947:26.708|22.776:35.541|11.027:43.416|32.040:43.137|8.000:8.000,0-7-23-4-3-17-21-28-6-27-13-26-31-24-9-16-30-15-12-11-29-0,0.0015852430369704
119,moderate,sparse,ReserveOnlyPlanner,32,16,0.5,0.6052631578947368,0.6052631578947368,True,34.5,57.0,1096.3360243052698,1193.266546460868,103.66397569472991,23.663975694729917,False,93.61356811666344,True,False,0.0669439286562331,0.0040117542531883,2.0,False,1.0,8.000:8.000|15.212:16.137|39.204:12.183|48.883:9.233|58.393:19.885|49.962:16.271|47.104:13.909|38.416:29.198|35.859:45.453|30.780:73.669|34.342:73.285|44.277:50.186|60.494:47.584|62.774:47.704|57.543:58.373|58.983:62.551|63.895:67.539|8.000:8.000,0-30-7-4-23-17-3-21-28-6-27-13-26-31-2-19-8-0,0.001482913037762
119,moderate,sparse,FairRiskAwareGreedy,32,15,0.46875,0.5877192982456141,0.5877192982456141,True,33.5,57.0,1098.6727072062904,1127.7847180442773,101.32729279370946,21.32729279370946,False,118.06794620227257,True,False,0.0034838847501131,0.0002179734094697,2.0,False,1.0,8.000:8.000|39.204:12.183|58.393:19.885|48.883:9.233|47.104:13.909|49.962:16.271|73.963:10.420|30.780:73.669|34.342:73.285|15.212:16.137|35.859:45.453|44.277:50.186|42.919:30.187|60.494:47.584|62.774:47.704|66.568:36.275|8.000:8.000,0-7-23-4-3-17-5-6-27-30-28-13-9-26-31-24-0,0.0023008710704743
119,moderate,sparse,FairALNSPlanner,32,19,0.59375,0.6842105263157895,0.6842105263157895,True,39.0,57.0,932.6134174539432,1043.7963982783965,267.3865825460568,187.3865825460568,False,110.7201322730791,True,False,0.0214299190432516,0.0010752782021289,2.0,False,1.0,8.000:8.000|39.204:12.183|48.883:9.233|73.963:10.420|74.327:23.744|66.568:36.275|62.774:47.704|60.494:47.584|34.342:73.285|30.780:73.669|73.185:93.261|66.760:66.544|63.895:67.539|58.983:62.551|44.277:50.186|42.919:30.187|38.416:29.198|41.667:25.080|47.104:13.909|49.962:16.271|8.000:8.000,0-7-4-5-14-24-31-26-27-6-32-25-8-19-13-9-21-16-3-17-0,14.364010928897187
119,moderate,sparse,RAWA-RHP,32,30,0.9375,0.9649122807017544,0.9649122807017544,True,55.0,57.0,1058.6342064399676,1209.3311641771347,141.36579356003264,61.36579356003264,False,136.54945940585546,True,False,0.0366068690357075,0.0011953965804499,2.0,False,1.0,8.000:8.000|15.212:16.137|23.947:26.708|41.667:25.080|38.416:29.198|42.919:30.187|32.040:43.137|35.859:45.453|44.277:50.186|30.780:73.669|34.342:73.285|70.364:79.321|73.185:93.261|83.608:79.674|75.419:74.308|66.760:66.544|63.895:67.539|58.983:62.551|57.543:58.373|60.494:47.584|62.774:47.704|66.568:36.275|74.327:23.744|76.540:16.349|73.963:10.420|58.393:19.885|55.460:24.665|49.962:16.271|47.104:13.909|48.883:9.233|39.204:12.183|8.000:8.000,0-30-15-16-21-9-29-28-13-6-27-18-32-10-20-25-8-19-2-26-31-24-14-22-5-23-1-17-3-4-7-0,192.9399513988756
122,calm,sparse,NearestNeighbor,32,32,1.0,1.0,0.0,False,64.0,64.0,1359.92646547257,1362.6844641043572,-159.92646547257007,-239.92646547257007,True,163.62374016496346,False,True,0.0351083899026356,0.001079221110971,2.0,True,1.0,8.000:8.000|11.077:17.147|19.348:21.206|22.388:27.888|24.762:29.509|26.120:27.933|20.692:35.834|24.157:40.464|28.313:40.941|30.630:42.219|34.190:35.635|46.055:29.201|55.093:25.926|59.447:39.285|71.036:34.558|77.154:39.830|84.789:48.476|68.917:50.046|71.095:65.845|70.636:73.651|68.449:73.672|55.537:79.408|43.280:80.920|37.314:82.697|33.712:81.181|38.376:67.251|46.114:63.687|17.489:64.079|8.712:59.195|40.782:93.772|65.216:91.027|75.216:88.694|81.617:87.415|8.000:8.000,0-24-21-16-9-7-18-31-12-32-29-11-15-3-25-4-22-17-14-26-5-13-8-2-28-19-10-20-30-23-6-27-1-0,0.0021776659414172
122,calm,sparse,ValuePerDistance,32,29,0.90625,0.9296875,0.0,False,59.5,64.0,1369.9957393973737,1382.6017770180376,-169.99573939737363,-249.99573939737363,True,158.3658238733313,False,True,0.0363739032687068,0.0012299225602831,2.0,True,1.0,8.000:8.000|11.077:17.147|19.348:21.206|22.388:27.888|24.762:29.509|26.120:27.933|34.190:35.635|28.313:40.941|24.157:40.464|20.692:35.834|30.630:42.219|55.093:25.926|46.055:29.201|59.447:39.285|68.917:50.046|71.095:65.845|70.636:73.651|68.449:73.672|75.216:88.694|81.617:87.415|65.216:91.027|33.712:81.181|37.314:82.697|43.280:80.920|55.537:79.408|46.114:63.687|38.376:67.251|17.489:64.079|8.712:59.195|40.782:93.772|8.000:8.000,0-24-21-16-9-7-29-12-31-18-32-15-11-3-17-14-26-5-27-1-6-28-2-8-13-10-19-20-30-23-0,0.0016653009224683
122,calm,sparse,WindAwareGreedy,32,24,0.75,0.8203125,0.0,False,52.5,64.0,1255.1709663693644,1251.2702797894417,-55.17096636936438,-135.17096636936438,True,142.61499483758,False,True,0.0023604114109206,9.44566859959961e-05,2.0,True,1.0,8.000:8.000|11.077:17.147|19.348:21.206|34.190:35.635|24.157:40.464|22.388:27.888|24.762:29.509|20.692:35.834|28.313:40.941|33.712:81.181|43.280:80.920|70.636:73.651|71.095:65.845|75.216:88.694|81.617:87.415|68.449:73.672|68.917:50.046|55.093:25.926|59.447:39.285|46.114:63.687|17.489:64.079|8.712:59.195|30.630:42.219|46.055:29.201|26.120:27.933|8.000:8.000,0-24-21-29-31-16-9-18-12-28-8-26-14-27-1-5-17-15-3-10-20-30-32-11-7-0,0.0017478188965469
122,calm,sparse,ReserveOnlyPlanner,32,21,0.65625,0.75,0.75,True,48.0,64.0,1107.379491848848,1139.7934538837533,92.62050815115232,12.620508151152308,False,124.27092496912104,True,False,0.0113931882135397,0.0005186607988791,2.0,False,1.0,8.000:8.000|11.077:17.147|19.348:21.206|22.388:27.888|34.190:35.635|24.157:40.464|28.313:40.941|20.692:35.834|24.762:29.509|55.093:25.926|59.447:39.285|71.095:65.845|70.636:73.651|68.449:73.672|75.216:88.694|81.617:87.415|33.712:81.181|43.280:80.920|37.314:82.697|17.489:64.079|8.712:59.195|46.114:63.687|8.000:8.000,0-24-21-16-29-31-12-18-9-15-3-14-26-5-27-1-28-8-2-20-30-10-0,0.0017722090706229
122,calm,sparse,FairRiskAwareGreedy,32,21,0.65625,0.7265625,0.7265625,True,46.5,64.0,1084.7185854100162,1104.0692372966405,115.28141458998373,35.281414589983726,False,131.94840710107832,True,False,0.0023610015381663,0.0001073640306072,2.0,False,1.0,8.000:8.000|11.077:17.147|19.348:21.206|34.190:35.635|22.388:27.888|24.157:40.464|20.692:35.834|24.762:29.509|33.712:81.181|17.489:64.079|28.313:40.941|30.630:42.219|59.447:39.285|71.095:65.845|70.636:73.651|75.216:88.694|81.617:87.415|68.449:73.672|46.114:63.687|68.917:50.046|46.055:29.201|26.120:27.933|8.000:8.000,0-24-21-29-16-31-18-9-28-20-12-32-3-14-26-27-1-5-10-17-11-7-0,0.0029517340008169
122,calm,sparse,FairALNSPlanner,32,31,0.96875,0.9765625,0.9765625,True,62.5,64.0,1045.7776437976047,1127.5660407562737,154.2223562023953,74.2223562023953,False,143.98709923086415,True,False,0.0205478135723904,0.000646921173549,2.0,False,1.0,8.000:8.000|19.348:21.206|20.692:35.834|24.157:40.464|28.313:40.941|30.630:42.219|46.114:63.687|38.376:67.251|17.489:64.079|8.712:59.195|33.712:81.181|37.314:82.697|43.280:80.920|55.537:79.408|65.216:91.027|75.216:88.694|81.617:87.415|68.449:73.672|70.636:73.651|71.095:65.845|84.789:48.476|77.154:39.830|68.917:50.046|59.447:39.285|71.036:34.558|55.093:25.926|46.055:29.201|34.190:35.635|26.120:27.933|24.762:29.509|22.388:27.888|11.077:17.147|8.000:8.000,0-21-18-31-12-32-10-19-20-30-28-2-8-13-6-27-1-5-26-14-22-4-17-3-25-15-11-29-7-9-16-24-0,20.51152564911172
122,calm,sparse,RAWA-RHP,32,31,0.96875,0.9765625,0.9765625,True,62.5,64.0,1018.254007850982,1091.9339620608832,181.74599214901767,101.74599214901772,False,140.611113465538,True,False,0.0221910303486793,0.0006993489694665,2.0,False,1.0,8.000:8.000|19.348:21.206|20.692:35.834|24.157:40.464|28.313:40.941|30.630:42.219|46.114:63.687|38.376:67.251|17.489:64.079|8.712:59.195|33.712:81.181|37.314:82.697|43.280:80.920|55.537:79.408|65.216:91.027|75.216:88.694|81.617:87.415|68.449:73.672|70.636:73.651|71.095:65.845|68.917:50.046|84.789:48.476|77.154:39.830|71.036:34.558|59.447:39.285|55.093:25.926|46.055:29.201|34.190:35.635|26.120:27.933|24.762:29.509|22.388:27.888|11.077:17.147|8.000:8.000,0-21-18-31-12-32-10-19-20-30-28-2-8-13-6-27-1-5-26-14-17-22-4-25-3-15-11-29-7-9-16-24-0,84.85485231690109
123,severe,sparse,NearestNeighbor,32,17,0.53125,0.5294117647058824,0.0,False,36.0,68.0,1349.9742297651048,1313.394896876147,-149.9742297651047,-229.9742297651047,True,75.56883188433174,False,True,0.1650576980319001,0.0092467159382673,2.0,True,1.0,8.000:8.000|9.288:20.550|21.382:8.833|23.405:40.479|23.145:43.464|27.740:43.135|34.714:38.008|44.681:45.999|36.223:50.859|31.809:51.600|39.365:57.517|39.783:59.588|40.726:63.330|41.009:68.153|35.225:67.005|32.058:66.661|26.665:61.348|18.325:46.875|8.000:8.000,0-18-23-3-31-32-21-1-15-8-14-11-13-20-2-25-29-10-0,0.0014865819830447
123,severe,sparse,ValuePerDistance,32,15,0.46875,0.4779411764705882,0.0,False,32.5,68.0,1398.1273698976174,1372.1505830102817,-198.1273698976176,-278.12736989761754,True,73.48620268348571,False,True,0.1618546801845232,0.0101638121810552,2.0,True,1.0,8.000:8.000|9.288:20.550|21.382:8.833|23.405:40.479|23.145:43.464|27.740:43.135|18.325:46.875|31.809:51.600|36.223:50.859|39.783:59.588|39.365:57.517|40.726:63.330|32.058:66.661|35.225:67.005|41.009:68.153|26.665:61.348|8.000:8.000,0-18-23-3-31-32-10-8-15-11-14-13-25-2-20-29-0,0.0010280949063599
123,severe,sparse,WindAwareGreedy,32,12,0.375,0.4264705882352941,0.0,False,29.0,68.0,1409.7249851491924,1452.633787679228,-209.72498514919224,-289.7249851491922,True,73.69700202876581,False,True,0.3470952183670865,0.0294667909878569,2.0,True,1.0,8.000:8.000|9.288:20.550|21.382:8.833|23.405:40.479|18.325:46.875|23.145:43.464|27.740:43.135|34.714:38.008|39.783:59.588|40.726:63.330|32.058:66.661|31.523:86.476|34.395:88.640|8.000:8.000,0-18-23-3-10-31-32-21-11-13-25-12-24-0,0.0010679471306502
123,severe,sparse,ReserveOnlyPlanner,32,9,0.28125,0.2867647058823529,0.2867647058823529,True,19.5,68.0,1069.137717658423,1168.7583004597943,130.862282341577,50.862282341576986,False,51.24376192938533,True,False,0.1614606327184347,0.0162148767383837,2.0,False,1.0,8.000:8.000|9.288:20.550|21.382:8.833|23.405:40.479|18.325:46.875|23.145:43.464|27.740:43.135|34.714:38.008|31.809:51.600|36.223:50.859|8.000:8.000,0-18-23-3-10-31-32-21-8-15-0,0.000913165975362
123,severe,sparse,FairRiskAwareGreedy,32,15,0.46875,0.4485294117647059,0.4485294117647059,True,30.5,68.0,1063.5906235579878,1111.4078347996908,136.40937644201256,56.40937644201256,False,96.09108525685431,True,False,0.015408500520617,0.0009681801543175,2.8284271247461903,False,1.0,8.000:8.000|9.288:20.550|21.382:8.833|18.325:46.875|32.058:66.661|40.726:63.330|27.740:43.135|34.714:38.008|31.809:51.600|36.223:50.859|23.145:43.464|26.665:61.348|35.225:67.005|44.681:45.999|39.365:57.517|41.009:68.153|8.000:8.000,0-18-23-10-25-13-32-21-8-15-31-29-2-1-14-20-0,0.0017753110732883
123,severe,sparse,FairALNSPlanner,32,17,0.53125,0.6176470588235294,0.6176470588235294,True,42.0,68.0,1053.7022445103264,1215.5526857632108,146.29775548967373,66.29775548967373,False,100.73139426434903,True,False,0.0385892367658928,0.0021689572451233,2.0,False,1.0,8.000:8.000|9.288:20.550|23.405:40.479|27.740:43.135|89.294:39.222|83.247:68.318|72.877:69.858|73.086:78.305|31.523:86.476|41.009:68.153|32.058:66.661|35.225:67.005|40.726:63.330|39.783:59.588|39.365:57.517|31.809:51.600|18.325:46.875|21.382:8.833|8.000:8.000,0-18-3-32-9-4-30-5-12-20-25-2-13-11-14-8-10-23-0,8.58289929991588
123,severe,sparse,RAWA-RHP,32,25,0.78125,0.8014705882352942,0.8014705882352942,True,54.5,68.0,1047.4568191461062,1256.9431645746386,152.54318085389377,72.54318085389377,False,114.36285052807538,True,False,0.068619690403336,0.0026996253771026,2.0,False,1.0,8.000:8.000|9.288:20.550|23.405:40.479|27.740:43.135|31.809:51.600|36.223:50.859|39.365:57.517|39.783:59.588|40.726:63.330|72.877:69.858|76.941:69.728|83.247:68.318|74.951:73.769|74.117:76.137|73.086:78.305|79.288:87.932|69.669:93.529|34.395:88.640|31.523:86.476|41.009:68.153|35.225:67.005|32.058:66.661|26.665:61.348|23.145:43.464|18.325:46.875|21.382:8.833|8.000:8.000,0-18-3-32-8-15-14-11-13-30-7-4-6-26-5-17-28-24-12-20-2-25-29-31-10-23-0,32.68722398718819
123,calm,sparse,NearestNeighbor,32,29,0.90625,0.9104477611940298,0.0,False,61.0,67.0,1462.712990476062,1465.9285644269564,-262.71299047606203,-342.71299047606203,True,165.84646326915177,False,True,0.023327461925067,0.0007831196847424,2.0,True,1.0,8.000:8.000|29.874:31.295|37.760:21.911|42.741:30.433|43.426:36.083|51.238:34.919|59.670:41.236|65.366:37.611|69.970:37.177|75.813:41.135|64.269:32.128|64.179:29.265|76.586:20.591|79.399:20.215|82.869:26.701|85.858:28.472|91.005:46.773|78.400:60.970|70.177:75.018|63.116:72.693|62.028:70.585|64.076:68.387|61.720:76.838|64.727:80.199|50.234:84.365|51.093:66.000|61.069:51.210|32.881:61.052|19.819:67.470|75.636:93.782|8.000:8.000,0-15-10-23-25-13-26-18-28-31-14-9-2-22-8-21-11-29-4-30-16-3-19-6-17-32-12-20-1-7-0,0.0021906390320509
123,calm,sparse,ValuePerDistance,32,29,0.90625,0.917910447761194,0.0,False,61.5,67.0,1341.5381834139928,1336.497442179964,-141.53818341399295,-221.53818341399293,True,154.66887742259362,False,True,0.0232871363411023,0.000781597358577,2.0,True,1.0,8.000:8.000|43.426:36.083|42.741:30.433|64.179:29.265|64.269:32.128|65.366:37.611|69.970:37.177|75.813:41.135|91.005:46.773|82.869:26.701|85.858:28.472|79.399:20.215|76.586:20.591|67.944:16.033|56.054:15.996|59.670:41.236|61.069:51.210|51.093:66.000|62.028:70.585|64.076:68.387|63.116:72.693|70.177:75.018|64.727:80.199|61.720:76.838|50.234:84.365|32.881:61.052|19.819:67.470|29.874:31.295|37.760:21.911|51.238:34.919|8.000:8.000,0-25-23-9-14-18-28-31-11-8-21-22-2-27-24-26-12-32-16-3-30-4-6-19-17-20-1-15-10-13-0,0.0016575900372117
123,calm,sparse,WindAwareGreedy,32,24,0.75,0.835820895522388,0.0,False,56.0,67.0,1483.6877457414391,1486.772938068878,-283.68774574143885,-363.6877457414389,True,161.64617137065937,False,True,0.0420219308202693,0.0017048335676826,2.0,True,1.0,8.000:8.000|43.426:36.083|65.366:37.611|64.179:29.265|79.399:20.215|82.869:26.701|91.005:46.773|61.069:51.210|51.093:66.000|59.670:41.236|64.269:32.128|69.970:37.177|75.813:41.135|76.586:20.591|67.944:16.033|56.054:15.996|42.741:30.433|32.881:61.052|19.819:67.470|64.076:68.387|62.028:70.585|70.177:75.018|78.400:60.970|63.116:72.693|64.727:80.199|8.000:8.000,0-25-18-9-22-8-11-12-32-26-14-28-31-2-27-24-23-20-1-3-16-4-29-30-6-0,0.0018495398107916
123,calm,sparse,ReserveOnlyPlanner,32,21,0.65625,0.7388059701492538,0.7388059701492538,True,49.5,67.0,1025.6566029266214,1059.888108502836,174.34339707337853,94.34339707337853,False,118.72206558481172,True,False,0.0170916755519286,0.0007802858024625,2.0,False,1.0,8.000:8.000|43.426:36.083|65.366:37.611|64.179:29.265|64.269:32.128|61.069:51.210|51.093:66.000|62.028:70.585|64.076:68.387|70.177:75.018|91.005:46.773|75.813:41.135|69.970:37.177|59.670:41.236|79.399:20.215|82.869:26.701|76.586:20.591|67.944:16.033|56.054:15.996|42.741:30.433|29.874:31.295|37.760:21.911|8.000:8.000,0-25-18-9-14-12-32-16-3-4-11-31-28-26-22-8-2-27-24-23-15-10-0,0.0017197518609464
123,calm,sparse,FairRiskAwareGreedy,32,19,0.59375,0.6791044776119403,0.6791044776119403,True,45.5,67.0,1071.8313819311074,1095.728262643851,128.16861806889233,48.16861806889233,False,128.0137024972385,True,False,0.008735746457074,0.000437740677062,2.0,False,1.0,8.000:8.000|43.426:36.083|64.179:29.265|65.366:37.611|61.069:51.210|51.093:66.000|79.399:20.215|91.005:46.773|75.813:41.135|69.970:37.177|64.269:32.128|59.670:41.236|82.869:26.701|76.586:20.591|67.944:16.033|56.054:15.996|42.741:30.433|32.881:61.052|29.874:31.295|37.760:21.911|8.000:8.000,0-25-9-18-12-32-22-11-31-28-14-26-8-2-27-24-23-20-15-10-0,0.0030111810192465
123,calm,sparse,FairALNSPlanner,32,28,0.875,0.9104477611940298,0.9104477611940298,True,61.0,67.0,1047.7293308874046,1121.277304336098,152.27066911259558,72.27066911259558,False,138.23081215641065,True,False,0.0257923899358477,0.0008965818487771,2.0,False,1.0,8.000:8.000|29.874:31.295|43.426:36.083|19.819:67.470|32.881:61.052|51.093:66.000|62.028:70.585|63.116:72.693|61.720:76.838|64.727:80.199|70.177:75.018|64.076:68.387|61.069:51.210|59.670:41.236|65.366:37.611|64.269:32.128|64.179:29.265|69.970:37.177|75.813:41.135|78.400:60.970|91.005:46.773|85.858:28.472|82.869:26.701|79.399:20.215|76.586:20.591|67.944:16.033|56.054:15.996|42.741:30.433|37.760:21.911|8.000:8.000,0-15-25-1-20-32-16-30-19-6-4-3-12-26-18-14-9-28-31-29-11-21-8-22-2-27-24-23-10-0,18.793959517031908
123,calm,sparse,RAWA-RHP,32,28,0.875,0.9104477611940298,0.9104477611940298,True,61.0,67.0,1047.7050567432796,1115.5726293310477,152.29494325672033,72.29494325672033,False,138.62266556538407,True,False,0.0140015677847767,0.0004851169148626,2.0,False,1.0,8.000:8.000|29.874:31.295|37.760:21.911|42.741:30.433|43.426:36.083|51.238:34.919|32.881:61.052|51.093:66.000|62.028:70.585|63.116:72.693|64.727:80.199|70.177:75.018|64.076:68.387|61.069:51.210|59.670:41.236|65.366:37.611|64.269:32.128|64.179:29.265|69.970:37.177|75.813:41.135|78.400:60.970|91.005:46.773|85.858:28.472|82.869:26.701|76.586:20.591|79.399:20.215|88.300:11.632|67.944:16.033|56.054:15.996|8.000:8.000,0-15-10-23-25-13-20-32-16-30-6-4-3-12-26-18-14-9-28-31-29-11-21-8-2-22-5-27-24-0,61.238061727024615
123,severe,cluttered,NearestNeighbor,32,12,0.375,0.3422818791946309,0.0,False,25.5,74.5,1449.7308053503084,1427.5638444719425,-249.7308053503084,-329.7308053503084,True,67.58952395806686,False,True,0.1553333671693314,0.0126435528029419,2.0,True,1.0,8.000:8.000|18.324:10.391|44.411:14.461|48.589:9.375|51.906:13.597|62.152:9.384|67.084:19.236|70.971:25.527|72.495:37.025|74.319:40.370|64.632:46.363|66.109:51.575|72.569:58.434|8.000:8.000,0-31-23-22-4-18-26-3-17-16-9-6-8-0,0.0029347208328545
123,severe,cluttered,ValuePerDistance,32,11,0.34375,0.3959731543624161,0.0,False,29.5,74.5,1534.0142176281947,1534.102737384611,-334.01421762819496,-414.01421762819496,True,75.39864560203299,False,True,0.3058977341202855,0.0283328884988546,2.0,True,1.0,8.000:8.000|18.324:10.391|44.411:14.461|43.471:22.453|39.962:26.842|33.920:36.157|39.635:43.001|39.628:73.217|45.836:68.178|51.812:62.201|35.117:87.784|24.087:93.657|8.000:8.000,0-31-23-32-13-15-27-25-11-20-30-19-0,0.0011166071053594
123,severe,cluttered,WindAwareGreedy,32,10,0.3125,0.3758389261744966,0.0,False,28.0,74.5,1412.583261354203,1400.3999221922868,-212.58326135420296,-292.58326135420293,True,69.62548843947218,False,True,0.05535775523593,0.005044256900217,2.0,True,1.0,8.000:8.000|18.324:10.391|44.411:14.461|43.471:22.453|39.962:26.842|33.920:36.157|39.635:43.001|39.628:73.217|45.836:68.178|24.087:93.657|10.153:80.978|8.000:8.000,0-31-23-32-13-15-27-25-11-19-2-0,0.0009766081348061
123,severe,cluttered,ReserveOnlyPlanner,32,7,0.21875,0.2751677852348993,0.2751677852348993,True,20.5,74.5,1102.242062722259,1172.5542309928187,97.7579372777406,17.75793727774061,False,50.846754668334285,True,False,0.0015297236592533,0.0001912855014448,4.0,False,1.0,8.000:8.000|18.324:10.391|44.411:14.461|43.471:22.453|39.962:26.842|33.920:36.157|39.635:43.001|39.628:73.217|8.000:8.000,0-31-23-32-13-15-27-25-0,0.0008000838570296
123,severe,cluttered,FairRiskAwareGreedy,32,14,0.4375,0.4630872483221476,0.4630872483221476,True,34.5,74.5,1048.463759553336,1108.2249226783813,151.53624044666395,71.53624044666395,False,95.0377071279772,True,False,0.0068643777212415,0.0004588371648173,2.8284271247461903,False,1.0,8.000:8.000|18.324:10.391|44.411:14.461|43.471:22.453|33.920:36.157|39.635:43.001|39.962:26.842|51.906:13.597|48.589:9.375|62.152:9.384|74.319:40.370|52.613:38.294|39.628:73.217|45.836:68.178|30.997:76.458|8.000:8.000,0-31-23-32-15-27-13-4-22-18-16-24-25-11-14-0,0.0015322801191359
123,severe,cluttered,FairALNSPlanner,32,6,0.1875,0.1946308724832214,0.1946308724832214,True,14.5,74.5,729.1028317382493,797.8596622217668,470.89716826175066,390.89716826175066,False,56.33474990268202,True,False,0.063667153009058,0.0093107893267982,2.0,False,1.0,8.000:8.000|33.920:36.157|39.635:43.001|64.632:46.363|66.109:51.575|72.569:58.434|87.185:64.109|8.000:8.000,0-15-27-9-6-8-7-0,6.744265138171613
123,severe,cluttered,RAWA-RHP,32,21,0.65625,0.7046979865771812,0.7046979865771812,True,52.5,74.5,1010.3400939844296,1162.7005982418734,189.65990601557064,109.65990601557064,False,103.0904229591258,True,False,0.0163677547862561,0.0007482701940006,2.0,False,1.0,8.000:8.000|18.324:10.391|44.411:14.461|43.471:22.453|39.962:26.842|33.920:36.157|39.635:43.001|45.836:68.178|39.628:73.217|70.641:83.165|72.986:76.014|78.658:74.775|77.816:66.807|72.569:58.434|77.351:55.602|74.319:40.370|72.495:37.025|70.971:25.527|67.084:19.236|62.152:9.384|48.589:9.375|51.906:13.597|8.000:8.000,0-31-23-32-13-15-27-11-25-12-5-10-21-8-29-16-17-3-26-18-22-4-0,43.54534066305496
124,severe,cluttered,NearestNeighbor,32,17,0.53125,0.5608108108108109,0.0,False,41.5,74.0,1773.3598214882886,1725.9924318983856,-573.3598214882887,-653.3598214882887,True,103.39853463208244,False,True,0.2404902117793564,0.0144689201694487,2.0,True,1.0,8.000:8.000|30.336:22.723|51.426:25.670|52.910:23.337|58.427:17.402|62.885:15.078|53.155:12.735|77.831:17.742|74.377:27.915|67.445:41.982|78.507:53.858|75.043:58.940|85.038:66.159|77.382:79.368|74.626:83.618|84.710:87.382|86.818:87.813|91.346:91.203|8.000:8.000,0-6-3-14-4-31-10-9-17-5-20-26-7-32-1-23-28-16-0,0.0015506821218878
124,severe,cluttered,ValuePerDistance,32,13,0.40625,0.4256756756756756,0.0,False,31.5,74.0,1568.0138173444902,1532.9964050715648,-368.0138173444899,-448.0138173444899,True,83.04550628956748,False,True,0.191462459385177,0.0145497658901969,2.0,True,1.0,8.000:8.000|30.336:22.723|51.426:25.670|52.910:23.337|53.155:12.735|62.885:15.078|58.427:17.402|74.377:27.915|67.445:41.982|75.043:58.940|78.507:53.858|87.538:51.980|92.567:36.175|77.831:17.742|8.000:8.000,0-6-3-14-10-31-4-17-5-26-20-22-2-9-0,0.0010114079341292
124,severe,cluttered,WindAwareGreedy,32,14,0.4375,0.527027027027027,0.0,False,39.0,74.0,1819.7690620055216,1835.3723398851855,-619.7690620055221,-699.7690620055221,True,103.16547484391006,False,True,0.2276110510573514,0.0154594199113438,2.0,True,1.0,8.000:8.000|30.336:22.723|51.426:25.670|52.910:23.337|53.155:12.735|62.885:15.078|74.377:27.915|67.445:41.982|75.043:58.940|52.848:66.454|59.809:80.187|67.957:74.321|86.818:87.813|91.346:91.203|84.710:87.382|8.000:8.000,0-6-3-14-10-31-17-5-26-21-8-18-28-16-23-0,0.0012437480036169
124,severe,cluttered,ReserveOnlyPlanner,32,8,0.25,0.2702702702702703,0.2702702702702703,True,20.0,74.0,1009.9547719432196,1123.1929507008483,190.0452280567804,110.0452280567804,False,55.38357218631956,True,False,0.3489792824960274,0.0452185826349271,2.0,False,1.0,8.000:8.000|30.336:22.723|51.426:25.670|52.910:23.337|53.155:12.735|62.885:15.078|74.377:27.915|77.831:17.742|58.427:17.402|8.000:8.000,0-6-3-14-10-31-17-9-4-0,0.0008931539487093
124,severe,cluttered,FairRiskAwareGreedy,32,10,0.3125,0.3378378378378378,0.3378378378378378,True,25.0,74.0,965.7522493029315,994.8025044507572,234.2477506970684,154.24775069706837,False,85.13824053364262,True,False,0.0055871375105639,0.0005085410336627,2.8284271247461903,False,1.0,8.000:8.000|30.336:22.723|51.426:25.670|74.377:27.915|59.809:80.187|41.028:58.045|11.735:60.003|16.219:63.853|31.673:80.095|43.538:66.490|29.607:42.708|8.000:8.000,0-6-3-17-8-24-29-30-12-25-27-0,0.0012190139386802
124,severe,cluttered,FairALNSPlanner,32,15,0.46875,0.527027027027027,0.527027027027027,True,39.0,74.0,1037.3924595494111,1224.3653035842628,162.60754045058863,82.60754045058863,False,100.72051852455466,True,False,0.0329702465695501,0.0020887161095506,2.0,False,1.0,8.000:8.000|30.336:22.723|51.426:25.670|52.910:23.337|75.043:58.940|85.038:66.159|77.382:79.368|84.710:87.382|86.818:87.813|91.346:91.203|52.337:83.983|59.809:80.187|67.957:74.321|52.848:66.454|67.445:41.982|74.377:27.915|8.000:8.000,0-6-3-14-26-7-32-23-28-16-13-8-18-21-5-17-0,6.84551325510256
124,severe,cluttered,RAWA-RHP,32,22,0.6875,0.722972972972973,0.722972972972973,True,53.5,74.0,1053.348711080106,1246.1083982126445,146.6512889198934,66.6512889198934,False,111.5243971432644,True,False,0.0133769920106529,0.0005841718934249,2.0,False,1.0,8.000:8.000|30.336:22.723|51.426:25.670|52.910:23.337|74.377:27.915|67.445:41.982|78.507:53.858|75.043:58.940|74.626:83.618|84.710:87.382|86.818:87.813|91.346:91.203|77.382:79.368|67.957:74.321|59.809:80.187|52.337:83.983|52.848:66.454|43.538:66.490|41.028:58.045|26.293:59.818|21.930:57.322|16.219:63.853|11.735:60.003|8.000:8.000,0-6-3-14-17-5-20-26-1-23-28-16-32-18-8-13-21-25-24-19-15-30-29-0,18.170721761882305
124,calm,cluttered,NearestNeighbor,32,28,0.875,0.88,0.0,False,55.0,62.5,1296.8167210701192,1301.3984976369632,-96.81672107011882,-176.81672107011883,True,152.3998255836606,False,True,0.0216765088327283,0.000754466622117,2.0,True,1.0,8.000:8.000|34.668:27.917|28.638:44.878|26.727:48.805|41.539:48.005|41.799:44.487|46.276:52.505|55.178:47.930|60.380:50.109|58.246:55.101|56.964:56.802|54.047:58.892|67.399:50.641|72.238:58.260|79.394:54.402|78.314:73.231|88.260:81.387|74.891:88.135|62.624:80.848|60.723:82.133|57.713:94.522|32.758:98.355|26.449:78.250|29.167:73.897|24.903:66.758|19.474:70.649|11.979:67.026|68.872:23.092|72.001:10.878|8.000:8.000,0-12-29-5-14-3-7-28-30-24-1-22-31-13-23-20-6-2-16-15-27-10-25-18-11-21-8-4-32-0,0.00211250083521
124,calm,cluttered,ValuePerDistance,32,25,0.78125,0.824,0.0,False,51.5,62.5,1251.2532184116587,1260.9049042983827,-51.25321841165847,-131.25321841165845,True,143.78745776224878,False,True,0.0231546343954239,0.0008990896401162,2.0,True,1.0,8.000:8.000|34.668:27.917|41.799:44.487|41.539:48.005|46.276:52.505|58.246:55.101|56.964:56.802|54.047:58.892|60.380:50.109|67.399:50.641|77.356:34.794|79.671:34.079|79.036:21.386|68.872:23.092|72.001:10.878|78.314:73.231|60.723:82.133|62.624:80.848|74.891:88.135|88.260:81.387|57.713:94.522|29.167:73.897|26.449:78.250|19.474:70.649|24.903:66.758|11.979:67.026|8.000:8.000,0-12-3-14-7-24-1-22-30-31-26-19-9-4-32-20-15-16-2-6-27-18-25-21-11-8-0,0.0015929769724607
124,calm,cluttered,WindAwareGreedy,32,21,0.65625,0.752,0.0,False,47.0,62.5,1276.9727964069295,1274.4572780142094,-76.9727964069296,-156.9727964069296,True,138.3080452707434,False,True,0.0243246209076306,0.0011172569131348,2.0,True,1.0,8.000:8.000|34.668:27.917|41.799:44.487|26.727:48.805|29.167:73.897|26.449:78.250|19.474:70.649|11.979:67.026|24.903:66.758|28.638:44.878|41.539:48.005|77.356:34.794|79.036:21.386|68.872:23.092|78.314:73.231|60.723:82.133|74.891:88.135|58.246:55.101|67.399:50.641|60.380:50.109|55.178:47.930|46.276:52.505|8.000:8.000,0-12-3-5-18-25-21-8-11-29-14-26-9-4-20-15-2-24-31-30-28-7-0,0.0016180530656129
124,calm,cluttered,ReserveOnlyPlanner,32,21,0.65625,0.68,0.68,True,42.5,62.5,1107.6062116314524,1141.8196325940542,92.39378836854752,12.393788368547533,False,124.549515937657,True,False,0.0248993512462437,0.0011439245176204,2.0,False,1.0,8.000:8.000|34.668:27.917|41.799:44.487|26.727:48.805|28.638:44.878|29.167:73.897|26.449:78.250|19.474:70.649|11.979:67.026|24.903:66.758|41.539:48.005|77.356:34.794|79.036:21.386|68.872:23.092|72.001:10.878|67.399:50.641|58.246:55.101|56.964:56.802|54.047:58.892|55.178:47.930|60.380:50.109|46.276:52.505|8.000:8.000,0-12-3-5-29-18-25-21-8-11-14-26-9-4-32-31-24-1-22-28-30-7-0,0.0017190198414027
124,calm,cluttered,FairRiskAwareGreedy,32,13,0.40625,0.52,0.52,True,32.5,62.5,1059.332919187764,1079.1062263496572,140.6670808122361,60.66708081223607,False,117.1220816608406,True,False,0.0165195969222805,0.0011878650666396,2.0,False,1.0,8.000:8.000|34.668:27.917|29.167:73.897|26.449:78.250|26.727:48.805|41.799:44.487|77.356:34.794|79.036:21.386|60.723:82.133|78.314:73.231|74.891:88.135|28.638:44.878|41.539:48.005|46.276:52.505|8.000:8.000,0-12-18-25-5-3-26-9-15-20-2-29-14-7-0,0.0022292470093816
124,calm,cluttered,FairALNSPlanner,32,21,0.65625,0.704,0.704,True,44.0,62.5,1052.1597559362206,1126.3794745726968,147.84024406377975,67.84024406377975,False,128.4320428388125,True,False,0.0174646268603835,0.0007991927817364,2.0,False,1.0,8.000:8.000|34.668:27.917|41.539:48.005|41.799:44.487|46.276:52.505|54.047:58.892|56.964:56.802|58.246:55.101|60.380:50.109|55.178:47.930|67.399:50.641|28.638:44.878|26.727:48.805|77.356:34.794|79.671:34.079|78.314:73.231|74.891:88.135|62.624:80.848|60.723:82.133|57.713:94.522|29.167:73.897|24.903:66.758|8.000:8.000,0-12-14-3-7-22-1-24-30-28-31-29-5-26-19-20-2-16-15-27-18-11-0,15.098963289055972
124,calm,cluttered,RAWA-RHP,32,25,0.78125,0.848,0.848,True,53.0,62.5,1050.020298499271,1115.248869742771,149.97970150072945,69.97970150072945,False,134.6919252936436,True,False,0.0234776573099313,0.0009117521129582,2.0,False,1.0,8.000:8.000|34.668:27.917|41.799:44.487|41.539:48.005|46.276:52.505|54.047:58.892|56.964:56.802|58.246:55.101|60.723:82.133|62.624:80.848|74.891:88.135|88.260:81.387|78.314:73.231|79.036:21.386|79.671:34.079|77.356:34.794|67.399:50.641|60.380:50.109|55.178:47.930|28.638:44.878|26.727:48.805|24.903:66.758|29.167:73.897|26.449:78.250|19.474:70.649|11.979:67.026|8.000:8.000,0-12-3-14-7-22-1-24-15-16-2-6-20-9-19-26-31-30-28-29-5-11-18-25-21-8-0,45.58588269399479
122,moderate,cluttered,NearestNeighbor,32,27,0.84375,0.8540145985401459,0.0,False,58.5,68.5,1674.3938895233346,1625.3067916267223,-474.39388952333456,-554.3938895233346,True,140.2123337399619,False,True,0.2830643569887096,0.011542215324421,2.0,True,1.0,8.000:8.000|31.667:12.592|35.590:11.926|38.761:12.468|44.160:22.384|69.988:32.946|80.663:30.932|84.969:19.746|92.174:17.936|91.630:14.886|75.321:16.433|87.231:48.193|78.657:52.532|73.996:51.265|67.420:55.387|62.228:61.008|47.034:59.868|45.430:55.282|31.406:52.288|28.008:54.250|26.049:58.063|24.039:52.174|15.130:44.598|12.632:69.724|10.034:71.146|26.605:70.120|23.708:79.014|10.184:90.380|8.000:8.000,0-13-18-31-22-28-26-3-25-12-27-7-1-11-29-21-10-23-14-15-4-8-30-2-9-19-32-20-0,0.0023361400235444
122,moderate,cluttered,ValuePerDistance,32,23,0.71875,0.7956204379562044,0.0,False,54.5,68.5,1416.3080237220329,1393.9712691437974,-216.30802372203328,-296.3080237220333,True,126.2602614074886,False,True,0.1595479624532474,0.0070218247742296,2.0,True,1.0,8.000:8.000|31.667:12.592|35.590:11.926|38.761:12.468|44.160:22.384|47.034:59.868|45.430:55.282|31.406:52.288|28.008:54.250|26.049:58.063|24.039:52.174|26.605:70.120|23.708:79.014|46.766:83.811|56.764:84.564|60.469:89.827|57.141:89.950|75.391:79.694|78.657:52.532|73.996:51.265|87.231:48.193|80.663:30.932|84.969:19.746|91.630:14.886|8.000:8.000,0-13-18-31-22-10-23-14-15-4-8-19-32-17-6-5-16-24-1-11-7-26-3-12-0,0.0016587330028414
122,moderate,cluttered,WindAwareGreedy,32,22,0.6875,0.7591240875912408,0.0,False,52.0,68.5,1543.0230217779697,1542.4064286306257,-343.0230217779698,-423.0230217779698,True,131.85853800685075,False,True,0.2270196726813743,0.010842712851782,2.0,True,1.0,8.000:8.000|31.667:12.592|35.590:11.926|38.761:12.468|44.160:22.384|47.034:59.868|45.430:55.282|28.008:54.250|26.049:58.063|26.605:70.120|23.708:79.014|46.766:83.811|56.764:84.564|60.469:89.827|75.391:79.694|80.663:30.932|84.969:19.746|75.321:16.433|91.630:14.886|87.231:48.193|78.657:52.532|73.996:51.265|67.420:55.387|8.000:8.000,0-13-18-31-22-10-23-15-4-19-32-17-6-5-24-26-3-27-12-7-1-11-29-0,0.0017395569011569
122,moderate,cluttered,ReserveOnlyPlanner,32,17,0.53125,0.5693430656934306,0.5693430656934306,True,39.0,68.5,1100.6248823394997,1188.352667794124,99.37511766050034,19.375117660500337,False,99.5013074804949,True,False,0.15357837759163,0.0088957934578949,2.0,False,1.0,8.000:8.000|31.667:12.592|35.590:11.926|38.761:12.468|44.160:22.384|47.034:59.868|45.430:55.282|28.008:54.250|26.049:58.063|26.605:70.120|23.708:79.014|46.766:83.811|56.764:84.564|60.469:89.827|57.141:89.950|62.228:61.008|73.996:51.265|69.988:32.946|8.000:8.000,0-13-18-31-22-10-23-15-4-19-32-17-6-5-16-21-11-28-0,0.0015880709979683
122,moderate,cluttered,FairRiskAwareGreedy,32,13,0.40625,0.5109489051094891,0.5109489051094891,True,35.0,68.5,1082.2818029099208,1122.918753568886,117.71819709007868,37.71819709007869,False,113.75797641351024,True,False,0.0073617610667467,0.0005270412731878,2.0,False,1.0,8.000:8.000|31.667:12.592|35.590:11.926|38.761:12.468|47.034:59.868|26.605:70.120|26.049:58.063|28.008:54.250|23.708:79.014|15.130:44.598|80.663:30.932|45.430:55.282|46.766:83.811|24.039:52.174|8.000:8.000,0-13-18-31-10-19-4-15-32-30-26-23-17-8-0,0.0017926590517163
122,moderate,cluttered,FairALNSPlanner,32,23,0.71875,0.7956204379562044,0.7956204379562044,True,54.5,68.5,1051.1661167588477,1173.7385795556404,148.83388324115234,68.83388324115234,False,128.03782822015083,True,False,0.0378146119564789,0.0015969811260338,2.0,False,1.0,8.000:8.000|15.130:44.598|24.039:52.174|23.708:79.014|26.605:70.120|26.049:58.063|28.008:54.250|31.406:52.288|80.663:30.932|84.969:19.746|91.630:14.886|87.231:48.193|78.657:52.532|73.996:51.265|67.420:55.387|62.228:61.008|56.764:84.564|46.766:83.811|47.034:59.868|45.430:55.282|44.160:22.384|38.761:12.468|35.590:11.926|31.667:12.592|8.000:8.000,0-30-8-32-19-4-15-14-26-3-12-7-1-11-29-21-6-17-10-23-22-31-18-13-0,13.349539026850834
122,moderate,cluttered,RAWA-RHP,32,28,0.875,0.8905109489051095,0.8905109489051095,True,61.0,68.5,1060.954990275769,1180.795042224403,139.0450097242313,59.045009724231306,False,135.03059939959158,True,False,0.0926345770259859,0.0033151021825237,2.0,False,1.0,8.000:8.000|15.130:44.598|24.039:52.174|31.406:52.288|28.008:54.250|26.049:58.063|26.605:70.120|23.708:79.014|57.141:89.950|60.469:89.827|56.764:84.564|46.766:83.811|47.034:59.868|45.430:55.282|62.228:61.008|67.420:55.387|73.996:51.265|78.657:52.532|87.231:48.193|80.663:30.932|84.969:19.746|92.174:17.936|91.630:14.886|75.321:16.433|69.988:32.946|44.160:22.384|38.761:12.468|35.590:11.926|31.667:12.592|8.000:8.000,0-30-8-14-15-4-19-32-16-5-6-17-10-23-21-29-11-1-7-26-3-25-12-27-28-22-31-18-13-0,106.29815356084146
123,moderate,cluttered,NearestNeighbor,32,27,0.84375,0.8682170542635659,0.0,False,56.0,64.5,1585.8798930739986,1597.8303968874832,-385.8798930739984,-465.8798930739984,True,146.98691261507363,False,True,0.0881888266050795,0.0032549368330879,2.0,True,1.0,8.000:8.000|29.523:17.889|32.382:23.616|38.359:23.892|36.409:14.614|42.016:12.315|45.292:10.345|53.114:16.438|58.459:24.433|61.646:22.823|70.669:23.043|64.481:32.834|73.336:45.212|57.794:53.846|50.689:59.597|44.677:49.581|49.339:37.601|51.717:32.984|29.088:38.868|24.447:41.724|23.469:29.230|34.862:74.974|37.261:75.171|42.027:74.661|45.413:86.421|63.792:87.256|71.340:91.643|81.285:64.129|8.000:8.000,0-4-1-14-23-29-2-9-27-18-16-8-21-7-11-20-31-13-15-30-22-5-25-28-17-26-6-3-0,0.0020703210029751
123,moderate,cluttered,ValuePerDistance,32,25,0.78125,0.8294573643410853,0.0,False,53.5,64.5,1631.5285167164952,1602.5837084946395,-431.5285167164951,-511.5285167164951,True,147.29827488603013,False,True,0.1362875106660512,0.0055344774534708,2.0,True,1.0,8.000:8.000|45.292:10.345|42.016:12.315|36.409:14.614|38.359:23.892|32.382:23.616|29.523:17.889|29.088:38.868|24.447:41.724|23.469:29.230|61.646:22.823|58.459:24.433|70.669:23.043|64.481:32.834|57.794:53.846|50.689:59.597|42.027:74.661|37.261:75.171|34.862:74.974|30.305:82.401|23.527:84.211|63.792:87.256|71.340:91.643|81.285:64.129|93.934:60.720|94.566:64.273|8.000:8.000,0-2-29-23-14-1-4-15-30-22-18-27-16-8-7-11-28-25-5-19-12-26-6-3-10-32-0,0.0015745540149509
123,moderate,cluttered,WindAwareGreedy,32,17,0.53125,0.6046511627906976,0.0,False,39.0,64.5,1442.1881323511911,1411.965802123798,-242.1881323511911,-322.1881323511911,True,119.84695377200693,False,True,0.1739364327616289,0.0103713454966745,2.0,True,1.0,8.000:8.000|45.292:10.345|29.088:38.868|24.447:41.724|23.469:29.230|38.359:23.892|61.646:22.823|57.794:53.846|81.285:64.129|63.792:87.256|71.340:91.643|42.027:74.661|37.261:75.171|34.862:74.974|30.305:82.401|23.527:84.211|45.413:86.421|50.689:59.597|8.000:8.000,0-2-15-30-22-14-18-7-3-26-6-28-25-5-19-12-17-11-0,0.0014094989746809
123,moderate,cluttered,ReserveOnlyPlanner,32,13,0.40625,0.5038759689922481,0.5038759689922481,True,32.5,64.5,1066.23932970002,1153.1791021097567,133.76067029997978,53.76067029997978,False,91.22030658544809,True,False,0.0408080457662942,0.0029437581375464,2.0,False,1.0,8.000:8.000|29.088:38.868|24.447:41.724|23.469:29.230|38.359:23.892|45.292:10.345|61.646:22.823|58.459:24.433|57.794:53.846|63.792:87.256|71.340:91.643|42.027:74.661|37.261:75.171|34.862:74.974|8.000:8.000,0-15-30-22-14-2-18-27-7-26-6-28-25-5-0,0.0012582279741764
123,moderate,cluttered,FairRiskAwareGreedy,32,5,0.15625,0.2170542635658914,0.2170542635658914,True,14.0,64.5,462.9208017438342,478.0437648048376,737.0791982561659,657.0791982561659,False,48.33142379272879,True,False,0.0003208265645836,5.347531225028771e-05,2.8284271247461903,False,1.0,8.000:8.000|45.292:10.345|70.669:23.043|57.794:53.846|24.447:41.724|29.088:38.868|8.000:8.000,0-2-16-7-30-15-0,0.0008858030196279
123,moderate,cluttered,FairALNSPlanner,32,17,0.53125,0.627906976744186,0.627906976744186,True,40.5,64.5,1026.8565499488257,1123.0142429031966,173.14345005117465,93.14345005117464,False,114.86533115069489,True,False,0.0096704401238859,0.000539087549449,2.0,False,1.0,8.000:8.000|42.016:12.315|45.292:10.345|61.646:22.823|58.459:24.433|70.669:23.043|64.481:32.834|57.794:53.846|93.934:60.720|73.336:45.212|81.285:64.129|71.340:91.643|63.792:87.256|45.413:86.421|42.027:74.661|37.261:75.171|34.862:74.974|53.114:16.438|8.000:8.000,0-29-2-18-27-16-8-7-10-21-3-6-26-17-28-25-5-9-0,11.278916958021
123,moderate,cluttered,RAWA-RHP,32,25,0.78125,0.8372093023255814,0.8372093023255814,True,54.0,64.5,1022.9176936846392,1166.7122195161385,177.08230631536077,97.08230631536075,False,127.41290873489298,True,False,0.0260495875681691,0.0010105598738699,2.0,False,1.0,8.000:8.000|29.523:17.889|23.469:29.230|24.447:41.724|29.088:38.868|34.862:74.974|37.261:75.171|42.027:74.661|45.413:86.421|63.792:87.256|71.340:91.643|81.285:64.129|57.794:53.846|73.336:45.212|64.481:32.834|70.669:23.043|61.646:22.823|58.459:24.433|53.114:16.438|51.717:32.984|49.339:37.601|38.359:23.892|32.382:23.616|36.409:14.614|45.292:10.345|42.016:12.315|8.000:8.000,0-4-22-30-15-5-25-28-17-26-6-3-7-21-8-16-18-27-9-13-31-14-1-23-2-29-0,84.18655837909319
124,moderate,cluttered,NearestNeighbor,32,23,0.71875,0.7196969696969697,0.0,False,47.5,66.0,1330.516026330468,1350.0360395526225,-130.51602633046838,-210.5160263304684,True,126.34570899935804,False,True,0.1076851866316112,0.00469013613772,2.0,True,1.0,8.000:8.000|20.756:17.033|28.614:27.261|37.561:39.432|45.220:46.050|52.490:55.186|55.440:60.093|48.303:65.832|47.817:71.981|42.268:73.912|33.120:83.291|42.838:89.852|62.305:98.008|79.662:85.266|72.321:80.208|65.338:77.721|62.840:79.515|85.644:57.756|68.110:48.846|72.488:43.903|72.997:34.499|80.694:23.659|92.798:32.258|94.857:21.160|8.000:8.000,0-10-20-21-3-26-29-27-32-9-5-15-11-19-8-18-4-23-17-2-31-12-28-6-0,0.001962934853509
124,moderate,cluttered,ValuePerDistance,32,22,0.6875,0.7424242424242424,0.0,False,49.0,66.0,1332.4339160647305,1353.5009705874295,-132.4339160647301,-212.4339160647301,True,124.14226548117348,False,True,0.2693196733842631,0.013303224179746,2.0,True,1.0,8.000:8.000|20.756:17.033|28.614:27.261|37.561:39.432|45.220:46.050|42.498:58.689|38.198:56.562|48.303:65.832|42.268:73.912|47.817:71.981|65.338:77.721|62.840:79.515|62.305:98.008|79.662:85.266|72.321:80.208|85.644:57.756|68.110:48.846|72.488:43.903|72.997:34.499|80.694:23.659|94.857:21.160|92.798:32.258|57.273:30.485|8.000:8.000,0-10-20-21-3-16-25-27-9-32-18-4-11-19-8-23-17-2-31-12-6-28-14-0,0.0017383259255439
124,moderate,cluttered,WindAwareGreedy,32,15,0.46875,0.5757575757575758,0.0,False,38.0,66.0,1540.443825810277,1495.9498591184963,-340.4438258102771,-420.4438258102771,True,115.81957789787572,False,True,0.1643677149305872,0.0109715120266669,2.0,True,1.0,8.000:8.000|20.756:17.033|28.614:27.261|37.561:39.432|42.498:58.689|38.198:56.562|45.220:46.050|57.273:30.485|58.005:9.659|94.857:21.160|85.644:57.756|65.338:77.721|62.305:98.008|79.662:85.266|62.840:79.515|42.268:73.912|8.000:8.000,0-10-20-21-16-25-3-14-13-6-23-18-11-19-4-9-0,0.0014166890177875
124,moderate,cluttered,ReserveOnlyPlanner,32,14,0.4375,0.4621212121212121,0.4621212121212121,True,30.5,66.0,1075.0618695584292,1169.664637504346,124.93813044157083,44.93813044157085,False,90.376798032009,True,False,0.076807265633643,0.0052484291298597,2.0,False,1.0,8.000:8.000|20.756:17.033|28.614:27.261|37.561:39.432|42.498:58.689|38.198:56.562|23.664:65.314|13.484:64.200|15.057:61.323|9.673:85.086|42.838:89.852|62.305:98.008|42.268:73.912|48.303:65.832|45.220:46.050|8.000:8.000,0-10-20-21-16-25-7-1-24-22-15-11-9-27-3-0,0.0014251240063458
124,moderate,cluttered,FairRiskAwareGreedy,32,13,0.40625,0.4393939393939394,0.4393939393939394,True,29.0,66.0,1026.7743977820362,1070.5178216271922,173.22560221796385,93.22560221796384,False,107.4201242026268,True,False,0.0065531274024962,0.000469279885563,2.0,False,1.0,8.000:8.000|37.561:39.432|28.614:27.261|20.756:17.033|58.005:9.659|42.498:58.689|38.198:56.562|45.220:46.050|48.303:65.832|62.305:98.008|42.268:73.912|9.673:85.086|13.484:64.200|15.057:61.323|8.000:8.000,0-21-20-10-13-16-25-3-27-11-9-22-1-24-0,0.0018086619675159
124,moderate,cluttered,FairALNSPlanner,32,7,0.21875,0.2196969696969697,0.2196969696969697,True,14.5,66.0,439.0327807080184,477.4882891727144,760.9672192919818,680.9672192919818,False,47.444875559219504,True,False,0.0296013033897863,0.0037307683513386,2.0,False,1.0,8.000:8.000|20.756:17.033|28.614:27.261|37.561:39.432|45.220:46.050|52.490:55.186|48.303:65.832|55.440:60.093|8.000:8.000,0-10-20-21-3-26-27-29-0,7.876491111004725
124,moderate,cluttered,RAWA-RHP,32,22,0.6875,0.75,0.75,True,49.5,66.0,1052.695320623921,1192.7339246645429,147.3046793760791,67.3046793760791,False,123.8109594227999,True,False,0.0674775026201124,0.0030043650612999,2.0,False,1.0,8.000:8.000|58.005:9.659|64.576:22.035|57.273:30.485|80.694:23.659|92.798:32.258|94.857:21.160|85.644:57.756|65.338:77.721|62.840:79.515|72.321:80.208|79.662:85.266|62.305:98.008|42.838:89.852|42.268:73.912|47.817:71.981|48.303:65.832|42.498:58.689|38.198:56.562|45.220:46.050|37.561:39.432|28.614:27.261|20.756:17.033|8.000:8.000,0-13-30-14-12-28-6-23-18-4-8-19-11-15-9-32-27-16-25-3-21-20-10-0,51.861077822046354
124,calm,sparse,NearestNeighbor,32,31,0.96875,0.952755905511811,0.0,False,60.5,63.5,1330.212206477585,1327.05178325733,-130.21220647758486,-210.21220647758489,True,160.11594350248504,False,True,0.0201157691734179,0.000633479209485,2.0,True,1.0,8.000:8.000|20.515:18.415|11.697:24.312|28.804:36.260|35.929:34.286|38.520:35.635|48.432:31.672|48.711:28.007|49.550:16.438|35.405:16.493|35.735:19.537|64.695:36.588|60.190:42.330|58.619:44.139|64.175:54.774|63.570:56.715|67.271:54.719|61.872:61.042|64.724:67.482|65.067:70.501|55.215:76.240|51.663:72.170|50.726:68.952|55.838:63.576|47.543:58.332|41.706:75.156|34.725:73.130|11.310:81.796|75.922:62.905|79.643:56.541|79.200:53.330|88.541:59.547|8.000:8.000,0-1-29-15-6-10-17-14-18-28-25-30-9-13-24-23-7-8-3-19-20-31-27-22-2-26-21-5-12-11-16-32-0,0.0022324768360704
124,calm,sparse,ValuePerDistance,32,31,0.96875,0.952755905511811,0.0,False,60.5,63.5,1296.983794967719,1299.621346268359,-96.98379496771886,-176.98379496771886,True,157.7193698622558,False,True,0.0326826837422919,0.0010343686522906,2.0,True,1.0,8.000:8.000|20.515:18.415|11.697:24.312|47.543:58.332|55.838:63.576|50.726:68.952|51.663:72.170|55.215:76.240|64.724:67.482|65.067:70.501|61.872:61.042|63.570:56.715|64.175:54.774|67.271:54.719|79.643:56.541|79.200:53.330|88.541:59.547|75.922:62.905|64.695:36.588|58.619:44.139|60.190:42.330|48.432:31.672|48.711:28.007|49.550:16.438|35.405:16.493|35.735:19.537|35.929:34.286|38.520:35.635|28.804:36.260|34.725:73.130|41.706:75.156|11.310:81.796|8.000:8.000,0-1-29-2-22-27-31-20-3-19-8-23-24-7-11-16-32-12-30-13-9-17-14-18-28-25-6-10-15-21-26-5-0,0.0017372260335832
124,calm,sparse,WindAwareGreedy,32,23,0.71875,0.8031496062992126,0.0,False,51.0,63.5,1317.274289045003,1311.1829479066794,-117.27428904500246,-197.2742890450025,True,145.3819061345421,False,True,0.0279122144021241,0.0011768853342406,2.0,True,1.0,8.000:8.000|20.515:18.415|11.697:24.312|47.543:58.332|55.838:63.576|50.726:68.952|51.663:72.170|34.725:73.130|63.570:56.715|79.643:56.541|88.541:59.547|81.648:18.995|64.695:36.588|67.271:54.719|61.872:61.042|58.619:44.139|49.550:16.438|35.405:16.493|35.735:19.537|35.929:34.286|48.432:31.672|48.711:28.007|60.190:42.330|64.175:54.774|8.000:8.000,0-1-29-2-22-27-31-21-23-11-32-4-30-7-8-13-18-28-25-6-17-14-9-24-0,0.0017496871296316
124,calm,sparse,ReserveOnlyPlanner,32,23,0.71875,0.8267716535433071,0.8267716535433071,True,52.5,63.5,1103.64595772373,1150.445025934649,96.35404227627043,16.354042276270448,False,127.67133095891826,True,False,0.0472052552468231,0.0020073487344712,2.0,False,1.0,8.000:8.000|20.515:18.415|11.697:24.312|35.405:16.493|35.735:19.537|49.550:16.438|81.648:18.995|64.695:36.588|47.543:58.332|55.838:63.576|50.726:68.952|51.663:72.170|34.725:73.130|63.570:56.715|67.271:54.719|79.643:56.541|88.541:59.547|75.922:62.905|61.872:61.042|64.724:67.482|58.619:44.139|60.190:42.330|48.432:31.672|35.929:34.286|8.000:8.000,0-1-29-28-25-18-4-30-2-22-27-31-21-23-7-11-32-12-8-3-13-9-17-6-0,0.0018469740170985
124,calm,sparse,FairRiskAwareGreedy,32,18,0.5625,0.6692913385826772,0.6692913385826772,True,42.5,63.5,1087.9977434189818,1105.702123659228,112.00225658101814,32.002256581018145,False,127.7348152766134,True,False,0.020497066534448,0.0010879901550792,2.0,False,1.0,8.000:8.000|20.515:18.415|47.543:58.332|55.838:63.576|50.726:68.952|51.663:72.170|34.725:73.130|63.570:56.715|67.271:54.719|79.643:56.541|81.648:18.995|64.695:36.588|88.541:59.547|49.550:16.438|11.697:24.312|35.735:19.537|35.405:16.493|35.929:34.286|38.520:35.635|8.000:8.000,0-1-2-22-27-31-21-23-7-11-4-30-32-18-29-25-28-6-10-0,0.0029025648254901
124,calm,sparse,FairALNSPlanner,32,31,0.96875,0.984251968503937,0.984251968503937,True,62.5,63.5,1033.6223445044532,1116.5856926947445,166.37765549554712,86.37765549554712,False,142.6354481135744,True,False,0.0148135282920326,0.0004652033345689,2.0,False,1.0,8.000:8.000|20.515:18.415|35.735:19.537|35.405:16.493|49.550:16.438|48.711:28.007|48.432:31.672|47.543:58.332|55.838:63.576|63.570:56.715|64.175:54.774|67.271:54.719|75.922:62.905|79.200:53.330|79.643:56.541|88.541:59.547|81.648:18.995|64.695:36.588|60.190:42.330|58.619:44.139|61.872:61.042|64.724:67.482|65.067:70.501|55.215:76.240|51.663:72.170|50.726:68.952|41.706:75.156|34.725:73.130|38.520:35.635|35.929:34.286|28.804:36.260|11.697:24.312|8.000:8.000,0-1-25-28-18-14-17-2-22-23-24-7-12-16-11-32-4-30-9-13-8-3-19-20-31-27-26-21-10-6-15-29-0,21.304878514027223
124,calm,sparse,RAWA-RHP,32,31,0.96875,0.984251968503937,0.984251968503937,True,62.5,63.5,985.1369310296272,1071.3273361961126,214.8630689703733,134.86306897037326,False,137.60178065089372,True,False,0.0175646394118641,0.0005522540779167,2.0,False,1.0,8.000:8.000|11.697:24.312|28.804:36.260|35.929:34.286|38.520:35.635|47.543:58.332|55.838:63.576|50.726:68.952|41.706:75.156|34.725:73.130|51.663:72.170|55.215:76.240|65.067:70.501|64.724:67.482|61.872:61.042|63.570:56.715|64.175:54.774|67.271:54.719|75.922:62.905|79.200:53.330|79.643:56.541|88.541:59.547|81.648:18.995|64.695:36.588|58.619:44.139|60.190:42.330|48.432:31.672|48.711:28.007|49.550:16.438|35.405:16.493|35.735:19.537|20.515:18.415|8.000:8.000,0-29-15-6-10-2-22-27-26-21-31-20-19-3-8-23-24-7-12-16-11-32-4-30-13-9-17-14-18-28-25-1-0,65.16663184319623
120,moderate,sparse,NearestNeighbor,32,31,0.96875,0.9646017699115044,0.0,False,54.5,56.5,1813.1061898911648,1779.989485700149,-613.1061898911643,-693.1061898911643,True,162.48860803716278,False,True,0.1473824057903342,0.0048897731758536,2.0,True,1.0,8.000:8.000|18.422:22.169|37.566:23.710|51.445:40.443|55.032:40.139|40.841:46.171|45.537:51.211|49.788:56.634|58.381:58.632|62.858:54.306|69.479:69.608|54.798:85.598|52.647:84.563|47.377:76.214|44.350:77.406|39.437:86.929|43.957:90.714|30.645:82.661|33.290:64.272|35.678:59.445|36.924:57.568|39.035:54.427|29.928:51.381|30.717:49.477|24.363:50.488|24.957:56.731|22.814:57.112|23.011:60.908|88.615:71.302|90.247:77.296|97.643:81.937|96.377:89.483|8.000:8.000,0-19-25-1-12-6-8-7-11-5-15-3-13-24-28-23-22-21-30-18-2-14-20-31-27-26-32-16-9-17-10-4-0,0.0022743300069123
120,moderate,sparse,ValuePerDistance,32,28,0.875,0.9203539823008848,0.0,False,52.0,56.5,1589.5533650321847,1552.4631982934854,-389.5533650321848,-469.5533650321848,True,146.24032362522115,False,True,0.0401636110786199,0.0013593740582501,2.0,True,1.0,8.000:8.000|18.422:22.169|29.928:51.381|30.717:49.477|24.363:50.488|22.814:57.112|24.957:56.731|23.011:60.908|33.290:64.272|35.678:59.445|36.924:57.568|39.035:54.427|45.537:51.211|49.788:56.634|44.350:77.406|47.377:76.214|52.647:84.563|54.798:85.598|43.957:90.714|39.437:86.929|30.645:82.661|90.247:77.296|88.615:71.302|97.643:81.937|96.377:89.483|85.046:93.748|69.479:69.608|58.381:58.632|62.858:54.306|8.000:8.000,0-19-20-31-27-32-26-16-30-18-2-14-8-7-28-24-13-3-22-23-21-17-9-10-4-29-15-11-5-0,0.00177544192411
120,moderate,sparse,WindAwareGreedy,32,20,0.625,0.7522123893805309,0.0,False,42.5,56.5,1476.7096720064746,1480.520345774669,-276.7096720064751,-356.7096720064751,True,124.37246832485884,False,True,0.1661074329855598,0.0084388867378156,2.0,True,1.0,8.000:8.000|18.422:22.169|49.788:56.634|35.678:59.445|29.928:51.381|24.363:50.488|22.814:57.112|33.290:64.272|44.350:77.406|43.957:90.714|39.437:86.929|52.647:84.563|90.247:77.296|96.377:89.483|97.643:81.937|88.615:71.302|85.046:93.748|69.479:69.608|45.537:51.211|36.924:57.568|39.035:54.427|8.000:8.000,0-19-7-18-20-27-32-30-28-22-23-13-17-4-10-9-29-15-8-2-14-0,0.0015433852095156
120,moderate,sparse,ReserveOnlyPlanner,32,17,0.53125,0.5752212389380531,0.5752212389380531,True,32.5,56.5,1104.556474172131,1172.168254414353,95.4435258278694,15.443525827869394,False,96.24269623139624,True,False,0.1323064358081466,0.0076812024847037,2.0,False,1.0,8.000:8.000|18.422:22.169|29.928:51.381|49.788:56.634|45.537:51.211|35.678:59.445|36.924:57.568|33.290:64.272|44.350:77.406|43.957:90.714|39.437:86.929|52.647:84.563|54.798:85.598|47.377:76.214|69.479:69.608|62.858:54.306|51.445:40.443|55.032:40.139|8.000:8.000,0-19-20-7-8-18-2-30-28-22-23-13-3-24-15-5-1-12-0,0.0015977111179381
120,moderate,sparse,FairRiskAwareGreedy,32,14,0.4375,0.5575221238938053,0.5575221238938053,True,31.5,56.5,973.4693726981886,1007.9635795979888,226.53062730181156,146.5306273018115,False,108.95616818422714,True,False,0.002075531437501,0.0001384149515666,2.0,False,1.0,8.000:8.000|49.788:56.634|29.928:51.381|24.363:50.488|22.814:57.112|44.350:77.406|90.247:77.296|96.377:89.483|97.643:81.937|88.615:71.302|43.957:90.714|36.924:57.568|45.537:51.211|33.290:64.272|18.422:22.169|8.000:8.000,0-7-20-27-32-28-17-4-10-9-22-2-8-30-19-0,0.0023555629886686
120,moderate,sparse,FairALNSPlanner,32,30,0.9375,0.9646017699115044,0.9646017699115044,True,54.5,56.5,1028.0142676438627,1189.5546437297965,171.98573235613742,91.98573235613742,False,137.99012585637246,True,False,0.047786965726564,0.0015713120518702,2.0,False,1.0,8.000:8.000|37.566:23.710|55.032:40.139|51.445:40.443|40.841:46.171|39.035:54.427|36.924:57.568|35.678:59.445|33.290:64.272|44.350:77.406|47.377:76.214|52.647:84.563|54.798:85.598|39.437:86.929|43.957:90.714|85.046:93.748|96.377:89.483|97.643:81.937|90.247:77.296|88.615:71.302|69.479:69.608|58.381:58.632|49.788:56.634|45.537:51.211|30.717:49.477|29.928:51.381|24.363:50.488|24.957:56.731|23.011:60.908|22.814:57.112|18.422:22.169|8.000:8.000,0-25-12-1-6-14-2-18-30-28-24-13-3-23-22-29-4-10-17-9-15-11-7-8-31-20-27-26-16-32-19-0,19.71428462699987
120,moderate,sparse,RAWA-RHP,32,31,0.96875,0.9823008849557522,0.9823008849557522,True,55.5,56.5,1031.3349725810083,1216.1980510030191,168.6650274189916,88.6650274189916,False,139.50547008970554,True,False,0.0336641218557097,0.0010654894657102,2.0,False,1.0,8.000:8.000|37.566:23.710|55.032:40.139|51.445:40.443|40.841:46.171|45.537:51.211|49.788:56.634|58.381:58.632|69.479:69.608|88.615:71.302|90.247:77.296|97.643:81.937|96.377:89.483|85.046:93.748|54.798:85.598|52.647:84.563|43.957:90.714|39.437:86.929|30.645:82.661|47.377:76.214|44.350:77.406|33.290:64.272|35.678:59.445|36.924:57.568|39.035:54.427|30.717:49.477|29.928:51.381|24.363:50.488|24.957:56.731|23.011:60.908|22.814:57.112|18.422:22.169|8.000:8.000,0-25-12-1-6-8-7-11-15-9-17-10-4-29-3-13-22-23-21-24-28-30-18-2-14-31-20-27-26-16-32-19-0,225.96295794192704
125,severe,cluttered,NearestNeighbor,32,18,0.5625,0.53125,0.0,False,34.0,64.0,2385.059442468402,2405.966032439954,-1185.0594424684018,-1265.0594424684018,True,112.59820916415472,False,True,0.3888258025842676,0.0247916547627597,2.0,True,1.0,8.000:8.000|26.149:18.256|36.974:11.108|61.430:15.677|70.581:11.028|77.447:14.714|78.365:27.051|77.118:31.722|81.044:37.930|78.795:45.973|67.569:51.791|65.084:44.640|62.234:38.329|56.112:31.579|63.265:26.021|70.131:24.695|90.727:55.571|72.718:74.666|83.650:85.614|8.000:8.000,0-21-26-15-22-5-13-11-24-29-23-20-28-9-10-16-32-14-31-0,0.0016894449945539
125,severe,cluttered,ValuePerDistance,32,16,0.5,0.5859375,0.0,False,37.5,64.0,1949.8847053416296,1912.9829660804864,-749.8847053416296,-829.8847053416296,True,95.96383556927712,False,True,0.3784490078078824,0.0266744646851664,2.0,True,1.0,8.000:8.000|26.149:18.256|36.974:11.108|61.430:15.677|70.581:11.028|77.447:14.714|78.365:27.051|77.118:31.722|81.044:37.930|78.795:45.973|90.727:55.571|58.752:60.385|49.898:57.435|47.411:53.896|43.948:53.812|33.429:45.589|46.805:72.290|8.000:8.000,0-21-26-15-22-5-13-11-24-29-32-27-25-17-4-8-18-0,0.0012769598979502
125,severe,cluttered,WindAwareGreedy,32,17,0.53125,0.6015625,0.0,False,38.5,64.0,2004.2782337398608,2034.7847078077227,-804.2782337398611,-884.2782337398611,True,101.32222348528872,False,True,0.267836967222847,0.0166240439180908,2.0,True,1.0,8.000:8.000|26.149:18.256|33.429:45.589|49.898:57.435|47.411:53.896|46.805:72.290|58.752:60.385|78.795:45.973|81.044:37.930|78.365:27.051|77.447:14.714|70.581:11.028|61.430:15.677|63.265:26.021|70.131:24.695|77.118:31.722|65.084:44.640|67.569:51.791|8.000:8.000,0-21-8-25-17-18-27-29-24-13-5-22-15-10-16-11-20-23-0,0.0013970870058983
125,severe,cluttered,ReserveOnlyPlanner,32,8,0.25,0.296875,0.296875,True,19.0,64.0,1068.8578069993457,1189.389614303525,131.14219300065443,51.14219300065443,False,55.80413145737861,True,False,0.046307018086225,0.0051472805716042,2.0,False,1.0,8.000:8.000|26.149:18.256|33.429:45.589|49.898:57.435|47.411:53.896|46.805:72.290|43.948:53.812|16.891:44.386|9.723:46.573|8.000:8.000,0-21-8-25-17-18-4-7-3-0,0.0008696550503373
125,severe,cluttered,FairRiskAwareGreedy,32,10,0.3125,0.390625,0.390625,True,25.0,64.0,1044.1249147381934,1081.138528495732,155.8750852618064,75.87508526180639,False,86.71538893222495,True,False,0.0009084117165217,8.260460839636486e-05,2.8284271247461903,False,1.0,8.000:8.000|26.149:18.256|33.429:45.589|16.891:44.386|49.898:57.435|46.805:72.290|58.752:60.385|61.522:87.551|72.059:92.582|61.430:15.677|36.974:11.108|8.000:8.000,0-21-8-7-25-18-27-2-19-15-26-0,0.0015140809118747
125,severe,cluttered,FairALNSPlanner,32,14,0.4375,0.46875,0.46875,True,30.0,64.0,991.0360133939188,1175.2724505594183,208.9639866060813,128.9639866060813,False,92.06973239449415,True,False,0.0032916115836103,0.0002197431749874,2.8284271247461903,False,1.0,8.000:8.000|26.149:18.256|33.429:45.589|49.898:57.435|47.411:53.896|58.752:60.385|78.365:27.051|65.084:44.640|77.118:31.722|70.131:24.695|63.265:26.021|61.430:15.677|56.112:31.579|16.891:44.386|9.723:46.573|8.000:8.000,0-21-8-25-17-27-13-20-11-16-10-15-9-7-3-0,4.443431713152677
125,severe,cluttered,RAWA-RHP,32,20,0.625,0.6484375,0.6484375,True,41.5,64.0,978.3379303515908,1177.3621988789878,221.66206964840967,141.66206964840967,False,100.87651189627644,True,False,0.0198851987056596,0.0009485774886263,2.0,False,1.0,8.000:8.000|36.974:11.108|61.430:15.677|63.265:26.021|70.131:24.695|78.365:27.051|77.118:31.722|81.044:37.930|78.795:45.973|65.084:44.640|67.569:51.791|58.752:60.385|49.898:57.435|43.948:53.812|47.411:53.896|46.805:72.290|32.958:68.708|33.429:45.589|16.891:44.386|9.723:46.573|26.149:18.256|8.000:8.000,0-26-15-10-16-13-11-24-29-20-23-27-25-4-17-18-30-8-7-3-21-0,17.10815171804279
124,moderate,sparse,NearestNeighbor,32,26,0.8125,0.7804878048780488,0.0,False,48.0,61.5,1323.696854260821,1301.5241292475694,-123.69685426082142,-203.69685426082145,True,127.61288773211864,False,True,0.0413928139624042,0.0015480109263513,2.0,True,1.0,8.000:8.000|39.301:29.302|49.021:26.192|52.137:29.251|51.478:33.903|46.103:34.920|41.960:43.411|35.895:51.897|29.051:39.719|25.106:75.082|51.847:86.770|68.131:71.180|66.500:69.637|58.709:65.719|67.231:51.467|68.132:48.758|73.604:44.575|77.072:45.158|81.267:48.766|82.940:52.004|89.291:49.439|87.609:37.972|80.012:29.370|73.127:36.297|70.377:37.958|69.787:34.813|57.762:24.727|8.000:8.000,0-11-6-3-21-4-29-22-10-30-18-14-1-9-20-17-24-23-32-15-19-12-5-13-2-16-7-0,0.0020003700628876
124,moderate,sparse,ValuePerDistance,32,28,0.875,0.8943089430894309,0.0,False,55.0,61.5,1604.4655000471455,1598.824391305299,-404.4655000471456,-484.4655000471456,True,145.44966446263774,False,True,0.0132342384075122,0.000458392592329,2.0,True,1.0,8.000:8.000|49.021:26.192|52.137:29.251|51.478:33.903|46.103:34.920|41.960:43.411|29.051:39.719|39.301:29.302|58.337:14.609|57.762:24.727|69.787:34.813|73.127:36.297|70.377:37.958|73.604:44.575|77.072:45.158|81.267:48.766|82.940:52.004|89.291:49.439|87.609:37.972|80.012:29.370|67.231:51.467|68.132:48.758|66.500:69.637|68.131:71.180|80.166:74.224|80.405:76.218|82.780:75.791|90.307:87.943|90.309:90.321|8.000:8.000,0-6-3-21-4-29-10-11-25-7-16-13-2-24-23-32-15-19-12-5-20-17-1-14-8-28-26-27-31-0,0.0017084300052374
124,moderate,sparse,WindAwareGreedy,32,19,0.59375,0.6991869918699187,0.0,False,43.0,61.5,1386.636934677742,1386.2112774988664,-186.63693467774152,-266.6369346777415,True,120.90545851650204,False,True,0.0248812850244254,0.0012473763196279,2.0,True,1.0,8.000:8.000|41.960:43.411|49.021:26.192|58.337:14.609|39.301:29.302|46.103:34.920|51.478:33.903|52.137:29.251|51.847:86.770|66.500:69.637|90.307:87.943|80.405:76.218|80.166:74.224|82.780:75.791|82.940:52.004|81.267:48.766|77.072:45.158|73.604:44.575|73.127:36.297|69.787:34.813|8.000:8.000,0-29-6-25-11-4-21-3-18-1-27-28-8-26-15-32-23-24-13-16-0,0.001856026938185
124,moderate,sparse,ReserveOnlyPlanner,32,11,0.34375,0.3495934959349593,0.3495934959349593,True,21.5,61.5,1024.5436357270748,1113.776007195253,175.45636427292516,95.45636427292516,False,79.89428135202566,True,False,0.0046384719409424,0.0003870419863362,2.0,False,1.0,8.000:8.000|41.960:43.411|49.021:26.192|39.301:29.302|46.103:34.920|51.478:33.903|58.337:14.609|57.762:24.727|52.137:29.251|29.051:39.719|35.895:51.897|25.106:75.082|8.000:8.000,0-29-6-11-4-21-25-7-3-10-22-30-0,0.0012152721174061
124,moderate,sparse,FairRiskAwareGreedy,32,15,0.46875,0.5203252032520326,0.5203252032520326,True,32.0,61.5,1093.0746208794628,1123.570324673505,106.92537912053724,26.92537912053723,False,117.32819055387624,True,False,0.0068132757942679,0.0004269044410152,2.0,False,1.0,8.000:8.000|49.021:26.192|58.337:14.609|41.960:43.411|51.847:86.770|39.301:29.302|46.103:34.920|51.478:33.903|52.137:29.251|29.051:39.719|67.231:51.467|69.787:34.813|73.127:36.297|73.604:44.575|77.072:45.158|68.132:48.758|8.000:8.000,0-6-25-29-18-11-4-21-3-10-20-16-13-24-23-17-0,0.0023852479644119
124,moderate,sparse,FairALNSPlanner,32,24,0.75,0.8211382113821138,0.8211382113821138,True,50.5,61.5,1033.6034911115514,1165.563180285014,166.39650888844835,86.39650888844835,False,128.13764261500768,True,False,0.0081290840743595,0.0003255445921674,2.0,False,1.0,8.000:8.000|58.337:14.609|57.762:24.727|52.137:29.251|51.478:33.903|46.103:34.920|41.960:43.411|67.231:51.467|68.132:48.758|73.604:44.575|73.127:36.297|81.267:48.766|77.072:45.158|82.940:52.004|89.291:49.439|90.307:87.943|90.309:90.321|82.780:75.791|80.405:76.218|80.166:74.224|68.131:71.180|66.500:69.637|51.847:86.770|49.021:26.192|39.301:29.302|8.000:8.000,0-25-7-3-21-4-29-20-17-24-13-32-23-15-19-27-31-26-28-8-14-1-18-6-11-0,16.663051720010117
124,moderate,sparse,RAWA-RHP,32,27,0.84375,0.902439024390244,0.902439024390244,True,55.5,61.5,1027.367696529256,1166.080000759423,172.63230347074418,92.63230347074418,False,131.29035661226618,True,False,0.0245070229236726,0.0008760272481318,2.0,False,1.0,8.000:8.000|39.301:29.302|49.021:26.192|52.137:29.251|51.478:33.903|46.103:34.920|41.960:43.411|68.132:48.758|67.231:51.467|66.500:69.637|68.131:71.180|51.847:86.770|90.309:90.321|90.307:87.943|82.780:75.791|80.166:74.224|80.405:76.218|82.940:52.004|81.267:48.766|89.291:49.439|87.609:37.972|77.072:45.158|73.604:44.575|73.127:36.297|70.377:37.958|69.787:34.813|57.762:24.727|58.337:14.609|8.000:8.000,0-11-6-3-21-4-29-17-20-1-14-18-31-27-26-8-28-15-32-19-12-23-24-13-2-16-7-25-0,77.1279177791439
124,severe,sparse,NearestNeighbor,32,23,0.71875,0.7322834645669292,0.0,False,46.5,63.5,1842.1612944293877,1804.7366954607744,-642.1612944293872,-722.1612944293872,True,116.33906299974883,False,True,0.3645723312878011,0.0181557883178948,2.0,True,1.0,8.000:8.000|25.894:7.121|27.578:25.276|32.572:37.391|37.832:45.745|37.005:48.756|34.503:55.125|19.202:58.750|21.151:86.616|39.067:83.569|44.683:80.477|47.811:79.722|50.122:84.182|49.942:86.739|44.729:93.441|42.505:94.183|42.723:91.885|47.799:72.401|64.299:63.613|70.790:58.760|73.380:56.254|77.379:56.270|77.098:58.401|83.126:65.003|8.000:8.000,0-17-28-23-32-7-26-14-4-20-16-15-9-29-18-13-10-24-1-3-6-12-25-19-0,0.0017913777846843
124,severe,sparse,ValuePerDistance,32,23,0.71875,0.7401574803149606,0.0,False,47.0,63.5,1770.4022798796768,1803.743960464012,-570.4022798796769,-650.4022798796769,True,118.8868421743615,False,True,0.1999384309778731,0.0091000140739585,2.0,True,1.0,8.000:8.000|27.578:25.276|32.572:37.391|37.005:48.756|37.832:45.745|34.503:55.125|19.202:58.750|39.067:83.569|44.683:80.477|47.811:79.722|50.122:84.182|49.942:86.739|44.729:93.441|42.505:94.183|42.723:91.885|67.123:78.323|69.731:79.794|64.299:63.613|70.790:58.760|73.380:56.254|77.379:56.270|77.098:58.401|83.126:65.003|88.076:79.512|8.000:8.000,0-28-23-7-32-26-14-20-16-15-9-29-18-13-10-30-2-1-3-6-12-25-19-11-0,0.0014319489710032
124,severe,sparse,WindAwareGreedy,32,11,0.34375,0.3858267716535433,0.3858267716535433,True,24.5,63.5,1165.49430897312,1136.4330299731494,34.50569102688024,-45.49430897311976,True,66.71827428094356,True,False,0.010103673313891,0.0008439307456504,2.8284271247461903,False,1.0,8.000:8.000|27.578:25.276|32.572:37.391|37.005:48.756|34.503:55.125|57.714:35.525|49.928:25.850|52.916:24.554|63.811:14.587|68.111:9.062|81.312:12.052|25.894:7.121|8.000:8.000,0-28-23-7-26-8-21-31-22-5-27-17-0,0.0010914879385381
124,severe,sparse,ReserveOnlyPlanner,32,10,0.3125,0.3622047244094488,0.3622047244094488,True,23.0,63.5,1019.4193223683136,1104.6551979313022,180.58067763168603,100.58067763168604,False,59.09562955762729,True,False,0.010103673313891,0.0009206517225277,2.8284271247461903,False,1.0,8.000:8.000|27.578:25.276|32.572:37.391|37.005:48.756|34.503:55.125|57.714:35.525|49.928:25.850|52.916:24.554|63.811:14.587|68.111:9.062|25.894:7.121|8.000:8.000,0-28-23-7-26-8-21-31-22-5-17-0,0.0010177220683544
124,severe,sparse,FairRiskAwareGreedy,32,12,0.375,0.4409448818897638,0.4409448818897638,True,28.0,63.5,1100.7588595584189,1145.1889383352943,99.24114044158124,19.24114044158125,False,100.17416640981078,True,False,0.0125732519586823,0.0009712976220822,2.8284271247461903,False,1.0,8.000:8.000|27.578:25.276|37.005:48.756|34.503:55.125|32.572:37.391|49.928:25.850|63.811:14.587|57.714:35.525|52.916:24.554|25.894:7.121|37.832:45.745|64.299:63.613|67.123:78.323|8.000:8.000,0-28-7-26-23-21-22-8-31-17-32-1-30-0,0.0016977291088551
124,severe,sparse,FairALNSPlanner,32,10,0.3125,0.3700787401574803,0.3700787401574803,True,23.5,63.5,717.20493861392,825.8780909749855,482.7950613860799,402.7950613860799,False,68.96019033366053,True,False,0.1495036149502632,0.0140644960087247,2.0,False,1.0,8.000:8.000|27.578:25.276|32.572:37.391|37.832:45.745|37.005:48.756|34.503:55.125|67.123:78.323|69.731:79.794|50.122:84.182|49.942:86.739|42.723:91.885|8.000:8.000,0-28-23-32-7-26-30-2-9-29-10-0,12.031709179049358
124,severe,sparse,RAWA-RHP,32,27,0.84375,0.8740157480314961,0.8740157480314961,True,55.5,63.5,1048.262456008344,1290.5047318472214,151.73754399165597,71.73754399165597,False,122.59045307074632,True,False,0.1267267086075263,0.00478028168812,2.0,False,1.0,8.000:8.000|27.578:25.276|32.572:37.391|37.832:45.745|37.005:48.756|34.503:55.125|39.067:83.569|47.799:72.401|44.683:80.477|47.811:79.722|50.122:84.182|49.942:86.739|44.729:93.441|42.505:94.183|42.723:91.885|69.731:79.794|67.123:78.323|64.299:63.613|70.790:58.760|73.380:56.254|77.098:58.401|77.379:56.270|57.714:35.525|49.928:25.850|52.916:24.554|63.811:14.587|68.111:9.062|25.894:7.121|8.000:8.000,0-28-23-32-7-26-20-24-16-15-9-29-18-13-10-2-30-1-3-6-25-12-8-21-31-22-5-17-0,79.77179045695812
122,moderate,sparse,NearestNeighbor,32,29,0.90625,0.8818897637795275,0.0,False,56.0,63.5,1504.1626457684204,1526.7187500289194,-304.1626457684206,-384.1626457684206,True,145.7068820519832,False,True,0.094224637653639,0.0032659772265007,2.0,True,1.0,8.000:8.000|15.622:39.027|36.330:36.072|44.200:49.479|48.579:57.349|41.115:63.297|33.173:59.681|26.337:64.393|26.172:67.517|32.745:76.806|36.296:75.898|59.133:79.315|77.416:71.292|81.920:70.974|86.964:71.840|89.539:63.758|92.745:62.469|84.365:51.181|80.287:46.364|85.989:40.574|92.835:30.988|70.348:28.942|65.645:23.380|63.181:21.509|72.054:14.969|73.252:39.028|60.310:47.802|62.604:52.512|68.378:58.716|72.055:58.790|8.000:8.000,0-30-19-2-16-6-12-4-21-27-10-13-3-20-1-22-17-25-15-14-7-29-24-26-32-28-8-11-31-5-0,0.0020929870661348
122,moderate,sparse,ValuePerDistance,32,26,0.8125,0.889763779527559,0.0,False,56.5,63.5,1532.339142764832,1535.595924007854,-332.339142764832,-412.339142764832,True,140.19649442957495,False,True,0.1367516940697333,0.0053088965989237,2.0,True,1.0,8.000:8.000|38.770:19.609|44.111:23.278|63.181:21.509|65.645:23.380|70.348:28.942|73.252:39.028|80.287:46.364|84.365:51.181|85.989:40.574|72.055:58.790|68.378:58.716|62.604:52.512|60.310:47.802|44.200:49.479|41.115:63.297|36.296:75.898|32.745:76.806|26.172:67.517|26.337:64.393|33.173:59.681|59.133:79.315|78.224:88.567|81.920:70.974|86.964:71.840|89.539:63.758|92.745:62.469|8.000:8.000,0-9-18-26-24-29-28-15-25-14-5-31-11-8-2-6-10-27-21-4-12-13-23-20-1-22-17-0,0.0016243190038949
122,moderate,sparse,WindAwareGreedy,32,20,0.625,0.7480314960629921,0.0,False,47.5,63.5,1572.5136043272412,1586.5388113941397,-372.513604327241,-452.513604327241,True,127.07058552153777,False,True,0.0980514835864612,0.0048665361609721,2.0,True,1.0,8.000:8.000|38.770:19.609|44.111:23.278|63.181:21.509|65.645:23.380|72.055:58.790|84.365:51.181|80.287:46.364|85.989:40.574|89.539:63.758|92.745:62.469|81.920:70.974|78.224:88.567|59.133:79.315|41.115:63.297|36.296:75.898|44.200:49.479|26.172:67.517|26.337:64.393|33.173:59.681|32.745:76.806|8.000:8.000,0-9-18-26-24-5-25-15-14-22-17-20-23-13-6-10-2-21-4-12-27-0,0.0015258931089192
122,moderate,sparse,ReserveOnlyPlanner,32,15,0.46875,0.5826771653543307,0.5826771653543307,True,37.0,63.5,1060.1951723411726,1150.2854146125358,139.80482765882732,59.80482765882732,False,91.63304711072946,True,False,0.052941222122012,0.0033684190108146,2.0,False,1.0,8.000:8.000|38.770:19.609|44.111:23.278|63.181:21.509|65.645:23.380|70.348:28.942|72.055:58.790|84.365:51.181|80.287:46.364|85.989:40.574|89.539:63.758|92.745:62.469|81.920:70.974|78.224:88.567|44.200:49.479|36.330:36.072|8.000:8.000,0-9-18-26-24-29-5-25-15-14-22-17-20-23-2-19-0,0.0014060549437999
122,moderate,sparse,FairRiskAwareGreedy,32,17,0.53125,0.6456692913385826,0.6456692913385826,True,41.0,63.5,1065.34676433351,1106.51351616864,134.6532356664899,54.65323566648991,False,119.3433722287335,True,False,0.0088667609620038,0.0004939332951138,2.0,False,1.0,8.000:8.000|38.770:19.609|63.181:21.509|65.645:23.380|44.111:23.278|72.055:58.790|80.287:46.364|84.365:51.181|92.745:62.469|89.539:63.758|78.224:88.567|44.200:49.479|41.115:63.297|36.296:75.898|59.133:79.315|26.172:67.517|26.337:64.393|36.330:36.072|8.000:8.000,0-9-26-24-18-5-15-25-17-22-23-2-6-10-13-21-4-19-0,0.0022146620322018
122,moderate,sparse,FairALNSPlanner,32,21,0.65625,0.7086614173228346,0.7086614173228346,True,45.0,63.5,1054.7057928068882,1174.392652808069,145.2942071931116,65.29420719311159,False,125.6265400752793,True,False,0.040792246530845,0.0018836182980922,2.0,False,1.0,8.000:8.000|36.330:36.072|36.296:75.898|32.745:76.806|78.224:88.567|48.579:57.349|44.200:49.479|63.181:21.509|65.645:23.380|70.348:28.942|73.252:39.028|80.287:46.364|85.989:40.574|89.539:63.758|92.745:62.469|84.365:51.181|72.055:58.790|68.378:58.716|62.604:52.512|60.310:47.802|44.111:23.278|38.770:19.609|8.000:8.000,0-19-10-27-23-16-2-26-24-29-28-15-14-22-17-25-5-31-11-8-18-9-0,11.393683488015084
122,moderate,sparse,RAWA-RHP,32,29,0.90625,0.9448818897637796,0.9448818897637796,True,60.0,63.5,1026.823223613137,1172.0870962462814,173.17677638686263,93.17677638686264,False,133.090163966455,True,False,0.0899411087731939,0.0031092987890001,2.0,False,1.0,8.000:8.000|36.330:36.072|44.200:49.479|48.579:57.349|41.115:63.297|33.173:59.681|26.337:64.393|26.172:67.517|32.745:76.806|36.296:75.898|59.133:79.315|78.224:88.567|77.416:71.292|81.920:70.974|86.964:71.840|89.539:63.758|92.745:62.469|84.365:51.181|85.989:40.574|80.287:46.364|72.055:58.790|68.378:58.716|62.604:52.512|60.310:47.802|73.252:39.028|70.348:28.942|65.645:23.380|63.181:21.509|44.111:23.278|38.770:19.609|8.000:8.000,0-19-2-16-6-12-4-21-27-10-13-23-3-20-1-22-17-25-14-15-5-31-11-8-28-29-24-26-18-9-0,167.17153947008774
125,calm,sparse,NearestNeighbor,32,29,0.90625,0.918032786885246,0.0,False,56.0,61.0,1334.255140741986,1334.4999592505287,-134.25514074198608,-214.25514074198608,True,152.63763275761696,False,True,0.0427522798728043,0.0014524238133637,2.0,True,1.0,8.000:8.000|28.932:34.915|38.734:34.221|48.101:40.597|54.848:34.298|66.754:33.262|72.563:41.902|77.673:46.271|75.047:54.793|72.092:56.138|65.064:64.121|65.520:78.136|69.293:85.923|74.711:74.498|84.163:64.306|89.522:38.393|89.981:33.089|56.508:16.067|47.353:50.223|35.847:56.423|34.418:58.791|36.382:61.813|42.255:66.420|45.610:65.106|27.917:71.879|23.856:66.876|17.899:73.869|15.372:76.717|24.321:83.336|25.223:86.427|8.000:8.000,0-31-30-28-13-23-19-6-1-16-17-25-32-27-5-15-7-10-29-4-2-12-22-24-21-14-18-26-3-11-0,0.0020579919219017
125,calm,sparse,ValuePerDistance,32,27,0.84375,0.8688524590163934,0.0,False,53.0,61.0,1243.0990997040126,1225.8220754826723,-43.09909970401272,-123.09909970401272,True,141.6788753032348,False,True,0.0250511131710627,0.0009034043245428,2.0,True,1.0,8.000:8.000|28.932:34.915|38.734:34.221|47.353:50.223|48.101:40.597|35.847:56.423|34.418:58.791|36.382:61.813|42.255:66.420|45.610:65.106|65.064:64.121|72.092:56.138|75.047:54.793|77.673:46.271|89.522:38.393|89.981:33.089|72.563:41.902|66.754:33.262|56.508:16.067|54.848:34.298|25.223:86.427|24.321:83.336|31.442:81.311|27.917:71.879|23.856:66.876|15.372:76.717|17.899:73.869|10.966:56.282|8.000:8.000,0-31-30-29-28-4-2-12-22-24-17-16-1-6-15-7-19-23-10-13-11-3-9-21-14-26-18-20-0,0.001545684877783
125,calm,sparse,WindAwareGreedy,32,19,0.59375,0.7049180327868853,0.0,False,43.0,61.0,1235.2616508665496,1233.9193382190451,-35.261650866549324,-115.26165086654932,True,130.30410097645156,False,True,0.0458942964003201,0.0023331229922044,2.0,True,1.0,8.000:8.000|47.353:50.223|35.847:56.423|34.418:58.791|42.255:66.420|45.610:65.106|25.223:86.427|31.442:81.311|36.382:61.813|28.932:34.915|48.101:40.597|89.522:38.393|77.673:46.271|72.092:56.138|75.047:54.793|65.064:64.121|74.711:74.498|84.163:64.306|56.508:16.067|38.734:34.221|8.000:8.000,0-29-4-2-22-24-11-9-12-31-28-15-6-16-1-17-27-5-10-30-0,0.0047473539598286
125,calm,sparse,ReserveOnlyPlanner,32,19,0.59375,0.6557377049180327,0.6557377049180327,True,40.0,61.0,1116.1396824928336,1159.7688333961464,83.86031750716634,3.860317507166343,False,119.8647329715646,True,False,0.0248408335312902,0.0012533627271767,2.0,False,1.0,8.000:8.000|28.932:34.915|47.353:50.223|35.847:56.423|34.418:58.791|36.382:61.813|42.255:66.420|45.610:65.106|25.223:86.427|31.442:81.311|15.372:76.717|10.966:56.282|23.080:53.292|48.101:40.597|38.734:34.221|56.508:16.067|89.522:38.393|77.673:46.271|72.563:41.902|66.754:33.262|8.000:8.000,0-31-29-4-2-12-22-24-11-9-26-20-8-28-30-10-15-6-19-23-0,0.0017526689916849
125,calm,sparse,FairRiskAwareGreedy,32,17,0.53125,0.6229508196721312,0.6229508196721312,True,38.0,61.0,1086.8027577994396,1103.9030927974384,113.19724220056032,33.19724220056031,False,126.50030392202702,True,False,0.0063553570012748,0.0003535319963889,2.0,False,1.0,8.000:8.000|47.353:50.223|35.847:56.423|25.223:86.427|42.255:66.420|45.610:65.106|72.092:56.138|89.522:38.393|77.673:46.271|56.508:16.067|28.932:34.915|48.101:40.597|34.418:58.791|36.382:61.813|10.966:56.282|15.372:76.717|17.899:73.869|23.080:53.292|8.000:8.000,0-29-4-11-22-24-16-15-6-10-31-28-2-12-20-26-18-8-0,0.0025000979658216
125,calm,sparse,FairALNSPlanner,32,28,0.875,0.9262295081967212,0.9262295081967212,True,56.5,61.0,1051.1836838848872,1124.72778111706,148.81631611511267,68.81631611511267,False,140.19079419227864,True,False,0.0219546531248268,0.0007636417042744,2.0,False,1.0,8.000:8.000|10.966:56.282|17.899:73.869|15.372:76.717|25.223:86.427|31.442:81.311|27.917:71.879|42.255:66.420|45.610:65.106|36.382:61.813|34.418:58.791|35.847:56.423|47.353:50.223|65.064:64.121|65.520:78.136|69.293:85.923|74.711:74.498|84.163:64.306|72.092:56.138|75.047:54.793|77.673:46.271|89.522:38.393|89.981:33.089|66.754:33.262|56.508:16.067|54.848:34.298|48.101:40.597|38.734:34.221|28.932:34.915|8.000:8.000,0-20-18-26-11-9-21-22-24-12-2-4-29-17-25-32-27-5-16-1-6-15-7-23-10-13-28-30-31-0,18.26041088323109
125,calm,sparse,RAWA-RHP,32,28,0.875,0.9262295081967212,0.9262295081967212,True,56.5,61.0,1049.2905241941987,1124.722514879478,150.70947580580128,70.70947580580128,False,140.1952799321892,True,False,0.0237079288066159,0.0008254566112456,2.0,False,1.0,8.000:8.000|10.966:56.282|17.899:73.869|15.372:76.717|25.223:86.427|31.442:81.311|27.917:71.879|42.255:66.420|45.610:65.106|36.382:61.813|34.418:58.791|35.847:56.423|47.353:50.223|65.064:64.121|65.520:78.136|74.711:74.498|84.163:64.306|72.092:56.138|75.047:54.793|77.673:46.271|72.563:41.902|89.522:38.393|89.981:33.089|66.754:33.262|56.508:16.067|54.848:34.298|48.101:40.597|38.734:34.221|28.932:34.915|8.000:8.000,0-20-18-26-11-9-21-22-24-12-2-4-29-17-25-27-5-16-1-6-19-15-7-23-10-13-28-30-31-0,78.67471508705057
123,moderate,sparse,NearestNeighbor,32,28,0.875,0.8717948717948718,0.0,False,51.0,58.5,1408.874653559423,1421.1280625380034,-208.8746535594232,-288.8746535594232,True,139.50617163214707,False,True,0.0511381381387057,0.0017816829845226,2.0,True,1.0,8.000:8.000|23.244:16.616|20.453:29.286|22.380:55.172|19.737:56.333|19.894:60.301|21.107:69.963|23.249:71.731|25.502:71.329|27.705:73.170|31.195:66.014|43.897:64.795|43.641:60.634|42.547:55.603|50.660:71.496|52.536:73.900|51.574:86.417|35.152:78.713|28.598:90.420|27.009:89.008|73.097:55.183|72.203:52.154|74.929:49.161|81.341:47.464|86.069:49.605|88.745:52.114|81.480:60.004|81.231:63.702|83.633:23.248|8.000:8.000,0-23-31-4-32-27-20-11-13-24-30-8-21-15-12-14-19-5-10-9-18-29-6-17-1-3-16-26-2-0,0.0021290548611432
123,moderate,sparse,ValuePerDistance,32,27,0.84375,0.8547008547008547,0.0,False,50.0,58.5,1408.5597005945112,1421.9945258611049,-208.5597005945113,-288.5597005945113,True,139.0047994887169,False,True,0.033193811355254,0.0011862784762475,2.0,True,1.0,8.000:8.000|23.244:16.616|20.453:29.286|19.737:56.333|19.894:60.301|25.502:71.329|27.705:73.170|31.195:66.014|43.641:60.634|43.897:64.795|52.536:73.900|50.660:71.496|51.574:86.417|27.009:89.008|28.598:90.420|35.152:78.713|23.249:71.731|21.107:69.963|22.380:55.172|73.097:55.183|72.203:52.154|74.929:49.161|81.341:47.464|88.745:52.114|86.069:49.605|81.231:63.702|81.480:60.004|42.547:55.603|8.000:8.000,0-23-31-32-27-13-24-30-21-8-14-12-19-9-10-5-11-20-4-18-29-6-17-3-1-26-16-15-0,0.0016150870360434
123,moderate,sparse,WindAwareGreedy,32,22,0.6875,0.7606837606837606,0.0,False,44.5,58.5,1534.1820182260512,1511.294825781938,-334.1820182260517,-414.1820182260517,True,135.6972310886226,False,True,0.0489821872726899,0.0021580746593176,2.0,True,1.0,8.000:8.000|23.244:16.616|20.453:29.286|19.737:56.333|43.641:60.634|52.536:73.900|27.009:89.008|28.598:90.420|25.502:71.329|27.705:73.170|31.195:66.014|19.894:60.301|22.380:55.172|35.152:78.713|51.574:86.417|73.097:55.183|74.929:49.161|72.203:52.154|81.231:63.702|88.745:52.114|81.341:47.464|86.069:49.605|81.480:60.004|8.000:8.000,0-23-31-32-21-14-9-10-13-24-30-27-4-5-19-18-6-29-26-3-17-1-16-0,0.0016286969184875
123,moderate,sparse,ReserveOnlyPlanner,32,18,0.5625,0.5811965811965812,0.5811965811965812,True,34.0,58.5,1039.8141561438322,1142.9248064995506,160.1858438561681,80.1858438561681,False,101.19909152262242,True,False,0.0004095800506792,2.155891757580236e-05,2.8284271247461903,False,1.0,8.000:8.000|23.244:16.616|20.453:29.286|19.737:56.333|25.502:71.329|27.705:73.170|43.641:60.634|52.536:73.900|51.574:86.417|27.009:89.008|28.598:90.420|35.152:78.713|31.195:66.014|19.894:60.301|22.380:55.172|21.107:69.963|23.249:71.731|43.897:64.795|42.547:55.603|8.000:8.000,0-23-31-32-13-24-21-14-19-9-10-5-30-27-4-20-11-8-15-0,0.0015611238777637
123,moderate,sparse,FairRiskAwareGreedy,32,16,0.5,0.5982905982905983,0.5982905982905983,True,35.0,58.5,1090.810279874246,1130.4795078939114,109.189720125754,29.189720125754008,False,120.8677782747038,True,False,0.0020867248985403,0.0001227761574117,2.0,False,1.0,8.000:8.000|23.244:16.616|43.641:60.634|25.502:71.329|19.737:56.333|20.453:29.286|65.454:17.881|74.929:49.161|73.097:55.183|52.536:73.900|27.009:89.008|28.598:90.420|27.705:73.170|31.195:66.014|19.894:60.301|43.897:64.795|42.547:55.603|8.000:8.000,0-23-21-13-32-31-7-6-18-14-9-10-24-30-27-8-15-0,0.0024022101424634
123,moderate,sparse,FairALNSPlanner,32,23,0.71875,0.7863247863247863,0.7863247863247863,True,46.0,58.5,1013.8467706132784,1151.2021660648934,186.15322938672125,106.15322938672124,False,126.23216353401652,True,False,0.0113416624448594,0.0004729104958078,2.0,False,1.0,8.000:8.000|20.453:29.286|22.380:55.172|31.195:66.014|19.737:56.333|19.894:60.301|27.009:89.008|28.598:90.420|35.152:78.713|25.502:71.329|27.705:73.170|43.897:64.795|43.641:60.634|50.660:71.496|52.536:73.900|51.574:86.417|81.231:63.702|73.097:55.183|72.203:52.154|74.929:49.161|81.341:47.464|88.745:52.114|83.633:23.248|76.339:17.304|8.000:8.000,0-31-4-30-32-27-9-10-5-13-24-8-21-12-14-19-26-18-29-6-17-3-2-28-0,17.260892120888457
123,moderate,sparse,RAWA-RHP,32,32,1.0,1.0,1.0,True,58.5,58.5,1038.1451692404437,1181.561903946755,161.85483075955636,81.85483075955636,False,140.74130826607745,True,False,0.0253800445104188,0.0007740908884089,2.0,False,1.0,8.000:8.000|23.244:16.616|61.990:17.983|65.454:17.881|73.707:12.598|76.339:17.304|83.633:23.248|86.069:49.605|88.745:52.114|81.341:47.464|74.929:49.161|72.203:52.154|73.097:55.183|81.480:60.004|81.231:63.702|43.641:60.634|42.547:55.603|43.897:64.795|50.660:71.496|52.536:73.900|51.574:86.417|27.009:89.008|28.598:90.420|35.152:78.713|31.195:66.014|27.705:73.170|25.502:71.329|23.249:71.731|21.107:69.963|19.894:60.301|19.737:56.333|22.380:55.172|20.453:29.286|8.000:8.000,0-23-25-7-22-28-2-1-3-17-6-29-18-16-26-21-15-8-12-14-19-9-10-5-30-24-13-11-20-27-32-4-31-0,153.90211138897575
126,calm,sparse,NearestNeighbor,32,32,1.0,1.0,0.0,False,64.5,64.5,1268.3273505671518,1264.708366323353,-68.32735056715163,-148.32735056715163,True,156.8654977272437,False,True,0.0274079754014728,0.0008388768643336,2.0,True,1.0,8.000:8.000|14.518:26.230|30.939:25.522|30.500:31.112|22.893:38.219|25.958:47.865|14.924:59.714|32.666:73.896|36.547:71.602|28.054:85.026|56.767:91.002|62.987:97.736|70.157:92.718|71.251:89.738|75.651:76.916|81.199:79.634|86.821:78.509|91.383:72.574|88.908:71.655|92.263:67.597|84.082:62.323|81.752:50.144|90.741:43.631|88.647:33.747|87.426:24.065|75.132:40.421|72.279:43.399|62.517:28.094|51.095:31.606|47.521:36.834|45.519:38.836|54.818:48.516|59.332:12.934|8.000:8.000,0-19-12-7-18-3-2-25-1-10-26-17-15-14-4-31-13-21-5-29-9-8-16-30-27-11-6-23-28-32-20-22-24-0,0.0021417581010609
126,calm,sparse,ValuePerDistance,32,30,0.9375,0.9612403100775194,0.0,False,62.0,64.5,1348.989963133735,1357.5359833352804,-148.98996313373465,-228.98996313373465,True,159.67683734659815,False,True,0.0309548629604008,0.0010108034141019,2.0,True,1.0,8.000:8.000|14.518:26.230|30.939:25.522|30.500:31.112|22.893:38.219|25.958:47.865|14.924:59.714|32.666:73.896|36.547:71.602|54.818:48.516|72.279:43.399|75.132:40.421|81.752:50.144|90.741:43.631|88.647:33.747|87.426:24.065|84.082:62.323|92.263:67.597|88.908:71.655|91.383:72.574|86.821:78.509|81.199:79.634|75.651:76.916|71.251:89.738|70.157:92.718|62.987:97.736|56.767:91.002|51.095:31.606|47.521:36.834|45.519:38.836|62.517:28.094|8.000:8.000,0-19-12-7-18-3-2-25-1-22-6-11-8-16-30-27-9-29-5-21-13-31-4-14-15-17-26-28-32-20-23-0,0.0016484069637954
126,calm,sparse,WindAwareGreedy,32,20,0.625,0.7286821705426356,0.0,False,47.0,64.5,1293.1394333198764,1292.5672940059217,-93.13943331987674,-173.13943331987673,True,139.76774168692216,False,True,0.0180314356208145,0.0008623945497273,2.0,True,1.0,8.000:8.000|30.939:25.522|30.500:31.112|22.893:38.219|14.518:26.230|54.818:48.516|72.279:43.399|51.095:31.606|47.521:36.834|75.651:76.916|86.821:78.509|84.082:62.323|81.752:50.144|90.741:43.631|88.647:33.747|87.426:24.065|75.132:40.421|32.666:73.896|14.924:59.714|25.958:47.865|45.519:38.836|8.000:8.000,0-12-7-18-19-22-6-28-32-4-13-9-8-16-30-27-11-25-2-3-20-0,0.0015432271175086
126,calm,sparse,ReserveOnlyPlanner,32,21,0.65625,0.7441860465116279,0.7441860465116279,True,48.0,64.5,1095.66738054273,1147.9140933898898,104.33261945726989,24.332619457269885,False,124.09093839938512,True,False,0.030018329284071,0.0013796875675512,2.0,False,1.0,8.000:8.000|30.939:25.522|30.500:31.112|22.893:38.219|14.518:26.230|54.818:48.516|72.279:43.399|81.752:50.144|90.741:43.631|84.082:62.323|75.651:76.916|86.821:78.509|92.263:67.597|88.908:71.655|91.383:72.574|81.199:79.634|71.251:89.738|70.157:92.718|56.767:91.002|32.666:73.896|14.924:59.714|25.958:47.865|8.000:8.000,0-12-7-18-19-22-6-8-16-9-4-13-29-5-21-31-14-15-26-25-2-3-0,0.0017254729755222
126,calm,sparse,FairRiskAwareGreedy,32,17,0.53125,0.6666666666666666,0.6666666666666666,True,43.0,64.5,1061.6019177974592,1087.304461560683,138.39808220254105,58.39808220254105,False,124.78460583013164,True,False,0.0015247606939777,8.470895364364677e-05,2.0,False,1.0,8.000:8.000|30.939:25.522|30.500:31.112|22.893:38.219|14.518:26.230|32.666:73.896|54.818:48.516|72.279:43.399|51.095:31.606|75.651:76.916|86.821:78.509|84.082:62.323|81.752:50.144|90.741:43.631|88.647:33.747|87.426:24.065|75.132:40.421|59.332:12.934|8.000:8.000,0-12-7-18-19-25-22-6-28-4-13-9-8-16-30-27-11-24-0,0.0027143650222569
126,calm,sparse,FairALNSPlanner,32,30,0.9375,0.9612403100775194,0.9612403100775194,True,62.0,64.5,1059.6414791532163,1140.1852288077532,140.35852084678376,60.35852084678376,False,142.43948958927518,True,False,0.0103455246692812,0.0003348305341981,2.0,False,1.0,8.000:8.000|30.939:25.522|30.500:31.112|25.958:47.865|14.924:59.714|32.666:73.896|36.547:71.602|56.767:91.002|62.987:97.736|70.157:92.718|71.251:89.738|75.651:76.916|81.199:79.634|86.821:78.509|91.383:72.574|88.908:71.655|92.263:67.597|84.082:62.323|81.752:50.144|90.741:43.631|88.647:33.747|87.426:24.065|75.132:40.421|72.279:43.399|54.818:48.516|62.517:28.094|51.095:31.606|47.521:36.834|45.519:38.836|22.893:38.219|14.518:26.230|8.000:8.000,0-12-7-3-2-25-1-26-17-15-14-4-31-13-21-5-29-9-8-16-30-27-11-6-22-23-28-32-20-18-19-0,18.809581868816167
126,calm,sparse,RAWA-RHP,32,29,0.90625,0.9534883720930232,0.9534883720930232,True,61.5,64.5,1059.4310268968627,1146.9830627986153,140.56897310313713,60.568973103137125,False,141.48960948509645,True,False,0.0179037487119352,0.0006005660559048,2.0,False,1.0,8.000:8.000|14.518:26.230|22.893:38.219|14.924:59.714|32.666:73.896|36.547:71.602|56.767:91.002|70.157:92.718|71.251:89.738|75.651:76.916|81.199:79.634|86.821:78.509|91.383:72.574|88.908:71.655|92.263:67.597|84.082:62.323|81.752:50.144|90.741:43.631|88.647:33.747|87.426:24.065|75.132:40.421|72.279:43.399|54.818:48.516|62.517:28.094|59.332:12.934|51.095:31.606|47.521:36.834|45.519:38.836|30.500:31.112|30.939:25.522|8.000:8.000,0-19-18-2-25-1-26-15-14-4-31-13-21-5-29-9-8-16-30-27-11-6-22-23-24-28-32-20-7-12-0,48.22460554004647
125,severe,sparse,NearestNeighbor,32,21,0.65625,0.6857142857142857,0.0,False,48.0,70.0,1905.8839874796104,1914.7673011570985,-705.8839874796104,-785.8839874796104,True,103.53270476032723,False,True,0.2094659580505389,0.0099343207736713,2.0,True,1.0,8.000:8.000|24.730:19.661|24.705:23.375|22.917:36.488|15.998:34.701|15.038:37.198|10.256:45.024|13.797:48.162|23.167:54.210|25.516:54.414|31.550:56.192|31.465:50.421|30.700:46.996|31.400:41.925|29.206:40.288|37.874:18.240|34.310:16.019|70.237:25.674|72.737:26.860|75.381:36.864|86.141:32.787|84.769:10.111|8.000:8.000,0-23-27-12-3-17-20-8-31-18-30-9-11-5-7-29-26-21-6-1-2-32-0,0.0018592961132526
125,severe,sparse,ValuePerDistance,32,20,0.625,0.6714285714285714,0.0,False,47.0,70.0,2260.6328164989563,2250.2688863222947,-1060.6328164989568,-1140.6328164989568,True,114.79449495325883,False,True,0.0620103389755621,0.0029912818458707,2.0,True,1.0,8.000:8.000|24.730:19.661|24.705:23.375|15.998:34.701|15.038:37.198|10.256:45.024|13.797:48.162|23.167:54.210|25.516:54.414|30.700:46.996|31.400:41.925|29.206:40.288|22.917:36.488|37.874:18.240|34.310:16.019|56.434:57.407|48.825:60.845|51.016:63.993|31.465:50.421|31.550:56.192|71.695:81.521|8.000:8.000,0-23-27-3-17-20-8-31-18-11-5-7-12-29-26-19-14-22-9-30-13-0,0.0013880550395697
125,severe,sparse,WindAwareGreedy,32,20,0.625,0.7071428571428572,0.0,False,49.5,70.0,2369.9791450216044,2358.339768324804,-1169.9791450216048,-1249.9791450216048,True,118.27283188748574,False,True,0.0744803199500452,0.0035733854991365,2.0,True,1.0,8.000:8.000|24.730:19.661|15.998:34.701|15.038:37.198|31.400:41.925|30.700:46.996|23.167:54.210|25.516:54.414|31.465:50.421|29.206:40.288|37.874:18.240|34.310:16.019|22.917:36.488|10.256:45.024|13.797:48.162|56.434:57.407|48.825:60.845|51.016:63.993|71.695:81.521|80.910:82.573|84.271:81.843|8.000:8.000,0-23-3-17-5-11-31-18-9-7-29-26-12-20-8-19-14-22-13-25-4-0,0.0016265909653156
125,severe,sparse,ReserveOnlyPlanner,32,13,0.40625,0.4785714285714286,0.4785714285714286,True,33.5,70.0,1010.192994542124,1124.1213810189056,189.8070054578759,109.8070054578759,False,63.20602979191405,True,False,0.0936316644990336,0.0067127841142853,2.0,False,1.0,8.000:8.000|24.730:19.661|37.874:18.240|34.310:16.019|31.400:41.925|30.700:46.996|23.167:54.210|25.516:54.414|31.465:50.421|29.206:40.288|15.998:34.701|15.038:37.198|10.256:45.024|13.797:48.162|8.000:8.000,0-23-29-26-5-11-31-18-9-7-3-17-20-8-0,0.0012643469963222
125,severe,sparse,FairRiskAwareGreedy,32,15,0.46875,0.5571428571428572,0.5571428571428572,True,39.0,70.0,1043.2265115813998,1111.5034168018417,156.7734884186005,76.7734884186005,False,99.53811580537936,True,False,0.0025031919350551,0.000156505681126,2.8284271247461903,False,1.0,8.000:8.000|24.730:19.661|15.998:34.701|15.038:37.198|31.400:41.925|37.874:18.240|34.310:16.019|23.167:54.210|10.256:45.024|13.797:48.162|9.359:90.240|56.434:57.407|30.700:46.996|29.206:40.288|22.917:36.488|24.705:23.375|8.000:8.000,0-23-3-17-5-29-26-31-20-8-28-19-11-7-12-27-0,0.002146691083908
125,severe,sparse,FairALNSPlanner,32,23,0.71875,0.7428571428571429,0.7428571428571429,True,52.0,70.0,1031.6325878110606,1206.9303689386045,168.3674121889392,88.3674121889392,False,109.49984421553044,True,False,0.0683127692849657,0.0028978698105045,2.0,False,1.0,8.000:8.000|24.730:19.661|24.705:23.375|29.206:40.288|51.016:63.993|48.825:60.845|56.434:57.407|65.900:49.429|75.381:36.864|72.737:26.860|70.237:25.674|37.874:18.240|34.310:16.019|31.400:41.925|25.516:54.414|30.700:46.996|31.465:50.421|31.550:56.192|23.167:54.210|13.797:48.162|10.256:45.024|15.038:37.198|15.998:34.701|22.917:36.488|8.000:8.000,0-23-27-7-22-14-19-10-1-6-21-29-26-5-18-11-9-30-31-8-20-17-3-12-0,14.193774302955717
125,severe,sparse,RAWA-RHP,32,25,0.78125,0.7785714285714286,0.7785714285714286,True,54.5,70.0,1056.2474586471592,1289.768918484432,143.7525413528411,63.75254135284109,False,115.67128360986251,True,False,0.0140349746058111,0.0005421146018383,2.8284271247461903,False,1.0,8.000:8.000|34.310:16.019|37.874:18.240|70.237:25.674|72.737:26.860|86.141:32.787|75.381:36.864|65.900:49.429|76.564:60.296|56.434:57.407|48.825:60.845|51.016:63.993|31.550:56.192|30.700:46.996|29.206:40.288|31.400:41.925|31.465:50.421|25.516:54.414|23.167:54.210|13.797:48.162|10.256:45.024|15.038:37.198|15.998:34.701|24.705:23.375|22.917:36.488|24.730:19.661|8.000:8.000,0-26-29-21-6-2-1-10-16-19-14-22-30-11-7-5-9-18-31-8-20-17-3-27-12-23-0,64.58554050885141
125,moderate,cluttered,NearestNeighbor,32,23,0.71875,0.7741935483870968,0.0,False,48.0,62.0,1435.8286121334547,1443.568938830072,-235.82861213345427,-315.82861213345427,True,134.51324680966815,False,True,0.1946912393626045,0.0088146926557923,2.0,True,1.0,8.000:8.000|14.001:23.165|20.238:32.092|31.492:37.490|39.303:38.889|39.560:28.929|35.847:16.165|27.287:19.636|17.004:49.639|30.296:55.397|28.744:57.444|37.121:61.944|41.923:66.760|41.758:76.653|44.285:82.162|44.268:86.766|35.502:87.425|25.577:73.155|56.499:74.588|61.976:79.686|71.157:86.473|81.913:63.769|89.726:68.396|90.581:47.462|8.000:8.000,0-10-13-28-22-19-17-5-30-6-23-31-7-2-9-21-15-18-27-4-25-1-3-26-0,0.0056684599258005
125,moderate,cluttered,ValuePerDistance,32,20,0.625,0.717741935483871,0.0,False,44.5,62.0,1428.6053625824927,1429.376924937322,-228.6053625824928,-308.6053625824928,True,125.31200827391964,False,True,0.1211163447164882,0.0060380520755942,2.0,True,1.0,8.000:8.000|14.001:23.165|20.238:32.092|39.303:38.889|39.560:28.929|35.847:16.165|27.287:19.636|30.296:55.397|28.744:57.444|37.121:61.944|41.923:66.760|41.758:76.653|44.285:82.162|44.268:86.766|35.502:87.425|25.577:73.155|61.976:79.686|56.499:74.588|90.581:47.462|81.913:63.769|68.044:47.630|8.000:8.000,0-10-13-22-19-17-5-6-23-31-7-2-9-21-15-18-4-27-26-1-32-0,0.0016014440916478
125,moderate,cluttered,WindAwareGreedy,32,19,0.59375,0.6532258064516129,0.0,False,40.5,62.0,1408.3329818146133,1401.642937471442,-208.33298181461325,-288.3329818146133,True,123.59414866780052,False,True,0.1268290420209672,0.0066887942724127,2.0,True,1.0,8.000:8.000|14.001:23.165|20.238:32.092|30.296:55.397|37.121:61.944|41.923:66.760|61.976:79.686|56.499:74.588|35.502:87.425|44.268:86.766|25.577:73.155|39.303:38.889|39.560:28.929|35.847:16.165|27.287:19.636|31.492:37.490|17.004:49.639|28.744:57.444|41.758:76.653|44.285:82.162|8.000:8.000,0-10-13-6-31-7-4-27-15-21-18-22-19-17-5-28-30-23-2-9-0,0.0015073220711201
125,moderate,cluttered,ReserveOnlyPlanner,32,18,0.5625,0.6290322580645161,0.6290322580645161,True,39.0,62.0,1101.2186848873432,1199.427504340172,98.78131511265698,18.781315112656984,False,101.90040405581428,True,False,0.1637891035589677,0.009225349495658,2.0,False,1.0,8.000:8.000|14.001:23.165|20.238:32.092|30.296:55.397|37.121:61.944|41.923:66.760|35.502:87.425|44.268:86.766|61.976:79.686|56.499:74.588|41.758:76.653|44.285:82.162|25.577:73.155|28.744:57.444|39.303:38.889|39.560:28.929|35.847:16.165|27.287:19.636|31.492:37.490|8.000:8.000,0-10-13-6-31-7-15-21-4-27-2-9-18-23-22-19-17-5-28-0,0.0015715810004621
125,moderate,cluttered,FairRiskAwareGreedy,32,15,0.46875,0.5080645161290323,0.5080645161290323,True,31.5,62.0,1057.3642904732678,1097.1584107405529,142.6357095267323,62.63570952673231,False,115.97612918145111,True,False,0.0121767793332496,0.0007649008739571,2.0,False,1.0,8.000:8.000|35.847:16.165|20.238:32.092|30.296:55.397|37.121:61.944|39.303:38.889|75.836:25.109|59.899:30.113|63.345:29.058|31.492:37.490|27.287:19.636|14.001:23.165|35.502:87.425|25.577:73.155|28.744:57.444|17.004:49.639|8.000:8.000,0-17-13-6-31-22-12-16-29-28-5-10-15-18-23-30-0,0.0018317981157451
125,moderate,cluttered,FairALNSPlanner,32,12,0.375,0.4112903225806452,0.4112903225806452,True,25.5,62.0,626.3268736929831,702.5010266300376,573.6731263070169,493.6731263070169,False,75.03692653980224,True,False,0.005722289024604,0.0004410090386183,2.0,False,1.0,8.000:8.000|27.287:19.636|35.847:16.165|20.238:32.092|31.492:37.490|30.296:55.397|28.744:57.444|25.577:73.155|37.121:61.944|41.923:66.760|41.758:76.653|35.502:87.425|14.001:23.165|8.000:8.000,0-5-17-13-28-6-23-18-31-7-2-15-10-0,9.62218806403689
125,moderate,cluttered,RAWA-RHP,32,26,0.8125,0.8467741935483871,0.8467741935483871,True,52.5,62.0,1044.7930356514807,1208.7251621366795,155.20696434851936,75.20696434851936,False,131.90495820128402,True,False,0.0337548004352351,0.0012650725008409,2.0,False,1.0,8.000:8.000|27.287:19.636|35.847:16.165|75.836:25.109|63.345:29.058|59.899:30.113|39.560:28.929|39.303:38.889|57.818:47.502|59.579:45.862|62.726:45.443|68.044:47.630|90.581:47.462|81.913:63.769|56.499:74.588|41.923:66.760|41.758:76.653|44.285:82.162|44.268:86.766|35.502:87.425|25.577:73.155|37.121:61.944|28.744:57.444|30.296:55.397|31.492:37.490|20.238:32.092|14.001:23.165|8.000:8.000,0-5-17-12-29-16-19-22-11-14-20-32-26-1-27-7-2-9-21-15-18-31-23-6-28-13-10-0,80.96898918715306
126,severe,cluttered,NearestNeighbor,32,12,0.375,0.3863636363636363,0.0,False,25.5,66.0,1367.759543027771,1322.6080916127337,-167.75954302777114,-247.75954302777117,True,65.00395055614104,False,True,0.0170857312557309,0.0013174856592704,2.8284271247461903,True,1.0,8.000:8.000|16.008:30.857|28.581:33.528|37.297:26.762|36.272:21.840|37.156:11.860|41.155:29.788|49.871:33.203|53.194:32.101|60.159:34.144|61.440:37.492|60.133:45.183|68.301:42.722|8.000:8.000,0-11-5-8-29-13-9-10-22-27-21-17-2-0,0.0012432939838618
126,severe,cluttered,ValuePerDistance,32,11,0.34375,0.4242424242424242,0.0,False,28.0,66.0,1424.811143750806,1396.489680881666,-224.81114375080583,-304.81114375080585,True,65.33685488602364,False,True,0.0331039557945374,0.0027886271725835,2.8284271247461903,True,1.0,8.000:8.000|16.008:30.857|28.581:33.528|37.297:26.762|36.272:21.840|49.871:33.203|53.194:32.101|61.440:37.492|68.301:42.722|71.463:42.083|77.601:52.166|83.700:52.324|8.000:8.000,0-11-5-8-29-10-22-21-2-16-23-12-0,0.0009101829491555
126,severe,cluttered,WindAwareGreedy,32,9,0.28125,0.2878787878787879,0.2878787878787879,True,19.0,66.0,1177.7447334938274,1162.9889466803663,22.255266506172603,-57.7447334938274,True,61.588566527764456,True,False,0.2753993923713821,0.030790685002243,2.0,False,1.0,8.000:8.000|16.008:30.857|25.304:54.144|20.691:68.034|18.109:82.961|22.808:93.287|30.665:86.095|18.487:79.406|19.910:53.642|28.581:33.528|8.000:8.000,0-11-25-20-7-28-18-26-1-5-0,0.0009358979295939
126,severe,cluttered,ReserveOnlyPlanner,32,8,0.25,0.2954545454545454,0.2954545454545454,True,19.5,66.0,1105.6057492297916,1204.821430886307,94.3942507702082,14.394250770208204,False,51.63772379067976,True,False,0.0785748650584287,0.0088457328358185,2.0,False,1.0,8.000:8.000|16.008:30.857|28.581:33.528|37.297:26.762|36.272:21.840|37.156:11.860|49.871:33.203|53.194:32.101|44.286:47.273|8.000:8.000,0-11-5-8-29-13-10-22-14-0,0.0009284419938921
126,severe,cluttered,FairRiskAwareGreedy,32,7,0.21875,0.25,0.25,True,16.5,66.0,820.3996859269945,846.1136645988504,379.6003140730053,299.6003140730053,False,67.97070363705087,True,False,0.0044186366276725,0.0005529138729299,2.0,False,1.0,8.000:8.000|37.297:26.762|36.272:21.840|16.008:30.857|25.304:54.144|28.581:33.528|37.156:11.860|76.645:24.062|8.000:8.000,0-8-29-11-25-5-13-15-0,0.0010052060242742
126,severe,cluttered,FairALNSPlanner,32,15,0.46875,0.5075757575757576,0.5075757575757576,True,33.5,66.0,1039.8577062228712,1219.7893353746488,160.14229377712863,80.14229377712863,False,97.56671888803628,True,False,0.0239531033398376,0.001511175073992,2.8284271247461903,False,1.0,8.000:8.000|37.156:11.860|36.272:21.840|37.297:26.762|41.155:29.788|49.871:33.203|53.194:32.101|68.301:42.722|61.440:37.492|60.159:34.144|28.581:33.528|71.463:42.083|83.700:52.324|77.601:52.166|74.156:62.666|20.691:68.034|8.000:8.000,0-13-29-8-9-10-22-2-21-27-5-16-12-23-30-20-0,8.929194367025048
126,severe,cluttered,RAWA-RHP,32,23,0.71875,0.7424242424242424,0.7424242424242424,True,49.0,66.0,1022.2339076674892,1243.778764017355,177.76609233251042,97.76609233251042,False,107.7737904073794,True,False,0.0550535780751618,0.0023307544876492,2.0,False,1.0,8.000:8.000|37.156:11.860|36.272:21.840|37.297:26.762|41.155:29.788|49.871:33.203|53.194:32.101|60.159:34.144|61.440:37.492|68.301:42.722|60.133:45.183|71.463:42.083|77.601:52.166|83.700:52.324|91.534:71.451|79.677:66.712|74.156:62.666|50.926:51.140|44.286:47.273|44.064:43.166|25.304:54.144|19.910:53.642|28.581:33.528|16.008:30.857|8.000:8.000,0-13-29-8-9-10-22-27-21-2-17-16-23-12-24-19-30-3-14-32-25-1-5-11-0,30.037444384070117
123,calm,cluttered,NearestNeighbor,32,29,0.90625,0.9090909090909092,0.9090909090909092,True,60.0,66.0,1151.9427142522395,1152.0591198078046,48.05728574776023,-31.942714252239767,True,139.17107614409585,True,False,0.0329283748721211,0.0011105959212916,2.0,False,1.0,8.000:8.000|43.376:13.514|45.563:24.677|60.640:22.156|63.304:13.770|76.584:11.672|82.136:11.925|89.241:15.494|80.453:20.193|80.308:30.499|74.273:30.222|75.169:39.212|71.657:41.977|68.982:45.688|69.050:51.776|73.037:54.080|85.454:56.218|87.641:58.367|93.076:72.591|88.304:77.606|60.871:71.860|53.455:78.072|58.455:82.617|57.463:91.637|49.801:94.673|41.464:88.885|41.087:68.257|22.837:64.104|30.238:50.053|17.075:46.703|8.000:8.000,0-21-8-7-20-26-9-32-28-27-30-24-11-12-13-22-18-31-10-6-14-25-4-3-19-1-16-15-23-29-0,0.0021352618932724
123,calm,cluttered,ValuePerDistance,32,27,0.84375,0.9015151515151516,0.0,False,59.5,66.0,1324.8691269736646,1317.08626755201,-124.86912697366456,-204.86912697366452,True,153.0658035434403,False,True,0.0223648959970557,0.0008049470576994,2.0,True,1.0,8.000:8.000|17.075:46.703|30.238:50.053|22.837:64.104|41.087:68.257|53.455:78.072|58.455:82.617|57.463:91.637|49.801:94.673|41.464:88.885|73.037:54.080|69.050:51.776|68.982:45.688|75.169:39.212|71.657:41.977|80.308:30.499|88.820:32.649|94.938:38.456|95.398:40.715|85.454:56.218|87.641:58.367|88.304:77.606|93.076:72.591|82.136:11.925|76.584:11.672|80.453:20.193|89.241:15.494|63.304:13.770|8.000:8.000,0-29-23-15-16-25-4-3-19-1-22-13-12-24-11-27-2-5-17-18-31-6-10-9-26-28-32-20-0,0.0017641519661992
123,calm,cluttered,WindAwareGreedy,32,22,0.6875,0.7878787878787878,0.0,False,52.0,66.0,1488.37885208723,1506.190056078574,-288.3788520872303,-368.3788520872303,True,159.3205984774109,False,True,0.0359019023049985,0.0015830583945605,2.0,True,1.0,8.000:8.000|17.075:46.703|30.238:50.053|41.087:68.257|57.463:91.637|49.801:94.673|53.455:78.072|73.037:54.080|75.169:39.212|88.820:32.649|80.308:30.499|76.584:11.672|82.136:11.925|63.304:13.770|43.376:13.514|69.050:51.776|68.982:45.688|71.657:41.977|80.453:20.193|89.241:15.494|60.640:22.156|85.454:56.218|87.641:58.367|8.000:8.000,0-29-23-16-3-19-25-22-24-2-27-26-9-20-21-13-12-11-28-32-7-18-31-0,0.0017046669963747
123,calm,cluttered,ReserveOnlyPlanner,32,18,0.5625,0.6666666666666666,0.6666666666666666,True,44.0,66.0,1055.0900445523014,1096.3761103746876,144.90995544769854,64.90995544769854,False,116.4526901989584,True,False,0.0587475620447676,0.0031707035655583,2.0,False,1.0,8.000:8.000|17.075:46.703|30.238:50.053|41.087:68.257|53.455:78.072|57.463:91.637|49.801:94.673|41.464:88.885|73.037:54.080|69.050:51.776|75.169:39.212|88.820:32.649|80.308:30.499|76.584:11.672|82.136:11.925|63.304:13.770|43.376:13.514|45.563:24.677|60.640:22.156|8.000:8.000,0-29-23-16-25-3-19-1-22-13-24-2-27-26-9-20-21-8-7-0,0.0016008240636438
123,calm,cluttered,FairRiskAwareGreedy,32,15,0.46875,0.5909090909090909,0.5909090909090909,True,39.0,66.0,1083.92365705289,1109.3910277354091,116.07634294711004,36.07634294711005,False,123.38965477353928,True,False,0.0112062109781,0.0007031905612018,2.0,False,1.0,8.000:8.000|17.075:46.703|41.087:68.257|30.238:50.053|75.169:39.212|73.037:54.080|69.050:51.776|88.820:32.649|80.308:30.499|63.304:13.770|76.584:11.672|82.136:11.925|80.453:20.193|57.463:91.637|53.455:78.072|22.837:64.104|8.000:8.000,0-29-16-23-24-22-13-2-27-20-26-9-28-3-25-15-0,0.0023178160190582
123,calm,cluttered,FairALNSPlanner,32,26,0.8125,0.8712121212121212,0.8712121212121212,True,57.5,66.0,1032.6961271043078,1095.4330796648032,167.303872895692,87.303872895692,False,134.87269944901894,True,False,0.0202087699741899,0.0007539513848706,2.0,False,1.0,8.000:8.000|17.075:46.703|22.837:64.104|30.238:50.053|41.087:68.257|53.455:78.072|58.455:82.617|57.463:91.637|49.801:94.673|41.464:88.885|60.871:71.860|85.454:56.218|87.641:58.367|73.037:54.080|69.050:51.776|68.982:45.688|71.657:41.977|75.169:39.212|74.273:30.222|80.308:30.499|88.820:32.649|80.453:20.193|89.241:15.494|82.136:11.925|76.584:11.672|60.640:22.156|63.304:13.770|8.000:8.000,0-29-15-23-16-25-4-3-19-1-14-18-31-22-13-12-11-24-30-27-2-28-32-9-26-7-20-0,17.976758427917957
123,calm,cluttered,RAWA-RHP,32,30,0.9375,0.9621212121212122,0.9621212121212122,True,63.5,66.0,1062.6566346549548,1128.5422363621544,137.34336534504473,57.34336534504473,False,144.2129301254853,True,False,0.0194488291135024,0.0006306479899815,2.0,False,1.0,8.000:8.000|17.075:46.703|22.837:64.104|30.238:50.053|41.087:68.257|41.464:88.885|49.801:94.673|57.463:91.637|58.455:82.617|53.455:78.072|60.871:71.860|73.037:54.080|69.050:51.776|68.982:45.688|71.657:41.977|75.169:39.212|85.454:56.218|87.641:58.367|95.398:40.715|94.938:38.456|88.820:32.649|80.308:30.499|74.273:30.222|80.453:20.193|89.241:15.494|82.136:11.925|76.584:11.672|63.304:13.770|60.640:22.156|45.563:24.677|43.376:13.514|8.000:8.000,0-29-15-23-16-1-19-3-4-25-14-22-13-12-11-24-18-31-17-5-2-27-30-28-32-9-26-20-7-8-21-0,176.22631059703417
126,calm,cluttered,NearestNeighbor,32,31,0.96875,0.968,0.0,False,60.5,62.5,1387.7126534830816,1374.8198084087046,-187.7126534830816,-267.7126534830816,True,162.0101628217613,False,True,0.0211500413359034,0.0006661664370283,2.0,True,1.0,8.000:8.000|39.866:23.825|55.428:36.177|50.728:43.400|57.967:48.782|63.945:47.282|67.053:42.882|73.978:47.387|96.547:51.143|90.823:62.994|77.641:76.083|83.096:84.240|85.277:83.825|81.838:90.955|82.762:92.832|88.490:95.940|72.113:87.648|63.751:83.201|64.942:80.538|46.420:69.981|35.917:73.439|33.400:73.292|30.092:80.096|20.213:80.125|33.090:51.359|20.463:42.410|60.488:13.302|65.328:11.628|68.197:16.018|68.863:22.007|70.901:21.336|80.112:26.532|8.000:8.000,0-28-15-8-17-29-22-14-30-31-2-16-3-4-24-7-32-13-11-1-6-9-19-10-18-21-12-20-25-23-5-26-0,0.0022203139960765
126,calm,cluttered,ValuePerDistance,32,28,0.875,0.92,0.0,False,57.5,62.5,1309.078298332175,1310.5191734614405,-109.07829833217598,-189.078298332176,True,152.42485100007235,False,True,0.0194810829741857,0.0006756876393139,2.0,True,1.0,8.000:8.000|20.463:42.410|33.090:51.359|50.728:43.400|57.967:48.782|63.945:47.282|67.053:42.882|73.978:47.387|96.547:51.143|90.823:62.994|85.277:83.825|83.096:84.240|81.838:90.955|82.762:92.832|88.490:95.940|64.942:80.538|63.751:83.201|77.641:76.083|46.420:69.981|35.917:73.439|33.400:73.292|30.092:80.096|20.213:80.125|70.901:21.336|68.863:22.007|68.197:16.018|71.758:8.248|65.328:11.628|60.488:13.302|8.000:8.000,0-21-18-8-17-29-22-14-30-31-3-16-4-24-7-11-13-2-1-6-9-19-10-5-23-25-27-20-12-0,0.0016425289213657
126,calm,cluttered,WindAwareGreedy,32,22,0.6875,0.8,0.0,False,50.0,62.5,1363.9985494040195,1366.2293890955707,-163.99854940401963,-243.99854940401963,True,147.11294713491617,False,True,0.0228460981512043,0.0010007772426774,2.0,True,1.0,8.000:8.000|20.463:42.410|33.090:51.359|50.728:43.400|70.901:21.336|71.758:8.248|96.547:51.143|90.823:62.994|85.277:83.825|83.096:84.240|64.942:80.538|63.751:83.201|81.838:90.955|82.762:92.832|77.641:76.083|46.420:69.981|35.917:73.439|20.213:80.125|30.092:80.096|57.967:48.782|63.945:47.282|67.053:42.882|73.978:47.387|8.000:8.000,0-21-18-8-5-27-30-31-3-16-11-13-4-24-2-1-6-10-19-17-29-22-14-0,0.0016060678754001
126,calm,cluttered,ReserveOnlyPlanner,32,19,0.59375,0.72,0.72,True,45.0,62.5,1107.3146215070074,1144.2922483898058,92.68537849299264,12.68537849299264,False,120.88130297391776,True,False,0.0106573057921596,0.0005331736606449,2.0,False,1.0,8.000:8.000|20.463:42.410|33.090:51.359|50.728:43.400|57.967:48.782|63.945:47.282|70.901:21.336|71.758:8.248|68.197:16.018|68.863:22.007|96.547:51.143|90.823:62.994|85.277:83.825|83.096:84.240|64.942:80.538|63.751:83.201|81.838:90.955|82.762:92.832|77.641:76.083|46.420:69.981|8.000:8.000,0-21-18-8-17-29-5-27-25-23-30-31-3-16-11-13-4-24-2-1-0,0.0016330129001289
126,calm,cluttered,FairRiskAwareGreedy,32,14,0.4375,0.576,0.576,True,36.0,62.5,1095.456334282662,1114.3144478609588,104.54366571733776,24.543665717337745,False,121.53252153076885,True,False,0.0087823411971024,0.0005867784971132,2.0,False,1.0,8.000:8.000|20.463:42.410|33.090:51.359|70.901:21.336|50.728:43.400|64.942:80.538|63.751:83.201|96.547:51.143|85.277:83.825|83.096:84.240|81.838:90.955|90.823:62.994|57.967:48.782|63.945:47.282|71.758:8.248|8.000:8.000,0-21-18-5-8-11-13-30-3-16-4-31-17-29-27-0,0.0023538810200989
126,calm,cluttered,FairALNSPlanner,32,26,0.8125,0.872,0.872,True,54.5,62.5,1059.188528032203,1139.7460935897948,140.8114719677966,60.81147196779659,False,135.5802404679584,True,False,0.0232961556656178,0.0008689087805798,2.0,False,1.0,8.000:8.000|20.463:42.410|33.090:51.359|50.728:43.400|57.967:48.782|63.945:47.282|46.420:69.981|35.917:73.439|30.092:80.096|20.213:80.125|64.942:80.538|63.751:83.201|72.113:87.648|81.838:90.955|82.762:92.832|83.096:84.240|85.277:83.825|77.641:76.083|90.823:62.994|96.547:51.143|80.112:26.532|70.901:21.336|68.863:22.007|68.197:16.018|71.758:8.248|65.328:11.628|60.488:13.302|8.000:8.000,0-21-18-8-17-29-1-6-19-10-11-13-32-4-24-16-3-2-31-30-26-5-23-25-27-20-12-0,16.71675812616013
126,calm,cluttered,RAWA-RHP,32,30,0.9375,0.968,0.968,True,60.5,62.5,1057.3091241261525,1141.233098303557,142.69087587384766,62.69087587384766,False,142.49741507843487,True,False,0.0177856273477089,0.0005771609363734,2.0,False,1.0,8.000:8.000|20.463:42.410|33.090:51.359|20.213:80.125|30.092:80.096|33.400:73.292|35.917:73.439|46.420:69.981|63.751:83.201|64.942:80.538|72.113:87.648|81.838:90.955|82.762:92.832|83.096:84.240|85.277:83.825|77.641:76.083|90.823:62.994|96.547:51.143|73.978:47.387|67.053:42.882|63.945:47.282|57.967:48.782|50.728:43.400|55.428:36.177|68.863:22.007|70.901:21.336|68.197:16.018|71.758:8.248|65.328:11.628|60.488:13.302|39.866:23.825|8.000:8.000,0-21-18-10-19-9-6-1-13-11-32-4-24-16-3-2-31-30-14-22-29-17-8-15-23-5-25-27-20-12-28-0,65.75140200112946
127,severe,cluttered,NearestNeighbor,32,21,0.65625,0.6594202898550725,0.0,False,45.5,69.0,2039.6892082301888,2004.4730188308804,-839.6892082301888,-919.6892082301888,True,115.2844172098962,False,True,0.1861876765749059,0.0089568041975085,2.0,True,1.0,8.000:8.000|15.679:27.245|21.702:36.784|24.901:36.987|28.840:37.786|31.580:33.465|38.698:36.580|40.785:42.040|33.853:52.875|36.248:58.586|36.094:64.148|46.148:58.605|51.055:67.286|45.445:80.286|34.701:76.864|28.768:87.160|29.738:89.327|19.771:76.084|16.466:64.500|23.160:48.930|62.700:76.503|67.268:76.104|8.000:8.000,0-21-28-3-17-15-12-22-24-18-20-19-30-14-27-32-10-23-16-6-13-1-0,0.0017151569481939
127,severe,cluttered,ValuePerDistance,32,21,0.65625,0.6811594202898551,0.0,False,47.0,69.0,1805.0339674684012,1784.854252607833,-605.0339674684014,-685.0339674684014,True,112.41384916417076,False,True,0.1788957628754114,0.0085522359993942,2.0,True,1.0,8.000:8.000|21.702:36.784|24.901:36.987|28.840:37.786|31.580:33.465|38.698:36.580|40.785:42.040|36.248:58.586|36.094:64.148|46.148:58.605|51.055:67.286|45.445:80.286|55.410:86.584|62.700:76.503|67.268:76.104|75.061:41.850|84.398:28.509|87.362:27.370|88.806:29.047|85.556:37.019|85.001:54.206|85.543:57.829|8.000:8.000,0-28-3-17-15-12-22-18-20-19-30-14-7-13-1-5-9-11-2-31-29-4-0,0.0013122169766575
127,severe,cluttered,WindAwareGreedy,32,16,0.5,0.5652173913043478,0.0,False,39.0,69.0,1690.7666816642998,1677.5333697200133,-490.7666816642998,-570.7666816642998,True,94.38944275287088,False,True,0.3067612339449329,0.0206478934774994,2.0,True,1.0,8.000:8.000|21.702:36.784|28.840:37.786|23.160:48.930|16.466:64.500|36.094:64.148|36.248:58.586|33.853:52.875|46.148:58.605|75.061:41.850|84.398:28.509|87.362:27.370|88.806:29.047|81.444:17.965|62.475:24.609|38.698:36.580|40.785:42.040|8.000:8.000,0-28-17-6-16-20-18-24-19-5-9-11-2-25-8-12-22-0,0.001363435992971
127,severe,cluttered,ReserveOnlyPlanner,32,10,0.3125,0.3478260869565217,0.3478260869565217,True,24.0,69.0,1042.698869404251,1126.7945706954545,157.30113059574938,77.30113059574938,False,57.04243181699423,True,False,0.158772546734878,0.0153123434344186,2.0,False,1.0,8.000:8.000|21.702:36.784|28.840:37.786|23.160:48.930|16.466:64.500|19.771:76.084|36.094:64.148|36.248:58.586|33.853:52.875|24.901:36.987|15.679:27.245|8.000:8.000,0-28-17-6-16-23-20-18-24-3-21-0,0.0009925719350576
127,severe,cluttered,FairRiskAwareGreedy,32,15,0.46875,0.5072463768115942,0.5072463768115942,True,35.0,69.0,1026.4806827824875,1104.8042841596553,173.51931721751242,93.51931721751242,False,100.23858004458572,True,False,0.0070593328529076,0.0004420142769505,2.0,False,1.0,8.000:8.000|16.466:64.500|23.160:48.930|36.094:64.148|36.248:58.586|75.061:41.850|84.398:28.509|87.362:27.370|88.806:29.047|28.840:37.786|24.901:36.987|31.580:33.465|38.698:36.580|40.785:42.040|33.853:52.875|15.679:27.245|8.000:8.000,0-16-6-20-18-5-9-11-2-17-3-15-12-22-24-21-0,0.0018267140258103
127,severe,cluttered,FairALNSPlanner,32,19,0.59375,0.6159420289855072,0.6159420289855072,True,42.5,69.0,1047.217776913868,1265.3057112654458,152.782223086132,72.782223086132,False,107.39537380334612,True,False,0.0035429105319608,0.0001772079760024,2.0,False,1.0,8.000:8.000|38.698:36.580|28.840:37.786|31.580:33.465|40.785:42.040|36.248:58.586|46.148:58.605|24.901:36.987|21.702:36.784|23.160:48.930|33.853:52.875|36.094:64.148|34.701:76.864|55.410:86.584|45.445:80.286|28.768:87.160|29.738:89.327|19.771:76.084|16.466:64.500|15.679:27.245|8.000:8.000,0-12-17-15-22-18-19-3-28-6-24-20-27-7-14-32-10-23-16-21-0,8.966273432131857
127,severe,cluttered,RAWA-RHP,32,22,0.6875,0.7246376811594203,0.7246376811594203,True,50.0,69.0,1041.0311973454943,1256.8593652380266,158.9688026545057,78.96880265450571,False,110.8481671657292,True,False,0.0200246419578957,0.0008763175660901,2.0,False,1.0,8.000:8.000|62.475:24.609|81.444:17.965|87.362:27.370|88.806:29.047|84.398:28.509|85.556:37.019|75.061:41.850|40.785:42.040|33.853:52.875|36.248:58.586|36.094:64.148|34.701:76.864|28.768:87.160|29.738:89.327|19.771:76.084|16.466:64.500|23.160:48.930|24.901:36.987|31.580:33.465|28.840:37.786|21.702:36.784|15.679:27.245|8.000:8.000,0-8-25-11-2-9-31-5-22-24-18-20-27-32-10-23-16-6-3-15-17-28-21-0,21.366689497139305
127,calm,sparse,NearestNeighbor,32,32,1.0,1.0,1.0,True,59.0,59.0,1114.3518939327546,1119.2362165954366,85.64810606724559,5.6481060672455925,False,143.95437151904122,True,False,0.0272081927361684,0.0008341419652391,2.0,False,1.0,8.000:8.000|13.943:29.614|14.967:37.154|17.227:37.910|20.584:40.119|25.297:40.020|26.655:42.486|18.014:50.270|38.299:77.835|41.166:85.987|47.581:88.874|49.281:82.450|53.967:78.121|47.727:68.882|58.087:60.742|65.512:65.774|72.151:64.778|75.428:55.869|72.081:50.360|68.052:51.085|78.352:47.540|80.763:43.626|80.864:40.485|79.896:37.123|85.433:36.926|91.567:44.346|83.220:50.392|94.021:64.732|96.249:66.056|87.724:72.253|86.681:74.188|49.773:41.158|47.376:33.483|8.000:8.000,0-5-26-24-20-4-32-6-1-19-27-9-21-2-13-14-22-25-7-16-11-30-15-17-29-8-10-18-3-31-23-28-12-0,0.0021419741678982
127,calm,sparse,ValuePerDistance,32,32,1.0,1.0,0.0,False,59.0,59.0,1361.2509187750447,1367.1405340217557,-161.25091877504428,-241.25091877504428,True,164.90830769569834,False,True,0.0331411874243922,0.0010190346539419,2.0,True,1.0,8.000:8.000|13.943:29.614|14.967:37.154|17.227:37.910|20.584:40.119|25.297:40.020|26.655:42.486|18.014:50.270|49.773:41.158|47.376:33.483|58.087:60.742|65.512:65.774|72.151:64.778|87.724:72.253|86.681:74.188|96.249:66.056|94.021:64.732|83.220:50.392|80.763:43.626|80.864:40.485|79.896:37.123|85.433:36.926|72.081:50.360|68.052:51.085|75.428:55.869|78.352:47.540|91.567:44.346|49.281:82.450|53.967:78.121|47.727:68.882|38.299:77.835|41.166:85.987|47.581:88.874|8.000:8.000,0-5-26-24-20-4-32-6-28-12-13-14-22-31-23-3-18-10-30-15-17-29-7-16-25-11-8-9-21-2-1-19-27-0,0.0017628718633204
127,calm,sparse,WindAwareGreedy,32,21,0.65625,0.788135593220339,0.0,False,46.5,59.0,1361.9412529348497,1353.782483144786,-161.94125293484956,-241.9412529348496,True,147.092507842234,False,True,0.0046081153120928,0.0002095661909597,2.0,True,1.0,8.000:8.000|13.943:29.614|26.655:42.486|49.773:41.158|65.512:65.774|49.281:82.450|58.087:60.742|87.724:72.253|96.249:66.056|83.220:50.392|72.081:50.360|68.052:51.085|47.376:33.483|25.297:40.020|17.227:37.910|14.967:37.154|18.014:50.270|20.584:40.119|47.727:68.882|53.967:78.121|86.681:74.188|72.151:64.778|8.000:8.000,0-5-32-28-14-9-13-31-3-10-7-16-12-4-24-26-6-20-2-21-23-22-0,0.0015974340494722
127,calm,sparse,ReserveOnlyPlanner,32,19,0.59375,0.7203389830508474,0.7203389830508474,True,42.5,59.0,1116.04081758717,1153.1341179569467,83.9591824128301,3.959182412830103,False,125.17206925637144,True,False,0.0182376166695373,0.0009171287983212,2.0,False,1.0,8.000:8.000|13.943:29.614|14.967:37.154|17.227:37.910|26.655:42.486|25.297:40.020|49.773:41.158|47.376:33.483|65.512:65.774|58.087:60.742|49.281:82.450|53.967:78.121|47.727:68.882|18.014:50.270|20.584:40.119|68.052:51.085|72.081:50.360|83.220:50.392|87.724:72.253|86.681:74.188|8.000:8.000,0-5-26-24-32-4-28-12-14-13-9-21-2-6-20-16-7-10-31-23-0,0.0016447349917143
127,calm,sparse,FairRiskAwareGreedy,32,17,0.53125,0.6610169491525424,0.6610169491525424,True,39.0,59.0,954.9895171437124,979.4596930919856,245.01048285628752,165.01048285628752,False,114.64649639597948,True,False,0.005487031900528,0.0003051627107689,2.0,False,1.0,8.000:8.000|49.773:41.158|26.655:42.486|25.297:40.020|65.512:65.774|58.087:60.742|49.281:82.450|87.724:72.253|96.249:66.056|83.220:50.392|72.081:50.360|68.052:51.085|47.376:33.483|13.943:29.614|14.967:37.154|17.227:37.910|18.014:50.270|20.584:40.119|8.000:8.000,0-28-32-4-14-13-9-31-3-10-7-16-12-5-26-24-6-20-0,0.0027619141619652
127,calm,sparse,FairALNSPlanner,32,32,1.0,1.0,1.0,True,59.0,59.0,1047.350203072987,1123.7606911171954,152.6497969270131,72.64979692701311,False,143.5682546702939,True,False,0.0245347758863507,0.0007512253297772,2.0,False,1.0,8.000:8.000|13.943:29.614|14.967:37.154|17.227:37.910|18.014:50.270|20.584:40.119|25.297:40.020|26.655:42.486|47.727:68.882|38.299:77.835|41.166:85.987|47.581:88.874|49.281:82.450|53.967:78.121|86.681:74.188|87.724:72.253|96.249:66.056|94.021:64.732|91.567:44.346|83.220:50.392|78.352:47.540|80.763:43.626|80.864:40.485|85.433:36.926|79.896:37.123|68.052:51.085|72.081:50.360|75.428:55.869|72.151:64.778|65.512:65.774|58.087:60.742|49.773:41.158|47.376:33.483|8.000:8.000,0-5-26-24-6-20-4-32-2-1-19-27-9-21-23-31-3-18-8-10-11-30-15-29-17-16-7-25-22-14-13-28-12-0,18.262755534844477
127,calm,sparse,RAWA-RHP,32,32,1.0,1.0,1.0,True,59.0,59.0,995.03949227494,1075.0313980359022,204.96050772506015,124.96050772506018,False,139.17683890322016,True,False,0.0193619704869991,0.0005913367769486,2.0,False,1.0,8.000:8.000|47.376:33.483|49.773:41.158|68.052:51.085|72.081:50.360|75.428:55.869|78.352:47.540|80.763:43.626|80.864:40.485|85.433:36.926|79.896:37.123|83.220:50.392|91.567:44.346|94.021:64.732|96.249:66.056|87.724:72.253|86.681:74.188|72.151:64.778|65.512:65.774|58.087:60.742|47.727:68.882|53.967:78.121|49.281:82.450|47.581:88.874|41.166:85.987|38.299:77.835|18.014:50.270|26.655:42.486|25.297:40.020|20.584:40.119|17.227:37.910|14.967:37.154|13.943:29.614|8.000:8.000,0-12-28-16-7-25-11-30-15-29-17-10-8-18-3-31-23-22-14-13-2-21-9-27-19-1-6-32-4-20-24-26-5-0,57.543114526895806
126,severe,sparse,NearestNeighbor,32,18,0.5625,0.5972222222222222,0.0,False,43.0,72.0,1368.8290759216177,1412.431460028061,-168.82907592161683,-248.82907592161683,True,80.49019353353783,False,True,0.1020621802637313,0.0055895640045236,2.0,True,1.0,8.000:8.000|33.683:24.758|34.843:27.413|46.384:33.808|48.979:29.149|59.172:28.378|69.411:39.357|75.807:39.606|77.097:37.808|77.060:35.384|75.873:33.677|74.573:42.527|76.455:44.022|71.535:54.106|68.361:57.499|63.899:65.230|61.448:66.881|58.897:65.676|60.897:62.521|8.000:8.000,0-18-24-13-31-14-4-8-22-20-15-16-3-26-30-11-6-21-5-0,0.0016083600930869
126,severe,sparse,ValuePerDistance,32,14,0.4375,0.4583333333333333,0.0,False,33.0,72.0,1307.656981662513,1318.4525434179743,-107.65698166251303,-187.65698166251303,True,68.88458822237305,False,True,0.0975652767248695,0.0067475429679206,2.0,True,1.0,8.000:8.000|34.843:27.413|33.683:24.758|46.384:33.808|48.979:29.149|59.172:28.378|69.411:39.357|74.573:42.527|76.455:44.022|75.807:39.606|77.097:37.808|77.060:35.384|75.873:33.677|63.102:48.012|61.534:49.992|8.000:8.000,0-24-18-13-31-14-4-16-3-8-22-20-15-12-2-0,0.0011618838179856
126,severe,sparse,WindAwareGreedy,32,8,0.25,0.2708333333333333,0.0,False,19.5,72.0,1330.941911397235,1352.5850287901949,-130.94191139723472,-210.94191139723472,True,59.00923051018948,False,True,0.0107285276543399,0.001195377738033,2.8284271247461903,True,1.0,8.000:8.000|8.261:44.802|34.843:27.413|33.683:24.758|46.384:33.808|48.979:29.149|59.172:28.378|63.102:48.012|69.411:39.357|8.000:8.000,0-23-24-18-13-31-14-12-4-0,0.0008833419997245
126,severe,sparse,ReserveOnlyPlanner,32,5,0.15625,0.1458333333333333,0.1458333333333333,True,10.5,72.0,980.9624966676768,998.7244858051388,219.03750333232327,139.03750333232327,False,39.97409262839587,True,False,0.0108536965958703,0.0018140259485094,2.8284271247461903,False,1.0,8.000:8.000|8.261:44.802|34.843:27.413|33.683:24.758|46.384:33.808|48.979:29.149|8.000:8.000,0-23-24-18-13-31-0,0.000652729999274
126,severe,sparse,FairRiskAwareGreedy,32,14,0.4375,0.5277777777777778,0.5277777777777778,True,38.0,72.0,949.8770775593092,1009.3328052406514,250.12292244069087,170.12292244069087,False,90.81435237508026,True,False,0.0068190775732362,0.0004551097867073,2.0,False,1.0,8.000:8.000|34.843:27.413|33.683:24.758|59.172:28.378|63.102:48.012|69.411:39.357|68.361:57.499|63.899:65.230|58.897:65.676|76.856:77.923|71.535:54.106|74.573:42.527|75.807:39.606|75.873:33.677|8.261:44.802|8.000:8.000,0-24-18-14-12-4-30-11-21-7-26-16-8-15-23-0,0.0018815889488905
126,severe,sparse,FairALNSPlanner,32,19,0.59375,0.6597222222222222,0.6597222222222222,True,47.5,72.0,1044.4482352413595,1189.6466487271136,155.55176475864047,75.55176475864047,False,101.18943739015026,True,False,0.0620541299732986,0.0031905293036789,2.0,False,1.0,8.000:8.000|48.979:29.149|59.172:28.378|69.411:39.357|75.873:33.677|75.807:39.606|86.964:48.896|74.573:42.527|76.455:44.022|71.535:54.106|87.235:57.315|63.102:48.012|68.361:57.499|63.899:65.230|61.448:66.881|58.897:65.676|60.897:62.521|46.384:33.808|34.843:27.413|33.683:24.758|8.000:8.000,0-31-14-4-15-8-25-16-3-26-32-12-30-11-6-21-5-13-24-18-0,10.699792264029384
126,severe,sparse,RAWA-RHP,32,23,0.71875,0.7638888888888888,0.7638888888888888,True,55.0,72.0,1041.9302577202684,1213.9046250981987,158.06974227973143,78.06974227973143,False,110.4012030337904,True,False,0.0490720703472735,0.0020738147262643,2.0,False,1.0,8.000:8.000|59.172:28.378|69.411:39.357|75.873:33.677|75.807:39.606|74.573:42.527|76.455:44.022|71.535:54.106|63.899:65.230|61.448:66.881|58.897:65.676|60.897:62.521|68.361:57.499|76.856:77.923|87.640:81.658|95.123:71.674|87.235:57.315|88.756:55.288|86.964:48.896|63.102:48.012|61.534:49.992|46.384:33.808|34.843:27.413|33.683:24.758|8.000:8.000,0-14-4-15-8-16-3-26-11-6-21-5-30-7-9-28-32-27-25-12-2-13-24-18-0,69.8725115598645
127,severe,sparse,NearestNeighbor,32,22,0.6875,0.6594202898550725,0.0,False,45.5,69.0,1876.722849904637,1919.0593438976737,-676.7228499046373,-756.7228499046373,True,116.24538488176616,False,True,0.1871622578286055,0.0087522771872945,2.0,True,1.0,8.000:8.000|20.375:15.422|26.363:27.031|29.230:33.549|43.280:44.372|46.126:42.846|51.534:60.621|50.171:66.407|52.994:71.956|55.956:78.715|60.566:76.261|67.312:70.601|62.125:55.228|65.482:53.323|85.346:51.203|91.457:59.269|87.708:70.568|61.407:87.893|37.761:88.933|30.626:78.608|25.200:72.929|31.956:62.184|39.368:69.589|8.000:8.000,0-3-16-4-10-24-29-7-12-19-30-14-9-18-21-31-17-22-25-1-6-2-11-0,0.0018901808653026
127,severe,sparse,ValuePerDistance,32,22,0.6875,0.6956521739130435,0.0,False,48.0,69.0,2052.319381350111,2068.860319323937,-852.319381350111,-932.319381350111,True,125.12134442971973,False,True,0.3067820205208542,0.0153747726195943,2.0,True,1.0,8.000:8.000|20.375:15.422|26.363:27.031|29.230:33.549|46.126:42.846|43.280:44.372|42.811:56.823|31.956:62.184|25.200:72.929|30.626:78.608|37.761:88.933|20.205:91.038|55.956:78.715|52.994:71.956|50.171:66.407|51.534:60.621|65.482:53.323|62.125:55.228|67.312:70.601|87.708:70.568|91.457:59.269|85.346:51.203|92.641:37.679|8.000:8.000,0-3-16-4-24-10-8-2-6-1-25-13-19-12-7-29-18-9-14-17-31-21-15-0,0.0014281070325523
127,severe,sparse,WindAwareGreedy,32,17,0.53125,0.6231884057971014,0.0,False,43.0,69.0,1888.173882448766,1883.4461237532864,-688.1738824487662,-768.1738824487662,True,106.21823473929147,False,True,0.2223512224398641,0.0134707229006779,2.0,True,1.0,8.000:8.000|20.375:15.422|29.230:33.549|26.363:27.031|64.508:16.737|69.565:13.171|65.924:22.950|67.753:29.211|71.070:29.506|71.076:33.041|65.482:53.323|87.708:70.568|67.312:70.601|55.956:78.715|37.761:88.933|30.626:78.608|25.200:72.929|20.205:91.038|8.000:8.000,0-3-4-16-27-32-26-5-28-23-18-17-14-19-25-1-6-13-0,0.0014421110972762
127,severe,sparse,ReserveOnlyPlanner,32,7,0.21875,0.2246376811594203,0.2246376811594203,True,15.5,69.0,1050.0404921991606,1140.836763427118,149.95950780083933,69.95950780083933,False,52.11132728214319,True,False,0.0819193237523121,0.010240509530075,2.0,False,1.0,8.000:8.000|20.375:15.422|29.230:33.549|26.363:27.031|46.126:42.846|43.280:44.372|42.811:56.823|65.482:53.323|8.000:8.000,0-3-4-16-24-10-8-18-0,0.0008074389770627
127,severe,sparse,FairRiskAwareGreedy,32,13,0.40625,0.4782608695652174,0.4782608695652174,True,33.0,69.0,1091.8025575383936,1143.10309067652,108.19744246160668,28.19744246160667,False,100.96277099135152,True,False,0.0068665597266144,0.000491322425944,2.0,False,1.0,8.000:8.000|20.375:15.422|29.230:33.549|64.508:16.737|65.924:22.950|67.753:29.211|65.482:53.323|42.811:56.823|30.626:78.608|37.761:88.933|25.200:72.929|26.363:27.031|69.565:13.171|74.083:11.133|8.000:8.000,0-3-4-27-26-5-18-8-1-25-6-16-32-20-0,0.0019073069561272
127,severe,sparse,FairALNSPlanner,32,19,0.59375,0.6231884057971014,0.6231884057971014,True,43.0,69.0,1035.7283719244058,1248.8890863935649,164.27162807559426,84.27162807559426,False,108.2425244555676,True,False,0.0259706479794837,0.0013065214763286,2.0,False,1.0,8.000:8.000|26.363:27.031|29.230:33.549|42.811:56.823|31.956:62.184|39.368:69.589|37.761:88.933|30.626:78.608|25.200:72.929|64.508:16.737|65.924:22.950|67.753:29.211|71.070:29.506|71.076:33.041|85.346:51.203|65.482:53.323|62.125:55.228|46.126:42.846|43.280:44.372|20.375:15.422|8.000:8.000,0-16-4-8-2-11-25-1-6-27-26-5-28-23-21-18-9-24-10-3-0,9.864923330023885
127,severe,sparse,RAWA-RHP,32,22,0.6875,0.7101449275362319,0.7101449275362319,True,49.0,69.0,1009.492780567591,1266.4826722659009,190.5072194324091,110.5072194324091,False,113.37825240842336,True,False,0.0178946917806578,0.0007780970094579,2.0,False,1.0,8.000:8.000|26.363:27.031|29.230:33.549|42.811:56.823|31.956:62.184|39.368:69.589|30.626:78.608|37.761:88.933|55.956:78.715|52.994:71.956|60.566:76.261|67.312:70.601|87.708:70.568|91.457:59.269|85.346:51.203|65.482:53.323|62.125:55.228|71.070:29.506|71.076:33.041|67.753:29.211|65.924:22.950|64.508:16.737|20.375:15.422|8.000:8.000,0-16-4-8-2-11-1-25-19-12-30-14-17-31-21-18-9-28-23-5-26-27-3-0,42.55177973490208
125,moderate,sparse,NearestNeighbor,32,29,0.90625,0.9285714285714286,0.0,False,58.5,63.0,1501.011567272529,1483.924452537367,-301.011567272529,-381.011567272529,True,151.10547958471813,False,True,0.0394296407913581,0.0013324121705526,2.0,True,1.0,8.000:8.000|35.209:47.180|38.508:57.693|47.449:63.745|47.111:65.961|49.340:65.481|47.330:68.663|41.893:71.587|45.575:76.023|44.363:80.667|53.219:79.525|52.125:87.459|55.915:94.521|59.468:94.579|70.368:84.965|69.572:82.846|71.639:78.782|69.667:75.507|80.018:71.398|79.499:69.156|78.163:51.914|75.335:46.886|85.278:52.696|86.401:43.778|85.721:35.910|82.620:28.923|81.780:19.785|74.373:14.268|89.661:86.991|80.285:93.301|8.000:8.000,0-23-27-7-6-2-28-4-26-17-8-11-3-19-21-30-22-31-32-25-10-5-12-13-1-24-15-20-14-29-0,0.0021122701000422
125,moderate,sparse,ValuePerDistance,32,29,0.90625,0.9126984126984128,0.0,False,57.5,63.0,1446.226304491441,1445.4093398923935,-246.22630449144032,-326.2263044914403,True,148.03368701856712,False,True,0.0986938694647205,0.0033676782348222,2.0,True,1.0,8.000:8.000|9.492:67.095|9.588:64.587|41.893:71.587|45.575:76.023|44.363:80.667|53.219:79.525|52.125:87.459|55.915:94.521|59.468:94.579|80.285:93.301|70.368:84.965|69.572:82.846|71.639:78.782|69.667:75.507|80.018:71.398|79.499:69.156|85.278:52.696|86.401:43.778|85.721:35.910|82.620:28.923|81.780:19.785|74.373:14.268|75.335:46.886|78.163:51.914|47.449:63.745|49.340:65.481|47.111:65.961|47.330:68.663|28.802:75.680|8.000:8.000,0-16-9-4-26-17-8-11-3-19-29-21-30-22-31-32-25-12-13-1-24-15-20-5-10-7-2-6-28-18-0,0.0016543811652809
125,moderate,sparse,WindAwareGreedy,32,18,0.5625,0.6111111111111112,0.0,False,38.5,63.0,1364.6907114818778,1344.9931901521268,-164.69071148187777,-244.69071148187777,True,119.26594462903972,False,True,0.0019474059621308,0.0001025534005482,2.0,True,1.0,8.000:8.000|9.492:67.095|41.893:71.587|53.219:79.525|44.363:80.667|47.449:63.745|38.508:57.693|35.209:47.180|49.340:65.481|47.330:68.663|45.575:76.023|71.639:78.782|80.285:93.301|70.368:84.965|55.915:94.521|52.125:87.459|47.111:65.961|28.802:75.680|9.588:64.587|8.000:8.000,0-16-4-8-17-7-27-23-2-28-26-22-29-21-3-11-6-18-9-0,0.0012625628150999
125,moderate,sparse,ReserveOnlyPlanner,32,16,0.5,0.5238095238095238,0.5238095238095238,True,33.0,63.0,1069.33629990853,1161.839638979915,130.6637000914697,50.66370009146971,False,99.22933016914492,True,False,0.0011459261907801,6.743219510218403e-05,2.8284271247461903,False,1.0,8.000:8.000|9.492:67.095|9.588:64.587|41.893:71.587|53.219:79.525|44.363:80.667|45.575:76.023|47.449:63.745|38.508:57.693|35.209:47.180|49.340:65.481|47.330:68.663|47.111:65.961|71.639:78.782|70.368:84.965|69.572:82.846|69.667:75.507|8.000:8.000,0-16-9-4-8-17-26-7-27-23-2-28-6-22-21-30-31-0,0.0008820840157568
125,moderate,sparse,FairRiskAwareGreedy,32,12,0.375,0.4761904761904761,0.4761904761904761,True,30.0,63.0,1047.206490479132,1086.8600141853403,152.7935095208678,72.79350952086781,False,111.8930606446486,True,False,0.0006404501383466,4.92773750967286e-05,2.8284271247461903,False,1.0,8.000:8.000|9.492:67.095|41.893:71.587|53.219:79.525|47.449:63.745|38.508:57.693|35.209:47.180|75.335:46.886|71.639:78.782|80.285:93.301|74.373:14.268|81.780:19.785|82.620:28.923|8.000:8.000,0-16-4-8-7-27-23-5-22-29-20-15-24-0,0.001043532975018
125,moderate,sparse,FairALNSPlanner,32,22,0.6875,0.7380952380952381,0.7380952380952381,True,46.5,63.0,1054.219079907978,1214.093144134271,145.7809200920222,65.7809200920222,False,127.45116905657024,True,False,0.0571798406431636,0.0025373898056896,2.0,False,1.0,8.000:8.000|9.492:67.095|28.802:75.680|41.893:71.587|49.340:65.481|75.335:46.886|86.401:43.778|82.620:28.923|74.373:14.268|81.780:19.785|85.721:35.910|85.278:52.696|79.499:69.156|80.018:71.398|71.639:78.782|80.285:93.301|70.368:84.965|69.572:82.846|47.330:68.663|47.111:65.961|47.449:63.745|38.508:57.693|35.209:47.180|8.000:8.000,0-16-18-4-2-5-13-24-20-15-1-12-25-32-22-29-21-30-28-6-7-27-23-0,13.785965600982308
125,moderate,sparse,RAWA-RHP,32,30,0.9375,0.9682539682539684,0.9682539682539684,True,61.0,63.0,1018.7621924784384,1167.3415632114102,181.23780752156188,101.23780752156188,False,137.464972435453,True,False,0.0438308038876434,0.0014348204595144,2.0,False,1.0,8.000:8.000|74.373:14.268|81.780:19.785|82.620:28.923|85.721:35.910|86.401:43.778|75.335:46.886|78.163:51.914|85.278:52.696|79.499:69.156|80.018:71.398|69.667:75.507|71.639:78.782|69.572:82.846|70.368:84.965|80.285:93.301|59.468:94.579|55.915:94.521|52.125:87.459|53.219:79.525|44.363:80.667|45.575:76.023|41.893:71.587|47.330:68.663|47.111:65.961|49.340:65.481|47.449:63.745|38.508:57.693|35.209:47.180|9.492:67.095|9.588:64.587|8.000:8.000,0-20-15-24-1-13-5-10-12-25-32-31-22-30-21-29-19-3-11-8-17-26-4-28-6-2-7-27-23-16-9-0,146.60977429384366
128,severe,sparse,NearestNeighbor,32,15,0.46875,0.472,0.0,False,29.5,62.5,1800.0890824118692,1794.1075900339838,-600.0890824118695,-680.0890824118695,True,89.60053938459495,False,True,0.0767483741860827,0.0049407696459569,2.0,True,1.0,8.000:8.000|15.904:18.843|13.239:20.719|24.749:28.363|29.528:22.529|32.559:38.741|25.426:44.594|11.136:38.133|11.569:67.079|14.815:68.290|29.767:83.507|38.675:75.473|50.828:82.297|49.333:86.835|54.342:78.087|68.913:66.577|8.000:8.000,0-3-2-22-1-28-25-24-29-5-15-16-13-9-26-21-0,0.0014548217877745
128,severe,sparse,ValuePerDistance,32,15,0.46875,0.552,0.0,False,34.5,62.5,1851.647887279491,1806.7753382048377,-651.6478872794913,-731.6478872794913,True,88.36299470244161,False,True,0.0405412625828338,0.0025542143152171,2.0,True,1.0,8.000:8.000|13.239:20.719|15.904:18.843|11.136:38.133|11.569:67.079|14.815:68.290|38.675:75.473|50.828:82.297|54.342:78.087|49.333:86.835|66.015:91.394|73.913:67.390|68.913:66.577|65.365:59.688|73.936:48.218|69.540:47.169|8.000:8.000,0-2-3-24-29-5-16-13-26-9-18-8-21-23-27-32-0,0.0011024761479347
128,severe,sparse,WindAwareGreedy,32,13,0.40625,0.512,0.0,False,32.0,62.5,1596.6063445650934,1591.9575031874135,-396.6063445650934,-476.6063445650934,True,84.74353692445348,False,True,0.0059284982098167,0.0004239035537412,2.8284271247461903,True,1.0,8.000:8.000|13.239:20.719|15.904:18.843|11.136:38.133|44.913:42.037|60.607:38.911|73.936:48.218|69.540:47.169|65.365:59.688|73.913:67.390|66.015:91.394|54.342:78.087|50.828:82.297|49.333:86.835|8.000:8.000,0-2-3-24-30-31-27-32-23-8-18-26-13-9-0,0.001169507857412
128,severe,sparse,ReserveOnlyPlanner,32,9,0.28125,0.272,0.272,True,17.0,62.5,1083.4084752766043,1178.8517088913015,116.59152472339564,36.59152472339565,False,52.11636577823465,True,False,0.1280716621216449,0.0132886937638545,2.0,False,1.0,8.000:8.000|13.239:20.719|15.904:18.843|29.528:22.529|59.723:13.067|66.959:21.477|66.974:26.925|60.607:38.911|55.871:33.224|41.400:31.099|8.000:8.000,0-2-3-1-11-14-7-31-12-4-0,0.0009545711800456
128,severe,sparse,FairRiskAwareGreedy,32,14,0.4375,0.52,0.52,True,32.5,62.5,1063.128494638133,1127.260876236459,136.87150536186698,56.87150536186698,False,95.32246054341157,True,False,0.0111063722627993,0.0007426515741685,2.8284271247461903,False,1.0,8.000:8.000|13.239:20.719|15.904:18.843|11.136:38.133|11.569:67.079|14.815:68.290|38.675:75.473|50.828:82.297|49.333:86.835|69.540:47.169|60.607:38.911|73.936:48.218|66.974:26.925|59.723:13.067|81.658:12.632|8.000:8.000,0-2-3-24-29-5-16-13-9-32-31-27-7-11-17-0,0.0014110850170254
128,severe,sparse,FairALNSPlanner,32,17,0.53125,0.624,0.624,True,39.0,62.5,1015.5091827155204,1205.0713801091592,184.49081728447996,104.49081728447992,False,98.18743867403656,True,False,0.0113896766865636,0.0006348873191746,2.8284271247461903,False,1.0,8.000:8.000|15.904:18.843|13.239:20.719|11.136:38.133|11.569:67.079|14.815:68.290|38.675:75.473|54.342:78.087|66.015:91.394|49.333:86.835|50.828:82.297|73.913:67.390|65.365:59.688|69.540:47.169|73.936:48.218|66.974:26.925|60.607:38.911|55.871:33.224|8.000:8.000,0-3-2-24-29-5-16-26-18-9-13-8-23-32-27-7-31-12-0,8.108540521003306
128,severe,sparse,RAWA-RHP,32,22,0.6875,0.76,0.76,True,47.5,62.5,1043.3543401387449,1250.904531317112,156.64565986125504,76.64565986125504,False,109.98996599489948,True,False,0.0365213530017847,0.001607145313377,2.8284271247461903,False,1.0,8.000:8.000|15.904:18.843|24.749:28.363|32.559:38.741|44.913:42.037|55.871:33.224|60.607:38.911|69.540:47.169|73.936:48.218|84.296:56.529|73.913:67.390|68.913:66.577|65.365:59.688|66.015:91.394|49.333:86.835|50.828:82.297|54.342:78.087|38.675:75.473|14.815:68.290|11.569:67.079|25.426:44.594|11.136:38.133|13.239:20.719|8.000:8.000,0-3-22-28-30-12-31-32-27-19-8-21-23-18-9-13-26-16-5-29-25-24-2-0,34.038311363896355
128,calm,sparse,NearestNeighbor,32,32,1.0,1.0,0.0,False,66.0,66.0,1256.828668663164,1257.8864365547208,-56.82866866316394,-136.82866866316394,True,155.68583639645803,False,True,0.0198215103107807,0.0006055859051164,2.0,True,1.0,8.000:8.000|16.322:20.658|20.166:20.966|13.282:24.380|13.534:30.238|18.983:36.247|23.257:35.429|25.684:30.488|27.265:28.860|24.951:45.056|27.585:64.276|27.373:66.760|24.149:67.137|21.016:74.169|12.772:67.829|34.077:73.617|46.475:60.958|60.314:50.509|60.611:47.988|60.997:43.759|59.198:41.211|69.008:27.125|75.463:23.824|78.280:23.295|86.103:26.748|89.847:40.570|97.433:52.829|88.902:60.445|93.403:77.433|66.275:78.673|64.527:57.373|70.554:17.308|61.286:15.587|8.000:8.000,0-5-16-32-18-2-6-25-17-13-1-23-20-14-22-27-11-7-4-24-31-10-3-21-12-28-19-9-29-8-26-30-15-0,0.0021620781626552
128,calm,sparse,ValuePerDistance,32,30,0.9375,0.9696969696969696,0.0,False,64.0,66.0,1373.8824027886883,1375.213402047325,-173.8824027886882,-253.8824027886882,True,163.90939872563823,False,True,0.0158421988722108,0.0005140933821146,2.0,True,1.0,8.000:8.000|16.322:20.658|20.166:20.966|27.265:28.860|25.684:30.488|23.257:35.429|18.983:36.247|24.951:45.056|24.149:67.137|27.373:66.760|27.585:64.276|12.772:67.829|21.016:74.169|34.077:73.617|46.475:60.958|60.997:43.759|59.198:41.211|60.611:47.988|60.314:50.509|64.527:57.373|88.902:60.445|97.433:52.829|89.847:40.570|86.103:26.748|75.463:23.824|78.280:23.295|70.554:17.308|69.008:27.125|61.286:15.587|93.403:77.433|66.275:78.673|8.000:8.000,0-5-16-17-25-6-2-13-20-23-1-22-14-27-11-24-31-4-7-26-9-19-28-12-3-21-30-10-15-29-8-0,0.0016661679837852
128,calm,sparse,WindAwareGreedy,32,21,0.65625,0.7878787878787878,0.0,False,52.0,66.0,1405.9732196372192,1403.065046903041,-205.9732196372192,-285.9732196372192,True,151.42959052318906,False,True,0.0121916132423454,0.0005566685673069,2.0,True,1.0,8.000:8.000|16.322:20.658|23.257:35.429|27.265:28.860|59.198:41.211|60.997:43.759|46.475:60.958|12.772:67.829|24.149:67.137|34.077:73.617|27.585:64.276|27.373:66.760|24.951:45.056|75.463:23.824|60.611:47.988|64.527:57.373|60.314:50.509|86.103:26.748|89.847:40.570|97.433:52.829|88.902:60.445|93.403:77.433|8.000:8.000,0-5-6-17-31-24-11-22-20-27-1-23-13-3-4-26-7-12-28-19-9-29-0,0.0016043940559029
128,calm,sparse,ReserveOnlyPlanner,32,22,0.6875,0.7196969696969697,0.7196969696969697,True,47.5,66.0,1095.6196814702237,1130.6031030387933,104.38031852977628,24.38031852977629,False,126.23622640308524,True,False,0.0054320749048903,0.0002365856614156,2.0,False,1.0,8.000:8.000|16.322:20.658|23.257:35.429|27.265:28.860|25.684:30.488|24.951:45.056|46.475:60.958|60.997:43.759|59.198:41.211|60.611:47.988|64.527:57.373|60.314:50.509|75.463:23.824|86.103:26.748|78.280:23.295|70.554:17.308|61.286:15.587|69.008:27.125|89.847:40.570|97.433:52.829|88.902:60.445|20.166:20.966|13.282:24.380|8.000:8.000,0-5-6-17-25-13-11-24-31-4-26-7-3-12-21-30-15-10-28-19-9-16-32-0,0.0018180380575358
128,calm,sparse,FairRiskAwareGreedy,32,20,0.625,0.696969696969697,0.696969696969697,True,46.0,66.0,1079.9538969790517,1097.9192273295353,120.04610302094868,40.04610302094869,False,129.37671624986515,True,False,0.0181836670714568,0.0008722349325006,2.0,False,1.0,8.000:8.000|16.322:20.658|23.257:35.429|27.265:28.860|59.198:41.211|60.997:43.759|46.475:60.958|12.772:67.829|24.149:67.137|34.077:73.617|75.463:23.824|60.611:47.988|64.527:57.373|60.314:50.509|24.951:45.056|27.585:64.276|27.373:66.760|25.684:30.488|20.166:20.966|13.282:24.380|13.534:30.238|8.000:8.000,0-5-6-17-31-24-11-22-20-27-3-4-26-7-13-1-23-25-16-32-18-0,0.0030694669112563
128,calm,sparse,FairALNSPlanner,32,30,0.9375,0.9696969696969696,0.9696969696969696,True,64.0,66.0,1048.792208906054,1120.8485730627197,151.20779109394616,71.20779109394616,False,141.04168076336111,True,False,0.0131412612167444,0.0004261693043169,2.0,False,1.0,8.000:8.000|16.322:20.658|61.286:15.587|70.554:17.308|69.008:27.125|75.463:23.824|78.280:23.295|86.103:26.748|89.847:40.570|97.433:52.829|88.902:60.445|93.403:77.433|66.275:78.673|64.527:57.373|60.314:50.509|60.611:47.988|60.997:43.759|59.198:41.211|46.475:60.958|34.077:73.617|27.585:64.276|27.373:66.760|24.149:67.137|21.016:74.169|12.772:67.829|24.951:45.056|18.983:36.247|23.257:35.429|25.684:30.488|27.265:28.860|20.166:20.966|8.000:8.000,0-5-15-30-10-3-21-12-28-19-9-29-8-26-7-4-24-31-11-27-1-23-20-14-22-13-2-6-25-17-16-0,18.76902403589338
128,calm,sparse,RAWA-RHP,32,31,0.96875,0.9772727272727272,0.9772727272727272,True,64.5,66.0,1054.3106550525445,1136.9622349677322,145.68934494745574,65.68934494745574,False,143.3831245339055,True,False,0.0145168319140523,0.0004560688808663,2.0,False,1.0,8.000:8.000|16.322:20.658|13.282:24.380|13.534:30.238|18.983:36.247|23.257:35.429|24.951:45.056|12.772:67.829|21.016:74.169|24.149:67.137|27.373:66.760|27.585:64.276|34.077:73.617|46.475:60.958|64.527:57.373|60.314:50.509|60.611:47.988|60.997:43.759|59.198:41.211|88.902:60.445|93.403:77.433|97.433:52.829|89.847:40.570|86.103:26.748|78.280:23.295|75.463:23.824|69.008:27.125|70.554:17.308|61.286:15.587|27.265:28.860|25.684:30.488|20.166:20.966|8.000:8.000,0-5-32-18-2-6-13-22-14-20-23-1-27-11-26-7-4-24-31-9-29-19-28-12-21-3-10-30-15-17-25-16-0,49.25823361403309
128,severe,cluttered,NearestNeighbor,32,13,0.40625,0.3970588235294117,0.0,False,27.0,68.0,1496.0987064144972,1504.2648629310506,-296.0987064144972,-376.0987064144972,True,76.74809324569198,False,True,0.272971585562293,0.0218878768819197,2.0,True,1.0,8.000:8.000|27.770:22.226|32.394:28.571|37.089:14.054|57.974:9.315|68.162:14.185|71.410:13.186|77.731:11.535|66.480:22.327|63.301:35.071|70.251:38.073|54.766:42.271|53.028:51.607|38.527:59.212|8.000:8.000,0-19-9-24-21-20-27-1-26-10-12-2-18-11-0,0.0013043971266597
128,severe,cluttered,ValuePerDistance,32,13,0.40625,0.4485294117647059,0.0,False,30.5,68.0,1867.368429282425,1858.65906840192,-667.3684292824253,-747.3684292824253,True,92.78341477891718,False,True,0.2505141825912385,0.0198698389317364,2.0,True,1.0,8.000:8.000|32.394:28.571|27.770:22.226|37.089:14.054|57.974:9.315|71.410:13.186|77.731:11.535|66.480:22.327|70.251:38.073|63.301:35.071|53.028:51.607|64.168:73.378|59.819:75.946|76.988:72.635|8.000:8.000,0-9-19-24-21-27-1-26-12-10-18-30-7-31-0,0.0009525129571557
128,severe,cluttered,WindAwareGreedy,32,12,0.375,0.4485294117647059,0.0,False,30.5,68.0,1860.547248544531,1884.0190709019037,-660.5472485445308,-740.5472485445308,True,89.31349554143179,False,True,0.4186621004220815,0.0397112954631116,2.0,True,1.0,8.000:8.000|32.394:28.571|27.770:22.226|37.089:14.054|71.410:13.186|66.480:22.327|70.251:38.073|73.892:61.246|64.168:73.378|66.397:87.526|76.988:72.635|84.228:77.411|74.414:64.160|8.000:8.000,0-9-19-24-27-26-12-32-30-23-31-3-17-0,0.001104146009311
128,severe,cluttered,ReserveOnlyPlanner,32,5,0.15625,0.1911764705882352,0.1911764705882352,True,13.0,68.0,1044.318399564909,1097.1619858593458,155.6816004350909,75.6816004350909,False,41.98042076786346,True,False,0.1550889209776788,0.0269364723372455,2.0,False,1.0,8.000:8.000|37.089:14.054|71.410:13.186|77.731:11.535|66.480:22.327|57.974:9.315|8.000:8.000,0-24-27-1-26-21-0,0.0006297761574387
128,severe,cluttered,FairRiskAwareGreedy,32,1,0.03125,0.0441176470588235,0.0441176470588235,True,3.0,68.0,199.0722377437432,210.58661058976185,1000.9277622562568,920.9277622562568,False,15.262628083879603,True,False,0.0009810635688228,0.0004906521541796,4.0,False,1.0,8.000:8.000|32.394:28.571|8.000:8.000,0-9-0,0.0003207251429557
128,severe,cluttered,FairALNSPlanner,32,1,0.03125,0.0441176470588235,0.0441176470588235,True,3.0,68.0,198.76629017667,227.23407872261288,1001.2337098233302,921.2337098233302,False,15.262628083879603,True,False,0.0009810635688228,0.0004906521541796,4.0,False,1.0,8.000:8.000|32.394:28.571|8.000:8.000,0-9-0,0.0137020910624414
128,severe,cluttered,RAWA-RHP,32,20,0.625,0.6323529411764706,0.6323529411764706,True,43.0,68.0,1026.215254370001,1226.81343612562,173.78474562999887,93.78474562999888,False,105.07596054757796,True,False,0.0322566717845393,0.0015542938315341,2.8284271247461903,False,1.0,8.000:8.000|27.770:22.226|32.394:28.571|63.301:35.071|70.251:38.073|74.414:64.160|73.892:61.246|76.988:72.635|84.228:77.411|64.168:73.378|59.819:75.946|47.032:68.798|48.178:88.099|40.242:81.147|29.157:90.855|27.416:87.626|32.370:80.986|28.715:76.298|29.735:78.719|18.950:70.250|20.549:62.343|8.000:8.000,0-19-9-10-12-17-32-31-3-30-7-14-13-16-8-22-6-4-28-5-25-0,23.564208962023255
126,moderate,cluttered,NearestNeighbor,32,26,0.8125,0.8307692307692308,0.0,False,54.0,65.0,1448.1569415733045,1432.14891170456,-248.15694157330464,-328.1569415733046,True,134.2711868586218,False,True,0.0575233413404215,0.00217932805977,2.0,True,1.0,8.000:8.000|28.851:15.898|28.550:41.697|26.873:42.833|31.494:40.545|46.102:52.960|47.240:56.670|43.851:62.533|53.732:62.233|69.758:76.424|74.995:68.130|85.874:48.719|78.413:42.488|73.123:33.704|81.996:27.471|83.632:25.418|85.315:27.855|86.614:25.929|91.953:20.517|88.487:36.478|72.551:19.739|76.382:12.624|62.189:24.280|55.930:25.052|50.876:38.649|15.911:54.994|21.814:62.629|8.000:8.000,0-13-1-12-2-18-23-27-16-4-28-14-17-10-19-30-26-7-32-25-21-8-5-22-3-11-15-0,0.0019835729617625
126,moderate,cluttered,ValuePerDistance,32,24,0.75,0.8307692307692308,0.0,False,54.0,65.0,1528.568151580983,1533.98566150068,-328.5681515809831,-408.5681515809831,True,136.16428497131886,False,True,0.0876999169259168,0.0036381089777546,2.0,True,1.0,8.000:8.000|28.851:15.898|28.550:41.697|26.873:42.833|31.494:40.545|50.876:38.649|46.102:52.960|47.240:56.670|53.732:62.233|69.758:76.424|74.995:68.130|85.874:48.719|88.487:36.478|83.632:25.418|81.996:27.471|85.315:27.855|86.614:25.929|91.953:20.517|76.382:12.624|72.551:19.739|73.123:33.704|62.189:24.280|55.930:25.052|10.541:42.582|8.977:76.969|8.000:8.000,0-13-1-12-2-3-18-23-16-4-28-14-25-30-19-26-7-32-8-21-10-5-22-20-29-0,0.0015172380954027
126,moderate,cluttered,WindAwareGreedy,32,22,0.6875,0.7769230769230769,0.0,False,50.5,65.0,1572.46908566997,1568.5635999788742,-372.46908566997007,-452.46908566997007,True,137.05287886860063,False,True,0.0744740836615963,0.0033328247063315,2.0,True,1.0,8.000:8.000|28.851:15.898|28.550:41.697|26.873:42.833|31.494:40.545|50.876:38.649|53.732:62.233|69.758:76.424|74.995:68.130|73.123:33.704|83.632:25.418|88.487:36.478|81.996:27.471|86.614:25.929|91.953:20.517|76.382:12.624|62.189:24.280|55.930:25.052|46.102:52.960|47.240:56.670|32.073:76.587|8.977:76.969|21.628:86.367|8.000:8.000,0-13-1-12-2-3-16-4-28-10-30-25-19-7-32-8-5-22-18-23-9-29-31-0,0.001611040206626
126,moderate,cluttered,ReserveOnlyPlanner,32,15,0.46875,0.5076923076923077,0.5076923076923077,True,33.0,65.0,1057.115419096708,1136.6108182173805,142.88458090329215,62.884580903292175,False,96.89044192725774,True,False,0.0574625907696648,0.0036614288791477,2.0,False,1.0,8.000:8.000|28.851:15.898|28.550:41.697|26.873:42.833|31.494:40.545|50.876:38.649|53.732:62.233|69.758:76.424|74.995:68.130|46.102:52.960|47.240:56.670|32.073:76.587|8.977:76.969|21.628:86.367|21.814:62.629|10.541:42.582|8.000:8.000,0-13-1-12-2-3-16-4-28-18-23-9-29-31-15-20-0,0.0013809809461236
126,moderate,cluttered,FairRiskAwareGreedy,32,15,0.46875,0.5538461538461539,0.5538461538461539,True,36.0,65.0,1093.3661456193483,1135.3888288805126,106.6338543806515,26.6338543806515,False,122.19115572580802,True,False,0.0170209820707443,0.001071057226202,2.0,False,1.0,8.000:8.000|28.550:41.697|28.851:15.898|50.876:38.649|69.758:76.424|73.123:33.704|88.487:36.478|76.382:12.624|62.189:24.280|55.930:25.052|53.732:62.233|46.102:52.960|31.494:40.545|26.873:42.833|8.977:76.969|10.541:42.582|8.000:8.000,0-1-13-3-4-10-25-8-5-22-16-18-2-12-29-20-0,0.0018664970993995
126,moderate,cluttered,FairALNSPlanner,32,22,0.6875,0.7461538461538462,0.7461538461538462,True,48.5,65.0,1042.2982349732224,1175.849387221485,157.70176502677765,77.70176502677765,False,129.35414098670373,True,False,0.0514421067155194,0.0022810733843043,2.0,False,1.0,8.000:8.000|10.541:42.582|8.977:76.969|32.073:76.587|43.851:62.533|50.876:38.649|46.102:52.960|47.240:56.670|62.189:24.280|73.123:33.704|88.487:36.478|81.996:27.471|83.632:25.418|85.315:27.855|86.614:25.929|78.413:42.488|74.995:68.130|69.758:76.424|53.732:62.233|31.494:40.545|28.550:41.697|26.873:42.833|28.851:15.898|8.000:8.000,0-20-29-9-27-3-18-23-5-10-25-19-30-26-7-17-28-4-16-2-1-12-13-0,12.5000507151708
126,moderate,cluttered,RAWA-RHP,32,27,0.84375,0.8923076923076924,0.8923076923076924,True,58.0,65.0,1051.5283507497816,1220.791810639209,148.47164925021838,68.47164925021838,False,137.21148610364014,True,False,0.0675371610919421,0.0024819691049688,2.0,False,1.0,8.000:8.000|28.851:15.898|50.876:38.649|55.930:25.052|62.189:24.280|76.382:12.624|72.551:19.739|73.123:33.704|81.996:27.471|83.632:25.418|85.315:27.855|86.614:25.929|88.487:36.478|78.413:42.488|85.874:48.719|74.995:68.130|69.758:76.424|53.732:62.233|47.240:56.670|46.102:52.960|31.494:40.545|28.550:41.697|26.873:42.833|21.814:62.629|32.073:76.587|21.628:86.367|8.977:76.969|10.541:42.582|8.000:8.000,0-13-3-22-5-8-21-10-19-30-26-7-25-17-14-28-4-16-23-18-2-1-12-15-9-31-29-20-0,113.36559597705492
127,moderate,cluttered,NearestNeighbor,32,21,0.65625,0.672,0.0,False,42.0,62.5,1611.0796841515198,1613.396809433421,-411.0796841515196,-491.0796841515196,True,122.10702599371396,False,True,0.1379446664039626,0.006613536861324,2.0,True,1.0,8.000:8.000|31.798:16.730|41.944:37.450|51.765:46.413|51.170:49.334|46.973:51.826|44.577:57.108|39.209:70.189|34.374:76.439|31.948:67.972|26.477:59.875|18.293:48.709|21.461:38.201|24.356:39.216|12.360:60.860|23.443:75.571|47.834:75.614|65.766:75.966|71.345:73.170|71.372:69.247|75.927:62.033|90.466:66.927|8.000:8.000,0-5-6-25-29-7-31-27-2-32-21-30-13-28-20-15-4-1-19-3-18-12-0,0.0018113618716597
127,moderate,cluttered,ValuePerDistance,32,25,0.78125,0.856,0.0,False,53.5,62.5,1594.8364948512728,1597.770104034346,-394.8364948512727,-474.8364948512727,True,127.15555866456864,False,True,0.1140541478022613,0.0045612769035234,2.0,True,1.0,8.000:8.000|21.461:38.201|24.356:39.216|18.293:48.709|26.477:59.875|31.948:67.972|34.374:76.439|47.834:75.614|65.766:75.966|71.372:69.247|71.345:73.170|75.927:62.033|90.466:66.927|82.400:48.577|80.328:50.934|77.632:45.158|78.126:40.703|86.429:36.631|82.320:30.614|71.594:29.271|65.726:30.779|51.170:49.334|46.973:51.826|44.577:57.108|39.209:70.189|23.443:75.571|8.000:8.000,0-13-28-30-21-32-2-4-1-3-19-18-12-10-16-9-17-14-23-26-22-29-7-31-27-15-0,0.0016100199427455
127,moderate,cluttered,WindAwareGreedy,32,15,0.46875,0.56,0.0,False,35.0,62.5,1537.3208091299614,1549.999682217856,-337.3208091299616,-417.3208091299616,True,106.94292418246312,False,True,0.1243967368405457,0.0081275452978835,2.0,True,1.0,8.000:8.000|21.461:38.201|18.293:48.709|26.477:59.875|23.443:75.571|34.374:76.439|47.834:75.614|65.766:75.966|51.170:49.334|46.973:51.826|44.577:57.108|24.356:39.216|41.944:37.450|71.594:29.271|86.429:36.631|77.632:45.158|8.000:8.000,0-13-30-21-15-2-4-1-29-7-31-28-6-26-14-9-0,0.0012899320572614
127,moderate,cluttered,ReserveOnlyPlanner,32,13,0.40625,0.488,0.488,True,30.5,62.5,1084.6232913255972,1177.7550575697965,115.37670867440286,35.37670867440286,False,79.98920545827679,True,False,0.0982502459604343,0.0072200571753854,2.0,False,1.0,8.000:8.000|21.461:38.201|18.293:48.709|26.477:59.875|23.443:75.571|34.374:76.439|47.834:75.614|65.766:75.966|71.372:69.247|75.927:62.033|51.170:49.334|46.973:51.826|44.577:57.108|24.356:39.216|8.000:8.000,0-13-30-21-15-2-4-1-3-18-29-7-31-28-0,0.0012284989934414
127,moderate,cluttered,FairRiskAwareGreedy,32,12,0.375,0.48,0.48,True,30.0,62.5,1096.7991183746692,1120.0418905828255,103.20088162533074,23.200881625330737,False,105.83602504619424,True,False,0.0092776718385945,0.0007160348020462,2.8284271247461903,False,1.0,8.000:8.000|21.461:38.201|18.293:48.709|24.356:39.216|46.973:51.826|71.594:29.271|86.429:36.631|82.320:30.614|75.927:62.033|90.466:66.927|44.577:57.108|82.400:48.577|71.372:69.247|8.000:8.000,0-13-30-28-7-26-14-23-18-12-31-10-3-0,0.0014837838243693
127,moderate,cluttered,FairALNSPlanner,32,24,0.75,0.832,0.832,True,52.0,62.5,1057.741937942818,1206.8127028511071,142.25806205718223,62.25806205718223,False,122.83504712886598,True,False,0.0248223783241638,0.0009981245212224,2.0,False,1.0,8.000:8.000|18.293:48.709|21.461:38.201|24.356:39.216|44.577:57.108|46.973:51.826|51.170:49.334|31.948:67.972|26.477:59.875|34.374:76.439|47.834:75.614|65.766:75.966|71.345:73.170|71.372:69.247|75.927:62.033|90.466:66.927|82.400:48.577|77.632:45.158|78.126:40.703|86.876:42.321|86.429:36.631|82.320:30.614|71.594:29.271|65.726:30.779|41.944:37.450|8.000:8.000,0-30-13-28-31-7-29-32-21-2-4-1-19-3-18-12-10-9-17-11-14-23-26-22-6-0,12.501913753105327
127,moderate,cluttered,RAWA-RHP,32,26,0.8125,0.872,0.872,True,54.5,62.5,1062.18719119074,1209.342188382988,137.8128088092605,57.8128088092605,False,126.77810899809158,True,False,0.0484481513450424,0.0018209454973466,2.0,False,1.0,8.000:8.000|18.293:48.709|21.461:38.201|24.356:39.216|26.477:59.875|23.443:75.571|31.948:67.972|34.374:76.439|47.834:75.614|65.766:75.966|71.345:73.170|71.372:69.247|75.927:62.033|90.466:66.927|80.328:50.934|82.400:48.577|77.632:45.158|78.126:40.703|86.429:36.631|82.320:30.614|71.594:29.271|65.726:30.779|51.765:46.413|51.170:49.334|46.973:51.826|44.577:57.108|31.798:16.730|8.000:8.000,0-30-13-28-21-15-32-2-4-1-19-3-18-12-16-10-9-17-14-23-26-22-25-29-7-31-5-0,92.9416710450314
127,calm,cluttered,NearestNeighbor,32,29,0.90625,0.9291338582677166,0.0,False,59.0,63.5,1354.5195165327823,1362.3919969756785,-154.51951653278212,-234.5195165327821,True,160.66020424059812,False,True,0.0246640932805208,0.00082950388018,2.0,True,1.0,8.000:8.000|14.154:19.695|23.971:37.884|21.257:45.859|37.850:49.167|37.750:67.417|34.639:69.869|38.125:72.017|44.197:81.535|42.834:84.027|39.476:83.519|23.033:76.966|27.650:65.298|59.567:64.780|62.044:63.281|66.312:52.078|62.040:43.705|59.251:43.376|59.284:35.958|60.535:32.894|65.648:40.247|50.260:32.344|39.896:21.503|39.452:18.721|46.655:13.168|28.804:18.555|67.631:18.210|83.895:30.878|94.011:35.655|85.234:61.432|8.000:8.000,0-26-2-14-28-12-27-8-21-16-29-11-15-4-20-10-32-3-22-6-23-9-25-19-31-17-5-7-1-30-0,0.0020823460072278
127,calm,cluttered,ValuePerDistance,32,27,0.84375,0.8976377952755905,0.0,False,57.0,63.5,1354.1947824516117,1357.2063378000462,-154.19478245161167,-234.19478245161167,True,158.41219659428086,False,True,0.0274686213124374,0.0009922057837477,2.0,True,1.0,8.000:8.000|14.154:19.695|46.655:13.168|39.452:18.721|39.896:21.503|59.284:35.958|60.535:32.894|62.040:43.705|59.251:43.376|65.648:40.247|66.312:52.078|59.567:64.780|62.044:63.281|44.197:81.535|42.834:84.027|39.476:83.519|38.125:72.017|37.750:67.417|34.639:69.869|23.033:76.966|27.650:65.298|37.850:49.167|21.257:45.859|23.971:37.884|67.631:18.210|83.895:30.878|94.011:35.655|85.234:61.432|8.000:8.000,0-26-31-19-25-22-6-32-3-23-10-4-20-21-16-29-8-12-27-11-15-28-14-2-5-7-1-30-0,0.0015854428056627
127,calm,cluttered,WindAwareGreedy,32,21,0.65625,0.7716535433070866,0.0,False,49.0,63.5,1418.126332809412,1400.3140773390603,-218.12633280941208,-298.1263328094121,True,151.1249019108688,False,True,0.0475315667972958,0.0021999477540855,2.0,True,1.0,8.000:8.000|46.655:13.168|39.452:18.721|62.040:43.705|65.648:40.247|59.284:35.958|83.895:30.878|67.631:18.210|59.567:64.780|44.197:81.535|23.033:76.966|38.125:72.017|37.750:67.417|39.476:83.519|42.834:84.027|62.044:63.281|66.312:52.078|59.251:43.376|85.234:61.432|79.345:74.583|79.847:83.325|84.312:77.742|8.000:8.000,0-31-19-32-23-22-7-5-4-21-11-8-12-29-16-20-10-3-30-18-24-13-0,0.0015841389540582
127,calm,cluttered,ReserveOnlyPlanner,32,20,0.625,0.6929133858267716,0.6929133858267716,True,44.0,63.5,1095.1563516858598,1133.060545711135,104.84364831414032,24.84364831414031,False,125.12648318183724,True,False,0.0178747798935934,0.0008564630235307,2.0,False,1.0,8.000:8.000|14.154:19.695|46.655:13.168|39.452:18.721|67.631:18.210|83.895:30.878|62.040:43.705|65.648:40.247|59.284:35.958|59.251:43.376|59.567:64.780|44.197:81.535|23.033:76.966|38.125:72.017|37.750:67.417|27.650:65.298|21.257:45.859|23.971:37.884|28.804:18.555|39.896:21.503|37.850:49.167|8.000:8.000,0-26-31-19-5-7-32-23-22-3-4-21-11-8-12-15-14-2-17-25-28-0,0.0017036818899214
127,calm,cluttered,FairRiskAwareGreedy,32,14,0.4375,0.5590551181102362,0.5590551181102362,True,35.5,63.5,1069.2624183775877,1093.5495011002015,130.73758162241228,50.73758162241228,False,118.86383636084469,True,False,0.0100920686613616,0.0006753075967964,2.0,False,1.0,8.000:8.000|46.655:13.168|62.040:43.705|65.648:40.247|83.895:30.878|67.631:18.210|59.284:35.958|44.197:81.535|23.033:76.966|59.567:64.780|38.125:72.017|37.750:67.417|14.154:19.695|39.452:18.721|23.971:37.884|8.000:8.000,0-31-32-23-7-5-22-21-11-4-8-12-26-19-2-0,0.0024006511084735
127,calm,cluttered,FairALNSPlanner,32,27,0.84375,0.905511811023622,0.905511811023622,True,57.5,63.5,1057.3000343938506,1127.841651437245,142.69996560614905,62.69996560614905,False,137.5327024057787,True,False,0.0338618136636594,0.0012254868518932,2.0,False,1.0,8.000:8.000|28.804:18.555|50.260:32.344|60.535:32.894|59.284:35.958|59.251:43.376|62.040:43.705|65.648:40.247|66.312:52.078|62.044:63.281|59.567:64.780|27.650:65.298|37.750:67.417|38.125:72.017|23.033:76.966|39.476:83.519|42.834:84.027|44.197:81.535|79.847:83.325|79.345:74.583|85.234:61.432|83.895:30.878|67.631:18.210|46.655:13.168|39.452:18.721|39.896:21.503|23.971:37.884|14.154:19.695|8.000:8.000,0-17-9-6-22-3-32-23-10-20-4-15-12-8-11-29-16-21-24-18-30-7-5-31-19-25-2-26-0,17.136346822138876
127,calm,cluttered,RAWA-RHP,32,28,0.875,0.937007874015748,0.937007874015748,True,59.5,63.5,1064.229957038951,1140.9304704241138,135.77004296104928,55.770042961049285,False,139.4585016691239,True,False,0.0201931855206458,0.0007020242487363,2.0,False,1.0,8.000:8.000|39.452:18.721|46.655:13.168|67.631:18.210|83.895:30.878|60.535:32.894|59.284:35.958|59.251:43.376|62.040:43.705|65.648:40.247|66.312:52.078|85.234:61.432|79.847:83.325|84.312:77.742|79.345:74.583|62.044:63.281|59.567:64.780|44.197:81.535|42.834:84.027|39.476:83.519|23.033:76.966|38.125:72.017|34.639:69.869|37.750:67.417|27.650:65.298|37.850:49.167|21.257:45.859|23.971:37.884|14.154:19.695|8.000:8.000,0-19-31-5-7-6-22-3-32-23-10-30-24-13-18-20-4-21-16-29-11-8-27-12-15-28-14-2-26-0,114.41356380400248
129,severe,sparse,NearestNeighbor,32,6,0.1875,0.203125,0.0,False,13.0,64.0,1372.10806318754,1347.7055789391995,-172.1080631875398,-252.1080631875398,True,53.20284162069103,False,True,0.0,0.0,7.0,True,1.0,8.000:8.000|34.408:15.448|32.830:30.095|24.900:41.265|18.493:53.011|13.730:75.163|14.077:93.781|8.000:8.000,0-26-24-11-25-13-19-0,0.000791187165305
129,severe,sparse,ValuePerDistance,32,11,0.34375,0.3671875,0.0,False,23.5,64.0,1331.8183738097696,1366.3519521739274,-131.81837380976964,-211.81837380976964,True,63.32154702075197,False,True,0.1681453664765475,0.0146408747900411,2.0,True,1.0,8.000:8.000|34.408:15.448|50.232:29.616|49.189:32.561|56.176:35.048|59.666:38.344|57.399:40.968|56.348:43.155|66.682:41.984|81.865:47.381|77.987:49.635|78.653:56.842|8.000:8.000,0-26-31-12-21-17-10-7-22-5-32-15-0,0.0009428700432181
129,severe,sparse,WindAwareGreedy,32,10,0.3125,0.3203125,0.0,False,20.5,64.0,1349.5736069799289,1330.425729261994,-149.5736069799288,-229.5736069799288,True,60.17040118659737,False,True,0.1732211057732999,0.0165459147759218,2.0,True,1.0,8.000:8.000|34.408:15.448|32.830:30.095|50.232:29.616|56.437:17.112|49.189:32.561|56.176:35.048|66.682:41.984|59.666:38.344|57.399:40.968|56.348:43.155|8.000:8.000,0-26-24-31-14-12-21-22-17-10-7-0,0.0009261858649551
129,severe,sparse,ReserveOnlyPlanner,32,5,0.15625,0.15625,0.15625,True,10.0,64.0,1087.6316137207923,1134.6905991482363,112.3683862792074,32.3683862792074,False,42.93880170264072,True,False,0.0003858891430166,6.431485716943779e-05,4.0,False,1.0,8.000:8.000|34.408:15.448|32.830:30.095|24.900:41.265|18.493:53.011|49.189:32.561|8.000:8.000,0-26-24-11-25-12-0,0.0006020560394972
129,severe,sparse,FairRiskAwareGreedy,32,10,0.3125,0.3828125,0.3828125,True,24.5,64.0,1058.658450201838,1105.2995887757336,141.34154979816216,61.34154979816216,False,86.42351539016047,True,False,0.0002815911129654,2.56004716392018e-05,2.8284271247461903,False,1.0,8.000:8.000|50.232:29.616|66.682:41.984|81.865:47.381|56.437:17.112|34.408:15.448|32.830:30.095|24.900:41.265|18.493:53.011|13.730:75.163|14.077:93.781|8.000:8.000,0-31-22-5-14-26-24-11-25-13-19-0,0.0016040869522839
129,severe,sparse,FairALNSPlanner,32,15,0.46875,0.5390625,0.5390625,True,34.5,64.0,1048.8974945225857,1198.4455151990996,151.1025054774143,71.1025054774143,False,94.76563113187224,True,False,0.0023299141456711,0.0001456665985758,2.8284271247461903,False,1.0,8.000:8.000|34.408:15.448|56.437:17.112|76.936:15.992|81.891:28.486|90.098:58.230|81.865:47.381|66.682:41.984|59.666:38.344|56.176:35.048|50.232:29.616|49.189:32.561|32.830:30.095|24.900:41.265|18.493:53.011|13.730:75.163|8.000:8.000,0-26-14-23-30-8-5-22-17-21-31-12-24-11-25-13-0,6.935790590941906
129,severe,sparse,RAWA-RHP,32,22,0.6875,0.7109375,0.7109375,True,45.5,64.0,1040.2358108610988,1229.914260850534,159.76418913890137,79.76418913890137,False,107.22306299321912,True,False,0.0657349585051114,0.0028985092419079,2.0,False,1.0,8.000:8.000|34.408:15.448|56.437:17.112|76.936:15.992|81.891:28.486|81.865:47.381|77.987:49.635|92.576:56.032|90.098:58.230|77.014:71.221|78.653:56.842|71.779:60.071|68.268:61.354|61.422:68.074|56.348:43.155|57.399:40.968|66.682:41.984|59.666:38.344|56.176:35.048|50.232:29.616|52.534:27.471|49.189:32.561|32.830:30.095|8.000:8.000,0-26-14-23-30-5-32-9-8-6-15-27-3-4-7-10-22-17-21-31-28-12-24-0,15.66186359594576
129,calm,sparse,NearestNeighbor,32,32,1.0,1.0,0.0,False,63.5,63.5,1380.7083029746734,1382.8560745842958,-180.70830297467384,-260.70830297467387,True,168.78359407113217,False,True,0.0134817830086786,0.0004106097738473,2.0,True,1.0,8.000:8.000|24.381:26.778|29.202:24.936|30.130:27.157|37.502:21.845|36.477:19.060|19.862:47.439|28.151:52.506|19.591:60.231|17.113:58.639|34.862:77.190|45.231:84.951|49.490:95.179|53.168:75.030|57.598:67.695|58.972:65.667|57.578:63.543|62.327:76.602|69.954:63.909|76.850:62.016|83.022:63.485|87.504:62.500|93.101:56.337|84.319:44.467|87.659:39.184|93.098:35.948|92.343:31.267|73.247:30.965|75.003:35.560|77.341:52.204|79.710:82.469|77.272:84.249|20.007:84.154|8.000:8.000,0-21-24-10-15-5-20-19-18-9-25-3-7-8-29-17-28-12-16-14-27-4-31-2-23-22-1-32-11-30-6-26-13-0,0.0022024081554263
129,calm,sparse,ValuePerDistance,32,30,0.9375,0.9606299212598424,0.0,False,61.0,63.5,1290.8014705763012,1296.8760573426775,-90.80147057630144,-170.80147057630143,True,159.277053955838,False,True,0.0069322093066124,0.0002241653865201,2.0,True,1.0,8.000:8.000|30.130:27.157|29.202:24.936|24.381:26.778|37.502:21.845|36.477:19.060|75.003:35.560|73.247:30.965|92.343:31.267|93.098:35.948|87.659:39.184|84.319:44.467|77.341:52.204|76.850:62.016|83.022:63.485|87.504:62.500|93.101:56.337|69.954:63.909|57.578:63.543|58.972:65.667|57.598:67.695|53.168:75.030|62.327:76.602|45.231:84.951|49.490:95.179|20.007:84.154|19.591:60.231|17.113:58.639|28.151:52.506|19.862:47.439|34.862:77.190|8.000:8.000,0-10-24-21-15-5-11-32-1-22-23-2-30-14-27-4-31-16-28-17-29-8-12-3-7-13-18-9-19-20-25-0,0.0017515418585389
129,calm,sparse,WindAwareGreedy,32,22,0.6875,0.7716535433070866,0.0,False,49.0,63.5,1272.5380531472538,1269.19746123019,-72.53805314725383,-152.53805314725383,True,144.10389907053982,False,True,0.0084282617094822,0.0003673663371187,2.0,True,1.0,8.000:8.000|30.130:27.157|19.591:60.231|20.007:84.154|53.168:75.030|75.003:35.560|77.341:52.204|87.504:62.500|93.101:56.337|92.343:31.267|84.319:44.467|73.247:30.965|69.954:63.909|76.850:62.016|83.022:63.485|57.578:63.543|57.598:67.695|58.972:65.667|28.151:52.506|19.862:47.439|17.113:58.639|24.381:26.778|29.202:24.936|8.000:8.000,0-10-18-13-8-11-30-4-31-1-2-32-16-14-27-28-29-17-19-20-9-21-24-0,0.0016910859849303
129,calm,sparse,ReserveOnlyPlanner,32,21,0.65625,0.7322834645669292,0.7322834645669292,True,46.5,63.5,1115.2912857379426,1146.6709785792698,84.70871426205727,4.708714262057271,False,128.9129301579437,True,False,0.0064984468175177,0.0002958476053649,2.0,False,1.0,8.000:8.000|30.130:27.157|19.591:60.231|17.113:58.639|20.007:84.154|53.168:75.030|57.598:67.695|57.578:63.543|75.003:35.560|73.247:30.965|92.343:31.267|93.101:56.337|87.504:62.500|77.341:52.204|76.850:62.016|69.954:63.909|83.022:63.485|84.319:44.467|87.659:39.184|93.098:35.948|37.502:21.845|24.381:26.778|8.000:8.000,0-10-18-9-13-8-29-28-11-32-1-31-4-30-14-16-27-2-23-22-15-21-0,0.0017796030733734
129,calm,sparse,FairRiskAwareGreedy,32,17,0.53125,0.5984251968503937,0.5984251968503937,True,38.0,63.5,1069.5053162184568,1093.5152975532187,130.49468378154313,50.49468378154313,False,124.12257258006376,True,False,0.0059948772425141,0.0003335416714399,2.0,False,1.0,8.000:8.000|30.130:27.157|19.591:60.231|20.007:84.154|53.168:75.030|75.003:35.560|77.341:52.204|87.504:62.500|93.101:56.337|92.343:31.267|73.247:30.965|19.862:47.439|28.151:52.506|17.113:58.639|24.381:26.778|37.502:21.845|36.477:19.060|29.202:24.936|8.000:8.000,0-10-18-13-8-11-30-4-31-1-32-20-19-9-21-15-5-24-0,0.0028289509937167
129,calm,sparse,FairALNSPlanner,32,27,0.84375,0.8976377952755905,0.8976377952755905,True,57.0,63.5,1060.3703636676862,1131.066546713264,139.62963633231408,59.62963633231408,False,137.98191071735283,True,False,0.0049790515975104,0.0001781263002407,2.0,False,1.0,8.000:8.000|24.381:26.778|29.202:24.936|30.130:27.157|37.502:21.845|19.862:47.439|28.151:52.506|73.247:30.965|75.003:35.560|77.341:52.204|84.319:44.467|87.659:39.184|92.343:31.267|93.098:35.948|93.101:56.337|87.504:62.500|83.022:63.485|76.850:62.016|69.954:63.909|57.578:63.543|58.972:65.667|57.598:67.695|53.168:75.030|45.231:84.951|49.490:95.179|20.007:84.154|19.591:60.231|17.113:58.639|8.000:8.000,0-21-24-10-15-20-19-32-11-30-2-23-1-22-31-4-27-14-16-28-17-29-8-3-7-13-18-9-0,17.02422697795555
129,calm,sparse,RAWA-RHP,32,29,0.90625,0.937007874015748,0.937007874015748,True,59.5,63.5,1066.19307941839,1153.4702331338522,133.80692058160992,53.80692058160992,False,140.49347844667997,True,False,0.0042551982705121,0.0001420196598293,2.0,False,1.0,8.000:8.000|24.381:26.778|29.202:24.936|30.130:27.157|37.502:21.845|19.862:47.439|28.151:52.506|17.113:58.639|19.591:60.231|20.007:84.154|34.862:77.190|49.490:95.179|45.231:84.951|53.168:75.030|57.598:67.695|58.972:65.667|57.578:63.543|69.954:63.909|76.850:62.016|83.022:63.485|87.504:62.500|93.101:56.337|92.343:31.267|93.098:35.948|87.659:39.184|84.319:44.467|77.341:52.204|75.003:35.560|73.247:30.965|36.477:19.060|8.000:8.000,0-21-24-10-15-20-19-9-18-13-25-7-3-8-29-17-28-16-14-27-4-31-1-22-23-2-30-11-32-5-0,39.580036188010126
129,severe,cluttered,NearestNeighbor,32,10,0.3125,0.2936507936507936,0.0,False,18.5,63.0,1331.555503438119,1306.7684397107064,-131.55550343811913,-211.55550343811916,True,60.73883047553318,False,True,0.2153648647520284,0.0210813530903795,2.0,True,1.0,8.000:8.000|42.293:14.540|38.636:37.375|40.754:37.236|50.448:35.676|55.594:32.906|65.717:35.466|69.496:26.530|67.361:25.676|81.504:18.225|83.351:19.567|8.000:8.000,0-5-29-31-7-13-23-28-8-1-30-0,0.0011178550776094
129,severe,cluttered,ValuePerDistance,32,8,0.25,0.3174603174603174,0.0,False,20.0,63.0,1286.697966489512,1320.266246848616,-86.69796648951203,-166.69796648951203,True,55.64117865073781,False,True,0.1275996957887538,0.0144957854317263,2.0,True,1.0,8.000:8.000|40.754:37.236|38.636:37.375|50.448:35.676|65.717:35.466|56.454:55.322|56.635:52.041|61.133:53.006|44.129:53.963|8.000:8.000,0-31-29-7-23-15-9-20-11-0,0.0007633210625499
129,severe,cluttered,WindAwareGreedy,32,7,0.21875,0.2539682539682539,0.0,False,16.0,63.0,1279.469511640068,1289.573488386426,-79.46951164006842,-159.46951164006842,True,53.78790694592775,False,True,0.1992064609134057,0.0262682459028645,2.0,True,1.0,8.000:8.000|42.293:14.540|40.754:37.236|38.636:37.375|27.016:44.252|14.942:59.949|18.467:51.283|10.935:71.270|8.000:8.000,0-5-31-29-18-3-32-14-0,0.0007941408548504
129,severe,cluttered,ReserveOnlyPlanner,32,6,0.1875,0.2222222222222222,0.2222222222222222,True,14.0,63.0,998.9746796144044,1082.9243960147423,201.02532038559545,121.02532038559544,False,43.22098692237279,True,False,0.1595894274280354,0.0236120581548414,2.0,False,1.0,8.000:8.000|42.293:14.540|40.754:37.236|38.636:37.375|27.016:44.252|18.467:51.283|14.942:59.949|8.000:8.000,0-5-31-29-18-32-3-0,0.0006877130363136
129,severe,cluttered,FairRiskAwareGreedy,32,8,0.25,0.2857142857142857,0.2857142857142857,True,18.0,63.0,1082.0472512511028,1119.5010280166243,117.95274874889712,37.95274874889711,False,82.34836722796942,True,False,0.0012950561424325,0.0001439009875395,2.8284271247461903,False,1.0,8.000:8.000|14.942:59.949|18.467:51.283|10.935:71.270|15.924:78.562|48.423:67.364|44.129:53.963|27.016:44.252|66.505:79.409|8.000:8.000,0-3-32-14-12-22-11-18-16-0,0.000942334998399
129,severe,cluttered,FairALNSPlanner,32,17,0.53125,0.626984126984127,0.626984126984127,True,39.5,63.0,987.377293776054,1133.87625015212,212.62270622394607,132.62270622394612,False,92.84067700450674,True,False,0.0129188067578309,0.000718845945478,2.8284271247461903,False,1.0,8.000:8.000|18.467:51.283|14.942:59.949|10.935:71.270|15.924:78.562|35.686:77.401|48.423:67.364|71.084:70.368|73.975:61.085|75.705:64.571|61.133:53.006|56.454:55.322|56.635:52.041|44.129:53.963|50.448:35.676|40.754:37.236|38.636:37.375|27.016:44.252|8.000:8.000,0-32-3-14-12-6-22-27-25-19-20-15-9-11-7-31-29-18-0,6.477574388962239
129,severe,cluttered,RAWA-RHP,32,17,0.53125,0.5793650793650794,0.5793650793650794,True,36.5,63.0,1059.6403945572142,1190.1338380746072,140.35960544278558,60.35960544278558,False,95.4363407552944,True,False,0.0139936307747357,0.0007793499777231,2.8284271247461903,False,1.0,8.000:8.000|18.467:51.283|14.942:59.949|10.935:71.270|15.924:78.562|35.686:77.401|48.423:67.364|56.454:55.322|44.129:53.963|38.636:37.375|40.754:37.236|56.635:52.041|61.133:53.006|65.717:35.466|69.496:26.530|67.361:25.676|55.594:32.906|42.293:14.540|8.000:8.000,0-32-3-14-12-6-22-15-11-29-31-9-20-23-28-8-13-5-0,13.742612950969487
128,calm,cluttered,NearestNeighbor,32,32,1.0,1.0,0.0,False,64.5,64.5,1240.5360025060656,1246.685802934907,-40.5360025060653,-120.5360025060653,True,155.0634585521362,False,True,0.0231300033539075,0.0007075702939095,2.0,True,1.0,8.000:8.000|22.045:28.099|27.971:33.918|30.237:34.436|28.442:36.052|31.966:36.203|31.002:23.628|49.179:27.228|53.311:25.878|66.726:28.679|70.578:26.907|73.483:36.793|72.657:43.860|61.572:48.780|54.142:48.665|50.604:46.841|51.282:40.480|57.905:59.827|59.873:64.149|46.773:64.515|42.858:64.719|38.869:79.221|49.386:91.627|68.400:75.065|80.517:74.053|83.050:76.538|74.615:65.552|86.985:40.742|79.325:13.113|86.808:14.947|68.477:8.569|63.903:11.016|62.189:15.086|8.000:8.000,0-9-7-10-4-5-29-13-16-19-21-25-32-31-3-15-17-26-14-22-6-20-8-18-12-23-11-27-2-24-28-30-1-0,0.0021261249203234
128,calm,cluttered,ValuePerDistance,32,29,0.90625,0.937984496124031,0.0,False,60.5,64.5,1283.9786214697526,1283.7965218844445,-83.97862146975265,-163.97862146975265,True,153.16599746014248,False,True,0.0145784025907216,0.0004889029280204,2.0,True,1.0,8.000:8.000|31.002:23.628|27.971:33.918|28.442:36.052|30.237:34.436|31.966:36.203|22.045:28.099|50.604:46.841|51.282:40.480|54.142:48.665|61.572:48.780|72.657:43.860|73.483:36.793|66.726:28.679|70.578:26.907|79.325:13.113|68.477:8.569|62.189:15.086|63.903:11.016|53.311:25.878|49.179:27.228|80.517:74.053|83.050:76.538|74.615:65.552|68.400:75.065|59.873:64.149|57.905:59.827|46.773:64.515|42.858:64.719|38.869:79.221|8.000:8.000,0-29-7-4-10-5-9-15-17-3-31-32-25-19-21-2-28-1-30-16-13-12-23-11-18-14-26-22-6-20-0,0.0016550531145185
128,calm,cluttered,WindAwareGreedy,32,22,0.6875,0.8062015503875969,0.0,False,52.0,64.5,1334.8455413602978,1331.9653858605816,-134.84554136029794,-214.84554136029797,True,145.43813974222883,False,True,0.0309475182893189,0.0013632149247692,2.0,True,1.0,8.000:8.000|31.002:23.628|27.971:33.918|28.442:36.052|50.604:46.841|51.282:40.480|73.483:36.793|79.325:13.113|68.477:8.569|62.189:15.086|53.311:25.878|49.179:27.228|30.237:34.436|31.966:36.203|22.045:28.099|72.657:43.860|80.517:74.053|38.869:79.221|46.773:64.515|59.873:64.149|57.905:59.827|54.142:48.665|66.726:28.679|8.000:8.000,0-29-7-4-15-17-25-2-28-1-16-13-10-5-9-32-12-20-22-14-26-3-19-0,0.0016530698630958
128,calm,cluttered,ReserveOnlyPlanner,32,21,0.65625,0.7829457364341085,0.7829457364341085,True,50.5,64.5,1062.0198449335098,1110.1822479304717,137.9801550664901,57.98015506649011,False,122.90563901497995,True,False,0.0153114684204186,0.0006999585185733,2.0,False,1.0,8.000:8.000|31.002:23.628|27.971:33.918|28.442:36.052|30.237:34.436|31.966:36.203|50.604:46.841|51.282:40.480|73.483:36.793|79.325:13.113|68.477:8.569|62.189:15.086|53.311:25.878|49.179:27.228|66.726:28.679|72.657:43.860|80.517:74.053|83.050:76.538|59.873:64.149|46.773:64.515|38.869:79.221|22.045:28.099|8.000:8.000,0-29-7-4-10-5-15-17-25-2-28-1-16-13-19-32-12-23-14-22-20-9-0,0.0017382679507136
128,calm,cluttered,FairRiskAwareGreedy,32,16,0.5,0.627906976744186,0.627906976744186,True,40.5,64.5,1092.424586148206,1113.9025026319207,107.57541385179428,27.57541385179428,False,121.6284637946296,True,False,0.0140235631964448,0.0008294995668038,2.0,False,1.0,8.000:8.000|31.002:23.628|50.604:46.841|27.971:33.918|28.442:36.052|30.237:34.436|31.966:36.203|51.282:40.480|79.325:13.113|73.483:36.793|62.189:15.086|68.477:8.569|49.179:27.228|53.311:25.878|80.517:74.053|72.657:43.860|66.726:28.679|8.000:8.000,0-29-15-7-4-10-5-17-2-25-1-28-13-16-12-32-19-0,0.0026291371323168
128,calm,cluttered,FairALNSPlanner,32,29,0.90625,0.937984496124031,0.937984496124031,True,60.5,64.5,1053.3136011979116,1126.372213499953,146.6863988020887,66.68639880208869,False,138.39676204454463,True,False,0.0183114895109676,0.0006150311582802,2.0,False,1.0,8.000:8.000|31.002:23.628|49.179:27.228|53.311:25.878|62.189:15.086|63.903:11.016|66.726:28.679|68.477:8.569|79.325:13.113|86.808:14.947|70.578:26.907|73.483:36.793|72.657:43.860|74.615:65.552|80.517:74.053|83.050:76.538|68.400:75.065|59.873:64.149|46.773:64.515|42.858:64.719|38.869:79.221|57.905:59.827|54.142:48.665|50.604:46.841|51.282:40.480|31.966:36.203|30.237:34.436|28.442:36.052|27.971:33.918|22.045:28.099|8.000:8.000,0-29-13-16-1-30-19-28-2-24-21-25-32-11-12-23-18-14-22-6-20-26-3-15-17-5-10-4-7-9-0,18.756938928971067
128,calm,cluttered,RAWA-RHP,32,31,0.96875,0.9844961240310076,0.9844961240310076,True,63.5,64.5,1048.1812802940678,1118.9861593781393,151.81871970593204,71.81871970593204,False,140.7883243320977,True,False,0.0192186293047075,0.0006048670045813,2.0,False,1.0,8.000:8.000|22.045:28.099|27.971:33.918|28.442:36.052|30.237:34.436|31.966:36.203|51.282:40.480|50.604:46.841|54.142:48.665|61.572:48.780|57.905:59.827|59.873:64.149|46.773:64.515|42.858:64.719|38.869:79.221|68.400:75.065|83.050:76.538|80.517:74.053|74.615:65.552|72.657:43.860|86.985:40.742|73.483:36.793|66.726:28.679|70.578:26.907|86.808:14.947|79.325:13.113|68.477:8.569|63.903:11.016|62.189:15.086|53.311:25.878|49.179:27.228|31.002:23.628|8.000:8.000,0-9-7-4-10-5-17-15-3-31-26-14-22-6-20-18-23-12-11-32-27-25-19-21-24-2-28-30-1-16-13-29-0,81.61626474000514
126,moderate,sparse,NearestNeighbor,32,28,0.875,0.8923076923076924,0.0,False,58.0,65.0,1395.149532438347,1431.502568267525,-195.14953243834708,-275.1495324383471,True,145.8273147262266,False,True,0.0238345568583595,0.0008219847574307,2.0,True,1.0,8.000:8.000|11.842:17.402|29.715:28.112|33.496:37.443|37.511:36.446|43.581:28.198|42.005:11.575|53.459:9.152|61.564:14.286|67.821:26.529|74.105:25.478|77.806:23.959|83.153:20.502|79.864:14.698|76.725:8.776|86.856:32.691|76.185:37.168|74.310:48.234|58.265:43.124|48.826:56.676|40.822:51.977|37.653:54.967|30.057:47.490|8.691:40.553|41.874:68.130|47.883:75.483|46.045:78.080|34.414:83.494|35.562:75.861|8.000:8.000,0-17-32-2-3-29-11-27-22-18-9-28-31-13-8-5-20-25-23-7-12-19-16-15-1-4-30-14-21-0,0.0020633449312299
126,moderate,sparse,ValuePerDistance,32,25,0.78125,0.7846153846153846,0.0,False,51.0,65.0,1420.10448193111,1408.6157232306084,-220.1044819311102,-300.1044819311102,True,135.2732236670862,False,True,0.0237979152146298,0.0009153855026557,2.0,True,1.0,8.000:8.000|11.842:17.402|8.691:40.553|30.057:47.490|40.822:51.977|37.653:54.967|48.826:56.676|58.265:43.124|67.821:26.529|74.105:25.478|77.806:23.959|83.153:20.502|79.864:14.698|76.725:8.776|61.564:14.286|42.005:11.575|53.459:9.152|43.581:28.198|37.511:36.446|33.496:37.443|29.715:28.112|35.562:75.861|34.414:83.494|46.045:78.080|47.883:75.483|41.874:68.130|8.000:8.000,0-17-15-16-12-19-7-23-18-9-28-31-13-8-22-11-27-29-3-2-32-21-14-30-4-1-0,0.0015478439163416
126,moderate,sparse,WindAwareGreedy,32,18,0.5625,0.6538461538461539,0.0,False,42.5,65.0,1372.3720881193894,1372.349205035326,-172.37208811938925,-252.37208811938925,True,128.11069901802347,False,True,0.0510867810114717,0.0027238966259387,2.0,True,1.0,8.000:8.000|8.691:40.553|42.005:11.575|58.265:43.124|40.822:51.977|35.562:75.861|34.414:83.494|46.045:78.080|47.883:75.483|48.826:56.676|37.653:54.967|30.057:47.490|29.715:28.112|11.842:17.402|67.821:26.529|76.185:37.168|74.310:48.234|43.581:28.198|37.511:36.446|8.000:8.000,0-15-11-23-12-21-14-30-4-7-19-16-32-17-18-20-25-29-3-0,0.0015159470494836
126,moderate,sparse,ReserveOnlyPlanner,32,17,0.53125,0.6230769230769231,0.6230769230769231,True,40.5,65.0,1061.242884139995,1182.6616758959417,138.75711586000523,58.75711586000523,False,100.41806053546831,True,False,0.0462750561464229,0.0026013454524917,2.0,False,1.0,8.000:8.000|8.691:40.553|35.562:75.861|34.414:83.494|46.045:78.080|47.883:75.483|40.822:51.977|37.653:54.967|30.057:47.490|58.265:43.124|74.310:48.234|76.185:37.168|67.821:26.529|42.005:11.575|43.581:28.198|37.511:36.446|29.715:28.112|11.842:17.402|8.000:8.000,0-15-21-14-30-4-12-19-16-23-25-20-18-11-29-3-32-17-0,0.0013744838070124
126,moderate,sparse,FairRiskAwareGreedy,32,17,0.53125,0.6076923076923076,0.6076923076923076,True,39.5,65.0,1092.82257975143,1139.6319882347177,107.17742024857029,27.17742024857029,False,128.85162634923614,True,False,7.273489496895102e-05,4.040900914597461e-06,2.8284271247461903,False,1.0,8.000:8.000|8.691:40.553|42.005:11.575|58.265:43.124|67.821:26.529|76.185:37.168|74.310:48.234|43.581:28.198|40.822:51.977|35.562:75.861|34.414:83.494|29.715:28.112|11.842:17.402|30.057:47.490|37.653:54.967|48.826:56.676|37.511:36.446|33.496:37.443|8.000:8.000,0-15-11-23-18-20-25-29-12-21-14-32-17-16-19-7-3-2-0,0.0025344940368086
126,moderate,sparse,FairALNSPlanner,32,25,0.78125,0.8384615384615385,0.8384615384615385,True,54.5,65.0,1053.9330106378986,1216.626684985776,146.06698936210103,66.06698936210105,False,132.01536012798996,True,False,0.0069560170946638,0.0002675905374512,2.0,False,1.0,8.000:8.000|11.842:17.402|8.691:40.553|30.057:47.490|34.414:83.494|35.562:75.861|37.653:54.967|40.822:51.977|48.826:56.676|47.883:75.483|46.045:78.080|41.874:68.130|58.265:43.124|74.310:48.234|76.185:37.168|86.856:32.691|83.153:20.502|79.864:14.698|77.806:23.959|74.105:25.478|67.821:26.529|61.564:14.286|53.459:9.152|43.581:28.198|42.005:11.575|29.715:28.112|8.000:8.000,0-17-15-16-14-21-19-12-7-4-30-1-23-25-20-5-31-13-28-9-18-22-27-29-11-32-0,17.475026350002736
126,moderate,sparse,RAWA-RHP,32,28,0.875,0.9,0.9,True,58.5,65.0,1023.5856905419266,1188.906685616544,176.41430945807326,96.41430945807326,False,136.6345513762474,True,False,0.0401566334062268,0.0014008513873971,2.0,False,1.0,8.000:8.000|29.715:28.112|33.496:37.443|37.511:36.446|43.581:28.198|42.005:11.575|53.459:9.152|61.564:14.286|67.821:26.529|74.105:25.478|77.806:23.959|79.864:14.698|83.153:20.502|86.856:32.691|76.185:37.168|74.310:48.234|74.929:70.025|58.265:43.124|48.826:56.676|47.883:75.483|46.045:78.080|34.414:83.494|35.562:75.861|41.874:68.130|40.822:51.977|37.653:54.967|30.057:47.490|8.691:40.553|11.842:17.402|8.000:8.000,0-32-2-3-29-11-27-22-18-9-28-13-31-5-20-25-6-23-7-4-30-14-21-1-12-19-16-15-17-0,161.78822990786284
127,moderate,sparse,NearestNeighbor,32,29,0.90625,0.9197080291970804,0.0,False,63.0,68.5,1664.8604592899278,1695.00995432407,-464.86045928992775,-544.8604592899278,True,137.11980355582975,False,True,0.0204647113018234,0.0006876113813803,2.0,True,1.0,8.000:8.000|31.016:35.395|26.011:42.943|35.572:43.013|41.315:38.066|47.986:41.472|50.739:46.831|43.831:54.343|37.557:53.708|29.447:58.024|26.926:56.770|22.784:52.122|18.220:51.897|16.668:50.514|13.152:59.448|13.054:77.652|24.698:88.484|29.571:96.350|31.803:94.445|38.846:90.966|40.975:89.975|46.903:74.927|43.260:73.012|43.576:65.270|53.072:62.439|57.802:54.898|64.553:50.369|66.793:51.687|72.365:59.504|56.627:85.379|8.000:8.000,0-14-24-22-15-31-12-4-11-7-3-17-13-9-28-6-19-29-10-30-21-2-27-32-20-23-8-18-5-26-0,0.0021028439514338
127,moderate,sparse,ValuePerDistance,32,24,0.75,0.7956204379562044,0.0,False,54.5,68.5,1473.2156793807867,1501.3161841052388,-273.2156793807867,-353.2156793807867,True,119.18195495820726,False,True,0.0509698268746081,0.0020572777800617,2.0,True,1.0,8.000:8.000|26.011:42.943|35.572:43.013|31.016:35.395|16.668:50.514|18.220:51.897|22.784:52.122|26.926:56.770|29.447:58.024|37.557:53.708|43.831:54.343|43.576:65.270|46.903:74.927|43.260:73.012|31.317:73.712|24.698:88.484|31.803:94.445|29.571:96.350|38.846:90.966|40.975:89.975|56.627:85.379|64.553:50.369|66.793:51.687|57.802:54.898|53.072:62.439|8.000:8.000,0-24-22-14-9-13-17-3-7-11-4-32-2-27-25-19-10-29-30-21-26-8-18-23-20-0,0.0015088759828358
127,moderate,sparse,WindAwareGreedy,32,18,0.5625,0.6277372262773723,0.0,False,43.0,68.5,1700.1815153152456,1689.0255085183176,-500.1815153152456,-580.1815153152456,True,121.79728057020812,False,True,0.074645858355042,0.0039719415301652,2.0,True,1.0,8.000:8.000|26.011:42.943|16.668:50.514|29.447:58.024|43.576:65.270|24.698:88.484|31.803:94.445|38.846:90.966|40.975:89.975|13.054:77.652|13.152:59.448|26.926:56.770|35.572:43.013|31.016:35.395|37.557:53.708|46.903:74.927|31.317:73.712|43.260:73.012|56.627:85.379|8.000:8.000,0-24-9-7-32-19-10-30-21-6-28-3-22-14-11-2-25-27-26-0,0.0014474659692496
127,moderate,sparse,ReserveOnlyPlanner,32,17,0.53125,0.5693430656934306,0.5693430656934306,True,39.0,68.5,1087.8799191577498,1214.5334334342067,112.1200808422505,32.1200808422505,False,89.09173606189053,True,False,0.0158128020551624,0.0008827387347198,2.0,False,1.0,8.000:8.000|26.011:42.943|16.668:50.514|13.152:59.448|13.054:77.652|24.698:88.484|31.803:94.445|38.846:90.966|40.975:89.975|29.571:96.350|31.317:73.712|43.576:65.270|46.903:74.927|43.260:73.012|29.447:58.024|26.926:56.770|22.784:52.122|18.220:51.897|8.000:8.000,0-24-9-28-6-19-10-30-21-29-25-32-2-27-7-3-17-13-0,0.0014818280469626
127,moderate,sparse,FairRiskAwareGreedy,32,15,0.46875,0.5693430656934306,0.5693430656934306,True,39.0,68.5,1082.0803503233046,1120.398252652388,117.91964967669512,37.91964967669512,False,109.93220260247747,True,False,0.0039797102901019,0.0002490869630614,2.8284271247461903,False,1.0,8.000:8.000|26.011:42.943|31.016:35.395|35.572:43.013|43.576:65.270|64.553:50.369|66.793:51.687|57.802:54.898|16.668:50.514|29.447:58.024|24.698:88.484|31.803:94.445|13.054:77.652|13.152:59.448|46.903:74.927|37.557:53.708|8.000:8.000,0-24-14-22-32-8-18-23-9-7-19-10-6-28-2-11-0,0.0022008491214364
127,moderate,sparse,FairALNSPlanner,32,26,0.8125,0.8613138686131386,0.8613138686131386,True,59.0,68.5,1061.172092633571,1216.235310501072,138.8279073664291,58.82790736642909,False,127.82265299144986,True,False,0.0229023639017197,0.0008556802414558,2.0,False,1.0,8.000:8.000|31.016:35.395|26.011:42.943|26.926:56.770|29.447:58.024|37.557:53.708|22.784:52.122|66.793:51.687|72.365:59.504|64.553:50.369|57.802:54.898|53.072:62.439|43.831:54.343|43.576:65.270|43.260:73.012|46.903:74.927|40.975:89.975|38.846:90.966|31.803:94.445|29.571:96.350|24.698:88.484|13.054:77.652|13.152:59.448|18.220:51.897|16.668:50.514|35.572:43.013|41.315:38.066|8.000:8.000,0-14-24-3-7-11-17-18-5-8-23-20-4-32-27-2-21-30-10-29-19-6-28-13-9-22-15-0,16.073974631959572
127,moderate,sparse,RAWA-RHP,32,29,0.90625,0.927007299270073,0.927007299270073,True,63.5,68.5,1058.242099123583,1217.079821495714,141.75790087641678,61.757900876416784,False,131.09854306835092,True,False,0.0162845664219842,0.0005458629788421,2.0,False,1.0,8.000:8.000|31.016:35.395|26.011:42.943|26.926:56.770|29.447:58.024|22.784:52.122|18.220:51.897|16.668:50.514|13.152:59.448|13.054:77.652|24.698:88.484|29.571:96.350|31.803:94.445|38.846:90.966|40.975:89.975|31.317:73.712|43.260:73.012|46.903:74.927|43.576:65.270|53.072:62.439|57.802:54.898|64.553:50.369|66.793:51.687|72.365:59.504|47.986:41.472|50.739:46.831|43.831:54.343|37.557:53.708|35.572:43.013|41.315:38.066|8.000:8.000,0-14-24-3-7-17-13-9-28-6-19-29-10-30-21-25-27-2-32-20-23-8-18-5-31-12-4-11-22-15-0,126.4638432280626
128,moderate,cluttered,NearestNeighbor,32,29,0.90625,0.8983050847457628,0.0,False,53.0,59.0,1559.8418339950435,1552.0816071319666,-359.8418339950435,-439.8418339950435,True,147.137557835899,False,True,0.1493122458631838,0.0052792102967939,2.0,True,1.0,8.000:8.000|22.637:17.491|36.139:13.419|36.089:28.734|31.286:33.106|43.631:36.065|44.972:39.136|50.612:47.614|46.441:59.464|42.832:60.011|38.152:64.332|34.827:69.552|39.575:70.444|39.116:84.491|49.040:77.947|71.452:80.752|74.082:79.379|79.865:72.993|86.379:62.617|78.956:55.797|74.878:56.684|70.531:54.315|72.597:49.901|71.620:38.197|56.486:34.217|52.189:22.076|70.561:13.004|75.496:13.587|86.902:28.004|90.239:46.327|8.000:8.000,0-9-32-26-29-1-7-25-10-24-19-18-27-2-13-28-11-6-31-8-23-30-4-12-15-20-22-17-21-3-0,0.0016725452151149
128,moderate,cluttered,ValuePerDistance,32,25,0.78125,0.8389830508474576,0.0,False,49.5,59.0,1446.6608934659505,1454.443690033747,-246.66089346595064,-326.6608934659506,True,132.10729442415015,False,True,0.1107432043197055,0.004392840737373,2.0,True,1.0,8.000:8.000|22.637:17.491|36.089:28.734|43.631:36.065|44.972:39.136|33.204:50.735|36.951:57.548|38.152:64.332|39.575:70.444|34.827:69.552|49.040:77.947|71.452:80.752|74.082:79.379|79.865:72.993|86.379:62.617|78.956:55.797|74.878:56.684|70.531:54.315|72.597:49.901|71.620:38.197|86.902:28.004|90.239:46.327|70.561:13.004|75.496:13.587|56.486:34.217|50.612:47.614|8.000:8.000,0-9-26-1-7-14-5-19-27-18-13-28-11-6-31-8-23-30-4-12-21-3-22-17-15-25-0,0.0012562449555844
128,moderate,cluttered,WindAwareGreedy,32,21,0.65625,0.7457627118644068,0.0,False,44.0,59.0,1372.0400896002143,1332.485159834,-172.0400896002146,-252.0400896002146,True,124.16915415352112,False,True,0.2634103473625208,0.0134211252697165,2.0,True,1.0,8.000:8.000|36.089:28.734|43.631:36.065|44.972:39.136|72.597:49.901|71.620:38.197|70.561:13.004|75.496:13.587|86.902:28.004|90.239:46.327|78.956:55.797|74.878:56.684|70.531:54.315|71.452:80.752|49.040:77.947|39.575:70.444|36.951:57.548|33.204:50.735|46.441:59.464|50.612:47.614|56.486:34.217|52.189:22.076|8.000:8.000,0-26-1-7-4-12-22-17-21-3-8-23-30-28-13-27-5-14-10-25-15-20-0,0.0010675939265638
128,moderate,cluttered,ReserveOnlyPlanner,32,14,0.4375,0.5169491525423728,0.5169491525423728,True,30.5,59.0,1112.1474843900924,1172.9907462241838,87.85251560990787,7.852515609907869,False,96.94160053378994,True,False,0.2517470176117004,0.0186457484985452,2.0,False,1.0,8.000:8.000|36.089:28.734|43.631:36.065|44.972:39.136|72.597:49.901|71.620:38.197|70.561:13.004|75.496:13.587|86.902:28.004|90.239:46.327|78.956:55.797|74.878:56.684|70.531:54.315|71.452:80.752|74.082:79.379|8.000:8.000,0-26-1-7-4-12-22-17-21-3-8-23-30-28-11-0,0.0009385552257299
128,moderate,cluttered,FairRiskAwareGreedy,32,17,0.53125,0.6271186440677966,0.6271186440677966,True,37.0,59.0,1099.8720102539978,1138.8519284901786,100.1279897460024,20.1279897460024,False,121.6346427310806,True,False,0.0050001664922055,0.0002781537391093,2.0,False,1.0,8.000:8.000|36.089:28.734|43.631:36.065|72.597:49.901|71.620:38.197|33.204:50.735|44.972:39.136|36.951:57.548|49.040:77.947|71.452:80.752|46.441:59.464|70.531:54.315|74.878:56.684|78.956:55.797|90.239:46.327|86.902:28.004|56.486:34.217|22.637:17.491|8.000:8.000,0-26-1-4-12-14-7-5-13-28-10-30-23-8-3-21-15-9-0,0.0016427000518888
128,moderate,cluttered,FairALNSPlanner,32,20,0.625,0.652542372881356,0.652542372881356,True,38.5,59.0,1055.006929709217,1195.6423947369326,144.99307029078292,64.99307029078292,False,124.62121478218822,True,False,0.0405508155719273,0.0019600989054485,2.0,False,1.0,8.000:8.000|22.637:17.491|36.139:13.419|75.496:13.587|70.561:13.004|56.486:34.217|71.620:38.197|86.902:28.004|72.597:49.901|74.878:56.684|78.956:55.797|70.531:54.315|46.441:59.464|42.832:60.011|38.152:64.332|34.827:69.552|74.082:79.379|71.452:80.752|43.631:36.065|36.089:28.734|44.972:39.136|8.000:8.000,0-9-32-17-22-15-12-21-4-23-8-30-10-24-19-18-11-28-1-26-7-0,14.151586123974994
128,moderate,cluttered,RAWA-RHP,32,26,0.8125,0.8389830508474576,0.8389830508474576,True,49.5,59.0,1056.2330582253117,1240.3121960379594,143.7669417746883,63.76694177468829,False,135.70219201737538,True,False,0.0217955330841952,0.00081450276418,2.0,False,1.0,8.000:8.000|22.637:17.491|36.089:28.734|43.631:36.065|50.612:47.614|56.486:34.217|71.620:38.197|72.597:49.901|70.531:54.315|74.878:56.684|78.956:55.797|90.239:46.327|86.379:62.617|79.865:72.993|71.452:80.752|49.040:77.947|39.116:84.491|39.575:70.444|34.827:69.552|38.152:64.332|42.832:60.011|46.441:59.464|36.951:57.548|33.204:50.735|52.189:22.076|70.561:13.004|75.496:13.587|8.000:8.000,0-9-26-1-25-15-12-4-30-23-8-3-31-6-28-13-2-27-18-19-24-10-5-14-20-22-17-0,96.41535799205305
125,calm,cluttered,NearestNeighbor,32,31,0.96875,0.975206611570248,0.0,False,59.0,60.5,1304.8750337200972,1294.8040276918946,-104.87503372009716,-184.87503372009715,True,153.80246335754748,False,True,0.039590744201764,0.0012566690846142,2.0,True,1.0,8.000:8.000|22.478:9.556|27.563:9.685|47.730:22.689|53.436:32.223|57.116:44.156|62.065:43.296|70.874:43.541|67.393:36.553|72.799:30.254|74.651:28.352|76.072:31.877|78.161:32.498|73.926:23.787|88.082:24.630|88.322:27.423|92.294:12.736|72.174:57.924|69.777:67.110|67.022:67.857|62.109:66.910|54.964:61.739|52.368:53.286|44.994:46.071|33.599:53.910|30.602:78.916|42.649:87.104|43.116:90.201|48.431:80.690|56.953:80.581|62.160:79.707|55.877:86.048|8.000:8.000,0-18-10-5-31-7-32-16-23-22-28-12-9-29-1-26-25-27-24-2-11-3-6-15-21-20-8-14-4-17-13-30-0,0.0020143438596278
125,calm,cluttered,ValuePerDistance,32,28,0.875,0.9256198347107438,0.0,False,56.0,60.5,1322.55142084211,1322.7801985462495,-122.5514208421103,-202.5514208421103,True,151.8692022580837,False,True,0.0510198400958413,0.001797833113731,2.0,True,1.0,8.000:8.000|27.563:9.685|22.478:9.556|53.436:32.223|57.116:44.156|62.065:43.296|70.874:43.541|76.072:31.877|72.799:30.254|74.651:28.352|73.926:23.787|88.082:24.630|88.322:27.423|92.294:12.736|69.777:67.110|67.022:67.857|62.109:66.910|54.964:61.739|52.368:53.286|44.994:46.071|33.599:53.910|30.602:78.916|42.649:87.104|43.116:90.201|48.431:80.690|56.953:80.581|55.877:86.048|62.160:79.707|72.174:57.924|8.000:8.000,0-10-18-31-7-32-16-12-22-28-29-1-26-25-24-2-11-3-6-15-21-20-8-14-4-17-30-13-27-0,0.0016190779861062
125,calm,cluttered,WindAwareGreedy,32,21,0.65625,0.7851239669421488,0.0,False,47.5,60.5,1268.1067906420892,1267.001687508597,-68.10679064208907,-148.10679064208907,True,136.27646772275358,False,True,0.0786419286498056,0.0037062815784042,2.0,True,1.0,8.000:8.000|27.563:9.685|53.436:32.223|70.874:43.541|69.777:67.110|67.022:67.857|54.964:61.739|57.116:44.156|62.065:43.296|76.072:31.877|88.082:24.630|92.294:12.736|73.926:23.787|72.799:30.254|74.651:28.352|88.322:27.423|72.174:57.924|42.649:87.104|48.431:80.690|56.953:80.581|30.602:78.916|14.693:73.886|8.000:8.000,0-10-31-16-24-2-3-7-32-12-1-25-29-22-28-26-27-8-4-17-20-19-0,0.0015435230452567
125,calm,cluttered,ReserveOnlyPlanner,32,21,0.65625,0.7603305785123967,0.7603305785123967,True,46.0,60.5,1103.521084359265,1141.0460999263928,96.478915640735,16.478915640734996,False,123.71615544563733,True,False,0.04008070401542,0.0018523050148827,2.0,False,1.0,8.000:8.000|27.563:9.685|22.478:9.556|53.436:32.223|70.874:43.541|76.072:31.877|88.082:24.630|92.294:12.736|73.926:23.787|72.799:30.254|74.651:28.352|62.065:43.296|57.116:44.156|54.964:61.739|69.777:67.110|67.022:67.857|72.174:57.924|56.953:80.581|42.649:87.104|48.431:80.690|30.602:78.916|33.599:53.910|8.000:8.000,0-10-18-31-16-12-1-25-29-22-28-32-7-3-24-2-27-17-8-4-20-21-0,0.0016546119004487
125,calm,cluttered,FairRiskAwareGreedy,32,15,0.46875,0.5289256198347108,0.5289256198347108,True,32.0,60.5,1017.9878952721908,1033.892942603548,182.0121047278094,102.0121047278094,False,115.01445843284247,True,False,0.0087517261610113,0.0005483427570312,2.0,False,1.0,8.000:8.000|27.563:9.685|53.436:32.223|70.874:43.541|57.116:44.156|42.649:87.104|69.777:67.110|67.022:67.857|54.964:61.739|48.431:80.690|56.953:80.581|72.174:57.924|30.602:78.916|52.368:53.286|44.994:46.071|22.478:9.556|8.000:8.000,0-10-31-16-7-8-24-2-3-4-17-27-20-6-15-18-0,0.0019891990814357
125,calm,cluttered,FairALNSPlanner,32,30,0.9375,0.9586776859504132,0.9586776859504132,True,58.0,60.5,1050.0247484235542,1126.1466080544276,149.9752515764455,69.97525157644549,False,141.72275701416785,True,False,0.0232553125243064,0.0007568790509329,2.0,False,1.0,8.000:8.000|33.599:53.910|30.602:78.916|43.116:90.201|42.649:87.104|48.431:80.690|55.877:86.048|56.953:80.581|54.964:61.739|62.109:66.910|67.022:67.857|69.777:67.110|72.174:57.924|70.874:43.541|57.116:44.156|52.368:53.286|44.994:46.071|62.065:43.296|67.393:36.553|76.072:31.877|78.161:32.498|88.322:27.423|88.082:24.630|92.294:12.736|73.926:23.787|74.651:28.352|72.799:30.254|53.436:32.223|47.730:22.689|27.563:9.685|22.478:9.556|8.000:8.000,0-21-20-14-8-4-30-17-3-11-2-24-27-16-7-6-15-32-23-12-9-26-1-25-29-28-22-31-5-10-18-0,19.47768536489457
125,calm,cluttered,RAWA-RHP,32,31,0.96875,0.975206611570248,0.975206611570248,True,59.0,60.5,1022.57291226321,1081.7659593195615,177.42708773679004,97.42708773679004,False,141.36804490517943,True,False,0.0298117186836779,0.0009417719458461,2.0,False,1.0,8.000:8.000|22.478:9.556|27.563:9.685|47.730:22.689|53.436:32.223|44.994:46.071|52.368:53.286|54.964:61.739|57.116:44.156|62.065:43.296|67.393:36.553|72.799:30.254|74.651:28.352|73.926:23.787|92.294:12.736|88.082:24.630|88.322:27.423|78.161:32.498|76.072:31.877|70.874:43.541|72.174:57.924|69.777:67.110|67.022:67.857|62.109:66.910|62.160:79.707|56.953:80.581|55.877:86.048|48.431:80.690|42.649:87.104|43.116:90.201|30.602:78.916|33.599:53.910|8.000:8.000,0-18-10-5-31-15-6-3-7-32-23-22-28-29-25-1-26-9-12-16-27-24-2-11-13-17-30-4-8-14-20-21-0,224.3100860239938
129,moderate,cluttered,NearestNeighbor,32,19,0.59375,0.5775862068965517,0.0,False,33.5,58.0,1386.9205663672406,1384.2683422391506,-186.92056636724027,-266.92056636724027,True,107.88138443455875,False,True,0.0558317939325189,0.0028481104737528,2.0,True,1.0,8.000:8.000|11.917:18.679|20.206:27.769|22.273:40.764|27.320:45.904|28.831:43.581|31.966:43.848|20.235:49.161|23.210:51.422|32.959:58.517|42.579:49.986|48.350:45.363|67.346:33.038|63.428:22.931|56.315:21.038|35.220:24.491|79.008:17.087|82.289:24.749|81.427:45.652|83.299:48.272|8.000:8.000,0-9-13-24-30-26-16-27-11-4-12-21-29-18-15-5-25-23-31-19-0,0.0017027449794113
129,moderate,cluttered,ValuePerDistance,32,16,0.5,0.5603448275862069,0.0,False,32.5,58.0,1395.7981135389373,1420.756808145338,-195.7981135389372,-275.7981135389372,True,103.2316598240216,False,True,0.1176014605823339,0.0072146338526708,2.0,True,1.0,8.000:8.000|11.917:18.679|28.831:43.581|31.966:43.848|27.320:45.904|22.273:40.764|23.210:51.422|20.235:49.161|16.484:66.119|23.234:80.850|25.723:78.480|32.959:58.517|42.579:49.986|48.350:45.363|65.293:63.280|72.598:74.333|88.415:86.965|8.000:8.000,0-9-26-16-30-24-11-27-6-14-1-4-12-21-22-20-8-0,0.0011945280712097
129,moderate,cluttered,WindAwareGreedy,32,15,0.46875,0.5517241379310345,0.0,False,32.0,58.0,1378.940368278475,1369.7442560118682,-178.94036827847478,-258.9403682784748,True,98.9716519543006,False,True,0.1809439427750502,0.0121852697068102,2.0,True,1.0,8.000:8.000|11.917:18.679|28.831:43.581|31.966:43.848|22.273:40.764|23.210:51.422|16.484:66.119|32.959:58.517|65.293:63.280|67.346:33.038|56.315:21.038|63.428:22.931|79.008:17.087|82.289:24.749|81.427:45.652|83.299:48.272|8.000:8.000,0-9-26-16-24-11-6-4-22-29-15-18-25-23-31-19-0,0.0012854689266532
129,moderate,cluttered,ReserveOnlyPlanner,32,15,0.46875,0.5,0.5,True,29.0,58.0,1067.842025951456,1166.590377796144,132.15797404854385,52.15797404854385,False,84.11079634668953,True,False,0.1651530850003361,0.0110176882910002,2.0,False,1.0,8.000:8.000|11.917:18.679|20.206:27.769|28.831:43.581|31.966:43.848|22.273:40.764|23.210:51.422|27.320:45.904|20.235:49.161|16.484:66.119|32.959:58.517|65.293:63.280|67.346:33.038|63.428:22.931|56.315:21.038|35.220:24.491|8.000:8.000,0-9-13-26-16-24-11-30-27-6-4-22-29-18-15-5-0,0.0013763760216534
129,moderate,cluttered,FairRiskAwareGreedy,32,14,0.4375,0.5,0.5,True,29.0,58.0,1100.6241655744802,1135.9916130974295,99.37583442551971,19.375834425519717,False,116.33951176835912,True,False,0.0038822324937108,0.0002590985766716,2.0,False,1.0,8.000:8.000|16.484:66.119|22.273:40.764|65.293:63.280|72.598:74.333|56.315:21.038|79.008:17.087|82.289:24.749|67.346:33.038|63.428:22.931|32.959:58.517|23.234:80.850|25.723:78.480|20.235:49.161|11.917:18.679|8.000:8.000,0-6-24-22-20-15-25-23-29-18-4-14-1-27-9-0,0.0022316549438983
129,moderate,cluttered,FairALNSPlanner,32,18,0.5625,0.6206896551724138,0.6206896551724138,True,36.0,58.0,1056.3719246162286,1193.8530470369783,143.62807538377115,63.62807538377115,False,118.84807642481042,True,False,0.0355220779154046,0.0018862724768403,2.0,False,1.0,8.000:8.000|11.917:18.679|20.206:27.769|22.273:40.764|27.320:45.904|28.831:43.581|31.966:43.848|42.579:49.986|48.350:45.363|56.315:21.038|79.008:17.087|82.289:24.749|83.299:48.272|81.427:45.652|67.346:33.038|72.598:74.333|65.293:63.280|63.428:22.931|16.484:66.119|8.000:8.000,0-9-13-24-30-26-16-12-21-15-25-23-19-31-29-20-22-18-6-0,9.1820590919815
129,moderate,cluttered,RAWA-RHP,32,24,0.75,0.7931034482758621,0.7931034482758621,True,46.0,58.0,1050.9509344088726,1200.79331083562,149.04906559112752,69.04906559112752,False,126.95469080582724,True,False,0.0559634794740202,0.0022838735392221,2.0,False,1.0,8.000:8.000|16.484:66.119|20.235:49.161|23.210:51.422|32.959:58.517|65.293:63.280|72.598:74.333|88.415:86.965|87.751:72.769|86.387:59.819|83.299:48.272|81.427:45.652|82.289:24.749|79.008:17.087|56.315:21.038|63.428:22.931|67.346:33.038|48.350:45.363|42.579:49.986|31.966:43.848|28.831:43.581|27.320:45.904|22.273:40.764|20.206:27.769|11.917:18.679|8.000:8.000,0-6-27-11-4-22-20-8-10-2-19-31-23-25-15-18-29-21-12-16-26-30-24-13-9-0,48.24871063604951
129,moderate,sparse,NearestNeighbor,32,23,0.71875,0.7209302325581395,0.0,False,46.5,64.5,1310.3824130600235,1320.0660578756224,-110.38241306002372,-190.3824130600237,True,112.6100625563362,False,True,0.0239670993904669,0.0010044923092943,2.0,True,1.0,8.000:8.000|39.919:16.163|47.441:19.127|47.139:21.992|44.710:22.424|41.979:25.949|42.051:28.055|65.155:27.213|68.969:21.193|76.272:26.378|77.950:30.142|80.843:31.979|88.912:31.647|87.180:21.143|73.926:37.485|71.121:35.557|73.637:58.682|78.646:63.261|77.817:67.463|77.758:72.425|82.960:76.788|87.836:77.606|92.860:72.446|88.216:54.713|8.000:8.000,0-8-11-15-9-3-16-20-1-27-21-19-14-24-13-4-31-30-28-25-18-22-26-2-0,0.0018672230653464
129,moderate,sparse,ValuePerDistance,32,17,0.53125,0.5736434108527132,0.0,False,37.0,64.5,1388.1607127072136,1385.0925037052275,-188.1607127072135,-268.1607127072135,True,105.88222563091288,False,True,0.0034082718592514,0.0001895103645562,2.0,True,1.0,8.000:8.000|16.324:53.086|39.905:72.704|43.177:81.082|34.246:84.923|30.998:69.059|44.610:69.701|50.913:59.218|78.646:63.261|77.817:67.463|77.758:72.425|82.960:76.788|87.836:77.606|92.860:72.446|88.216:54.713|73.637:58.682|77.950:30.142|80.843:31.979|8.000:8.000,0-17-10-32-7-5-29-12-30-28-25-18-22-26-2-31-21-19-0,0.0013163750991225
129,moderate,sparse,WindAwareGreedy,32,16,0.5,0.5658914728682171,0.0,False,36.5,64.5,1338.426768927444,1329.7532993372192,-138.42676892744407,-218.42676892744407,True,103.52924401214676,False,True,0.0412065908143625,0.0024564119697799,2.0,True,1.0,8.000:8.000|47.441:19.127|44.710:22.424|47.139:21.992|39.919:16.163|41.979:25.949|42.051:28.055|16.324:53.086|39.905:72.704|43.177:81.082|78.646:63.261|77.950:30.142|87.180:21.143|88.912:31.647|80.843:31.979|68.969:21.193|65.155:27.213|8.000:8.000,0-11-9-15-8-3-16-17-10-32-30-21-24-14-19-1-20-0,0.0013220941182225
129,moderate,sparse,ReserveOnlyPlanner,32,13,0.40625,0.4496124031007752,0.4496124031007752,True,29.0,64.5,1102.61804394228,1210.4942755141403,97.38195605772005,17.381956057720032,False,87.30857705248543,True,False,0.0202146065746868,0.001451713460441,2.0,False,1.0,8.000:8.000|47.441:19.127|44.710:22.424|47.139:21.992|39.919:16.163|41.979:25.949|42.051:28.055|16.324:53.086|39.905:72.704|43.177:81.082|50.913:59.218|77.950:30.142|80.843:31.979|68.969:21.193|8.000:8.000,0-11-9-15-8-3-16-17-10-32-12-21-19-1-0,0.0012435398530215
129,moderate,sparse,FairRiskAwareGreedy,32,13,0.40625,0.5038759689922481,0.5038759689922481,True,32.5,64.5,1040.6140595218624,1081.3974391073173,159.3859404781375,79.38594047813751,False,111.4875040536764,True,False,0.0038035859391027,0.0002719379731561,2.0,False,1.0,8.000:8.000|16.324:53.086|39.905:72.704|43.177:81.082|47.441:19.127|44.710:22.424|47.139:21.992|77.950:30.142|78.646:63.261|87.180:21.143|88.912:31.647|88.216:54.713|50.913:59.218|42.051:28.055|8.000:8.000,0-17-10-32-11-9-15-21-30-24-14-2-12-16-0,0.0020592908840626
129,moderate,sparse,FairALNSPlanner,32,22,0.6875,0.7674418604651163,0.7674418604651163,True,49.5,64.5,1042.97262472013,1169.782931975668,157.02737527986997,77.02737527986997,False,122.96017096896244,True,False,0.0284394228715442,0.0012437821248775,2.0,False,1.0,8.000:8.000|16.324:53.086|30.998:69.059|39.905:72.704|43.177:81.082|82.960:76.788|77.758:72.425|77.817:67.463|60.231:80.945|78.646:63.261|73.637:58.682|88.216:54.713|92.860:72.446|88.912:31.647|87.180:21.143|80.843:31.979|77.950:30.142|76.272:26.378|68.969:21.193|47.441:19.127|47.139:21.992|44.710:22.424|39.919:16.163|8.000:8.000,0-17-5-10-32-18-25-28-23-30-31-2-26-14-24-19-21-27-1-11-15-9-8-0,14.94335025595501
129,moderate,sparse,RAWA-RHP,32,28,0.875,0.9147286821705426,0.9147286821705426,True,59.0,64.5,1044.896999597636,1193.9268187120006,155.103000402364,75.10300040236399,False,133.08119397202793,True,False,0.0084003062178019,0.0002901308900693,2.0,False,1.0,8.000:8.000|16.324:53.086|30.998:69.059|39.905:72.704|43.177:81.082|44.610:69.701|50.913:59.218|60.231:80.945|73.637:58.682|78.646:63.261|77.817:67.463|77.758:72.425|82.960:76.788|87.836:77.606|92.860:72.446|88.216:54.713|88.912:31.647|87.180:21.143|80.843:31.979|77.950:30.142|76.272:26.378|68.969:21.193|65.155:27.213|42.051:28.055|41.979:25.949|47.139:21.992|44.710:22.424|47.441:19.127|39.919:16.163|8.000:8.000,0-17-5-10-32-29-12-23-31-30-28-25-18-22-26-2-14-24-19-21-27-1-20-16-3-15-9-11-8-0,86.41941075003706
131,severe,cluttered,NearestNeighbor,32,10,0.3125,0.2957746478873239,0.0,False,21.0,71.0,1479.1292072950996,1445.4967803744407,-279.12920729509955,-359.12920729509955,True,68.6673832228972,False,True,0.131329009632557,0.0125336371442445,2.0,True,1.0,8.000:8.000|37.057:9.558|41.419:23.381|46.256:22.703|59.324:29.014|63.966:41.763|73.623:27.839|81.881:44.290|76.344:58.089|76.090:60.370|74.170:64.925|8.000:8.000,0-27-31-18-29-21-30-20-23-10-4-0,0.0011208290234208
131,severe,cluttered,ValuePerDistance,32,8,0.25,0.2394366197183098,0.0,False,17.0,71.0,1563.4860249378728,1508.8773156732786,-363.4860249378728,-443.4860249378728,True,67.14627002895834,False,True,0.2048768475770219,0.0238878878291763,2.0,True,1.0,8.000:8.000|37.057:9.558|46.256:22.703|41.419:23.381|59.324:29.014|73.623:27.839|86.055:14.339|93.597:12.381|81.881:44.290|8.000:8.000,0-27-18-31-29-30-26-25-20-0,0.0007327478379011
131,severe,cluttered,WindAwareGreedy,32,8,0.25,0.2394366197183098,0.0,False,17.0,71.0,1499.3369931752588,1508.8773156732786,-299.336993175259,-379.336993175259,True,67.14627002895834,False,True,0.2048768475770219,0.0238878878291763,2.0,True,1.0,8.000:8.000|37.057:9.558|46.256:22.703|41.419:23.381|59.324:29.014|73.623:27.839|86.055:14.339|93.597:12.381|81.881:44.290|8.000:8.000,0-27-18-31-29-30-26-25-20-0,0.0008177440613508
131,severe,cluttered,ReserveOnlyPlanner,32,6,0.1875,0.1971830985915492,0.1971830985915492,True,14.0,71.0,1062.860710063719,1163.0743607000993,137.139289936281,57.13928993628099,False,50.92787419960332,True,False,0.0599553680507731,0.0086895033202529,2.0,False,1.0,8.000:8.000|37.057:9.558|46.256:22.703|41.419:23.381|59.324:29.014|73.623:27.839|86.055:14.339|8.000:8.000,0-27-18-31-29-30-26-0,0.0007134231273084
131,severe,cluttered,FairRiskAwareGreedy,32,10,0.3125,0.3591549295774648,0.3591549295774648,True,25.5,71.0,1089.4399729618135,1134.8392419653792,110.56002703818628,30.56002703818629,False,92.67244808750988,True,False,0.0034978494698358,0.0003183477880108,2.8284271247461903,False,1.0,8.000:8.000|37.057:9.558|86.055:14.339|59.324:29.014|73.623:27.839|46.256:22.703|55.317:75.959|70.562:69.450|74.170:64.925|47.852:78.182|53.286:60.844|8.000:8.000,0-27-26-29-30-18-32-13-4-11-5-0,0.0011167468037456
131,severe,cluttered,FairALNSPlanner,32,7,0.21875,0.2112676056338028,0.2112676056338028,True,15.0,71.0,771.565197540559,863.0696794501308,428.4348024594411,348.4348024594411,False,67.12651898354855,True,False,0.0071500982586574,0.0008947256513213,2.8284271247461903,False,1.0,8.000:8.000|41.419:23.381|46.256:22.703|59.324:29.014|73.623:27.839|37.057:9.558|93.597:12.381|86.055:14.339|8.000:8.000,0-31-18-29-30-27-25-26-0,3.7538434439338735
131,severe,cluttered,RAWA-RHP,32,21,0.65625,0.6690140845070423,0.6690140845070423,True,47.5,71.0,1063.944497300737,1243.3345311351911,136.05550269926283,56.05550269926283,False,107.61953309231528,True,False,0.0792506980780433,0.003716156581222,2.0,False,1.0,8.000:8.000|41.419:23.381|46.256:22.703|73.623:27.839|59.324:29.014|63.966:41.763|76.344:58.089|76.090:60.370|74.170:64.925|70.562:69.450|53.286:60.844|55.317:75.959|47.852:78.182|41.935:80.628|42.242:83.518|33.294:88.567|28.479:85.675|25.204:84.092|20.990:73.346|35.676:66.720|32.911:72.250|15.562:45.180|8.000:8.000,0-31-18-30-29-21-23-10-4-13-5-32-11-12-1-16-14-19-22-3-8-28-0,22.098673115018755
130,moderate,cluttered,NearestNeighbor,32,23,0.71875,0.7131782945736435,0.0,False,46.0,64.5,1361.7722607586916,1381.8714311864253,-161.7722607586916,-241.7722607586916,True,113.1370260032809,False,True,0.049269643782931,0.0020842535355265,2.0,True,1.0,8.000:8.000|19.134:14.563|21.232:30.755|34.211:36.579|38.200:37.176|40.356:45.980|44.652:55.111|47.464:66.032|57.368:68.586|56.553:78.011|55.466:83.487|51.294:87.655|49.141:87.945|67.387:89.946|74.889:93.752|68.579:73.911|81.528:67.868|87.928:70.194|67.197:59.124|52.485:44.428|58.452:39.838|66.050:40.342|49.200:36.028|39.886:14.390|8.000:8.000,0-20-4-25-32-24-22-8-15-21-30-14-1-29-13-18-9-11-28-23-7-17-19-12-0,0.0019614070188254
130,moderate,cluttered,ValuePerDistance,32,21,0.65625,0.751937984496124,0.0,False,48.5,64.5,1920.5002948471,1945.8898529576595,-720.5002948470996,-800.5002948470996,True,137.84094668739462,False,True,0.3100559655492553,0.0162164667756561,2.0,True,1.0,8.000:8.000|21.232:30.755|39.886:14.390|49.200:36.028|52.485:44.428|58.452:39.838|66.050:40.342|44.652:55.111|47.464:66.032|36.063:65.058|33.466:65.531|15.236:87.014|19.873:86.234|9.664:81.686|29.506:82.599|55.466:83.487|56.553:78.011|57.368:68.586|67.197:59.124|87.928:70.194|81.528:67.868|74.889:93.752|8.000:8.000,0-4-12-19-23-7-17-22-8-27-3-2-5-16-6-30-21-15-28-11-9-13-0,0.0014543309807777
130,moderate,cluttered,WindAwareGreedy,32,19,0.59375,0.689922480620155,0.0,False,44.5,64.5,1913.566585544515,1945.6158617562476,-713.5665855445146,-793.5665855445146,True,135.24104002335451,False,True,0.2281435419521079,0.0125172534985514,2.0,True,1.0,8.000:8.000|21.232:30.755|39.886:14.390|49.200:36.028|52.485:44.428|47.464:66.032|36.063:65.058|44.652:55.111|33.466:65.531|15.236:87.014|19.873:86.234|9.664:81.686|29.506:82.599|74.889:93.752|87.928:70.194|81.528:67.868|56.553:78.011|55.466:83.487|51.294:87.655|67.387:89.946|8.000:8.000,0-4-12-19-23-8-27-22-3-2-5-16-6-13-11-9-21-30-14-29-0,0.0014847058337181
130,moderate,cluttered,ReserveOnlyPlanner,32,11,0.34375,0.4341085271317829,0.4341085271317829,True,28.0,64.5,1086.0965491594172,1152.0181732474443,113.90345084058282,33.90345084058282,False,73.99235160541936,True,False,0.0883174403870544,0.0075253883126758,2.0,False,1.0,8.000:8.000|21.232:30.755|39.886:14.390|49.200:36.028|52.485:44.428|44.652:55.111|47.464:66.032|36.063:65.058|33.466:65.531|15.236:87.014|19.873:86.234|9.664:81.686|8.000:8.000,0-4-12-19-23-22-8-27-3-2-5-16-0,0.0012188930995762
130,moderate,cluttered,FairRiskAwareGreedy,32,15,0.46875,0.5271317829457365,0.5271317829457365,True,34.0,64.5,1077.1490196268685,1124.556365372341,122.85098037313168,42.85098037313168,False,114.05569527549711,True,False,0.0001615940802212,1.0100013557994005e-05,2.8284271247461903,False,1.0,8.000:8.000|21.232:30.755|49.200:36.028|39.886:14.390|52.485:44.428|58.452:39.838|66.050:40.342|38.200:37.176|34.211:36.579|19.134:14.563|36.063:65.058|47.464:66.032|44.652:55.111|15.236:87.014|9.664:81.686|16.218:47.969|8.000:8.000,0-4-19-12-23-7-17-32-25-20-27-8-22-2-16-31-0,0.0018886539619415
130,moderate,cluttered,FairALNSPlanner,32,11,0.34375,0.3643410852713178,0.3643410852713178,True,23.5,64.5,778.0017138456853,870.1077433108185,421.9982861543146,341.9982861543146,False,82.8429580948636,True,False,0.047019010608734,0.0039663820994387,2.0,False,1.0,8.000:8.000|19.134:14.563|39.886:14.390|49.200:36.028|52.485:44.428|57.368:68.586|56.553:78.011|81.528:67.868|87.928:70.194|68.579:73.911|74.889:93.752|67.387:89.946|8.000:8.000,0-20-12-19-23-15-21-9-11-18-13-29-0,10.637526288162915
130,moderate,cluttered,RAWA-RHP,32,22,0.6875,0.7364341085271318,0.7364341085271318,True,47.5,64.5,1044.2092362406297,1185.6241815338622,155.79076375937026,75.79076375937026,False,122.10439200128532,True,False,0.0433803350081762,0.0019106295469436,2.0,False,1.0,8.000:8.000|21.232:30.755|34.211:36.579|38.200:37.176|44.652:55.111|47.464:66.032|56.553:78.011|55.466:83.487|67.387:89.946|74.889:93.752|87.928:70.194|81.528:67.868|66.050:40.342|58.452:39.838|52.485:44.428|57.368:68.586|36.063:65.058|33.466:65.531|29.506:82.599|19.873:86.234|15.236:87.014|9.664:81.686|16.218:47.969|8.000:8.000,0-4-25-32-22-8-21-30-29-13-11-9-17-7-23-15-27-3-6-5-2-16-31-0,47.7759176529944
130,severe,cluttered,NearestNeighbor,32,17,0.53125,0.5416666666666666,0.0,False,32.5,60.0,1730.4591586929791,1733.038437705568,-530.4591586929791,-610.4591586929791,True,98.53332773926714,False,True,0.2282370124844835,0.0130907975963306,2.0,True,1.0,8.000:8.000|13.019:35.965|8.948:50.904|18.012:55.989|27.899:67.814|31.140:82.891|41.669:74.521|45.485:76.530|47.556:79.832|50.571:88.325|57.819:85.490|58.713:78.565|62.041:78.622|50.711:68.207|47.823:67.349|63.005:56.101|70.821:62.961|73.741:60.520|8.000:8.000,0-3-15-1-4-5-32-31-12-24-14-6-9-8-26-21-20-28-0,0.0016181941609829
130,severe,cluttered,ValuePerDistance,32,19,0.59375,0.65,0.0,False,39.0,60.0,1966.6000110220227,1910.3540468358287,-766.6000110220226,-846.6000110220226,True,108.98897398828204,False,True,0.221750321236149,0.0115520958618556,2.0,True,1.0,8.000:8.000|38.672:19.725|48.286:19.150|67.212:24.560|73.484:31.240|84.148:38.053|87.898:36.989|88.304:39.540|76.005:45.834|73.741:60.520|70.821:62.961|63.005:56.101|50.711:68.207|47.823:67.349|45.485:76.530|47.556:79.832|50.571:88.325|58.713:78.565|62.041:78.622|57.819:85.490|8.000:8.000,0-16-22-30-27-17-18-7-11-28-20-21-8-26-31-12-24-6-9-14-0,0.0014082980342209
130,severe,cluttered,WindAwareGreedy,32,13,0.40625,0.4333333333333333,0.0,False,26.0,60.0,1895.9202541358088,1859.8837314749449,-695.9202541358084,-775.9202541358084,True,99.294460275207,False,True,0.3078123134423097,0.0248049820895474,2.0,True,1.0,8.000:8.000|13.019:35.965|8.948:50.904|18.012:55.989|50.711:68.207|45.485:76.530|47.556:79.832|31.140:82.891|11.009:92.701|27.899:67.814|47.823:67.349|58.713:78.565|50.571:88.325|57.819:85.490|8.000:8.000,0-3-15-1-8-31-12-5-2-4-26-6-24-14-0,0.0011711770202964
130,severe,cluttered,ReserveOnlyPlanner,32,7,0.21875,0.2083333333333333,0.2083333333333333,True,12.5,60.0,1106.918252295952,1144.904758220216,93.08174770404791,13.081747704047928,False,56.43948875980911,True,False,0.1862232247749825,0.0244630050921142,2.0,False,1.0,8.000:8.000|13.019:35.965|8.948:50.904|18.012:55.989|11.009:92.701|31.140:82.891|27.899:67.814|29.312:31.702|8.000:8.000,0-3-15-1-2-5-4-23-0,0.0007866439409554
130,severe,cluttered,FairRiskAwareGreedy,32,5,0.15625,0.1666666666666666,0.1666666666666666,True,10.0,60.0,512.1501394560436,530.7443192732171,687.8498605439563,607.8498605439563,False,45.70291415233557,True,False,0.0004020882253451,6.702299082861352e-05,4.0,False,1.0,8.000:8.000|38.672:19.725|13.019:35.965|29.312:31.702|8.948:50.904|18.012:55.989|8.000:8.000,0-16-3-23-15-1-0,0.0006945598870515
130,severe,cluttered,FairALNSPlanner,32,14,0.4375,0.4833333333333333,0.4833333333333333,True,29.0,60.0,885.2022360965253,1070.9610152914722,314.79776390347456,234.79776390347456,False,89.09028061345187,True,False,0.0099256678826845,0.0006638452599592,2.8284271247461903,False,1.0,8.000:8.000|8.948:50.904|18.012:55.989|47.823:67.349|45.485:76.530|47.556:79.832|50.571:88.325|57.819:85.490|58.713:78.565|63.005:56.101|50.711:68.207|41.669:74.521|31.140:82.891|13.019:35.965|29.312:31.702|8.000:8.000,0-15-1-26-31-12-24-14-6-21-8-32-5-3-23-0,7.169647088972852
130,severe,cluttered,RAWA-RHP,32,24,0.75,0.8083333333333333,0.8083333333333333,True,48.5,60.0,1035.1990293560673,1256.8354531459222,164.80097064393297,84.80097064393297,False,114.69869268642444,True,False,0.0702848228650349,0.0028792908038446,2.0,False,1.0,8.000:8.000|38.672:19.725|48.286:19.150|67.212:24.560|73.484:31.240|81.552:17.948|79.625:20.486|87.898:36.989|88.304:39.540|84.148:38.053|76.005:45.834|73.741:60.520|70.821:62.961|63.005:56.101|62.041:78.622|58.713:78.565|50.571:88.325|47.556:79.832|45.485:76.530|41.669:74.521|50.711:68.207|47.823:67.349|18.012:55.989|8.948:50.904|13.019:35.965|8.000:8.000,0-16-22-30-27-29-10-18-7-17-11-28-20-21-9-6-24-12-31-32-8-26-1-15-3-0,47.93421670305543
130,severe,sparse,NearestNeighbor,32,23,0.71875,0.6902654867256637,0.0,False,39.0,56.5,1616.106071529777,1672.3917614478855,-416.106071529777,-496.106071529777,True,110.95054133151572,False,True,0.0211392270484954,0.000888187641661,2.8284271247461903,True,1.0,8.000:8.000|13.296:26.739|17.165:28.588|18.960:30.363|17.300:31.624|28.349:41.788|29.481:39.790|29.836:50.669|44.046:42.800|54.586:57.815|62.962:59.868|62.076:68.724|67.278:75.265|77.336:75.869|77.508:73.804|88.423:86.080|80.521:98.520|78.413:96.718|69.531:90.559|60.548:86.616|58.947:82.220|20.716:83.788|17.926:76.918|23.204:65.996|8.000:8.000,0-23-5-20-22-30-11-4-2-16-1-17-28-24-29-7-25-18-12-15-21-6-14-27-0,0.0020731890108436
130,severe,sparse,ValuePerDistance,32,17,0.53125,0.5309734513274337,0.0,False,30.0,56.5,1853.6054309983608,1774.0832705776284,-653.6054309983606,-733.6054309983606,True,101.80343916047678,False,True,0.1611664354300962,0.0087679491690913,2.0,True,1.0,8.000:8.000|18.960:30.363|17.165:28.588|17.300:31.624|13.296:26.739|31.121:21.036|31.582:25.216|29.481:39.790|28.349:41.788|29.836:50.669|23.204:65.996|17.926:76.918|20.716:83.788|58.947:82.220|60.548:86.616|67.278:75.265|77.508:73.804|77.336:75.869|8.000:8.000,0-20-5-22-23-32-19-11-30-4-27-14-6-21-15-28-29-24-0,0.0013933591544628
130,severe,sparse,WindAwareGreedy,32,18,0.5625,0.5575221238938053,0.0,False,31.5,56.5,1878.7598858798028,1886.42625225984,-678.7598858798027,-758.7598858798027,True,109.1305751534533,False,True,0.0505819926456174,0.0027045770760517,2.0,True,1.0,8.000:8.000|18.960:30.363|17.165:28.588|17.300:31.624|13.296:26.739|23.204:65.996|17.926:76.918|20.716:83.788|29.836:50.669|29.481:39.790|28.349:41.788|31.121:21.036|31.582:25.216|44.046:42.800|54.586:57.815|62.962:59.868|67.278:75.265|58.947:82.220|60.548:86.616|8.000:8.000,0-20-5-22-23-27-14-6-4-11-30-32-19-2-16-1-28-21-15-0,0.0021619771141558
130,severe,sparse,ReserveOnlyPlanner,32,10,0.3125,0.3097345132743362,0.3097345132743362,True,17.5,56.5,1027.5761777481869,1078.6101293275208,172.42382225181302,92.42382225181302,False,59.35806955820888,True,False,0.0400623344263718,0.0036726773157989,2.0,False,1.0,8.000:8.000|18.960:30.363|17.165:28.588|17.300:31.624|13.296:26.739|23.204:65.996|17.926:76.918|20.716:83.788|29.836:50.669|29.481:39.790|28.349:41.788|8.000:8.000,0-20-5-22-23-27-14-6-4-11-30-0,0.0012033150997012
130,severe,sparse,FairRiskAwareGreedy,32,11,0.34375,0.3982300884955752,0.3982300884955752,True,22.5,56.5,1079.632458933504,1120.3706806029825,120.36754106649605,40.367541066496045,False,97.14246558661505,True,False,5.128667450171598e-06,4.273896795174241e-07,4.0,False,1.0,8.000:8.000|23.204:65.996|18.960:30.363|17.300:31.624|31.121:21.036|29.836:50.669|29.481:39.790|17.926:76.918|54.586:57.815|74.430:37.620|74.212:32.674|72.803:10.353|8.000:8.000,0-27-20-22-32-4-11-14-16-13-8-10-0,0.0017943338025361
130,severe,sparse,FairALNSPlanner,32,23,0.71875,0.7610619469026548,0.7610619469026548,True,43.0,56.5,1030.8332722308655,1252.5951382463986,169.16672776913475,89.16672776913475,False,115.56729373259031,True,False,0.0197755415972362,0.00083053145641,2.8284271247461903,False,1.0,8.000:8.000|18.960:30.363|17.165:28.588|17.300:31.624|17.926:76.918|23.204:65.996|28.349:41.788|29.481:39.790|29.836:50.669|44.046:42.800|54.586:57.815|62.962:59.868|62.076:68.724|67.278:75.265|77.336:75.869|77.508:73.804|88.952:62.479|89.702:58.891|82.774:52.234|82.131:49.910|74.430:37.620|74.212:32.674|31.582:25.216|31.121:21.036|8.000:8.000,0-20-5-22-14-27-30-11-4-2-16-1-17-28-24-29-9-31-26-3-13-8-19-32-0,11.499567490071058
130,severe,sparse,RAWA-RHP,32,24,0.75,0.8053097345132744,0.8053097345132744,True,45.5,56.5,1037.8061066329956,1276.899782441252,162.1938933670044,82.19389336700439,False,115.91394968572877,True,False,0.0820700269535076,0.0033800561321797,2.0,False,1.0,8.000:8.000|17.165:28.588|17.300:31.624|18.960:30.363|29.481:39.790|28.349:41.788|29.836:50.669|23.204:65.996|17.926:76.918|60.548:86.616|58.947:82.220|67.278:75.265|77.336:75.869|77.508:73.804|88.952:62.479|89.702:58.891|82.774:52.234|82.131:49.910|74.430:37.620|74.212:32.674|62.962:59.868|54.586:57.815|44.046:42.800|31.582:25.216|31.121:21.036|8.000:8.000,0-5-22-20-11-30-4-27-14-15-21-28-24-29-9-31-26-3-13-8-1-16-2-19-32-0,45.74620629101992
128,moderate,sparse,NearestNeighbor,32,27,0.84375,0.8205128205128205,0.0,False,48.0,58.5,1400.1865814876214,1407.9205211939377,-200.18658148762157,-280.18658148762154,True,138.83296667313198,False,True,0.0736749339753231,0.0026984313522642,2.0,True,1.0,8.000:8.000|20.170:12.526|24.904:21.662|20.468:31.881|21.775:33.676|30.970:37.896|30.175:43.889|45.223:43.645|53.886:55.183|55.735:63.886|65.007:50.824|60.811:47.608|66.034:37.759|63.935:36.100|69.598:35.802|67.930:40.449|75.330:44.405|75.121:47.306|72.388:47.746|85.971:35.593|76.306:30.430|61.217:25.931|58.688:17.456|69.817:13.401|92.052:63.010|82.571:78.366|79.282:81.541|72.609:72.007|8.000:8.000,0-20-23-12-25-1-28-6-15-3-5-29-14-10-30-26-2-32-22-11-4-7-31-16-18-21-17-8-0,0.0020574950613081
128,moderate,sparse,ValuePerDistance,32,25,0.78125,0.8547008547008547,0.0,False,50.0,58.5,1607.1210224364718,1638.9639804986468,-407.12102243647183,-487.12102243647183,True,150.67260102110342,False,True,0.0808313529679943,0.0032134206007074,2.0,True,1.0,8.000:8.000|20.170:12.526|24.904:21.662|20.468:31.881|21.775:33.676|12.324:39.455|30.175:43.889|30.970:37.896|66.034:37.759|67.930:40.449|75.330:44.405|75.121:47.306|72.388:47.746|65.007:50.824|60.811:47.608|53.886:55.183|55.735:63.886|41.482:78.865|39.226:75.293|22.608:74.426|23.769:92.717|58.688:17.456|61.217:25.931|76.306:30.430|85.971:35.593|92.052:63.010|8.000:8.000,0-20-23-12-25-13-28-1-14-26-2-32-22-5-29-15-3-24-9-19-27-31-7-4-11-18-0,0.0015706040430814
128,moderate,sparse,WindAwareGreedy,32,18,0.5625,0.6752136752136753,0.0,False,39.5,58.5,1281.7598078495305,1303.576469210639,-81.75980784953056,-161.75980784953055,True,118.93801902626592,False,True,0.0319617145666568,0.0016978773878353,2.0,True,1.0,8.000:8.000|20.170:12.526|58.688:17.456|66.034:37.759|75.330:44.405|76.306:30.430|75.121:47.306|60.811:47.608|61.217:25.931|69.817:13.401|85.971:35.593|92.052:63.010|82.571:78.366|41.482:78.865|39.226:75.293|22.608:74.426|30.175:43.889|20.468:31.881|21.775:33.676|8.000:8.000,0-20-31-14-2-4-32-29-7-16-11-18-21-24-9-19-28-12-25-0,0.0014913049526512
128,moderate,sparse,ReserveOnlyPlanner,32,16,0.5,0.5384615384615384,0.5384615384615384,True,31.5,58.5,1075.9231800102052,1165.6890772050483,124.07681998979484,44.07681998979484,False,97.11990022676244,True,False,0.0366923231499227,0.0021869199137794,2.0,False,1.0,8.000:8.000|20.170:12.526|58.688:17.456|66.034:37.759|75.330:44.405|76.306:30.430|75.121:47.306|72.388:47.746|60.811:47.608|65.007:50.824|61.217:25.931|69.817:13.401|85.971:35.593|67.930:40.449|63.935:36.100|69.598:35.802|24.904:21.662|8.000:8.000,0-20-31-14-2-4-32-22-29-5-7-16-11-26-10-30-23-0,0.0015097460709512
128,moderate,sparse,FairRiskAwareGreedy,32,14,0.4375,0.5299145299145299,0.5299145299145299,True,31.0,58.5,1067.6852808632486,1107.5381352689162,132.3147191367514,52.31471913675139,False,116.82820413890032,True,False,0.0028493726850892,0.0001900521839281,2.0,False,1.0,8.000:8.000|20.170:12.526|58.688:17.456|66.034:37.759|75.330:44.405|75.121:47.306|60.811:47.608|20.468:31.881|41.482:78.865|12.324:39.455|24.904:21.662|30.175:43.889|61.217:25.931|21.775:33.676|30.970:37.896|8.000:8.000,0-20-31-14-2-32-29-12-24-13-23-28-7-25-1-0,0.0023160269483923
128,moderate,sparse,FairALNSPlanner,32,23,0.71875,0.811965811965812,0.811965811965812,True,47.5,58.5,1059.7660357179866,1192.1370110669836,140.23396428201352,60.23396428201352,False,129.03260133515957,True,False,0.0489107260995409,0.0020658251552354,2.0,False,1.0,8.000:8.000|20.170:12.526|24.904:21.662|20.468:31.881|21.775:33.676|12.324:39.455|22.608:74.426|23.769:92.717|41.482:78.865|39.226:75.293|30.175:43.889|60.811:47.608|65.007:50.824|72.388:47.746|75.121:47.306|92.052:63.010|82.571:78.366|75.330:44.405|76.306:30.430|67.930:40.449|66.034:37.759|63.935:36.100|61.217:25.931|58.688:17.456|8.000:8.000,0-20-23-12-25-13-19-27-24-9-28-29-5-22-32-18-21-2-4-26-14-10-7-31-0,15.035968145122752
128,moderate,sparse,RAWA-RHP,32,28,0.875,0.905982905982906,0.905982905982906,True,53.0,58.5,1049.8533515573215,1204.4684081668363,150.146648442678,70.14664844267801,False,136.138753640024,True,False,0.0401339501947745,0.0014042927760566,2.0,False,1.0,8.000:8.000|20.170:12.526|24.904:21.662|58.688:17.456|61.217:25.931|63.935:36.100|67.930:40.449|66.034:37.759|69.598:35.802|76.306:30.430|85.971:35.593|75.330:44.405|72.388:47.746|75.121:47.306|65.007:50.824|60.811:47.608|53.886:55.183|55.735:63.886|92.052:63.010|82.571:78.366|72.609:72.007|41.482:78.865|39.226:75.293|22.608:74.426|30.175:43.889|30.970:37.896|21.775:33.676|20.468:31.881|12.324:39.455|8.000:8.000,0-20-23-31-7-10-26-14-30-4-11-2-22-32-5-29-15-3-18-21-8-24-9-19-28-1-25-12-13-0,149.63193578389473
131,moderate,cluttered,NearestNeighbor,32,18,0.5625,0.5390625,0.0,False,34.5,64.0,1784.5789244688983,1761.4578817432885,-584.5789244688984,-664.5789244688984,True,118.40149515033052,False,True,0.2064262262084262,0.0118370243285899,2.0,True,1.0,8.000:8.000|34.480:12.874|44.686:23.984|42.484:31.942|46.650:42.909|55.687:38.543|56.109:31.541|70.991:35.710|76.125:44.905|84.548:39.603|78.859:26.413|88.969:11.572|92.546:65.497|78.938:82.080|74.509:74.061|74.358:64.944|61.309:66.048|54.674:65.698|65.251:78.730|8.000:8.000,0-22-1-27-12-30-26-14-16-18-17-20-11-7-13-24-5-9-19-0,0.0016553609166294
131,moderate,cluttered,ValuePerDistance,32,21,0.65625,0.7578125,0.0,False,48.5,64.0,1833.539324189072,1826.0653307526577,-633.5393241890715,-713.5393241890715,True,128.09968072648292,False,True,0.2794455561277833,0.0145149819955232,2.0,True,1.0,8.000:8.000|34.480:12.874|42.484:31.942|46.650:42.909|55.687:38.543|56.109:31.541|70.991:35.710|76.125:44.905|61.309:66.048|54.674:65.698|57.670:56.653|54.270:56.078|48.375:57.614|42.650:57.653|35.941:58.677|27.416:63.637|39.232:74.334|42.406:68.750|47.999:79.176|34.059:90.757|71.912:88.965|78.407:94.945|8.000:8.000,0-22-27-12-30-26-14-16-5-9-23-31-15-32-29-10-4-8-21-28-25-3-0,0.0014400300569832
131,moderate,cluttered,WindAwareGreedy,32,17,0.53125,0.6484375,0.0,False,41.5,64.0,1775.4414581259284,1810.9355018950555,-575.4414581259284,-655.4414581259284,True,120.824739516689,False,True,0.188990821109348,0.0113228297953877,2.0,True,1.0,8.000:8.000|46.650:42.909|55.687:38.543|42.484:31.942|27.416:63.637|39.232:74.334|47.999:79.176|61.309:66.048|54.674:65.698|48.375:57.614|57.670:56.653|54.270:56.078|35.941:58.677|42.406:68.750|34.059:90.757|71.912:88.965|78.407:94.945|65.251:78.730|8.000:8.000,0-12-30-27-10-4-21-5-9-15-23-31-29-8-28-25-3-19-0,0.0014436680357903
131,moderate,cluttered,ReserveOnlyPlanner,32,10,0.3125,0.40625,0.40625,True,26.0,64.0,1068.2983157132498,1147.5306149540393,131.7016842867502,51.70168428675021,False,71.58960458259264,True,False,0.1681362510254828,0.0162578927052644,2.0,False,1.0,8.000:8.000|46.650:42.909|55.687:38.543|42.484:31.942|48.375:57.614|61.309:66.048|54.674:65.698|47.999:79.176|39.232:74.334|42.406:68.750|27.416:63.637|8.000:8.000,0-12-30-27-15-5-9-21-4-8-10-0,0.00105417589657
131,moderate,cluttered,FairRiskAwareGreedy,32,14,0.4375,0.53125,0.53125,True,34.0,64.0,1094.1505910217315,1144.2277803241634,105.84940897826822,25.84940897826821,False,110.40143897052296,True,False,0.0128788881434107,0.0008620738087687,2.0,False,1.0,8.000:8.000|46.650:42.909|42.484:31.942|27.416:63.637|39.232:74.334|47.999:79.176|61.309:66.048|57.670:56.653|54.674:65.698|71.912:88.965|35.941:58.677|34.059:90.757|42.406:68.750|35.521:48.865|34.480:12.874|8.000:8.000,0-12-27-10-4-21-5-23-9-25-29-28-8-2-22-0,0.0017313598655164
131,moderate,cluttered,FairALNSPlanner,32,19,0.59375,0.6953125,0.6953125,True,44.5,64.0,1050.539927612365,1179.8334765843351,149.46007238763497,69.46007238763497,False,116.06247528075669,True,False,0.0614517340723567,0.0031268944679862,2.0,False,1.0,8.000:8.000|34.480:12.874|56.109:31.541|55.687:38.543|46.650:42.909|42.484:31.942|35.521:48.865|35.941:58.677|27.416:63.637|34.059:90.757|39.232:74.334|42.406:68.750|47.999:79.176|65.251:78.730|71.912:88.965|61.309:66.048|54.674:65.698|54.270:56.078|57.670:56.653|76.125:44.905|8.000:8.000,0-22-26-30-12-27-2-29-10-28-4-8-21-19-25-5-9-31-23-16-0,9.5745427578222
131,moderate,cluttered,RAWA-RHP,32,24,0.75,0.796875,0.796875,True,51.0,64.0,1041.8500972387576,1193.6133635779895,158.14990276124246,78.14990276124246,False,122.89983847879266,True,False,0.03366678260397,0.0013546542959136,2.0,False,1.0,8.000:8.000|34.480:12.874|42.484:31.942|46.650:42.909|56.109:31.541|55.687:38.543|70.991:35.710|76.125:44.905|74.358:64.944|74.509:74.061|71.912:88.965|65.251:78.730|47.999:79.176|39.232:74.334|42.406:68.750|48.375:57.614|54.270:56.078|57.670:56.653|61.309:66.048|54.674:65.698|46.759:62.487|42.650:57.653|35.941:58.677|35.521:48.865|27.416:63.637|8.000:8.000,0-22-27-12-26-30-14-16-24-13-25-19-21-4-8-15-31-23-5-9-6-32-29-2-10-0,49.35432440880686
132,calm,sparse,NearestNeighbor,32,31,0.96875,0.9596774193548387,0.0,False,59.5,62.0,1283.3777212365123,1281.963939572658,-83.37772123651146,-163.37772123651146,True,155.58665797998876,False,True,0.0067018119945703,0.0002097920593406,2.0,True,1.0,8.000:8.000|22.160:17.440|28.546:14.071|29.129:23.241|23.072:35.889|23.176:42.173|15.404:29.490|13.012:30.122|24.605:57.130|34.645:69.607|37.487:67.323|42.762:57.495|46.724:52.743|50.584:54.929|64.854:50.928|68.751:62.120|76.651:65.714|61.526:69.891|74.707:91.487|82.253:40.261|84.884:34.217|86.711:25.429|89.759:21.449|81.600:18.063|80.134:14.974|85.044:11.145|74.119:20.980|73.322:28.321|60.270:12.382|49.539:19.877|51.981:34.375|47.302:34.728|8.000:8.000,0-8-24-29-9-12-20-26-4-1-32-31-28-19-2-21-3-6-13-14-17-16-27-10-23-15-11-18-22-30-5-25-0,0.0021972311660647
132,calm,sparse,ValuePerDistance,32,28,0.875,0.935483870967742,0.0,False,58.0,62.0,1317.2875596400024,1310.519990930523,-117.28755964000226,-197.28755964000223,True,154.62397696543297,False,True,0.0184559343793687,0.0006410188841356,2.0,True,1.0,8.000:8.000|28.546:14.071|22.160:17.440|15.404:29.490|13.012:30.122|23.072:35.889|23.176:42.173|24.605:57.130|34.645:69.607|37.487:67.323|42.762:57.495|46.724:52.743|50.584:54.929|64.854:50.928|68.751:62.120|76.651:65.714|74.707:91.487|18.948:76.454|51.981:34.375|47.302:34.728|73.322:28.321|74.119:20.980|81.600:18.063|80.134:14.974|89.759:21.449|86.711:25.429|84.884:34.217|82.253:40.261|49.539:19.877|8.000:8.000,0-24-8-20-26-9-12-4-1-32-31-28-19-2-21-3-13-7-5-25-18-11-10-23-27-16-17-14-30-0,0.0017378430347889
132,calm,sparse,WindAwareGreedy,32,22,0.6875,0.8145161290322581,0.0,False,50.5,62.0,1402.7510474440787,1402.124946466077,-202.75104744407875,-282.7510474440787,True,153.90943010084263,False,True,0.0198630890002976,0.0008702828232867,2.0,True,1.0,8.000:8.000|28.546:14.071|22.160:17.440|15.404:29.490|24.605:57.130|34.645:69.607|18.948:76.454|42.762:57.495|51.981:34.375|47.302:34.728|73.322:28.321|89.759:21.449|86.711:25.429|81.600:18.063|80.134:14.974|74.119:20.980|49.539:19.877|68.751:62.120|76.651:65.714|74.707:91.487|64.854:50.928|84.884:34.217|82.253:40.261|8.000:8.000,0-24-8-20-4-1-7-31-5-25-18-27-16-10-23-11-30-21-3-13-2-17-14-0,0.0016996131744235
132,calm,sparse,ReserveOnlyPlanner,32,20,0.625,0.7419354838709677,0.7419354838709677,True,46.0,62.0,1108.1368720342784,1153.2753209015043,91.86312796572147,11.863127965721477,False,125.5232921880987,True,False,0.0180869487139238,0.0008670308547289,2.0,False,1.0,8.000:8.000|28.546:14.071|22.160:17.440|15.404:29.490|24.605:57.130|34.645:69.607|18.948:76.454|42.762:57.495|51.981:34.375|47.302:34.728|73.322:28.321|89.759:21.449|86.711:25.429|81.600:18.063|80.134:14.974|74.119:20.980|84.884:34.217|76.651:65.714|68.751:62.120|64.854:50.928|46.724:52.743|8.000:8.000,0-24-8-20-4-1-7-31-5-25-18-27-16-10-23-11-17-3-21-2-28-0,0.0016974520403891
132,calm,sparse,FairRiskAwareGreedy,32,18,0.5625,0.6370967741935484,0.6370967741935484,True,39.5,62.0,1082.472316660219,1105.8098548395692,117.52768333978116,37.52768333978116,False,126.67894195949926,True,False,0.0212053724180646,0.001126175917692,2.0,False,1.0,8.000:8.000|28.546:14.071|22.160:17.440|51.981:34.375|89.759:21.449|81.600:18.063|86.711:25.429|73.322:28.321|74.119:20.980|49.539:19.877|24.605:57.130|34.645:69.607|18.948:76.454|15.404:29.490|47.302:34.728|42.762:57.495|23.176:42.173|23.072:35.889|13.012:30.122|8.000:8.000,0-24-8-5-27-10-16-18-11-30-4-1-7-20-25-31-12-9-26-0,0.0029574029613286
132,calm,sparse,FairALNSPlanner,32,29,0.90625,0.9516129032258064,0.9516129032258064,True,59.0,62.0,1044.8935943266845,1119.6485528587486,155.10640567331552,75.10640567331552,False,138.9274652316841,True,False,0.0154361491190043,0.0005176049215662,2.0,False,1.0,8.000:8.000|15.404:29.490|13.012:30.122|23.072:35.889|23.176:42.173|24.605:57.130|18.948:76.454|34.645:69.607|37.487:67.323|42.762:57.495|46.724:52.743|50.584:54.929|61.526:69.891|74.707:91.487|76.651:65.714|68.751:62.120|64.854:50.928|82.253:40.261|84.884:34.217|86.711:25.429|89.759:21.449|81.600:18.063|80.134:14.974|74.119:20.980|73.322:28.321|51.981:34.375|47.302:34.728|49.539:19.877|28.546:14.071|22.160:17.440|8.000:8.000,0-20-26-9-12-4-7-1-32-31-28-19-6-13-3-21-2-14-17-16-27-10-23-11-18-5-25-30-24-8-0,18.415446989936758
132,calm,sparse,RAWA-RHP,32,29,0.90625,0.9516129032258064,0.9516129032258064,True,59.0,62.0,1051.779113954639,1133.6844121985998,148.22088604536157,68.22088604536157,False,138.92746523168412,True,False,0.0154361491190043,0.0005176049215662,2.0,False,1.0,8.000:8.000|22.160:17.440|28.546:14.071|49.539:19.877|47.302:34.728|51.981:34.375|73.322:28.321|74.119:20.980|80.134:14.974|81.600:18.063|89.759:21.449|86.711:25.429|84.884:34.217|82.253:40.261|64.854:50.928|68.751:62.120|76.651:65.714|74.707:91.487|61.526:69.891|50.584:54.929|46.724:52.743|42.762:57.495|37.487:67.323|34.645:69.607|18.948:76.454|24.605:57.130|23.176:42.173|23.072:35.889|13.012:30.122|15.404:29.490|8.000:8.000,0-8-24-30-25-5-18-11-23-10-27-16-17-14-2-21-3-13-6-19-28-31-32-1-7-4-12-9-26-20-0,41.24072299478576
131,severe,sparse,NearestNeighbor,32,10,0.3125,0.3565891472868217,0.0,False,23.0,64.5,1502.6154294465146,1484.6749325949386,-302.61542944651467,-382.61542944651467,True,69.6995226304144,False,True,0.0476951204870167,0.0043842768608685,2.0,True,1.0,8.000:8.000|28.501:10.464|35.551:10.505|43.784:28.854|47.399:29.349|54.628:36.154|57.084:34.554|59.415:28.904|79.888:13.469|91.720:15.445|74.706:53.199|8.000:8.000,0-13-18-8-5-27-17-1-15-4-20-0,0.0011169901117682
131,severe,sparse,ValuePerDistance,32,16,0.5,0.5116279069767442,0.0,False,33.0,64.5,1392.8075264771387,1403.2376733818553,-192.8075264771388,-272.8075264771388,True,79.48320227636809,False,True,0.2759652089416411,0.0182233605623379,2.0,True,1.0,8.000:8.000|35.551:10.505|28.501:10.464|21.570:34.431|23.003:36.059|27.937:33.135|31.262:31.394|33.949:46.614|41.175:55.296|41.277:57.438|39.228:58.771|32.586:63.479|25.982:62.565|29.425:74.612|30.037:70.482|44.153:71.176|47.468:71.027|8.000:8.000,0-18-13-12-28-3-25-9-22-23-2-7-6-26-19-24-31-0,0.0012305798009037
131,severe,sparse,WindAwareGreedy,32,8,0.25,0.2790697674418604,0.0,False,18.0,64.5,1311.7473793743468,1288.789770321162,-111.74737937434674,-191.74737937434676,True,60.73286051456282,False,True,0.091771577462373,0.0105226054091783,2.0,True,1.0,8.000:8.000|35.551:10.505|28.501:10.464|59.415:28.904|79.888:13.469|91.720:15.445|47.399:29.349|43.784:28.854|27.937:33.135|8.000:8.000,0-18-13-1-15-4-5-8-3-0,0.0008230269886553
131,severe,sparse,ReserveOnlyPlanner,32,4,0.125,0.1472868217054263,0.1472868217054263,True,9.5,64.5,981.8096189438536,1051.084280561207,218.1903810561464,138.1903810561464,False,45.39456145742923,True,False,8.47803556247584e-08,1.6956071213769522e-08,6.0,False,1.0,8.000:8.000|35.551:10.505|28.501:10.464|79.888:13.469|91.720:15.445|8.000:8.000,0-18-13-15-4-0,0.000567935174331
131,severe,sparse,FairRiskAwareGreedy,32,11,0.34375,0.4108527131782946,0.4108527131782946,True,26.5,64.5,1093.5518446685242,1132.301640337888,106.44815533147602,26.448155331476016,False,93.88956206509988,True,False,0.000803074770538,6.694132950108937e-05,2.8284271247461903,False,1.0,8.000:8.000|35.551:10.505|79.888:13.469|21.570:34.431|23.003:36.059|27.937:33.135|47.399:29.349|33.949:46.614|18.313:83.962|12.419:85.656|25.982:62.565|29.425:74.612|8.000:8.000,0-18-15-12-28-3-5-9-16-14-6-26-0,0.0013883558567613
131,severe,sparse,FairALNSPlanner,32,20,0.625,0.6821705426356589,0.6821705426356589,True,44.0,64.5,1052.5803482018218,1245.5749467139483,147.41965179817834,67.41965179817834,False,106.55748618689692,True,False,0.0272490096158144,0.0013012254400907,2.0,False,1.0,8.000:8.000|28.501:10.464|35.551:10.505|79.888:13.469|91.720:15.445|74.706:53.199|59.415:28.904|57.084:34.554|54.628:36.154|41.175:55.296|41.277:57.438|39.228:58.771|33.949:46.614|32.586:63.479|36.902:42.158|47.399:29.349|43.784:28.854|31.262:31.394|27.937:33.135|23.003:36.059|21.570:34.431|8.000:8.000,0-13-18-15-4-20-1-17-27-22-23-2-9-7-32-5-8-25-3-28-12-0,9.41235376498662
131,severe,sparse,RAWA-RHP,32,23,0.71875,0.7674418604651163,0.7674418604651163,True,49.5,64.5,999.904233290834,1201.86800221233,200.09576670916573,120.09576670916572,False,108.69573855026636,True,False,0.0405671400262466,0.0017106503160497,2.0,False,1.0,8.000:8.000|28.501:10.464|35.551:10.505|43.784:28.854|47.399:29.349|54.628:36.154|57.084:34.554|59.415:28.904|74.706:53.199|41.175:55.296|39.228:58.771|41.277:57.438|25.982:62.565|18.313:83.962|12.419:85.656|29.425:74.612|30.037:70.482|32.586:63.479|33.949:46.614|36.902:42.158|31.262:31.394|27.937:33.135|23.003:36.059|21.570:34.431|8.000:8.000,0-13-18-8-5-27-17-1-20-22-2-23-6-16-14-26-19-7-9-32-25-3-28-12-0,54.80267522507347
129,calm,cluttered,NearestNeighbor,32,31,0.96875,0.9523809523809524,0.0,False,60.0,63.0,1394.0863703580094,1386.0679831671418,-194.08637035800925,-274.0863703580093,True,167.20250645870556,False,True,0.0146678955237629,0.0004612405232324,2.0,True,1.0,8.000:8.000|21.407:25.168|32.768:18.630|45.577:18.511|52.361:18.653|53.696:24.053|41.249:27.715|25.908:46.248|19.041:44.502|21.892:52.407|36.219:51.252|34.648:57.939|37.555:61.760|42.367:60.437|54.542:59.273|60.316:50.160|67.008:70.316|66.424:73.890|76.728:60.805|90.366:58.958|87.165:24.866|85.279:14.407|67.528:24.213|51.999:78.469|55.197:83.516|48.170:88.131|44.965:85.218|40.187:83.243|39.917:79.794|40.705:76.802|34.309:95.477|32.297:96.128|8.000:8.000,0-5-32-19-20-14-30-4-15-26-24-13-16-22-1-17-25-6-2-11-27-10-29-7-8-23-18-9-31-28-3-21-0,0.0021194219589233
129,calm,cluttered,ValuePerDistance,32,30,0.9375,0.9682539682539684,0.0,False,61.0,63.0,1389.1826581416835,1394.7789164176666,-189.1826581416836,-269.18265814168365,True,167.12426933973265,False,True,0.0156416071630159,0.000507815453849,2.0,True,1.0,8.000:8.000|21.407:25.168|32.768:18.630|45.577:18.511|52.361:18.653|53.696:24.053|67.528:24.213|54.542:59.273|42.367:60.437|34.648:57.939|36.219:51.252|25.908:46.248|19.041:44.502|21.892:52.407|8.071:65.365|40.705:76.802|40.187:83.243|44.965:85.218|48.170:88.131|55.197:83.516|51.999:78.469|34.309:95.477|32.297:96.128|39.917:79.794|37.555:61.760|67.008:70.316|66.424:73.890|76.728:60.805|90.366:58.958|87.165:24.866|85.279:14.407|8.000:8.000,0-5-32-19-20-14-29-1-22-13-24-4-15-26-12-28-9-18-23-8-7-3-21-31-16-25-6-2-11-27-10-0,0.0016531429719179
129,calm,cluttered,WindAwareGreedy,32,23,0.71875,0.8095238095238095,0.0,False,51.0,63.0,1405.8875845619575,1397.0798718843307,-205.8875845619577,-285.88758456195774,True,156.48075585365902,False,True,0.0115227821764892,0.0004824381018522,2.0,True,1.0,8.000:8.000|32.768:18.630|67.528:24.213|53.696:24.053|34.648:57.939|40.705:76.802|8.071:65.365|25.908:46.248|19.041:44.502|21.892:52.407|36.219:51.252|54.542:59.273|42.367:60.437|40.187:83.243|48.170:88.131|55.197:83.516|51.999:78.469|34.309:95.477|32.297:96.128|44.965:85.218|66.424:73.890|67.008:70.316|90.366:58.958|76.728:60.805|8.000:8.000,0-32-29-14-13-28-12-4-15-26-24-1-22-9-23-8-7-3-21-18-6-25-11-2-0,0.0016921001952141
129,calm,cluttered,ReserveOnlyPlanner,32,20,0.625,0.7380952380952381,0.7380952380952381,True,46.5,63.0,1074.016544331654,1120.6707243717412,125.98345566834584,45.983455668345854,False,124.60783849169798,True,False,0.0074595621050044,0.0003562873220399,2.0,False,1.0,8.000:8.000|32.768:18.630|45.577:18.511|67.528:24.213|53.696:24.053|52.361:18.653|34.648:57.939|40.705:76.802|40.187:83.243|48.170:88.131|55.197:83.516|51.999:78.469|54.542:59.273|42.367:60.437|8.071:65.365|25.908:46.248|19.041:44.502|21.892:52.407|36.219:51.252|21.407:25.168|41.249:27.715|8.000:8.000,0-32-19-29-14-20-13-28-9-23-8-7-1-22-12-4-15-26-24-5-30-0,0.0016693209763616
129,calm,cluttered,FairRiskAwareGreedy,32,15,0.46875,0.5555555555555556,0.5555555555555556,True,35.0,63.0,1085.7620613896154,1110.431426336298,114.2379386103843,34.237938610384305,False,122.23050106180987,True,False,0.0100408850295209,0.0006299836251051,2.0,False,1.0,8.000:8.000|32.768:18.630|67.528:24.213|53.696:24.053|34.648:57.939|8.071:65.365|40.705:76.802|40.187:83.243|54.542:59.273|21.407:25.168|45.577:18.511|52.361:18.653|19.041:44.502|21.892:52.407|36.219:51.252|41.249:27.715|8.000:8.000,0-32-29-14-13-12-28-9-1-5-19-20-15-26-24-30-0,0.0025065618101507
129,calm,cluttered,FairALNSPlanner,32,27,0.84375,0.9047619047619048,0.9047619047619048,True,57.0,63.0,1019.1136918950727,1091.059136056768,180.8863081049273,100.88630810492732,False,134.42770280418594,True,False,0.0087397760792045,0.0003133366891645,2.0,False,1.0,8.000:8.000|32.768:18.630|45.577:18.511|52.361:18.653|53.696:24.053|67.528:24.213|90.366:58.958|76.728:60.805|66.424:73.890|67.008:70.316|54.542:59.273|42.367:60.437|34.648:57.939|36.219:51.252|37.555:61.760|40.705:76.802|39.917:79.794|40.187:83.243|44.965:85.218|48.170:88.131|55.197:83.516|51.999:78.469|34.309:95.477|32.297:96.128|8.071:65.365|21.892:52.407|25.908:46.248|19.041:44.502|8.000:8.000,0-32-19-20-14-29-11-2-6-25-1-22-13-24-16-28-31-9-18-23-8-7-3-21-12-26-4-15-0,18.39669762412086
129,calm,cluttered,RAWA-RHP,32,28,0.875,0.9365079365079364,0.9365079365079364,True,59.0,63.0,1026.6106111182974,1093.2755130984774,173.38938888170225,93.38938888170225,False,135.76692407841887,True,False,0.0184418179681223,0.0006398986946417,2.0,False,1.0,8.000:8.000|32.768:18.630|45.577:18.511|52.361:18.653|53.696:24.053|67.528:24.213|90.366:58.958|76.728:60.805|66.424:73.890|67.008:70.316|54.542:59.273|51.999:78.469|55.197:83.516|48.170:88.131|44.965:85.218|34.309:95.477|32.297:96.128|40.187:83.243|39.917:79.794|40.705:76.802|42.367:60.437|37.555:61.760|34.648:57.939|36.219:51.252|25.908:46.248|21.892:52.407|8.071:65.365|19.041:44.502|21.407:25.168|8.000:8.000,0-32-19-20-14-29-11-2-6-25-1-7-8-23-18-3-21-9-31-28-22-16-13-24-4-26-12-15-5-0,138.76705285091884
131,moderate,sparse,NearestNeighbor,32,24,0.75,0.7230769230769231,0.0,False,47.0,65.0,1504.1861086720917,1506.1855009270232,-304.18610867209145,-384.18610867209145,True,120.83444302130728,False,True,0.0739871189715012,0.0030450647611119,2.0,True,1.0,8.000:8.000|29.019:25.319|38.308:31.079|37.202:34.739|43.407:38.569|49.619:42.193|53.272:38.800|55.633:46.034|58.269:45.301|55.896:53.579|50.739:59.716|44.632:70.295|35.659:79.206|32.893:61.371|23.660:63.218|20.438:48.715|17.586:47.071|27.907:45.378|27.496:40.638|37.104:44.307|39.453:46.668|67.273:58.789|74.375:55.118|80.633:44.403|83.570:25.565|8.000:8.000,0-5-18-24-8-16-28-22-19-26-21-23-14-20-13-25-31-27-2-4-6-11-7-9-15-0,0.0019038720056414
131,moderate,sparse,ValuePerDistance,32,23,0.71875,0.7538461538461538,0.0,False,49.0,65.0,1510.6427203840062,1539.4493586471742,-310.64272038400634,-390.6427203840064,True,118.80936431835984,False,True,0.1016858563366079,0.0043830633934434,2.0,True,1.0,8.000:8.000|27.496:40.638|27.907:45.378|39.453:46.668|37.104:44.307|43.407:38.569|49.619:42.193|53.272:38.800|58.269:45.301|55.633:46.034|55.896:53.579|67.273:58.789|74.375:55.118|92.186:59.813|98.150:64.103|93.103:73.254|91.180:71.106|72.318:77.154|79.187:84.021|82.349:91.014|44.632:70.295|35.659:79.206|32.893:61.371|23.660:63.218|8.000:8.000,0-2-27-6-4-8-16-28-19-22-26-11-7-29-3-30-12-17-10-32-23-14-20-13-0,0.0014722789637744
131,moderate,sparse,WindAwareGreedy,32,19,0.59375,0.6230769230769231,0.0,False,40.5,65.0,1572.1368593026125,1612.1660079798808,-372.13685930261215,-452.13685930261215,True,115.73784841977267,False,True,0.188993659428948,0.0101097812914332,2.0,True,1.0,8.000:8.000|27.496:40.638|39.453:46.668|43.407:38.569|38.308:31.079|37.202:34.739|27.907:45.378|37.104:44.307|49.619:42.193|53.272:38.800|58.269:45.301|67.273:58.789|72.318:77.154|44.632:70.295|35.659:79.206|23.660:63.218|32.893:61.371|20.438:48.715|17.586:47.071|55.896:53.579|8.000:8.000,0-2-6-8-18-24-27-4-16-28-19-11-17-23-14-13-20-25-31-26-0,0.0014923310372978
131,moderate,sparse,ReserveOnlyPlanner,32,14,0.4375,0.4384615384615384,0.4384615384615384,True,28.5,65.0,1094.5502848434992,1151.8177389319703,105.44971515650072,25.44971515650073,False,79.16007655123683,True,False,0.063787200778781,0.0042561353729796,2.0,False,1.0,8.000:8.000|27.496:40.638|39.453:46.668|37.104:44.307|43.407:38.569|38.308:31.079|37.202:34.739|27.907:45.378|20.438:48.715|17.586:47.071|23.660:63.218|35.659:79.206|44.632:70.295|50.739:59.716|29.019:25.319|8.000:8.000,0-2-6-4-8-18-24-27-25-31-13-14-23-21-5-0,0.0013367841020226
131,moderate,sparse,FairRiskAwareGreedy,32,14,0.4375,0.5,0.5,True,32.5,65.0,963.938591144917,1012.4810502738558,236.0614088550831,156.0614088550831,False,101.9723459067069,True,False,0.0011883013931284,7.92515086540139e-05,2.8284271247461903,False,1.0,8.000:8.000|27.496:40.638|39.453:46.668|43.407:38.569|38.308:31.079|63.723:13.533|72.318:77.154|67.273:58.789|44.632:70.295|27.907:45.378|37.104:44.307|53.272:38.800|49.619:42.193|29.019:25.319|37.202:34.739|8.000:8.000,0-2-6-8-18-1-17-11-23-27-4-28-16-5-24-0,0.0020451110322028
131,moderate,sparse,FairALNSPlanner,32,26,0.8125,0.8384615384615385,0.8384615384615385,True,54.5,65.0,1046.675756703141,1216.3118240622257,153.32424329685932,73.32424329685932,False,127.61299920977314,True,False,0.0354818940655892,0.0013275416610689,2.0,False,1.0,8.000:8.000|27.496:40.638|27.907:45.378|37.104:44.307|39.453:46.668|35.659:79.206|44.632:70.295|72.318:77.154|79.187:84.021|82.349:91.014|93.103:73.254|91.180:71.106|98.150:64.103|92.186:59.813|80.633:44.403|74.375:55.118|55.896:53.579|50.739:59.716|67.273:58.789|55.633:46.034|58.269:45.301|53.272:38.800|49.619:42.193|43.407:38.569|38.308:31.079|37.202:34.739|29.019:25.319|8.000:8.000,0-2-27-4-6-14-23-17-10-32-30-12-3-29-9-7-26-21-11-22-19-28-16-8-18-24-5-0,14.666963565861806
131,moderate,sparse,RAWA-RHP,32,25,0.78125,0.8076923076923077,0.8076923076923077,True,52.5,65.0,1051.367487548426,1183.3688377476378,148.63251245157403,68.63251245157403,False,123.41189874292016,True,False,0.0892268060278601,0.0035575783748677,2.0,False,1.0,8.000:8.000|63.723:13.533|38.308:31.079|37.202:34.739|43.407:38.569|49.619:42.193|53.272:38.800|58.269:45.301|55.633:46.034|55.896:53.579|67.273:58.789|74.375:55.118|92.186:59.813|98.150:64.103|93.103:73.254|91.180:71.106|72.318:77.154|44.632:70.295|50.739:59.716|39.453:46.668|37.104:44.307|27.907:45.378|20.438:48.715|17.586:47.071|27.496:40.638|29.019:25.319|8.000:8.000,0-1-18-24-8-16-28-19-22-26-11-7-29-3-30-12-17-23-21-6-4-27-25-31-2-5-0,75.95362365897745
130,calm,cluttered,NearestNeighbor,32,30,0.9375,0.9482758620689656,0.0,False,55.0,58.0,1364.9944434032466,1361.2757027819775,-164.99444340324678,-244.9944434032468,True,157.83122001580406,False,True,0.0768322825794788,0.0025657601717624,2.0,True,1.0,8.000:8.000|28.422:19.538|34.582:32.384|46.492:17.095|47.559:15.130|59.529:9.184|65.503:15.950|78.047:15.392|82.928:23.186|84.906:25.528|78.769:46.000|81.400:48.371|77.518:55.247|70.358:48.681|59.011:39.148|51.859:44.382|63.770:62.977|58.870:78.760|53.173:79.433|44.498:70.297|34.653:64.996|26.407:83.509|23.983:83.865|18.421:87.921|33.336:87.531|44.128:90.658|57.213:93.873|74.520:93.324|83.344:87.298|81.401:82.724|81.606:65.282|8.000:8.000,0-19-32-16-25-22-3-31-1-26-29-11-30-23-6-20-13-9-17-27-18-28-15-10-2-14-8-12-4-5-7-0,0.0020949859172105
130,calm,cluttered,ValuePerDistance,32,26,0.8125,0.8706896551724138,0.0,False,50.5,58.0,1326.730137004245,1335.1301409312186,-126.73013700424528,-206.73013700424528,True,148.34876954919267,False,True,0.0704952402916815,0.0026924087238232,2.0,True,1.0,8.000:8.000|28.422:19.538|34.582:32.384|47.559:15.130|46.492:17.095|59.529:9.184|65.503:15.950|82.928:23.186|84.906:25.528|78.047:15.392|70.358:48.681|77.518:55.247|81.606:65.282|81.401:82.724|83.344:87.298|74.520:93.324|57.213:93.873|53.173:79.433|58.870:78.760|44.498:70.297|34.653:64.996|26.407:83.509|23.983:83.865|18.421:87.921|33.336:87.531|44.128:90.658|63.770:62.977|8.000:8.000,0-19-32-25-16-22-3-1-26-31-23-30-7-5-4-12-8-17-9-27-18-28-15-10-2-14-13-0,0.0014987660106271
130,calm,cluttered,WindAwareGreedy,32,17,0.53125,0.646551724137931,0.0,False,37.5,58.0,1306.3481088007868,1307.4176223399097,-106.34810880078687,-186.3481088007869,True,134.17674931771288,False,True,0.0598786783177966,0.0034135117868883,2.0,True,1.0,8.000:8.000|28.422:19.538|47.559:15.130|82.928:23.186|70.358:48.681|81.401:82.724|74.520:93.324|57.213:93.873|53.173:79.433|44.498:70.297|34.582:32.384|59.529:9.184|65.503:15.950|46.492:17.095|59.011:39.148|51.859:44.382|26.407:83.509|12.793:66.323|8.000:8.000,0-19-25-1-23-5-12-8-17-27-32-22-3-16-6-20-28-24-0,0.0013959479983896
130,calm,cluttered,ReserveOnlyPlanner,32,17,0.53125,0.6637931034482759,0.6637931034482759,True,38.5,58.0,1115.0721964221912,1143.9919681245178,84.92780357780885,4.927803577808845,False,116.27228930563274,True,False,0.0561938769725738,0.0031985261828657,2.0,False,1.0,8.000:8.000|28.422:19.538|47.559:15.130|46.492:17.095|59.529:9.184|65.503:15.950|82.928:23.186|70.358:48.681|59.011:39.148|34.582:32.384|44.498:70.297|53.173:79.433|57.213:93.873|74.520:93.324|81.401:82.724|83.344:87.298|81.606:65.282|77.518:55.247|8.000:8.000,0-19-25-16-22-3-1-23-6-32-27-17-8-12-5-4-7-30-0,0.0015024330932646
130,calm,cluttered,FairRiskAwareGreedy,32,11,0.34375,0.4310344827586206,0.4310344827586206,True,25.0,58.0,1037.7289579711062,1058.860578779697,162.2710420288939,82.2710420288939,False,114.22645817594558,True,False,0.0078639122792871,0.0006569588160563,2.0,False,1.0,8.000:8.000|47.559:15.130|82.928:23.186|59.529:9.184|70.358:48.681|28.422:19.538|34.582:32.384|57.213:93.873|44.498:70.297|53.173:79.433|58.870:78.760|12.793:66.323|8.000:8.000,0-25-1-22-23-19-32-8-27-17-9-24-0,0.0016045121010392
130,calm,cluttered,FairALNSPlanner,32,26,0.8125,0.8793103448275862,0.8793103448275862,True,51.0,58.0,1039.931530469647,1113.4626523207012,160.0684695303528,80.06846953035279,False,134.8716768929466,True,False,0.0344770720549549,0.0012958368780769,2.0,False,1.0,8.000:8.000|47.559:15.130|46.492:17.095|59.529:9.184|65.503:15.950|78.047:15.392|82.928:23.186|84.906:25.528|59.011:39.148|70.358:48.681|77.518:55.247|81.606:65.282|81.401:82.724|83.344:87.298|88.454:96.189|74.520:93.324|57.213:93.873|44.128:90.658|33.336:87.531|23.983:83.865|26.407:83.509|53.173:79.433|58.870:78.760|44.498:70.297|34.653:64.996|34.582:32.384|28.422:19.538|8.000:8.000,0-25-16-22-3-31-1-26-6-23-30-7-5-4-21-12-8-14-2-15-28-17-9-27-18-32-19-0,16.369802155997604
130,calm,cluttered,RAWA-RHP,32,27,0.84375,0.8879310344827587,0.8879310344827587,True,51.5,58.0,1041.9332141287744,1127.1059271441898,158.0667858712255,78.0667858712255,False,137.09702246471028,True,False,0.0688895896250745,0.0025360093735409,2.0,False,1.0,8.000:8.000|28.422:19.538|34.582:32.384|34.653:64.996|44.498:70.297|23.983:83.865|26.407:83.509|33.336:87.531|44.128:90.658|58.870:78.760|53.173:79.433|57.213:93.873|74.520:93.324|88.454:96.189|83.344:87.298|81.401:82.724|81.606:65.282|77.518:55.247|70.358:48.681|81.400:48.371|78.769:46.000|82.928:23.186|84.906:25.528|78.047:15.392|65.503:15.950|59.529:9.184|46.492:17.095|47.559:15.130|8.000:8.000,0-19-32-18-27-15-28-2-14-9-17-8-12-21-4-5-7-30-23-11-29-1-26-31-3-22-16-25-0,118.50343304686248
132,severe,sparse,NearestNeighbor,32,22,0.6875,0.6821705426356589,0.0,False,44.0,64.5,2129.8392035267725,2127.276530319153,-929.8392035267728,-1009.8392035267728,True,120.14595252314956,False,True,0.2121394815289845,0.0099520810965958,2.0,True,1.0,8.000:8.000|29.044:31.944|38.514:30.538|37.435:37.640|34.884:51.929|40.244:60.352|53.010:55.631|58.743:50.859|65.625:42.820|65.282:59.289|70.187:58.106|59.792:71.492|56.517:71.486|50.495:82.470|49.258:89.508|42.658:84.656|40.915:82.293|32.517:89.947|26.806:80.060|60.573:85.176|62.350:82.668|73.085:84.504|74.690:91.513|8.000:8.000,0-20-19-11-1-30-26-17-27-14-13-9-10-4-8-15-18-3-7-6-24-21-23-0,0.0017941158730536
132,severe,sparse,ValuePerDistance,32,19,0.59375,0.6124031007751938,0.0,False,39.5,64.5,1779.4740534856228,1794.1355783210092,-579.4740534856229,-659.4740534856229,True,103.2817966353373,False,True,0.1062817901600104,0.0054259944925043,2.0,True,1.0,8.000:8.000|29.044:31.944|38.514:30.538|37.435:37.640|53.010:55.631|58.743:50.859|65.282:59.289|70.187:58.106|59.792:71.492|56.517:71.486|62.350:82.668|60.573:85.176|50.495:82.470|40.915:82.293|42.658:84.656|32.517:89.947|26.806:80.060|40.244:60.352|34.884:51.929|65.625:42.820|8.000:8.000,0-20-19-11-26-17-14-13-9-10-24-6-4-18-15-3-7-30-1-27-0,0.0012587248347699
132,severe,sparse,WindAwareGreedy,32,16,0.5,0.6124031007751938,0.0,False,39.5,64.5,1827.698748102366,1815.5299335264272,-627.6987481023659,-707.6987481023659,True,99.33131744937704,False,True,0.3065397753269481,0.0205962742871084,2.0,True,1.0,8.000:8.000|29.044:31.944|38.514:30.538|37.435:37.640|53.010:55.631|59.792:71.492|62.350:82.668|60.573:85.176|50.495:82.470|40.915:82.293|40.244:60.352|21.910:46.974|23.255:38.945|46.525:19.321|55.321:24.866|74.751:13.935|67.916:23.620|8.000:8.000,0-20-19-11-26-9-24-6-4-18-30-29-25-31-12-5-16-0,0.0013555269688367
132,severe,sparse,ReserveOnlyPlanner,32,10,0.3125,0.3798449612403101,0.3798449612403101,True,24.5,64.5,1093.7669690819191,1183.9681664432778,106.23303091808054,26.233030918080544,False,64.06010370020559,True,False,0.0250735874956073,0.0022797672527226,2.0,False,1.0,8.000:8.000|29.044:31.944|38.514:30.538|37.435:37.640|53.010:55.631|59.792:71.492|62.350:82.668|60.573:85.176|50.495:82.470|42.658:84.656|21.910:46.974|8.000:8.000,0-20-19-11-26-9-24-6-4-15-29-0,0.0010170140303671
132,severe,sparse,FairRiskAwareGreedy,32,2,0.0625,0.0852713178294573,0.0852713178294573,True,5.5,64.5,232.0985174308345,242.2778230928298,967.9014825691656,887.9014825691656,False,20.41341191726861,True,False,5.976189221268413e-07,1.9920633712959082e-07,4.0,False,1.0,8.000:8.000|29.044:31.944|38.514:30.538|8.000:8.000,0-20-19-0,0.0005512149073183
132,severe,sparse,FairALNSPlanner,32,21,0.65625,0.6976744186046512,0.6976744186046512,True,45.0,64.5,1022.598906704122,1251.154608024685,177.4010932958784,97.4010932958784,False,111.3900434347954,True,False,0.0271236893947874,0.0012458253269387,2.0,False,1.0,8.000:8.000|38.514:30.538|29.044:31.944|46.525:19.321|55.321:24.866|77.815:28.392|67.916:23.620|65.625:42.820|58.743:50.859|40.244:60.352|40.915:82.293|42.658:84.656|50.495:82.470|49.258:89.508|60.573:85.176|62.350:82.668|59.792:71.492|56.517:71.486|53.010:55.631|34.884:51.929|21.910:46.974|23.255:38.945|8.000:8.000,0-19-20-31-12-22-16-27-17-30-18-15-4-8-6-24-9-10-26-1-29-25-0,9.558052679989489
132,severe,sparse,RAWA-RHP,32,21,0.65625,0.7209302325581395,0.7209302325581395,True,46.5,64.5,1036.308430896778,1227.6279208063686,163.6915691032219,83.6915691032219,False,109.97094696072416,True,False,0.0425431212822658,0.0019586145305279,2.0,False,1.0,8.000:8.000|46.525:19.321|55.321:24.866|77.815:28.392|67.916:23.620|70.187:58.106|65.282:59.289|59.792:71.492|56.517:71.486|73.085:84.504|74.690:91.513|62.350:82.668|60.573:85.176|50.495:82.470|49.258:89.508|42.658:84.656|40.915:82.293|40.244:60.352|53.010:55.631|37.435:37.640|38.514:30.538|29.044:31.944|8.000:8.000,0-31-12-22-16-13-14-9-10-21-23-24-6-4-8-15-18-30-26-11-19-20-0,36.66565791098401
130,calm,sparse,NearestNeighbor,32,30,0.9375,0.934959349593496,0.0,False,57.5,61.5,1273.450732952964,1286.6038464021556,-73.45073295296405,-153.45073295296405,True,151.06054499778855,False,True,0.0256109949600701,0.0008340869447597,2.0,True,1.0,8.000:8.000|10.498:17.054|28.284:19.338|32.490:13.148|35.361:14.156|61.290:14.138|76.326:28.300|67.898:43.830|61.373:51.407|58.239:54.744|59.739:56.654|54.009:52.013|61.548:67.099|59.115:73.728|69.516:61.768|73.084:55.927|80.703:75.558|84.815:92.160|44.799:75.349|40.815:72.325|40.593:69.729|38.144:69.966|34.075:63.760|31.596:65.534|27.395:63.270|22.907:74.275|12.738:65.207|24.685:47.344|35.900:39.636|50.586:36.611|57.765:35.375|8.000:8.000,0-12-19-8-6-13-31-18-23-15-28-16-1-2-7-26-21-3-30-4-25-14-17-5-20-24-32-22-9-10-27-0,0.0021045980975031
130,calm,sparse,ValuePerDistance,32,27,0.84375,0.8943089430894309,0.0,False,55.0,61.5,1317.8128883447932,1320.410717991192,-117.8128883447932,-197.8128883447932,True,150.36027359316958,False,True,0.0299477487871341,0.0010804602624744,2.0,True,1.0,8.000:8.000|10.498:17.054|35.361:14.156|32.490:13.148|28.284:19.338|35.900:39.636|50.586:36.611|57.765:35.375|67.898:43.830|61.373:51.407|58.239:54.744|59.739:56.654|54.009:52.013|40.593:69.729|40.815:72.325|35.448:82.131|35.409:79.907|34.075:63.760|31.596:65.534|27.395:63.270|24.685:47.344|61.548:67.099|59.115:73.728|69.516:61.768|73.084:55.927|80.703:75.558|84.815:92.160|76.326:28.300|8.000:8.000,0-12-6-8-19-9-10-27-18-23-15-28-16-25-4-29-11-17-5-20-22-1-2-7-26-21-3-31-0,0.0016018429305404
130,calm,sparse,WindAwareGreedy,32,23,0.71875,0.8455284552845529,0.0,False,52.0,61.5,1265.7508596830326,1269.2970396738417,-65.75085968303273,-145.75085968303273,True,138.98286785212107,False,True,0.0287511983695337,0.0012102081440945,2.0,True,1.0,8.000:8.000|10.498:17.054|35.361:14.156|61.290:14.138|76.326:28.300|59.739:56.654|58.239:54.744|40.593:69.729|35.448:82.131|40.815:72.325|34.075:63.760|35.900:39.636|50.586:36.611|57.765:35.375|67.898:43.830|61.373:51.407|54.009:52.013|61.548:67.099|69.516:61.768|80.703:75.558|84.815:92.160|59.115:73.728|27.395:63.270|24.685:47.344|8.000:8.000,0-12-6-13-31-28-15-25-29-4-17-9-10-27-18-23-16-1-7-21-3-2-20-22-0,0.001693177036941
130,calm,sparse,ReserveOnlyPlanner,32,19,0.59375,0.7398373983739838,0.7398373983739838,True,45.5,61.5,1111.2279813814796,1157.1149798629117,88.77201861852035,8.772018618520349,False,120.39286741223424,True,False,0.0422811977315572,0.0021487756986097,2.0,False,1.0,8.000:8.000|10.498:17.054|35.361:14.156|61.290:14.138|76.326:28.300|59.739:56.654|58.239:54.744|40.593:69.729|40.815:72.325|35.448:82.131|34.075:63.760|35.900:39.636|50.586:36.611|57.765:35.375|67.898:43.830|61.373:51.407|54.009:52.013|61.548:67.099|69.516:61.768|80.703:75.558|8.000:8.000,0-12-6-13-31-28-15-25-4-29-17-9-10-27-18-23-16-1-7-21-0,0.0016305500175803
130,calm,sparse,FairRiskAwareGreedy,32,16,0.5,0.6422764227642277,0.6422764227642277,True,39.5,61.5,1096.0737019389912,1119.5973177612525,103.92629806100872,23.92629806100871,False,128.0096631514637,True,False,2.1994437937600253e-08,1.2937904734483854e-09,2.8284271247461903,False,1.0,8.000:8.000|35.361:14.156|10.498:17.054|40.593:69.729|59.739:56.654|58.239:54.744|34.075:63.760|40.815:72.325|35.448:82.131|80.703:75.558|76.326:28.300|61.290:14.138|67.898:43.830|57.765:35.375|50.586:36.611|35.900:39.636|54.009:52.013|8.000:8.000,0-6-12-25-28-15-17-4-29-21-31-13-18-27-10-9-16-0,0.0022603659890592
130,calm,sparse,FairALNSPlanner,32,29,0.90625,0.951219512195122,0.951219512195122,True,58.5,61.5,1048.173980391536,1134.531574527903,151.8260196084642,71.82601960846421,False,139.6667887836235,True,False,0.0333572331786926,0.0011275807199142,2.0,False,1.0,8.000:8.000|32.490:13.148|35.361:14.156|61.290:14.138|76.326:28.300|57.765:35.375|50.586:36.611|67.898:43.830|61.373:51.407|54.009:52.013|58.239:54.744|59.739:56.654|69.516:61.768|73.084:55.927|80.703:75.558|84.815:92.160|61.548:67.099|59.115:73.728|44.799:75.349|35.409:79.907|35.448:82.131|40.815:72.325|40.593:69.729|38.144:69.966|34.075:63.760|31.596:65.534|27.395:63.270|24.685:47.344|35.900:39.636|10.498:17.054|8.000:8.000,0-8-6-13-31-27-10-18-23-16-15-28-7-26-21-3-1-2-30-11-29-4-25-14-17-5-20-22-9-12-0,19.28063614410348
130,calm,sparse,RAWA-RHP,32,30,0.9375,0.967479674796748,0.967479674796748,True,59.5,61.5,1047.1895943436136,1124.788613191951,152.81040565638622,72.81040565638622,False,142.27967116927218,True,False,0.0162443184021084,0.0005271307092064,2.0,False,1.0,8.000:8.000|10.498:17.054|24.685:47.344|27.395:63.270|31.596:65.534|34.075:63.760|38.144:69.966|40.593:69.729|40.815:72.325|35.409:79.907|35.448:82.131|44.799:75.349|59.115:73.728|61.548:67.099|84.815:92.160|80.703:75.558|73.084:55.927|69.516:61.768|59.739:56.654|58.239:54.744|61.373:51.407|54.009:52.013|35.900:39.636|50.586:36.611|57.765:35.375|67.898:43.830|76.326:28.300|61.290:14.138|35.361:14.156|32.490:13.148|28.284:19.338|8.000:8.000,0-12-22-20-5-17-14-25-4-11-29-30-2-1-3-21-26-7-28-15-23-16-9-10-27-18-31-13-6-8-19-0,142.8159777019173
133,calm,cluttered,NearestNeighbor,32,27,0.84375,0.8455882352941176,0.0,False,57.5,68.0,1368.5595778576944,1365.6576900801188,-168.55957785769465,-248.55957785769465,True,156.27541605371033,False,True,0.0146849093543036,0.0005274779665006,2.0,True,1.0,8.000:8.000|19.762:25.767|29.362:32.011|22.009:49.696|19.792:52.112|34.882:56.331|38.791:54.053|45.385:61.008|49.547:55.938|45.472:69.285|53.659:68.676|59.399:66.960|62.099:65.601|74.399:67.103|73.267:71.799|75.369:81.152|66.284:87.543|56.095:97.170|52.425:87.789|39.079:81.191|20.425:71.795|68.942:48.570|66.157:44.509|87.340:46.453|86.795:55.051|82.580:64.755|96.934:78.931|95.097:87.442|8.000:8.000,0-7-15-27-28-5-1-3-14-25-6-30-4-12-19-22-29-32-23-2-13-24-17-26-10-20-16-31-0,0.0020969619508832
133,calm,cluttered,ValuePerDistance,32,29,0.90625,0.9117647058823528,0.0,False,62.0,68.0,1219.222315987016,1224.011262253367,-19.222315987015406,-99.2223159870154,True,148.73513109145753,False,True,0.0184184100635023,0.000617626588462,2.0,True,1.0,8.000:8.000|19.792:52.112|22.009:49.696|20.425:71.795|39.079:81.191|52.425:87.789|56.095:97.170|66.284:87.543|75.369:81.152|73.267:71.799|74.399:67.103|82.580:64.755|86.795:55.051|87.340:46.453|92.468:39.476|86.498:8.845|80.044:14.949|52.511:22.057|66.157:44.509|68.942:48.570|62.099:65.601|59.399:66.960|53.659:68.676|45.472:69.285|45.385:61.008|49.547:55.938|34.882:56.331|38.791:54.053|29.362:32.011|19.762:25.767|8.000:8.000,0-28-27-13-2-23-32-29-22-19-12-20-10-26-18-8-11-9-17-24-4-30-6-25-3-14-5-1-15-7-0,0.0017240738961845
133,calm,cluttered,WindAwareGreedy,32,17,0.53125,0.6323529411764706,0.0,False,43.0,68.0,1337.4943999652155,1339.7892101636653,-137.49439996521554,-217.49439996521556,True,140.75481144828228,False,True,0.0255666294855876,0.0014355094863975,2.0,True,1.0,8.000:8.000|19.792:52.112|22.009:49.696|52.511:22.057|59.399:66.960|62.099:65.601|39.079:81.191|20.425:71.795|45.385:61.008|45.472:69.285|52.425:87.789|75.369:81.152|95.097:87.442|87.340:46.453|66.157:44.509|86.498:8.845|80.044:14.949|84.886:24.286|8.000:8.000,0-28-27-9-30-4-2-13-3-25-23-22-31-26-17-8-11-21-0,0.0014085420407354
133,calm,cluttered,ReserveOnlyPlanner,32,16,0.5,0.5735294117647058,0.5735294117647058,True,39.0,68.0,1113.998767893674,1143.877678675985,86.00123210632569,6.001232106325688,False,120.8091994022691,True,False,0.0141372777906858,0.0008351422389556,2.0,False,1.0,8.000:8.000|19.792:52.112|22.009:49.696|52.511:22.057|59.399:66.960|62.099:65.601|45.385:61.008|39.079:81.191|20.425:71.795|45.472:69.285|53.659:68.676|75.369:81.152|52.425:87.789|66.284:87.543|74.399:67.103|49.547:55.938|34.882:56.331|8.000:8.000,0-28-27-9-30-4-3-2-13-25-6-22-23-29-12-14-5-0,0.0015446441248059
133,calm,cluttered,FairRiskAwareGreedy,32,14,0.4375,0.5,0.5,True,34.0,68.0,1047.0760350613025,1062.7158590421327,152.9239649386978,72.9239649386978,False,118.15209182688014,True,False,0.0107520733663437,0.0007194042202745,2.0,False,1.0,8.000:8.000|19.792:52.112|22.009:49.696|52.511:22.057|86.498:8.845|59.399:66.960|62.099:65.601|45.385:61.008|75.369:81.152|52.425:87.789|20.425:71.795|45.472:69.285|53.659:68.676|29.362:32.011|19.762:25.767|8.000:8.000,0-28-27-9-8-30-4-3-22-23-13-25-6-15-7-0,0.0022674100473523
133,calm,cluttered,FairALNSPlanner,32,25,0.78125,0.8382352941176471,0.8382352941176471,True,57.0,68.0,1056.1844140279736,1139.1183638451414,143.8155859720262,63.81558597202621,False,134.3528497165755,True,False,0.0250267818628042,0.0009712733124975,2.0,False,1.0,8.000:8.000|52.511:22.057|49.547:55.938|45.385:61.008|45.472:69.285|53.659:68.676|59.399:66.960|62.099:65.601|68.942:48.570|66.157:44.509|92.468:39.476|87.340:46.453|86.795:55.051|74.399:67.103|82.580:64.755|96.934:78.931|95.097:87.442|75.369:81.152|66.284:87.543|52.425:87.789|39.079:81.191|20.425:71.795|19.792:52.112|22.009:49.696|29.362:32.011|19.762:25.767|8.000:8.000,0-9-14-3-25-6-30-4-24-17-18-26-10-12-20-16-31-22-29-23-2-13-28-27-15-7-0,15.058908011065796
133,calm,cluttered,RAWA-RHP,32,25,0.78125,0.8088235294117647,0.8088235294117647,True,55.0,68.0,1048.80587124086,1121.8592879470186,151.1941287591401,71.19412875914011,False,133.18646304724922,True,False,0.022410961831809,0.000868470073314,2.0,False,1.0,8.000:8.000|52.511:22.057|49.547:55.938|62.099:65.601|59.399:66.960|53.659:68.676|45.472:69.285|45.385:61.008|34.882:56.331|22.009:49.696|19.792:52.112|20.425:71.795|39.079:81.191|52.425:87.789|66.284:87.543|75.369:81.152|73.267:71.799|74.399:67.103|82.580:64.755|86.795:55.051|87.340:46.453|92.468:39.476|68.942:48.570|66.157:44.509|29.362:32.011|19.762:25.767|8.000:8.000,0-9-14-4-30-6-25-3-5-27-28-13-2-23-29-22-19-12-20-10-26-18-24-17-15-7-0,33.700596913928166
132,severe,cluttered,NearestNeighbor,32,22,0.6875,0.672,0.0,False,42.0,62.5,2132.944195898948,2114.554759627306,-932.944195898948,-1012.944195898948,True,120.40452795250872,False,True,0.3710463598688602,0.0194664867377179,2.0,True,1.0,8.000:8.000|16.740:24.750|18.721:31.982|12.338:36.723|23.683:39.562|29.661:26.930|30.393:21.247|38.297:17.217|46.347:25.493|51.590:32.269|39.472:31.851|37.842:29.603|34.280:57.805|28.601:62.336|31.373:71.766|39.833:72.832|41.832:71.850|48.643:69.316|57.466:83.594|74.339:92.522|78.448:84.097|79.136:81.129|87.663:91.629|8.000:8.000,0-4-29-28-17-6-23-9-26-21-12-20-13-27-25-2-14-19-8-22-31-32-7-0,0.0018140270840376
132,severe,cluttered,ValuePerDistance,32,16,0.5,0.544,0.0,False,34.0,62.5,1968.2941530294213,1984.1700624505836,-768.2941530294214,-848.2941530294214,True,101.73876018921122,False,True,0.4298523260222323,0.030587775045236,2.0,True,1.0,8.000:8.000|18.721:31.982|12.338:36.723|16.423:54.602|28.601:62.336|34.280:57.805|41.832:71.850|39.833:72.832|31.373:71.766|57.466:83.594|78.448:84.097|79.136:81.129|74.339:92.522|87.663:91.629|83.421:63.141|71.805:63.249|78.257:41.046|8.000:8.000,0-29-28-15-27-13-14-2-25-8-31-32-22-7-5-24-11-0,0.0011268029920756
132,severe,cluttered,WindAwareGreedy,32,14,0.4375,0.528,0.0,False,33.0,62.5,1816.7886163762296,1834.8800186746453,-616.7886163762298,-696.7886163762298,True,95.50913303199088,False,True,0.264923767653622,0.0198669062310491,2.0,True,1.0,8.000:8.000|18.721:31.982|12.338:36.723|16.423:54.602|34.280:57.805|41.832:71.850|39.833:72.832|57.466:83.594|78.448:84.097|79.136:81.129|74.339:92.522|87.663:91.629|80.479:32.971|78.257:41.046|59.763:42.407|8.000:8.000,0-29-28-15-13-14-2-8-31-32-22-7-3-11-16-0,0.0011956279631704
132,severe,cluttered,ReserveOnlyPlanner,32,11,0.34375,0.376,0.376,True,23.5,62.5,1078.397261507006,1226.912864538638,121.6027384929942,41.602738492994206,False,63.36393213677077,True,False,0.2374071634525546,0.0216959080337366,2.0,False,1.0,8.000:8.000|18.721:31.982|12.338:36.723|16.423:54.602|34.280:57.805|41.832:71.850|39.833:72.832|31.373:71.766|28.601:62.336|23.683:39.562|30.393:21.247|29.661:26.930|8.000:8.000,0-29-28-15-13-14-2-25-27-17-23-6-0,0.0010663860011845
132,severe,cluttered,FairRiskAwareGreedy,32,12,0.375,0.424,0.424,True,26.5,62.5,1058.040347746817,1132.2758471083614,141.9596522531829,61.959652253182895,False,99.8080901660799,True,False,0.0173813806658996,0.0013459765385794,2.0,False,1.0,8.000:8.000|18.721:31.982|46.347:25.493|12.338:36.723|16.423:54.602|41.832:71.850|28.601:62.336|34.280:57.805|16.740:24.750|30.393:21.247|29.661:26.930|39.833:72.832|31.373:71.766|8.000:8.000,0-29-26-28-15-14-27-13-4-23-6-2-25-0,0.0015296470373868
132,severe,cluttered,FairALNSPlanner,32,19,0.59375,0.576,0.576,True,36.0,62.5,1035.5208614092558,1251.6324941877929,164.47913859074438,84.47913859074438,False,105.35519772617393,True,False,0.0441718374280014,0.0022275160658831,2.0,False,1.0,8.000:8.000|30.393:21.247|29.661:26.930|37.842:29.603|39.472:31.851|51.590:32.269|67.050:32.962|68.549:35.177|46.347:25.493|18.721:31.982|16.740:24.750|12.338:36.723|16.423:54.602|28.601:62.336|39.833:72.832|31.373:71.766|41.832:71.850|48.643:69.316|59.763:42.407|38.297:17.217|8.000:8.000,0-23-6-20-12-21-30-10-26-29-4-28-15-27-2-25-14-19-16-9-0,8.559604569803923
132,severe,cluttered,RAWA-RHP,32,24,0.75,0.76,0.76,True,47.5,62.5,1049.1325152500049,1264.279697203795,150.86748474999487,70.86748474999487,False,116.22451723057571,True,False,0.063388442446018,0.0025858055499273,2.0,False,1.0,8.000:8.000|30.393:21.247|29.661:26.930|37.842:29.603|39.472:31.851|46.347:25.493|51.590:32.269|67.050:32.962|68.549:35.177|59.763:42.407|78.257:41.046|80.479:32.971|83.421:63.141|71.805:63.249|57.466:83.594|48.643:69.316|41.832:71.850|39.833:72.832|31.373:71.766|34.280:57.805|28.601:62.336|16.423:54.602|12.338:36.723|16.740:24.750|18.721:31.982|8.000:8.000,0-23-6-20-12-26-21-30-10-16-11-3-5-24-8-19-14-2-25-13-27-15-28-4-29-0,50.66317825508304
133,calm,sparse,NearestNeighbor,32,31,0.96875,0.9590163934426228,0.0,False,58.5,61.0,1354.8577323231823,1342.12420220166,-154.85773232318235,-234.85773232318235,True,162.33109849047202,False,True,0.0089771671003021,0.0002814580674109,2.0,True,1.0,8.000:8.000|22.674:20.898|21.993:26.623|28.064:16.881|36.392:22.233|33.600:25.990|34.451:30.615|30.967:35.182|38.589:49.461|31.420:57.546|44.189:60.494|48.091:42.193|61.337:47.314|69.179:47.667|68.300:53.196|75.332:43.554|83.415:40.304|78.545:33.497|79.399:28.505|74.053:22.834|69.770:23.924|63.421:26.356|56.686:9.783|52.569:10.306|46.587:19.327|44.568:23.028|19.281:51.548|12.741:57.122|11.341:66.672|48.398:79.909|51.803:77.098|76.564:91.724|8.000:8.000,0-12-25-20-29-10-1-23-32-31-18-7-4-13-6-17-24-2-28-9-21-19-27-30-8-26-22-14-3-16-5-15-0,0.002190314931795
133,calm,sparse,ValuePerDistance,32,27,0.84375,0.9098360655737704,0.0,False,55.5,61.0,1326.631082875907,1339.9503007082567,-126.63108287590671,-206.6310828759067,True,156.46829224756746,False,True,0.0143136810858727,0.000513994216278,2.0,True,1.0,8.000:8.000|28.064:16.881|36.392:22.233|33.600:25.990|34.451:30.615|30.967:35.182|38.589:49.461|31.420:57.546|19.281:51.548|12.741:57.122|11.341:66.672|44.189:60.494|48.091:42.193|75.332:43.554|83.415:40.304|74.053:22.834|69.770:23.924|63.421:26.356|52.569:10.306|56.686:9.783|46.587:19.327|44.568:23.028|69.179:47.667|68.300:53.196|82.373:58.649|76.564:91.724|51.803:77.098|48.398:79.909|8.000:8.000,0-20-29-10-1-23-32-31-22-14-3-18-7-17-24-9-21-19-30-27-8-26-13-6-11-15-5-16-0,0.0016777080018073
133,calm,sparse,WindAwareGreedy,32,21,0.65625,0.7131147540983607,0.0,False,43.5,61.0,1358.3574680407492,1358.5695321516523,-158.3574680407492,-238.3574680407492,True,150.04020904081688,False,True,0.0113006363879308,0.0005154742847275,2.0,True,1.0,8.000:8.000|28.064:16.881|52.569:10.306|36.392:22.233|38.589:49.461|19.281:51.548|30.967:35.182|34.451:30.615|74.053:22.834|69.770:23.924|75.332:43.554|44.189:60.494|31.420:57.546|48.091:42.193|46.587:19.327|44.568:23.028|33.600:25.990|22.674:20.898|21.993:26.623|12.741:57.122|11.341:66.672|48.398:79.909|8.000:8.000,0-20-30-29-32-22-23-1-9-21-17-18-31-7-8-26-10-12-25-14-3-16-0,0.0016565511468797
133,calm,sparse,ReserveOnlyPlanner,32,21,0.65625,0.7049180327868853,0.7049180327868853,True,43.0,61.0,1105.3388952131738,1140.651710264306,94.66110478682592,14.661104786825916,False,129.1048715065806,True,False,0.0084154895026071,0.0003835105821508,2.0,False,1.0,8.000:8.000|28.064:16.881|36.392:22.233|52.569:10.306|74.053:22.834|69.770:23.924|38.589:49.461|19.281:51.548|30.967:35.182|34.451:30.615|46.587:19.327|44.568:23.028|33.600:25.990|48.091:42.193|44.189:60.494|31.420:57.546|12.741:57.122|11.341:66.672|48.398:79.909|51.803:77.098|21.993:26.623|22.674:20.898|8.000:8.000,0-20-29-30-9-21-32-22-23-1-8-26-10-7-18-31-14-3-16-5-25-12-0,0.0017731860280036
133,calm,sparse,FairRiskAwareGreedy,32,19,0.59375,0.680327868852459,0.680327868852459,True,41.5,61.0,1090.4975832300147,1115.7749424103984,109.50241676998536,29.502416769985373,False,129.04059415446756,True,False,0.0077475486447862,0.0003884263493859,2.0,False,1.0,8.000:8.000|52.569:10.306|74.053:22.834|38.589:49.461|19.281:51.548|28.064:16.881|36.392:22.233|34.451:30.615|30.967:35.182|44.189:60.494|31.420:57.546|48.091:42.193|75.332:43.554|82.373:58.649|83.415:40.304|46.587:19.327|44.568:23.028|33.600:25.990|22.674:20.898|21.993:26.623|8.000:8.000,0-30-9-32-22-20-29-1-23-18-31-7-17-11-24-8-26-10-12-25-0,0.0033390279859304
133,calm,sparse,FairALNSPlanner,32,28,0.875,0.9262295081967212,0.9262295081967212,True,56.5,61.0,1053.118936374397,1132.6878181816087,146.88106362560268,66.88106362560268,False,136.92048615746688,True,False,0.0183309998234064,0.0006368295695316,2.0,False,1.0,8.000:8.000|22.674:20.898|33.600:25.990|34.451:30.615|30.967:35.182|48.091:42.193|38.589:49.461|19.281:51.548|12.741:57.122|31.420:57.546|44.189:60.494|48.398:79.909|51.803:77.098|76.564:91.724|82.373:58.649|83.415:40.304|75.332:43.554|69.179:47.667|78.545:33.497|79.399:28.505|74.053:22.834|69.770:23.924|63.421:26.356|56.686:9.783|52.569:10.306|46.587:19.327|44.568:23.028|36.392:22.233|28.064:16.881|8.000:8.000,0-12-10-1-23-7-32-22-14-31-18-16-5-15-11-24-17-13-2-28-9-21-19-27-30-8-26-29-20-0,17.934522812021896
133,calm,sparse,RAWA-RHP,32,29,0.90625,0.9344262295081968,0.9344262295081968,True,57.0,61.0,1044.9201527426778,1117.8110079432104,155.0798472573223,75.07984725732231,False,138.07648197746843,True,False,0.0158789206475039,0.0005329026713451,2.0,False,1.0,8.000:8.000|28.064:16.881|33.600:25.990|36.392:22.233|44.568:23.028|52.569:10.306|56.686:9.783|63.421:26.356|69.770:23.924|74.053:22.834|79.399:28.505|78.545:33.497|83.415:40.304|75.332:43.554|69.179:47.667|68.300:53.196|82.373:58.649|51.803:77.098|48.398:79.909|44.189:60.494|31.420:57.546|12.741:57.122|19.281:51.548|38.589:49.461|48.091:42.193|46.587:19.327|34.451:30.615|30.967:35.182|21.993:26.623|22.674:20.898|8.000:8.000,0-20-10-29-26-30-27-19-21-9-28-2-24-17-13-6-11-5-16-18-31-14-22-32-7-8-1-23-25-12-0,42.99326101690531
133,severe,cluttered,NearestNeighbor,32,12,0.375,0.3720930232558139,0.0,False,24.0,64.5,1276.1100316728232,1291.1530110784436,-76.11003167282334,-156.11003167282334,True,71.35333901401387,False,True,0.1160602103323403,0.0092952276063731,2.0,True,1.0,8.000:8.000|31.876:18.833|23.176:31.521|34.221:50.042|35.681:54.123|40.205:60.164|22.921:60.511|31.424:71.966|30.553:76.683|37.910:76.501|21.732:75.669|41.410:38.270|40.244:33.389|8.000:8.000,0-31-16-25-15-4-11-28-5-14-2-6-18-0,0.0013945668470114
133,severe,cluttered,ValuePerDistance,32,11,0.34375,0.3875968992248062,0.0,False,25.0,64.5,1398.6036108663125,1426.34528314653,-198.6036108663123,-278.6036108663123,True,75.3064262666663,False,True,0.0649416813302894,0.0054219531350358,2.0,True,1.0,8.000:8.000|40.244:33.389|41.410:38.270|43.858:42.368|45.849:41.190|48.163:40.670|51.771:41.480|59.240:34.077|69.163:18.697|82.806:19.284|80.565:31.284|96.572:59.362|8.000:8.000,0-18-6-12-3-30-20-17-1-29-19-24-0,0.0010221649426966
133,severe,cluttered,WindAwareGreedy,32,9,0.28125,0.3488372093023256,0.0,False,22.5,64.5,1389.9931396438458,1359.1510249877897,-189.99313964384592,-269.9931396438459,True,71.33524114181714,False,True,0.2799129996884364,0.0309504430692315,2.0,True,1.0,8.000:8.000|31.876:18.833|40.244:33.389|41.410:38.270|43.858:42.368|35.681:54.123|23.176:31.521|69.163:18.697|82.806:19.284|80.565:31.284|8.000:8.000,0-31-18-6-12-15-16-1-29-19-0,0.0009491350501775
133,severe,cluttered,ReserveOnlyPlanner,32,10,0.3125,0.3643410852713178,0.3643410852713178,True,23.5,64.5,1074.814020639038,1190.5861240815505,125.18597936096212,45.18597936096211,False,61.52486883010688,True,False,0.2041925699451939,0.0194310998759133,2.0,False,1.0,8.000:8.000|31.876:18.833|40.244:33.389|41.410:38.270|43.858:42.368|45.849:41.190|59.240:34.077|69.163:18.697|82.806:19.284|80.565:31.284|48.270:15.567|8.000:8.000,0-31-18-6-12-3-17-1-29-19-32-0,0.0010637410450726
133,severe,cluttered,FairRiskAwareGreedy,32,15,0.46875,0.4961240310077519,0.4961240310077519,True,32.0,64.5,1091.9059202962835,1164.0289651322378,108.09407970371616,28.09407970371616,False,105.24763352898285,True,False,0.0061155987154519,0.000383131013466,2.8284271247461903,False,1.0,8.000:8.000|40.244:33.389|41.410:38.270|43.858:42.368|59.240:34.077|48.270:15.567|31.876:18.833|45.849:41.190|48.163:40.670|51.771:41.480|85.708:66.442|52.947:88.063|31.424:71.966|35.681:54.123|22.921:60.511|34.221:50.042|8.000:8.000,0-18-6-12-17-32-31-3-30-20-21-10-28-15-11-25-0,0.0017732919659465
133,severe,cluttered,FairALNSPlanner,32,8,0.25,0.2635658914728682,0.2635658914728682,True,17.0,64.5,864.8483563506871,999.5093266118104,335.15164364931286,255.1516436493129,False,79.06216096316155,True,False,0.0422276832691845,0.0047171777522099,2.0,False,1.0,8.000:8.000|48.270:15.567|59.240:34.077|80.565:31.284|82.806:19.284|69.163:18.697|62.617:19.617|32.493:94.156|28.853:93.520|8.000:8.000,0-32-17-19-29-1-26-7-27-0,5.945637714117765
133,severe,cluttered,RAWA-RHP,32,23,0.71875,0.7364341085271318,0.7364341085271318,True,47.5,64.5,1039.5788452850925,1258.0717595651026,160.42115471490754,80.42115471490754,False,113.8852272982241,True,False,0.0870059516793128,0.0037330856946883,2.0,False,1.0,8.000:8.000|23.176:31.521|34.221:50.042|35.681:54.123|22.921:60.511|31.424:71.966|37.910:76.501|30.553:76.683|21.732:75.669|16.159:86.764|18.581:88.171|32.493:94.156|52.947:88.063|66.226:75.556|67.404:61.825|59.240:34.077|51.771:41.480|48.163:40.670|45.849:41.190|43.858:42.368|41.410:38.270|40.244:33.389|48.270:15.567|31.876:18.833|8.000:8.000,0-16-25-15-11-28-14-5-2-22-8-7-10-13-9-17-20-30-3-12-6-18-32-31-0,28.721825232962143
132,calm,cluttered,NearestNeighbor,32,30,0.9375,0.9517241379310344,0.0,False,69.0,72.5,1430.9711469929866,1436.857685100971,-230.9711469929864,-310.9711469929864,True,167.43413248679664,False,True,0.0323573809645858,0.0010586612676361,2.0,True,1.0,8.000:8.000|17.227:15.762|24.039:11.250|30.395:17.681|26.356:23.072|21.114:38.262|37.163:42.035|48.704:49.619|47.249:52.554|54.103:47.832|58.169:53.551|65.158:59.770|67.025:66.234|65.197:68.670|54.967:75.500|44.391:85.260|47.020:93.825|32.912:80.785|31.622:77.012|25.524:86.640|19.086:84.281|8.994:81.608|16.524:64.818|30.231:58.705|61.553:39.700|70.386:33.942|75.675:41.338|83.247:36.252|89.383:48.293|78.505:53.351|84.057:91.222|8.000:8.000,0-15-5-23-30-8-17-32-29-28-16-31-3-14-6-19-7-18-13-2-1-11-9-21-26-22-20-27-24-12-4-0,0.001904082018882
132,calm,cluttered,ValuePerDistance,32,29,0.90625,0.9310344827586208,0.0,False,67.5,72.5,1408.4525004581294,1409.1646437392346,-208.4525004581297,-288.45250045812963,True,163.39063835622616,False,True,0.0414988536377873,0.001409223772585,2.0,True,1.0,8.000:8.000|17.227:15.762|24.039:11.250|26.356:23.072|30.395:17.681|21.114:38.262|37.163:42.035|47.249:52.554|54.103:47.832|58.169:53.551|65.158:59.770|67.025:66.234|65.197:68.670|54.967:75.500|47.020:93.825|44.391:85.260|32.912:80.785|31.622:77.012|25.524:86.640|19.086:84.281|8.994:81.608|16.524:64.818|30.231:58.705|78.505:53.351|89.383:48.293|83.247:36.252|75.675:41.338|70.386:33.942|61.553:39.700|91.953:19.290|8.000:8.000,0-15-5-30-23-8-17-29-28-16-31-3-14-6-7-19-18-13-2-1-11-9-21-12-24-27-20-22-26-25-0,0.0017228468786925
132,calm,cluttered,WindAwareGreedy,32,22,0.6875,0.8068965517241379,0.0,False,58.5,72.5,1470.1785041727835,1477.2976669897494,-270.1785041727837,-350.1785041727837,True,159.13098522123934,False,True,0.030568620063626,0.0013455666548404,2.0,True,1.0,8.000:8.000|24.039:11.250|21.114:38.262|26.356:23.072|47.249:52.554|54.103:47.832|78.505:53.351|89.383:48.293|83.247:36.252|91.953:19.290|37.163:42.035|30.231:58.705|32.912:80.785|25.524:86.640|19.086:84.281|8.994:81.608|31.622:77.012|54.967:75.500|65.197:68.670|67.025:66.234|84.057:91.222|47.020:93.825|44.391:85.260|8.000:8.000,0-5-8-30-29-28-12-24-27-25-17-21-18-2-1-11-13-6-14-3-4-7-19-0,0.0019280889537185
132,calm,cluttered,ReserveOnlyPlanner,32,21,0.65625,0.7241379310344828,0.7241379310344828,True,52.5,72.5,1081.916790388144,1115.5884736396945,118.08320961185582,38.08320961185582,False,122.0103985159953,True,False,0.0294658237412084,0.0013555290333738,2.0,False,1.0,8.000:8.000|24.039:11.250|26.356:23.072|21.114:38.262|37.163:42.035|47.249:52.554|54.103:47.832|78.505:53.351|89.383:48.293|83.247:36.252|91.953:19.290|84.230:14.797|75.675:41.338|67.025:66.234|65.197:68.670|54.967:75.500|32.912:80.785|25.524:86.640|19.086:84.281|8.994:81.608|16.524:64.818|17.227:15.762|8.000:8.000,0-5-30-8-17-29-28-12-24-27-25-10-20-3-14-6-18-2-1-11-9-15-0,0.0021404381841421
132,calm,cluttered,FairRiskAwareGreedy,32,14,0.4375,0.496551724137931,0.496551724137931,True,36.0,72.5,1052.4280236021468,1064.380271819416,147.5719763978534,67.5719763978534,False,118.5341022866512,True,False,0.0110776594444528,0.0007410789592218,2.0,False,1.0,8.000:8.000|21.114:38.262|26.356:23.072|24.039:11.250|54.103:47.832|47.249:52.554|37.163:42.035|32.912:80.785|25.524:86.640|19.086:84.281|8.994:81.608|30.231:58.705|31.622:77.012|17.227:15.762|16.524:64.818|8.000:8.000,0-8-30-5-28-29-17-18-2-1-11-21-13-15-9-0,0.0024687629193067
132,calm,cluttered,FairALNSPlanner,32,23,0.71875,0.8137931034482758,0.8137931034482758,True,59.0,72.5,1065.384649148889,1142.4339195162856,134.6153508511115,54.61535085111149,False,131.7322592349365,True,False,0.016541840820527,0.0006928838660516,2.0,False,1.0,8.000:8.000|17.227:15.762|21.114:38.262|30.231:58.705|31.622:77.012|8.994:81.608|19.086:84.281|25.524:86.640|32.912:80.785|44.391:85.260|54.967:75.500|65.197:68.670|65.158:59.770|67.025:66.234|84.057:91.222|89.383:48.293|83.247:36.252|78.505:53.351|58.169:53.551|54.103:47.832|47.249:52.554|37.163:42.035|26.356:23.072|24.039:11.250|8.000:8.000,0-15-8-21-13-11-1-2-18-19-6-14-31-3-4-24-27-12-16-28-29-17-30-5-0,14.647163104033098
132,calm,cluttered,RAWA-RHP,32,28,0.875,0.8896551724137931,0.8896551724137931,True,64.5,72.5,1009.6680176539404,1094.3679363296606,190.33198234606013,110.33198234606012,False,133.9143947972887,True,False,0.0095114439256093,0.0003290069666134,2.0,False,1.0,8.000:8.000|24.039:11.250|30.395:17.681|26.356:23.072|37.163:42.035|48.704:49.619|47.249:52.554|54.103:47.832|61.553:39.700|70.386:33.942|83.247:36.252|89.383:48.293|78.505:53.351|58.169:53.551|65.158:59.770|67.025:66.234|65.197:68.670|54.967:75.500|47.020:93.825|44.391:85.260|32.912:80.785|31.622:77.012|25.524:86.640|19.086:84.281|8.994:81.608|16.524:64.818|30.231:58.705|21.114:38.262|17.227:15.762|8.000:8.000,0-5-23-30-17-32-29-28-26-22-27-24-12-16-31-3-14-6-7-19-18-13-2-1-11-9-21-8-15-0,83.19122518994845
131,calm,sparse,NearestNeighbor,32,32,1.0,1.0,0.0,False,64.5,64.5,1341.9629065474155,1335.4657083465208,-141.96290654741574,-221.9629065474157,True,162.57995221457776,False,True,0.0070477550777885,0.0002141710180104,2.0,True,1.0,8.000:8.000|21.799:30.764|27.924:35.941|31.126:30.313|33.872:30.643|37.971:27.957|44.327:24.324|50.838:29.474|53.857:27.136|44.460:40.619|41.323:44.508|44.162:50.946|35.450:55.262|35.567:58.397|46.089:65.361|51.147:58.271|35.142:77.010|37.952:79.930|32.590:83.277|26.153:83.068|20.527:80.236|19.503:74.013|28.145:43.964|60.891:81.900|68.487:77.390|82.571:87.230|89.808:93.124|81.501:61.073|83.968:50.886|93.773:36.026|87.028:31.872|84.791:29.262|76.615:21.544|8.000:8.000,0-29-21-23-18-13-27-5-26-2-16-4-6-8-7-31-12-14-30-11-10-22-25-1-17-9-28-32-15-20-24-3-19-0,0.0021882141008973
131,calm,sparse,ValuePerDistance,32,28,0.875,0.9224806201550388,0.0,False,59.5,64.5,1301.5199960692448,1297.7164242486376,-101.51999606924495,-181.51999606924497,True,153.40194829121864,False,True,0.0064921495906397,0.0002242808466753,2.0,True,1.0,8.000:8.000|27.924:35.941|21.799:30.764|28.145:43.964|44.162:50.946|44.460:40.619|41.323:44.508|50.838:29.474|53.857:27.136|37.971:27.957|33.872:30.643|31.126:30.313|44.327:24.324|76.615:21.544|84.791:29.262|87.028:31.872|93.773:36.026|83.968:50.886|81.501:61.073|68.487:77.390|82.571:87.230|89.808:93.124|46.089:65.361|37.952:79.930|32.590:83.277|26.153:83.068|20.527:80.236|19.503:74.013|35.450:55.262|8.000:8.000,0-21-29-25-4-2-16-5-26-13-18-23-27-19-3-24-20-15-32-17-9-28-7-14-30-11-10-22-6-0,0.0017014578916132
131,calm,sparse,WindAwareGreedy,32,21,0.65625,0.8062015503875969,0.0,False,52.0,64.5,1299.637199583599,1308.0166826266072,-99.6371995835993,-179.63719958359928,True,142.80297596716036,False,True,0.0126803992502102,0.0005785650510422,2.0,True,1.0,8.000:8.000|27.924:35.941|44.162:50.946|46.089:65.361|37.952:79.930|32.590:83.277|20.527:80.236|19.503:74.013|28.145:43.964|21.799:30.764|37.971:27.957|50.838:29.474|76.615:21.544|84.791:29.262|93.773:36.026|83.968:50.886|68.487:77.390|82.571:87.230|81.501:61.073|44.460:40.619|35.450:55.262|35.567:58.397|8.000:8.000,0-21-4-7-14-30-10-22-25-29-13-5-19-3-20-15-17-9-32-2-6-8-0,0.0016424120403826
131,calm,sparse,ReserveOnlyPlanner,32,19,0.59375,0.7054263565891473,0.7054263565891473,True,45.5,64.5,1100.7151456702652,1138.1300718755026,99.28485432973476,19.28485432973477,False,122.56859629924313,True,False,0.016625645333165,0.0008362698926516,2.0,False,1.0,8.000:8.000|27.924:35.941|21.799:30.764|37.971:27.957|50.838:29.474|44.162:50.946|46.089:65.361|37.952:79.930|32.590:83.277|20.527:80.236|19.503:74.013|28.145:43.964|44.460:40.619|76.615:21.544|84.791:29.262|93.773:36.026|83.968:50.886|81.501:61.073|53.857:27.136|44.327:24.324|8.000:8.000,0-21-29-13-5-4-7-14-30-10-22-25-2-19-3-20-15-32-26-27-0,0.0016544200479984
131,calm,sparse,FairRiskAwareGreedy,32,16,0.5,0.6744186046511628,0.6744186046511628,True,43.5,64.5,1090.2556856136737,1111.9073385930394,109.74431438632617,29.744314386326156,False,126.39707299283344,True,False,0.0058454490909121,0.0003443109722212,2.0,False,1.0,8.000:8.000|27.924:35.941|44.162:50.946|46.089:65.361|37.952:79.930|32.590:83.277|20.527:80.236|19.503:74.013|50.838:29.474|76.615:21.544|84.791:29.262|68.487:77.390|82.571:87.230|83.968:50.886|93.773:36.026|37.971:27.957|21.799:30.764|8.000:8.000,0-21-4-7-14-30-10-22-5-19-3-17-9-15-20-13-29-0,0.0027421009726822
131,calm,sparse,FairALNSPlanner,32,28,0.875,0.8992248062015504,0.8992248062015504,True,58.0,64.5,1037.3052746485143,1118.2879568063993,162.69472535148537,82.69472535148537,False,138.1644513128613,True,False,0.0200929015452108,0.0006980085327683,2.0,False,1.0,8.000:8.000|31.126:30.313|33.872:30.643|37.971:27.957|44.327:24.324|53.857:27.136|50.838:29.474|44.460:40.619|41.323:44.508|44.162:50.946|76.615:21.544|84.791:29.262|87.028:31.872|93.773:36.026|83.968:50.886|81.501:61.073|82.571:87.230|68.487:77.390|37.952:79.930|35.142:77.010|20.527:80.236|32.590:83.277|26.153:83.068|19.503:74.013|35.567:58.397|35.450:55.262|28.145:43.964|27.924:35.941|21.799:30.764|8.000:8.000,0-23-18-13-27-26-5-2-16-4-19-3-24-20-15-32-9-17-14-12-10-30-11-22-8-6-25-21-29-0,18.060444700997323
131,calm,sparse,RAWA-RHP,32,31,0.96875,0.9844961240310076,0.9844961240310076,True,63.5,64.5,1029.410606379603,1116.4140081045527,170.58939362039703,90.58939362039705,False,141.63854967781677,True,False,0.0150756198370991,0.0004736205031824,2.0,False,1.0,8.000:8.000|31.126:30.313|33.872:30.643|37.971:27.957|44.327:24.324|50.838:29.474|53.857:27.136|76.615:21.544|84.791:29.262|87.028:31.872|93.773:36.026|83.968:50.886|81.501:61.073|82.571:87.230|68.487:77.390|60.891:81.900|51.147:58.271|46.089:65.361|35.142:77.010|37.952:79.930|32.590:83.277|26.153:83.068|20.527:80.236|19.503:74.013|35.567:58.397|35.450:55.262|44.162:50.946|44.460:40.619|41.323:44.508|28.145:43.964|27.924:35.941|21.799:30.764|8.000:8.000,0-23-18-13-27-5-26-19-3-24-20-15-32-9-17-1-31-7-12-14-30-11-10-22-8-6-4-2-16-25-21-29-0,142.47818755009212
133,moderate,cluttered,NearestNeighbor,32,19,0.59375,0.5714285714285714,0.0,False,36.0,63.0,1492.6427601964165,1449.7535415425432,-292.6427601964167,-372.6427601964167,True,113.19108954424948,False,True,0.1185888145365736,0.0061873005682515,2.0,True,1.0,8.000:8.000|40.240:12.414|46.769:10.932|51.562:23.261|48.112:27.612|49.545:33.723|52.414:46.307|58.126:51.209|49.238:59.205|45.431:53.510|40.535:46.254|29.096:32.335|30.922:29.517|40.870:26.300|65.161:33.565|81.724:30.560|81.137:50.415|71.689:54.534|74.520:72.679|85.474:66.490|8.000:8.000,0-17-25-9-11-15-32-6-31-1-12-18-24-5-14-4-30-13-7-29-0,0.001723957946524
133,moderate,cluttered,ValuePerDistance,32,18,0.5625,0.5873015873015873,0.0,False,37.0,63.0,1240.75552771662,1232.0642580714054,-40.755527716620094,-120.7555277166201,True,101.2049493809277,False,True,0.1024289530066955,0.0055912578900574,2.0,True,1.0,8.000:8.000|40.240:12.414|46.769:10.932|40.870:26.300|48.112:27.612|51.562:23.261|49.545:33.723|52.414:46.307|58.126:51.209|49.238:59.205|45.431:53.510|40.535:46.254|29.096:32.335|30.922:29.517|13.116:53.525|21.968:52.972|18.102:44.576|12.414:70.062|11.321:81.482|8.000:8.000,0-17-25-5-11-9-15-32-6-31-1-12-18-24-20-26-19-10-22-0,0.0014289109967648
133,moderate,cluttered,WindAwareGreedy,32,17,0.53125,0.5873015873015873,0.0,False,37.0,63.0,1422.5130568534094,1464.7446043922123,-222.5130568534092,-302.51305685340924,True,113.31346319152792,False,True,0.1656231759022119,0.0098786380484316,2.0,True,1.0,8.000:8.000|40.240:12.414|46.769:10.932|40.870:26.300|48.112:27.612|51.562:23.261|29.096:32.335|13.116:53.525|12.414:70.062|21.968:52.972|18.102:44.576|30.922:29.517|52.414:46.307|58.126:51.209|81.724:30.560|65.161:33.565|49.545:33.723|62.709:13.873|8.000:8.000,0-17-25-5-11-9-18-20-10-26-19-24-32-6-4-14-15-3-0,0.0014556779060512
133,moderate,cluttered,ReserveOnlyPlanner,32,13,0.40625,0.4444444444444444,0.4444444444444444,True,28.0,63.0,1030.189865100496,1100.9027076674572,169.81013489950396,89.81013489950396,False,82.58835581567635,True,False,0.1758145756528931,0.0135241337010982,2.0,False,1.0,8.000:8.000|40.240:12.414|46.769:10.932|40.870:26.300|48.112:27.612|51.562:23.261|65.161:33.565|81.724:30.560|62.709:13.873|29.096:32.335|30.922:29.517|13.116:53.525|21.968:52.972|18.102:44.576|8.000:8.000,0-17-25-5-11-9-14-4-3-18-24-20-26-19-0,0.0013952809385955
133,moderate,cluttered,FairRiskAwareGreedy,32,14,0.4375,0.5317460317460317,0.5317460317460317,True,33.5,63.0,1093.0994554184724,1130.9681817313892,106.90054458152748,26.90054458152747,False,114.3759151769706,True,False,0.0029216790846831,0.0001950143905295,2.8284271247461903,False,1.0,8.000:8.000|40.240:12.414|46.769:10.932|52.414:46.307|13.116:53.525|12.414:70.062|11.321:81.482|68.349:93.190|72.839:82.440|35.512:68.995|29.096:32.335|40.870:26.300|30.922:29.517|40.535:46.254|45.431:53.510|8.000:8.000,0-17-25-32-20-10-22-28-27-16-18-5-24-12-1-0,0.0017449189908802
133,moderate,cluttered,FairALNSPlanner,32,18,0.5625,0.6190476190476191,0.6190476190476191,True,39.0,63.0,1012.926647616482,1141.6481695926573,187.07335238351789,107.07335238351789,False,115.22419298569066,True,False,0.0020723522707893,0.000109158362296,2.8284271247461903,False,1.0,8.000:8.000|13.116:53.525|18.102:44.576|12.414:70.062|21.968:52.972|35.512:68.995|68.349:93.190|72.839:82.440|85.474:66.490|81.137:50.415|71.689:54.534|81.724:30.560|65.161:33.565|49.545:33.723|52.414:46.307|40.535:46.254|29.096:32.335|30.922:29.517|40.870:26.300|8.000:8.000,0-20-19-10-26-16-28-27-29-30-13-4-14-15-32-12-18-24-5-0,8.127731451997533
133,moderate,cluttered,RAWA-RHP,32,26,0.8125,0.8412698412698413,0.8412698412698413,True,53.0,63.0,1041.903229348769,1191.4560906387155,158.09677065123134,78.09677065123134,False,128.57751902462456,True,False,0.0910725977976059,0.0034721306593633,2.0,False,1.0,8.000:8.000|18.102:44.576|21.968:52.972|13.116:53.525|12.414:70.062|11.321:81.482|34.499:90.418|39.796:90.773|68.349:93.190|71.711:80.327|72.839:82.440|85.474:66.490|81.137:50.415|71.689:54.534|58.126:51.209|52.414:46.307|49.238:59.205|45.431:53.510|40.535:46.254|29.096:32.335|30.922:29.517|40.870:26.300|48.112:27.612|49.545:33.723|51.562:23.261|46.769:10.932|40.240:12.414|8.000:8.000,0-19-26-20-10-22-8-2-28-21-27-29-30-13-6-32-31-1-12-18-24-5-11-15-9-25-17-0,63.48631752002984
132,moderate,cluttered,NearestNeighbor,32,26,0.8125,0.832,0.0,False,52.0,62.5,1586.5785010650256,1577.243762924962,-386.5785010650259,-466.5785010650259,True,127.1865168270345,False,True,0.3191366643062838,0.0137551502733842,2.0,True,1.0,8.000:8.000|15.257:16.289|16.105:21.398|17.993:28.044|22.476:29.032|29.922:25.263|30.398:17.810|26.070:13.034|38.610:25.896|42.557:32.951|36.939:42.832|22.663:50.668|21.938:57.231|31.063:72.347|30.600:74.623|53.664:52.014|52.694:44.145|64.290:40.333|69.140:34.668|78.362:42.707|75.488:52.347|72.391:58.026|87.813:52.756|89.852:36.892|84.240:32.496|82.796:24.679|78.025:15.803|8.000:8.000,0-11-32-3-9-25-4-12-24-18-21-17-5-19-16-13-6-1-7-14-23-27-22-31-15-10-26-0,0.0020299439784139
132,moderate,cluttered,ValuePerDistance,32,21,0.65625,0.776,0.0,False,48.5,62.5,1547.7097916566768,1542.4396881053412,-347.70979165667694,-427.70979165667694,True,120.9783865102026,False,True,0.3461684568570842,0.018324945169972,2.0,True,1.0,8.000:8.000|15.257:16.289|16.105:21.398|17.993:28.044|22.476:29.032|30.398:17.810|26.070:13.034|36.939:42.832|53.664:52.014|52.694:44.145|69.140:34.668|78.362:42.707|89.852:36.892|94.905:31.527|96.489:28.123|82.796:24.679|78.025:15.803|71.580:10.822|72.391:58.026|75.488:52.347|87.813:52.756|84.240:32.496|8.000:8.000,0-11-32-3-9-4-12-21-13-6-7-14-31-2-8-10-26-28-27-23-22-15-0,0.0014078950043767
132,moderate,cluttered,WindAwareGreedy,32,19,0.59375,0.728,0.0,False,45.5,62.5,1651.0587961248225,1641.6801541739678,-451.0587961248224,-531.0587961248225,True,122.45855746101884,False,True,0.2005129986625387,0.0109628512493729,2.0,True,1.0,8.000:8.000|17.993:28.044|22.476:29.032|30.398:17.810|26.070:13.034|15.257:16.289|16.105:21.398|36.939:42.832|53.664:52.014|72.391:58.026|94.905:31.527|82.796:24.679|78.025:15.803|71.580:10.822|69.140:34.668|78.362:42.707|89.852:36.892|84.240:32.496|75.488:52.347|87.813:52.756|8.000:8.000,0-3-9-4-12-11-32-21-13-27-2-10-26-28-7-14-31-15-23-22-0,0.0014777949545532
132,moderate,cluttered,ReserveOnlyPlanner,32,13,0.40625,0.528,0.528,True,33.0,62.5,1055.7594503115267,1146.792669306784,144.24054968847304,64.24054968847304,False,80.60069329803204,True,False,0.118725499525629,0.0088787740878128,2.0,False,1.0,8.000:8.000|15.257:16.289|17.993:28.044|22.476:29.032|30.398:17.810|26.070:13.034|16.105:21.398|36.939:42.832|53.664:52.014|72.391:58.026|78.362:42.707|82.796:24.679|78.025:15.803|71.580:10.822|8.000:8.000,0-11-3-9-4-12-32-21-13-27-14-10-26-28-0,0.0012542707845568
132,moderate,cluttered,FairRiskAwareGreedy,32,17,0.53125,0.568,0.568,True,35.5,62.5,1099.061275737428,1139.097923965635,100.9387242625722,20.938724262572208,False,115.85403831384636,True,False,0.0094501944821027,0.0005270840298748,2.0,False,1.0,8.000:8.000|17.993:28.044|16.105:21.398|15.257:16.289|26.070:13.034|82.796:24.679|78.025:15.803|71.580:10.822|69.140:34.668|78.362:42.707|72.391:58.026|89.852:36.892|52.694:44.145|42.557:32.951|38.610:25.896|21.938:57.231|14.812:40.427|22.663:50.668|8.000:8.000,0-3-32-11-12-10-26-28-7-14-27-31-6-18-24-5-30-17-0,0.0017764640506356
132,moderate,cluttered,FairALNSPlanner,32,2,0.0625,0.096,0.096,True,6.0,62.5,158.05691369776997,173.921824052546,1041.9430863022303,961.9430863022304,False,15.559131220876836,True,False,0.0593967951030938,0.020098341570371,2.0,False,1.0,8.000:8.000|17.993:28.044|22.476:29.032|8.000:8.000,0-3-9-0,2.120387743227184
132,moderate,cluttered,RAWA-RHP,32,26,0.8125,0.872,0.872,True,54.5,62.5,1034.592043948972,1168.5635974286597,165.40795605102795,85.40795605102795,False,125.89777876282317,True,False,0.0989550338493725,0.00382606591966,2.0,False,1.0,8.000:8.000|15.257:16.289|16.105:21.398|14.812:40.427|17.993:28.044|22.476:29.032|29.922:25.263|30.398:17.810|38.610:25.896|42.557:32.951|36.939:42.832|53.664:52.014|52.694:44.145|64.290:40.333|69.140:34.668|78.362:42.707|75.488:52.347|87.813:52.756|72.391:58.026|94.905:31.527|96.489:28.123|89.852:36.892|84.240:32.496|82.796:24.679|78.025:15.803|71.580:10.822|26.070:13.034|8.000:8.000,0-11-32-30-3-9-25-4-24-18-21-13-6-1-7-14-23-22-27-2-8-31-15-10-26-28-12-0,101.2660844870843
131,calm,cluttered,NearestNeighbor,32,30,0.9375,0.9310344827586208,0.0,False,54.0,58.0,1278.1331433220753,1271.9269110293492,-78.13314332207563,-158.13314332207565,True,153.16343755976214,False,True,0.0259420376974572,0.0008451411514856,2.0,True,1.0,8.000:8.000|21.844:15.147|16.360:23.358|23.851:26.463|36.892:17.953|52.019:11.803|56.431:32.800|51.121:40.297|55.619:56.007|70.385:52.122|71.285:44.911|72.136:42.780|69.118:30.847|75.273:63.013|89.119:71.582|62.968:74.240|64.035:79.813|59.644:86.162|54.358:81.372|47.537:85.369|52.649:96.717|55.273:97.718|56.912:95.270|32.919:74.273|25.595:70.817|27.488:67.260|19.102:70.851|19.276:62.999|18.279:57.123|15.566:47.807|30.336:53.288|8.000:8.000,0-28-26-22-17-25-27-1-7-18-32-29-20-15-5-12-8-6-30-2-21-16-10-4-13-24-14-19-11-3-9-0,0.0020816859323531
131,calm,cluttered,ValuePerDistance,32,28,0.875,0.896551724137931,0.0,False,52.0,58.0,1314.4569826212855,1302.309842706263,-114.45698262128586,-194.45698262128587,True,153.53356612368648,False,True,0.0242945324143168,0.0008461743711643,2.0,True,1.0,8.000:8.000|21.844:15.147|16.360:23.358|23.851:26.463|56.431:32.800|51.121:40.297|72.136:42.780|71.285:44.911|70.385:52.122|62.968:74.240|64.035:79.813|59.644:86.162|54.358:81.372|47.537:85.369|56.912:95.270|55.273:97.718|52.649:96.717|19.662:90.586|12.476:83.269|19.102:70.851|25.595:70.817|27.488:67.260|19.276:62.999|18.279:57.123|15.566:47.807|30.336:53.288|52.019:11.803|36.892:17.953|69.118:30.847|8.000:8.000,0-28-26-22-27-1-29-32-18-12-8-6-30-2-10-16-21-31-23-14-13-24-19-11-3-9-25-17-20-0,0.0017406870611011
131,calm,cluttered,WindAwareGreedy,32,17,0.53125,0.646551724137931,0.0,False,37.5,58.0,1264.3093573532833,1270.4663445607152,-64.3093573532833,-144.3093573532833,True,132.2486719216275,False,True,0.0503396507546394,0.002857256469033,2.0,True,1.0,8.000:8.000|21.844:15.147|23.851:26.463|56.431:32.800|72.136:42.780|62.968:74.240|59.644:86.162|64.035:79.813|89.119:71.582|51.121:40.297|52.019:11.803|16.360:23.358|36.892:17.953|19.102:70.851|18.279:57.123|25.595:70.817|19.276:62.999|15.566:47.807|8.000:8.000,0-28-22-27-29-12-6-8-5-1-25-26-17-14-11-13-19-3-0,0.0020475778728723
131,calm,cluttered,ReserveOnlyPlanner,32,19,0.59375,0.6724137931034483,0.6724137931034483,True,39.0,58.0,1114.787367443762,1156.4206221944014,85.21263255623828,5.212632556238276,False,122.47020059807576,True,False,0.0241212032357043,0.001217003659901,2.0,False,1.0,8.000:8.000|21.844:15.147|23.851:26.463|16.360:23.358|56.431:32.800|51.121:40.297|72.136:42.780|71.285:44.911|62.968:74.240|59.644:86.162|64.035:79.813|89.119:71.582|75.273:63.013|70.385:52.122|69.118:30.847|52.019:11.803|36.892:17.953|18.279:57.123|19.276:62.999|15.566:47.807|8.000:8.000,0-28-22-26-27-1-29-32-12-6-8-5-15-18-20-25-17-11-19-3-0,0.0016620808746665
131,calm,cluttered,FairRiskAwareGreedy,32,13,0.40625,0.5086206896551724,0.5086206896551724,True,29.5,58.0,1096.7661624645418,1111.8579541547442,103.23383753545804,23.23383753545805,False,120.90088032654802,True,False,0.0145556959571022,0.0010448604551917,2.0,False,1.0,8.000:8.000|23.851:26.463|56.431:32.800|62.968:74.240|59.644:86.162|19.102:70.851|18.279:57.123|16.360:23.358|72.136:42.780|51.121:40.297|52.019:11.803|21.844:15.147|19.276:62.999|15.566:47.807|8.000:8.000,0-22-27-12-6-14-11-26-29-1-25-28-19-3-0,0.0024972141254693
131,calm,cluttered,FairALNSPlanner,32,27,0.84375,0.896551724137931,0.896551724137931,True,52.0,58.0,1033.2394551144432,1109.3600131209655,166.7605448855567,86.7605448855567,False,134.4813472929981,True,False,0.0145162249539378,0.0005215123951443,2.0,False,1.0,8.000:8.000|16.360:23.358|23.851:26.463|15.566:47.807|18.279:57.123|19.276:62.999|19.662:90.586|12.476:83.269|19.102:70.851|25.595:70.817|27.488:67.260|32.919:74.273|47.537:85.369|54.358:81.372|56.912:95.270|55.273:97.718|59.644:86.162|64.035:79.813|62.968:74.240|75.273:63.013|89.119:71.582|70.385:52.122|71.285:44.911|72.136:42.780|51.121:40.297|56.431:32.800|52.019:11.803|21.844:15.147|8.000:8.000,0-26-22-3-11-19-31-23-14-13-24-4-2-30-10-16-6-8-12-15-5-18-32-29-1-27-25-28-0,17.991302049020305
131,calm,cluttered,RAWA-RHP,32,30,0.9375,0.9655172413793104,0.9655172413793104,True,56.0,58.0,1052.6270781734297,1126.9261043328315,147.37292182657046,67.37292182657046,False,140.89401320032968,True,False,0.0439711185261334,0.0014439125661766,2.0,False,1.0,8.000:8.000|21.844:15.147|36.892:17.953|52.019:11.803|51.121:40.297|56.431:32.800|69.118:30.847|72.136:42.780|71.285:44.911|70.385:52.122|75.273:63.013|89.119:71.582|62.968:74.240|64.035:79.813|54.358:81.372|59.644:86.162|56.912:95.270|55.273:97.718|52.649:96.717|47.537:85.369|19.662:90.586|12.476:83.269|19.102:70.851|25.595:70.817|32.919:74.273|27.488:67.260|19.276:62.999|18.279:57.123|15.566:47.807|23.851:26.463|16.360:23.358|8.000:8.000,0-28-17-25-1-27-20-29-32-18-15-5-12-8-30-6-10-16-21-2-31-23-14-13-4-24-19-11-3-22-26-0,152.46218440518714
133,severe,sparse,NearestNeighbor,32,17,0.53125,0.5597014925373134,0.0,False,37.5,67.0,1446.878937426849,1456.640411606998,-246.87893742684892,-326.8789374268489,True,86.40181953274684,False,True,0.3019424165595167,0.0191462437352039,2.0,True,1.0,8.000:8.000|29.238:23.449|35.019:24.011|40.350:28.218|46.113:27.944|47.097:30.212|52.844:34.193|56.490:29.548|65.302:33.673|67.511:34.239|70.918:29.073|71.010:26.916|71.571:22.992|76.416:19.465|64.637:17.754|79.667:34.124|84.316:34.452|91.120:48.919|8.000:8.000,0-18-20-9-30-6-11-3-23-8-12-29-17-24-21-10-2-32-0,0.0015808138996362
133,severe,sparse,ValuePerDistance,32,15,0.46875,0.5373134328358209,0.0,False,36.0,67.0,1321.6100355114204,1268.47320514312,-121.6100355114203,-201.6100355114203,True,77.58655580328843,False,True,0.2245390252101752,0.0152447408066857,2.0,True,1.0,8.000:8.000|35.019:24.011|40.350:28.218|46.113:27.944|47.097:30.212|52.844:34.193|67.511:34.239|65.302:33.673|71.010:26.916|70.918:29.073|71.571:22.992|64.637:17.754|76.416:19.465|79.667:34.124|84.316:34.452|58.881:52.285|8.000:8.000,0-20-9-30-6-11-8-23-29-12-17-21-24-10-2-26-0,0.0010974700562655
133,severe,sparse,WindAwareGreedy,32,15,0.46875,0.5522388059701493,0.0,False,37.0,67.0,1267.1232636219115,1279.4355722779296,-67.12326362191146,-147.12326362191146,True,78.37758164693392,False,True,0.2388478657248444,0.0163760688600008,2.0,True,1.0,8.000:8.000|35.019:24.011|40.350:28.218|46.113:27.944|52.844:34.193|67.511:34.239|71.010:26.916|64.637:17.754|71.571:22.992|70.918:29.073|65.302:33.673|79.667:34.124|84.316:34.452|58.881:52.285|37.999:37.403|29.238:23.449|8.000:8.000,0-20-9-30-11-8-29-21-17-12-23-10-2-26-1-18-0,0.0012564719654619
133,severe,sparse,ReserveOnlyPlanner,32,14,0.4375,0.4776119402985074,0.4776119402985074,True,32.0,67.0,1080.9886631207687,1216.9491161623453,119.0113368792313,39.011336879231294,False,67.23178858788229,True,False,0.1791131948411627,0.0127310705986296,2.0,False,1.0,8.000:8.000|29.238:23.449|35.019:24.011|40.350:28.218|46.113:27.944|52.844:34.193|67.511:34.239|71.010:26.916|64.637:17.754|71.571:22.992|70.918:29.073|65.302:33.673|47.097:30.212|37.999:37.403|34.543:37.618|8.000:8.000,0-18-20-9-30-11-8-29-21-17-12-23-6-1-4-0,0.0012556570582091
133,severe,sparse,FairRiskAwareGreedy,32,14,0.4375,0.5298507462686567,0.5298507462686567,True,35.5,67.0,1082.918778502742,1155.592734658601,117.081221497258,37.08122149725799,False,105.18454542275524,True,False,0.005966238538352,0.0003985625754022,2.8284271247461903,False,1.0,8.000:8.000|40.350:28.218|52.844:34.193|67.511:34.239|71.010:26.916|64.637:17.754|71.571:22.992|37.349:60.409|35.019:24.011|29.238:23.449|37.999:37.403|58.881:52.285|45.666:65.606|62.321:77.116|68.567:60.931|8.000:8.000,0-9-11-8-29-21-17-31-20-18-1-26-25-27-5-0,0.0018453230150043
133,severe,sparse,FairALNSPlanner,32,23,0.71875,0.7910447761194029,0.7910447761194029,True,53.0,67.0,1039.591238975354,1280.553336252285,160.4087610246459,80.40876102464591,False,115.52208874668312,True,False,0.0383516459129184,0.0016151791954955,2.0,False,1.0,8.000:8.000|64.637:17.754|71.571:22.992|76.416:19.465|79.667:34.124|71.010:26.916|84.316:34.452|70.918:29.073|67.511:34.239|65.302:33.673|83.459:54.040|68.567:60.931|58.881:52.285|45.666:65.606|40.924:60.348|37.349:60.409|52.844:34.193|47.097:30.212|46.113:27.944|40.350:28.218|37.999:37.403|34.543:37.618|35.019:24.011|29.238:23.449|8.000:8.000,0-21-17-24-10-29-2-12-8-23-7-5-26-25-13-31-11-6-30-9-1-4-20-18-0,12.01035589003004
133,severe,sparse,RAWA-RHP,32,24,0.75,0.8059701492537313,0.8059701492537313,True,54.0,67.0,1034.9831658419896,1254.1694084497174,165.01683415800994,85.01683415800994,False,113.6535720456292,True,False,0.0510726181046006,0.0020771532776583,2.0,False,1.0,8.000:8.000|29.238:23.449|35.019:24.011|40.350:28.218|46.113:27.944|47.097:30.212|52.844:34.193|65.302:33.673|84.316:34.452|76.416:19.465|64.637:17.754|71.571:22.992|71.010:26.916|79.667:34.124|70.918:29.073|67.511:34.239|83.459:54.040|70.637:65.310|68.567:60.931|58.881:52.285|45.666:65.606|40.924:60.348|37.349:60.409|37.999:37.403|34.543:37.618|8.000:8.000,0-18-20-9-30-6-11-23-2-24-21-17-29-10-12-8-7-14-5-26-25-13-31-1-4-0,59.40937740099616
134,severe,sparse,NearestNeighbor,32,21,0.65625,0.6666666666666666,0.0,False,40.0,60.0,2000.9655765050527,2061.1743688832507,-800.9655765050529,-880.9655765050529,True,109.21357700968726,False,True,0.0851518220484451,0.0039860981610424,2.0,True,1.0,8.000:8.000|26.743:16.640|27.989:21.421|35.325:31.905|41.291:40.150|30.154:40.603|17.260:51.138|14.649:54.061|40.364:89.168|59.596:91.509|64.922:90.154|67.038:90.417|66.077:87.114|65.555:84.243|73.225:93.857|82.748:89.828|82.699:84.892|85.215:67.017|77.162:60.790|82.140:51.228|75.569:46.749|74.287:43.888|8.000:8.000,0-21-26-16-6-10-27-28-13-5-32-31-11-15-8-1-19-17-29-3-20-4-0,0.0017197530250996
134,severe,sparse,ValuePerDistance,32,19,0.59375,0.6666666666666666,0.0,False,40.0,60.0,2140.409946987484,2139.157820946564,-940.4099469874844,-1020.4099469874844,True,107.38471277591152,False,True,0.0941833959535662,0.0048635369233476,2.0,True,1.0,8.000:8.000|26.743:16.640|27.989:21.421|35.325:31.905|41.291:40.150|30.154:40.603|69.357:40.550|74.287:43.888|75.569:46.749|82.140:51.228|85.215:67.017|82.748:89.828|73.225:93.857|67.038:90.417|64.922:90.154|59.596:91.509|65.555:84.243|66.077:87.114|40.364:89.168|64.350:58.060|8.000:8.000,0-21-26-16-6-10-18-4-20-3-17-1-8-31-32-5-15-11-13-23-0,0.0012608559336513
134,severe,sparse,WindAwareGreedy,32,18,0.5625,0.6833333333333333,0.0,False,41.0,60.0,2451.771408010517,2434.561180326844,-1251.7714080105168,-1331.7714080105168,True,116.95405122973,False,True,0.4053586167391815,0.026326168247933,2.0,True,1.0,8.000:8.000|26.743:16.640|35.325:31.905|41.291:40.150|69.357:40.550|76.407:27.232|82.013:30.463|85.145:21.119|77.184:15.249|82.140:51.228|85.215:67.017|64.922:90.154|67.038:90.417|73.225:93.857|82.748:89.828|59.596:91.509|65.555:84.243|66.077:87.114|82.699:84.892|8.000:8.000,0-21-16-6-18-30-9-25-7-3-17-32-31-8-1-5-15-11-19-0,0.0014191910158842
134,severe,sparse,ReserveOnlyPlanner,32,7,0.21875,0.2333333333333333,0.2333333333333333,True,14.0,60.0,1070.5534661307124,1113.0851949957323,129.44653386928746,49.44653386928746,False,49.33432658776205,True,False,0.1181670923092125,0.0150879260461168,2.0,False,1.0,8.000:8.000|26.743:16.640|27.989:21.421|35.325:31.905|41.291:40.150|69.357:40.550|76.407:27.232|74.728:28.470|8.000:8.000,0-21-26-16-6-18-30-24-0,0.0007619929965585
134,severe,sparse,FairRiskAwareGreedy,32,11,0.34375,0.375,0.375,True,22.5,60.0,1030.7984086581173,1081.2725098625508,169.20159134188268,89.20159134188268,False,89.16102299323066,True,False,0.0011662672568819,9.72239652606936e-05,2.8284271247461903,False,1.0,8.000:8.000|26.743:16.640|35.325:31.905|69.357:40.550|41.291:40.150|85.215:67.017|82.140:51.228|75.569:46.749|85.145:21.119|77.184:15.249|30.154:40.603|27.989:21.421|8.000:8.000,0-21-16-18-6-17-3-20-25-7-10-26-0,0.001551219029352
134,severe,sparse,FairALNSPlanner,32,16,0.5,0.5666666666666667,0.5666666666666667,True,34.0,60.0,1031.8254830988312,1187.816902569544,168.1745169011686,88.1745169011686,False,98.23051883247294,True,False,0.0056844253209826,0.000334581960703,2.8284271247461903,False,1.0,8.000:8.000|26.743:16.640|35.325:31.905|30.154:40.603|41.291:40.150|40.364:89.168|59.596:91.509|64.922:90.154|67.038:90.417|66.077:87.114|65.555:84.243|85.215:67.017|82.013:30.463|81.864:36.452|82.140:51.228|74.287:43.888|75.569:46.749|8.000:8.000,0-21-16-10-6-13-5-32-31-11-15-17-9-22-3-4-20-0,7.38765071798116
134,severe,sparse,RAWA-RHP,32,22,0.6875,0.7083333333333334,0.7083333333333334,True,42.5,60.0,1043.037544956759,1229.5025344267335,156.96245504324116,76.96245504324116,False,108.1484510907763,True,False,0.0814104698505362,0.0036378681308682,2.0,False,1.0,8.000:8.000|26.743:16.640|27.989:21.421|35.325:31.905|30.154:40.603|41.291:40.150|63.774:51.859|64.676:55.931|64.350:58.060|64.922:90.154|59.596:91.509|67.038:90.417|66.077:87.114|65.555:84.243|73.225:93.857|82.748:89.828|82.699:84.892|85.215:67.017|77.162:60.790|82.140:51.228|74.287:43.888|75.569:46.749|69.357:40.550|8.000:8.000,0-21-26-16-10-6-2-14-23-32-5-31-11-15-8-1-19-17-29-3-4-20-18-0,26.51833073515445
134,severe,cluttered,NearestNeighbor,32,19,0.59375,0.6212121212121212,0.0,False,41.0,66.0,2368.0306317161385,2311.238855330701,-1168.0306317161385,-1248.0306317161385,True,112.26713200365256,False,True,0.3447852010646158,0.0193180890129188,2.0,True,1.0,8.000:8.000|17.463:26.413|21.875:27.469|35.858:16.433|38.909:21.342|39.351:23.843|45.749:35.675|53.092:39.540|56.688:41.375|58.822:48.600|68.548:40.227|71.021:31.932|69.256:22.563|53.835:20.693|83.605:21.630|86.371:38.597|86.099:46.640|82.681:55.348|72.887:67.642|74.373:70.445|8.000:8.000,0-14-28-30-7-17-3-31-6-29-13-5-22-25-4-24-10-19-16-11-0,0.0017597500700503
134,severe,cluttered,ValuePerDistance,32,17,0.53125,0.5303030303030303,0.0,False,35.0,66.0,2059.7779391461654,2080.2306189591195,-859.7779391461653,-939.7779391461652,True,104.27984344714176,False,True,0.2175835806984861,0.0130582917292702,2.0,True,1.0,8.000:8.000|17.463:26.413|21.875:27.469|26.729:48.399|12.586:48.272|11.652:65.334|28.528:64.316|31.539:63.671|34.446:73.511|57.735:82.744|68.656:93.715|76.001:93.240|85.710:89.248|74.373:70.445|72.887:67.642|82.681:55.348|86.371:38.597|86.099:46.640|8.000:8.000,0-14-28-15-12-21-2-9-32-18-27-26-20-11-16-19-24-10-0,0.0013671331107616
134,severe,cluttered,WindAwareGreedy,32,13,0.40625,0.4772727272727273,0.0,False,31.5,66.0,2431.451104575784,2392.385102087559,-1231.451104575784,-1311.451104575784,True,107.40442887658332,False,True,0.3080881233116844,0.0247101229863804,2.0,True,1.0,8.000:8.000|38.909:21.342|39.351:23.843|53.092:39.540|56.688:41.375|69.256:22.563|86.371:38.597|83.605:21.630|82.681:55.348|86.099:46.640|57.735:82.744|74.373:70.445|72.887:67.642|68.656:93.715|8.000:8.000,0-7-17-31-6-22-24-4-19-10-18-11-16-27-0,0.0012210949789732
134,severe,cluttered,ReserveOnlyPlanner,32,8,0.25,0.2954545454545454,0.2954545454545454,True,19.5,66.0,1050.3855255796798,1134.3218353741472,149.61447442032,69.61447442032,False,51.64272427758176,True,False,0.1528275195337334,0.0178286077242629,2.0,False,1.0,8.000:8.000|38.909:21.342|39.351:23.843|53.092:39.540|56.688:41.375|58.822:48.600|68.548:40.227|69.256:22.563|53.835:20.693|8.000:8.000,0-7-17-31-6-29-13-22-25-0,0.0008702098857611
134,severe,cluttered,FairRiskAwareGreedy,32,11,0.34375,0.3787878787878788,0.3787878787878788,True,25.0,66.0,1081.6362137894953,1151.0400491536902,118.36378621050484,38.36378621050483,False,94.16497217984966,True,False,0.0045525442541203,0.000379881069788,2.0,False,1.0,8.000:8.000|38.909:21.342|39.351:23.843|35.858:16.433|45.749:35.675|12.586:48.272|11.652:65.334|29.430:91.944|34.446:73.511|57.735:82.744|69.256:22.563|71.021:31.932|8.000:8.000,0-7-17-30-3-12-21-8-32-18-22-5-0,0.0013079619966447
134,severe,cluttered,FairALNSPlanner,32,15,0.46875,0.4621212121212121,0.4621212121212121,True,30.5,66.0,1040.1342571240366,1215.1407282959162,159.86574287596372,79.86574287596372,False,95.0322215370552,True,False,0.0039016010034693,0.0002440643739261,2.0,False,1.0,8.000:8.000|35.858:16.433|38.909:21.342|39.351:23.843|45.749:35.675|12.586:48.272|11.652:65.334|29.430:91.944|68.656:93.715|57.735:82.744|47.823:74.863|30.741:81.080|34.446:73.511|31.539:63.671|21.875:27.469|17.463:26.413|8.000:8.000,0-30-7-17-3-12-21-8-27-18-23-1-32-9-28-14-0,4.409012802876532
134,severe,cluttered,RAWA-RHP,32,22,0.6875,0.7348484848484849,0.7348484848484849,True,48.5,66.0,1039.2437533363418,1230.8165728628685,160.75624666365772,80.75624666365772,False,105.97134850119896,True,False,0.1044894761451499,0.0047360976347669,2.0,False,1.0,8.000:8.000|35.858:16.433|38.909:21.342|39.351:23.843|45.749:35.675|53.092:39.540|56.688:41.375|68.548:40.227|69.256:22.563|71.021:31.932|86.371:38.597|86.099:46.640|82.681:55.348|74.373:70.445|72.887:67.642|57.735:82.744|47.823:74.863|34.446:73.511|28.528:64.316|31.539:63.671|26.729:48.399|21.875:27.469|17.463:26.413|8.000:8.000,0-30-7-17-3-31-6-13-22-5-24-10-19-11-16-18-23-32-2-9-15-28-14-0,36.85810206597671
130,moderate,sparse,NearestNeighbor,32,31,0.96875,0.9642857142857144,0.0,False,67.5,70.0,1828.4931992050424,1796.5621110120064,-628.493199205042,-708.493199205042,True,150.59908972724023,False,True,0.0899724775459155,0.0029024518653874,2.0,True,1.0,8.000:8.000|28.071:15.777|29.320:13.431|34.220:23.529|43.554:18.429|55.906:20.427|61.325:15.326|73.105:21.127|72.751:25.531|73.503:28.077|83.619:14.010|92.220:30.478|84.542:49.900|69.631:54.796|59.947:62.932|57.050:60.177|56.007:69.416|46.589:68.035|44.844:66.414|45.113:64.121|44.270:69.704|40.496:59.956|43.742:52.153|39.092:48.516|39.509:46.494|34.422:41.599|42.705:34.429|46.008:35.471|53.791:38.385|53.151:43.262|57.271:43.688|91.614:64.024|8.000:8.000,0-30-10-6-13-3-7-1-15-19-32-22-18-16-14-5-25-28-8-17-11-31-4-26-12-29-27-20-23-9-24-21-0,0.0022101860959082
130,moderate,sparse,ValuePerDistance,32,29,0.90625,0.9428571428571428,0.0,False,66.0,70.0,1679.6973910858237,1695.818927780418,-479.69739108582365,-559.6973910858237,True,143.34603284470197,False,True,0.1571428820661462,0.0055936404741652,2.0,True,1.0,8.000:8.000|29.320:13.431|28.071:15.777|34.220:23.529|43.554:18.429|55.906:20.427|61.325:15.326|73.105:21.127|72.751:25.531|73.503:28.077|92.220:30.478|84.542:49.900|69.631:54.796|53.151:43.262|53.791:38.385|46.008:35.471|42.705:34.429|39.092:48.516|39.509:46.494|43.742:52.153|40.496:59.956|45.113:64.121|44.844:66.414|46.589:68.035|44.270:69.704|56.007:69.416|59.947:62.932|57.050:60.177|98.028:56.859|91.614:64.024|8.000:8.000,0-10-30-6-13-3-7-1-15-19-22-18-16-9-23-20-27-26-12-4-31-17-8-28-11-25-14-5-2-21-0,0.0016781338490545
130,moderate,sparse,WindAwareGreedy,32,21,0.65625,0.7428571428571429,0.0,False,52.0,70.0,1721.2992748902,1724.7903974858664,-521.2992748901996,-601.2992748901996,True,127.32648322330846,False,True,0.2553558523617341,0.0130538507672327,2.0,True,1.0,8.000:8.000|29.320:13.431|28.071:15.777|55.906:20.427|73.105:21.127|53.151:43.262|40.496:59.956|46.589:68.035|44.844:66.414|45.113:64.121|43.742:52.153|39.092:48.516|39.509:46.494|53.791:38.385|46.008:35.471|42.705:34.429|43.554:18.429|34.220:23.529|61.325:15.326|92.220:30.478|84.542:49.900|69.631:54.796|8.000:8.000,0-10-30-3-1-9-31-28-8-17-4-26-12-23-20-27-13-6-7-22-18-16-0,0.0016576130874454
130,moderate,sparse,ReserveOnlyPlanner,32,15,0.46875,0.5428571428571428,0.5428571428571428,True,38.0,70.0,1081.7176458401093,1188.4403946172897,118.28235415989064,38.28235415989064,False,83.03397336933183,True,False,0.1318319174401163,0.0086814238587719,2.0,False,1.0,8.000:8.000|29.320:13.431|28.071:15.777|34.220:23.529|55.906:20.427|73.105:21.127|73.503:28.077|92.220:30.478|84.542:49.900|69.631:54.796|46.589:68.035|40.496:59.956|43.742:52.153|39.092:48.516|39.509:46.494|42.705:34.429|8.000:8.000,0-10-30-6-3-1-19-22-18-16-28-31-4-26-12-27-0,0.0013808330986648
130,moderate,sparse,FairRiskAwareGreedy,32,17,0.53125,0.5785714285714286,0.5785714285714286,True,40.5,70.0,1098.4034139612086,1152.494906459125,101.59658603879129,21.596586038791287,False,119.72559061377244,True,False,0.0024789763281481,0.0001378072744425,2.8284271247461903,False,1.0,8.000:8.000|29.320:13.431|28.071:15.777|53.151:43.262|55.906:20.427|40.496:59.956|39.092:48.516|46.589:68.035|53.791:38.385|73.105:21.127|61.325:15.326|34.220:23.529|42.705:34.429|46.008:35.471|69.631:54.796|56.007:69.416|39.509:46.494|34.422:41.599|8.000:8.000,0-10-30-9-3-31-26-28-23-1-7-6-27-20-16-25-12-29-0,0.0022912281565368
130,moderate,sparse,FairALNSPlanner,32,22,0.6875,0.7214285714285714,0.7214285714285714,True,50.5,70.0,995.4572370709734,1153.0156704000767,204.5427629290264,124.54276292902642,False,118.94178727493068,True,False,0.0434623849858986,0.0019184810945378,2.0,False,1.0,8.000:8.000|34.220:23.529|55.906:20.427|43.554:18.429|42.705:34.429|46.008:35.471|53.791:38.385|73.503:28.077|72.751:25.531|73.105:21.127|84.542:49.900|92.220:30.478|69.631:54.796|57.271:43.688|53.151:43.262|40.496:59.956|45.113:64.121|44.844:66.414|44.270:69.704|46.589:68.035|56.007:69.416|59.947:62.932|43.742:52.153|8.000:8.000,0-6-3-13-27-20-23-19-15-1-18-22-16-24-9-31-17-8-11-28-25-14-4-0,16.12203980004415
130,moderate,sparse,RAWA-RHP,32,31,0.96875,0.9714285714285714,0.9714285714285714,True,68.0,70.0,1037.787422343555,1221.6207293538969,162.21257765644532,82.21257765644532,False,138.5407250349432,True,False,0.0688160860485845,0.0022078983991743,2.0,False,1.0,8.000:8.000|34.422:41.599|39.509:46.494|39.092:48.516|43.742:52.153|40.496:59.956|45.113:64.121|44.844:66.414|44.270:69.704|46.589:68.035|56.007:69.416|57.050:60.177|59.947:62.932|69.631:54.796|92.220:30.478|98.028:56.859|91.614:64.024|84.542:49.900|73.503:28.077|72.751:25.531|73.105:21.127|61.325:15.326|55.906:20.427|57.271:43.688|53.151:43.262|53.791:38.385|42.705:34.429|46.008:35.471|43.554:18.429|34.220:23.529|28.071:15.777|29.320:13.431|8.000:8.000,0-29-12-26-4-31-17-8-11-28-25-5-14-16-22-2-21-18-19-15-1-7-3-24-9-23-27-20-13-6-30-10-0,188.56333531695415
132,moderate,sparse,NearestNeighbor,32,21,0.65625,0.6567164179104478,0.0,False,44.0,67.0,1585.3538997422756,1574.2953329746765,-385.3538997422753,-465.3538997422753,True,119.75388894715714,False,True,0.0348331423511939,0.0015943920602785,2.0,True,1.0,8.000:8.000|19.243:17.539|13.377:26.791|17.497:36.531|27.069:37.809|34.515:32.590|32.274:23.072|42.696:15.858|49.583:26.725|49.184:32.822|53.438:43.655|63.347:39.509|61.878:33.442|62.406:29.005|57.657:23.690|82.936:32.994|71.565:63.356|84.767:71.477|86.996:71.186|92.702:82.593|76.163:82.346|61.772:81.215|8.000:8.000,0-29-24-20-18-17-32-5-28-1-26-2-14-7-10-19-6-25-21-27-4-11-0,0.0018892050720751
132,moderate,sparse,ValuePerDistance,32,20,0.625,0.6791044776119403,0.0,False,45.5,67.0,1652.369553897264,1632.9768661879216,-452.369553897264,-532.369553897264,True,122.38708052762549,False,True,0.0336625962896387,0.0015369735205046,2.0,True,1.0,8.000:8.000|19.243:17.539|32.274:23.072|34.515:32.590|49.184:32.822|49.583:26.725|57.657:23.690|62.406:29.005|61.878:33.442|63.347:39.509|53.438:43.655|49.507:56.731|46.239:73.414|49.014:73.608|58.816:77.656|61.772:81.215|71.565:63.356|84.767:71.477|86.996:71.186|92.702:82.593|82.936:32.994|8.000:8.000,0-29-32-17-1-28-10-7-14-2-26-31-12-30-9-11-6-25-21-27-19-0,0.0014774950686842
132,moderate,sparse,WindAwareGreedy,32,17,0.53125,0.6343283582089553,0.0,False,42.5,67.0,1438.8460813689053,1446.412863557012,-238.8460813689052,-318.8460813689052,True,104.1503416337953,False,True,0.0812860447021398,0.0046123068874011,2.0,True,1.0,8.000:8.000|19.243:17.539|32.274:23.072|49.184:32.822|49.583:26.725|57.657:23.690|63.347:39.509|62.406:29.005|61.878:33.442|82.936:32.994|71.565:63.356|49.507:56.731|46.239:73.414|49.014:73.608|61.772:81.215|58.816:77.656|31.715:79.146|32.032:82.423|8.000:8.000,0-29-32-1-28-10-2-7-14-19-6-31-12-30-11-9-15-3-0,0.0014593808446079
132,moderate,sparse,ReserveOnlyPlanner,32,13,0.40625,0.4626865671641791,0.4626865671641791,True,31.0,67.0,1060.5848597068286,1172.333434903721,139.41514029317148,59.41514029317148,False,79.65749053007085,True,False,0.0349786923404166,0.0025034042394326,2.0,False,1.0,8.000:8.000|19.243:17.539|32.274:23.072|49.184:32.822|49.583:26.725|57.657:23.690|63.347:39.509|62.406:29.005|61.878:33.442|82.936:32.994|71.565:63.356|49.507:56.731|53.438:43.655|34.515:32.590|8.000:8.000,0-29-32-1-28-10-2-7-14-19-6-31-26-17-0,0.0012771480251103
132,moderate,sparse,FairRiskAwareGreedy,32,17,0.53125,0.6044776119402985,0.6044776119402985,True,40.5,67.0,1090.1828914366172,1131.854476632827,109.81710856338282,29.817108563382817,False,115.70354346390562,True,False,0.0051072417716832,0.0002839963934601,2.0,False,1.0,8.000:8.000|19.243:17.539|32.274:23.072|49.184:32.822|49.583:26.725|57.657:23.690|17.497:36.531|31.715:79.146|32.032:82.423|46.239:73.414|49.507:56.731|71.565:63.356|61.772:81.215|49.014:73.608|34.515:32.590|27.069:37.809|42.696:15.858|13.377:26.791|8.000:8.000,0-29-32-1-28-10-20-15-3-12-31-6-11-30-17-18-5-24-0,0.0026546369772404
132,moderate,sparse,FairALNSPlanner,32,25,0.78125,0.835820895522388,0.835820895522388,True,56.0,67.0,1056.1385577310418,1192.247364997523,143.86144226895806,63.86144226895806,False,124.46846428415024,True,False,0.0675301320586753,0.0026445780415978,2.0,False,1.0,8.000:8.000|17.497:36.531|10.874:84.732|15.512:82.038|27.500:74.464|31.880:69.232|31.715:79.146|32.032:82.423|46.239:73.414|49.014:73.608|58.816:77.656|61.772:81.215|71.565:63.356|49.507:56.731|53.438:43.655|63.347:39.509|61.878:33.442|62.406:29.005|57.657:23.690|49.583:26.725|49.184:32.822|34.515:32.590|27.069:37.809|32.274:23.072|42.696:15.858|19.243:17.539|8.000:8.000,0-20-16-8-13-22-15-3-12-30-9-11-6-31-26-2-14-7-10-28-1-17-18-32-5-29-0,15.375117352930827
132,moderate,sparse,RAWA-RHP,32,27,0.84375,0.8805970149253731,0.8805970149253731,True,59.0,67.0,1040.124762973963,1176.978261992809,159.87523702603715,79.87523702603715,False,125.56859974354768,True,False,0.0490524964097852,0.0017770939246044,2.0,False,1.0,8.000:8.000|13.377:26.791|17.497:36.531|27.069:37.809|31.880:69.232|27.500:74.464|31.715:79.146|32.032:82.423|46.239:73.414|49.014:73.608|58.816:77.656|61.772:81.215|76.163:82.346|84.767:71.477|86.996:71.186|92.702:82.593|71.565:63.356|49.507:56.731|53.438:43.655|63.347:39.509|61.878:33.442|62.406:29.005|57.657:23.690|49.583:26.725|49.184:32.822|34.515:32.590|32.274:23.072|19.243:17.539|8.000:8.000,0-24-20-18-22-13-15-3-12-30-9-11-4-25-21-27-6-31-26-2-14-7-10-28-1-17-32-29-0,117.11375969694927
134,moderate,cluttered,NearestNeighbor,32,27,0.84375,0.8278688524590164,0.0,False,50.5,61.0,1515.58793935774,1513.285772963828,-315.5879393577397,-395.5879393577397,True,146.08433193690774,False,True,0.1590311340342739,0.0060892061872071,2.0,True,1.0,8.000:8.000|18.343:10.207|27.037:22.822|22.891:27.249|33.553:18.289|36.239:18.169|46.261:23.215|45.575:25.659|45.923:45.554|50.329:46.555|38.974:61.142|35.149:68.949|41.662:70.659|37.718:84.633|39.134:88.727|29.044:80.232|21.624:88.870|19.785:57.247|29.105:61.149|24.206:43.215|68.069:34.426|79.382:28.917|77.198:25.438|78.680:19.824|71.214:16.250|86.889:15.827|94.655:25.735|90.464:27.945|8.000:8.000,0-14-5-10-4-20-22-31-9-26-27-1-2-18-17-28-15-29-3-21-8-24-12-30-6-7-25-13-0,0.0020793990697711
134,moderate,cluttered,ValuePerDistance,32,23,0.71875,0.7786885245901639,0.0,False,47.5,61.0,1535.3203075951897,1523.9278418891822,-335.32030759518955,-415.3203075951896,True,135.93709064041136,False,True,0.1350777872113071,0.0059764594920062,2.0,True,1.0,8.000:8.000|18.343:10.207|33.553:18.289|36.239:18.169|46.261:23.215|45.575:25.659|45.923:45.554|50.329:46.555|68.069:34.426|77.198:25.438|78.680:19.824|86.889:15.827|94.655:25.735|90.464:27.945|79.382:28.917|71.214:16.250|87.397:49.155|80.808:43.425|85.326:79.307|58.316:72.879|61.226:64.260|35.149:68.949|41.662:70.659|37.718:84.633|8.000:8.000,0-14-4-20-22-31-9-26-8-12-30-7-25-13-24-6-16-32-19-23-11-1-2-18-0,0.0015546509530395
134,moderate,cluttered,WindAwareGreedy,32,18,0.5625,0.6639344262295082,0.0,False,40.5,61.0,1561.2473791943623,1528.9007607959795,-361.24737919436257,-441.24737919436257,True,128.4973385278543,False,True,0.0795550536159632,0.0043283982874848,2.0,True,1.0,8.000:8.000|18.343:10.207|33.553:18.289|46.261:23.215|45.923:45.554|86.889:15.827|78.680:19.824|77.198:25.438|94.655:25.735|90.464:27.945|68.069:34.426|87.397:49.155|80.808:43.425|85.326:79.307|58.316:72.879|37.718:84.633|35.149:68.949|41.662:70.659|39.134:88.727|8.000:8.000,0-14-4-22-9-7-30-12-25-13-8-16-32-19-23-18-1-2-17-0,0.0014953911304473
134,moderate,cluttered,ReserveOnlyPlanner,32,18,0.5625,0.5737704918032787,0.5737704918032787,True,35.0,61.0,1067.58383672512,1141.5614734965652,132.41616327488015,52.41616327488015,False,101.0471499458497,True,False,0.211841834098784,0.0122597758044488,2.0,False,1.0,8.000:8.000|18.343:10.207|33.553:18.289|46.261:23.215|45.575:25.659|45.923:45.554|68.069:34.426|86.889:15.827|78.680:19.824|77.198:25.438|94.655:25.735|90.464:27.945|87.397:49.155|80.808:43.425|79.382:28.917|71.214:16.250|36.239:18.169|22.891:27.249|27.037:22.822|8.000:8.000,0-14-4-22-31-9-8-7-30-12-25-13-16-32-24-6-20-10-5-0,0.0015407348982989
134,moderate,cluttered,FairRiskAwareGreedy,32,13,0.40625,0.4672131147540984,0.4672131147540984,True,28.5,61.0,1042.950345343355,1094.5028035050227,157.04965465664503,77.04965465664503,False,118.85612322641396,True,False,0.0025906608422608,0.0001850537349412,2.0,False,1.0,8.000:8.000|46.261:23.215|86.889:15.827|33.553:18.289|18.343:10.207|22.891:27.249|45.923:45.554|68.069:34.426|87.397:49.155|94.655:25.735|77.198:25.438|78.680:19.824|36.239:18.169|71.214:16.250|8.000:8.000,0-22-7-4-14-10-9-8-16-25-12-30-20-6-0,0.0014974190853536
134,moderate,cluttered,FairALNSPlanner,32,21,0.65625,0.6967213114754098,0.6967213114754098,True,42.5,61.0,954.8910355844258,1081.2251848092951,245.10896441557412,165.10896441557415,False,115.3811720919774,True,False,0.0484364259956785,0.0022409287037459,2.0,False,1.0,8.000:8.000|22.891:27.249|27.037:22.822|33.553:18.289|36.239:18.169|46.261:23.215|45.575:25.659|68.069:34.426|80.808:43.425|85.326:79.307|61.226:64.260|58.316:72.879|39.134:88.727|37.718:84.633|41.662:70.659|35.149:68.949|29.105:61.149|19.785:57.247|24.206:43.215|50.329:46.555|45.923:45.554|18.343:10.207|8.000:8.000,0-10-5-4-20-22-31-8-32-19-11-23-17-18-2-1-3-29-21-26-9-14-0,9.886895525967702
134,moderate,cluttered,RAWA-RHP,32,25,0.78125,0.8524590163934426,0.8524590163934426,True,52.0,61.0,1058.9271145498274,1204.2118963281468,141.07288545017295,61.07288545017295,False,131.02222562914503,True,False,0.0429695500225901,0.0016817108782145,2.0,False,1.0,8.000:8.000|18.343:10.207|33.553:18.289|36.239:18.169|46.261:23.215|45.575:25.659|71.214:16.250|86.889:15.827|78.680:19.824|77.198:25.438|79.382:28.917|90.464:27.945|94.655:25.735|87.397:49.155|85.326:79.307|61.226:64.260|58.316:72.879|39.134:88.727|37.718:84.633|41.662:70.659|35.149:68.949|29.105:61.149|19.785:57.247|24.206:43.215|45.923:45.554|22.891:27.249|8.000:8.000,0-14-4-20-22-31-6-7-30-12-24-13-25-16-19-11-23-17-18-2-1-3-29-21-9-10-0,67.86486158613116
135,moderate,cluttered,NearestNeighbor,32,19,0.59375,0.5887096774193549,0.0,False,36.5,62.0,1449.4507332349954,1447.063346517266,-249.45073323499545,-329.4507332349955,True,109.06024081263212,False,True,0.1341947621796938,0.0071103231648079,2.0,True,1.0,8.000:8.000|26.429:7.553|25.254:27.638|30.142:32.169|35.483:47.357|21.833:55.995|21.847:58.347|26.815:64.957|11.238:73.887|13.838:49.536|53.383:51.445|60.984:55.640|69.062:51.084|75.128:47.451|78.759:40.283|84.336:32.609|79.288:27.923|90.973:30.909|95.211:25.883|86.143:15.943|8.000:8.000,0-8-29-19-7-15-23-30-14-6-1-25-20-27-32-18-9-3-5-11-0,0.0015658452175557
135,moderate,cluttered,ValuePerDistance,32,15,0.46875,0.5,0.0,False,31.0,62.0,1389.5530670146093,1395.63202963941,-189.55306701460967,-269.55306701460967,True,102.68640858036753,False,True,0.2160658222609373,0.0146181753801155,2.0,True,1.0,8.000:8.000|26.429:7.553|30.142:32.169|25.254:27.638|35.483:47.357|21.833:55.995|21.847:58.347|26.815:64.957|11.238:73.887|49.011:81.486|78.173:85.567|79.126:87.389|76.701:87.331|82.432:93.367|93.739:93.743|83.575:74.833|8.000:8.000,0-8-19-29-7-15-23-30-14-22-24-17-13-21-12-10-0,0.0011157761327922
135,moderate,cluttered,WindAwareGreedy,32,15,0.46875,0.5241935483870968,0.0,False,32.5,62.0,1480.564623928659,1491.0279000183573,-280.5646239286594,-360.5646239286594,True,104.84036060805994,False,True,0.1357605349213088,0.0089401008405285,2.0,True,1.0,8.000:8.000|26.429:7.553|51.281:14.132|47.552:16.357|30.142:32.169|25.254:27.638|35.483:47.357|21.833:55.995|21.847:58.347|11.238:73.887|26.815:64.957|75.128:47.451|78.759:40.283|90.973:30.909|86.143:15.943|79.288:27.923|8.000:8.000,0-8-28-31-19-29-7-15-23-14-30-27-32-3-11-9-0,0.0013092069420963
135,moderate,cluttered,ReserveOnlyPlanner,32,12,0.375,0.3629032258064516,0.3629032258064516,True,22.5,62.0,1069.3152330905075,1142.3858381219031,130.6847669094923,50.68476690949231,False,79.90957555312879,True,False,0.1229804110779935,0.0097344344711019,2.0,False,1.0,8.000:8.000|26.429:7.553|51.281:14.132|47.552:16.357|30.142:32.169|25.254:27.638|35.483:47.357|21.833:55.995|21.847:58.347|13.838:49.536|55.164:34.501|52.065:35.238|64.607:37.602|8.000:8.000,0-8-28-31-19-29-7-15-23-6-26-16-4-0,0.0012062930036336
135,moderate,cluttered,FairRiskAwareGreedy,32,14,0.4375,0.5080645161290323,0.5080645161290323,True,31.5,62.0,1018.0321234233342,1062.3013697486365,181.96787657666584,101.96787657666582,False,106.34123351625496,True,False,0.0089314151716169,0.0005970520339258,2.0,False,1.0,8.000:8.000|30.142:32.169|25.254:27.638|21.833:55.995|11.238:73.887|21.847:58.347|26.815:64.957|13.838:49.536|79.126:87.389|78.173:85.567|75.128:47.451|78.759:40.283|90.973:30.909|51.281:14.132|26.429:7.553|8.000:8.000,0-19-29-15-14-23-30-6-17-24-27-32-3-28-8-0,0.0020358120091259
135,moderate,cluttered,FairALNSPlanner,32,2,0.0625,0.0725806451612903,0.0725806451612903,True,4.5,62.0,176.9007563673308,194.58338704456608,1023.0992436326692,943.0992436326692,False,17.338640355579635,True,False,1.1530491041966684e-06,3.843498188974929e-07,4.0,False,1.0,8.000:8.000|25.254:27.638|30.142:32.169|8.000:8.000,0-29-19-0,1.5642667869105935
135,moderate,cluttered,RAWA-RHP,32,24,0.75,0.7661290322580645,0.7661290322580645,True,47.5,62.0,1054.482377074717,1193.087298989712,145.5176229252829,65.5176229252829,False,125.64328674117203,True,False,0.027923635846616,0.0011290180876016,2.0,False,1.0,8.000:8.000|25.254:27.638|30.142:32.169|47.552:16.357|51.281:14.132|79.288:27.923|90.973:30.909|84.336:32.609|78.759:40.283|75.128:47.451|69.062:51.084|83.575:74.833|78.173:85.567|79.126:87.389|82.432:93.367|76.701:87.331|66.846:77.241|64.607:37.602|55.164:34.501|52.065:35.238|35.483:47.357|26.815:64.957|21.847:58.347|21.833:55.995|13.838:49.536|8.000:8.000,0-29-19-31-28-9-3-18-32-27-20-10-24-17-21-13-2-4-26-16-7-30-23-15-6-0,42.20088951778598
136,severe,sparse,NearestNeighbor,32,24,0.75,0.75,0.0,False,48.0,64.0,1806.1733981982056,1817.0948664891569,-606.1733981982054,-686.1733981982054,True,120.96661427078875,False,True,0.1810197814319576,0.0075185531209168,2.0,True,1.0,8.000:8.000|28.916:21.011|29.130:23.946|40.346:38.609|45.338:38.535|53.236:46.836|71.360:44.585|76.229:38.941|78.602:37.874|79.680:34.444|87.398:33.348|89.971:47.424|91.474:61.313|88.935:61.056|86.440:66.922|85.467:78.305|74.583:76.375|81.200:89.844|63.778:93.217|62.978:88.492|63.943:86.167|65.444:87.516|43.486:77.410|39.000:82.719|40.119:93.161|8.000:8.000,0-13-8-31-16-12-9-30-22-4-27-20-23-26-3-6-28-2-15-10-7-21-32-17-14-0,0.0018502490129321
136,severe,sparse,ValuePerDistance,32,26,0.8125,0.8125,0.0,False,52.0,64.0,1958.6282692238813,1888.622464891739,-758.6282692238814,-838.6282692238814,True,124.75575971649108,False,True,0.2037015942216441,0.0079792172477638,2.0,True,1.0,8.000:8.000|28.916:21.011|29.130:23.946|45.338:38.535|40.346:38.609|51.852:24.952|51.842:22.873|50.963:19.146|65.752:15.572|60.887:13.204|66.593:22.551|63.325:29.370|70.265:30.739|78.602:37.874|76.229:38.941|79.680:34.444|87.398:33.348|89.971:47.424|88.935:61.056|91.474:61.313|86.440:66.922|85.467:78.305|81.200:89.844|63.778:93.217|62.978:88.492|65.444:87.516|63.943:86.167|8.000:8.000,0-13-8-16-31-24-11-5-29-25-18-19-1-22-30-4-27-20-26-23-3-6-2-15-10-21-7-0,0.0015856858808547
136,severe,sparse,WindAwareGreedy,32,15,0.46875,0.546875,0.0,False,35.0,64.0,1658.2361412993746,1662.860084094934,-458.2361412993748,-538.2361412993748,True,95.66800105027694,False,True,0.0596116414337603,0.0037424580233704,2.0,True,1.0,8.000:8.000|28.916:21.011|45.338:38.535|51.852:24.952|51.842:22.873|65.752:15.572|60.887:13.204|63.325:29.370|53.236:46.836|39.000:82.719|40.119:93.161|63.778:93.217|62.978:88.492|65.444:87.516|63.943:86.167|43.486:77.410|8.000:8.000,0-13-16-24-11-29-25-19-12-17-14-15-10-21-7-32-0,0.0013135350309312
136,severe,sparse,ReserveOnlyPlanner,32,6,0.1875,0.2265625,0.2265625,True,14.5,64.0,998.9722652861108,1125.1323018796925,201.02773471388923,121.02773471388925,False,55.20353610387235,True,False,0.0019260937047125,0.0002752710200054,2.8284271247461903,False,1.0,8.000:8.000|28.916:21.011|45.338:38.535|53.236:46.836|39.000:82.719|40.119:93.161|43.486:77.410|8.000:8.000,0-13-16-12-17-14-32-0,0.0007308979984372
136,severe,sparse,FairRiskAwareGreedy,32,13,0.40625,0.484375,0.484375,True,31.0,64.0,1084.1684279028646,1151.0992600855277,115.83157209713544,35.83157209713545,False,101.27882566570604,True,False,0.0138601887973739,0.0009950840426398,2.0,False,1.0,8.000:8.000|28.916:21.011|51.852:24.952|45.338:38.535|51.842:22.873|39.000:82.719|63.778:93.217|62.978:88.492|65.444:87.516|43.486:77.410|65.752:15.572|60.887:13.204|63.325:29.370|50.963:19.146|8.000:8.000,0-13-24-16-11-17-15-10-21-32-29-25-19-5-0,0.0019854221027344
136,severe,sparse,FairALNSPlanner,32,18,0.5625,0.640625,0.640625,True,41.0,64.0,1043.4104926737089,1213.625571174458,156.58950732629083,76.58950732629083,False,106.82398244775464,True,False,0.0750595503178834,0.0040433486428477,2.0,False,1.0,8.000:8.000|60.887:13.204|65.752:15.572|63.325:29.370|78.602:37.874|76.229:38.941|71.360:44.585|89.971:47.424|88.935:61.056|91.474:61.313|86.440:66.922|85.467:78.305|43.486:77.410|39.000:82.719|51.842:22.873|51.852:24.952|45.338:38.535|29.130:23.946|28.916:21.011|8.000:8.000,0-25-29-19-22-30-9-20-26-23-3-6-32-17-11-24-16-8-13-0,6.454754154896364
136,severe,sparse,RAWA-RHP,32,22,0.6875,0.6953125,0.6953125,True,44.5,64.0,1007.9205904176996,1227.9729673163,192.07940958230049,112.07940958230049,False,110.22015098049744,True,False,0.0443659830445334,0.0019479047369263,2.0,False,1.0,8.000:8.000|60.887:13.204|65.752:15.572|66.593:22.551|63.325:29.370|51.842:22.873|51.852:24.952|45.338:38.535|71.360:44.585|76.229:38.941|78.602:37.874|79.680:34.444|87.398:33.348|89.971:47.424|91.474:61.313|88.935:61.056|86.440:66.922|85.467:78.305|74.583:76.375|53.236:46.836|40.346:38.609|29.130:23.946|28.916:21.011|8.000:8.000,0-25-29-18-19-11-24-16-9-30-22-4-27-20-23-26-3-6-28-12-31-8-13-0,18.840875431895256
135,severe,sparse,NearestNeighbor,32,16,0.5,0.5132743362831859,0.0,False,29.0,56.5,1522.8492244648685,1549.2795746289194,-322.84922446486854,-402.8492244648685,True,85.35537991067119,False,True,0.0152117603696458,0.0008986702618325,2.8284271247461903,True,1.0,8.000:8.000|32.139:19.605|37.359:17.087|42.000:15.017|49.630:23.251|47.356:26.283|47.271:32.746|58.436:37.030|61.491:36.156|65.034:31.934|65.020:25.288|60.358:16.455|84.358:22.426|95.262:27.279|64.553:51.922|62.073:54.650|52.017:46.348|8.000:8.000,0-23-1-21-25-17-6-5-22-13-27-3-15-31-2-10-24-0,0.0016019660979509
135,severe,sparse,ValuePerDistance,32,14,0.4375,0.5221238938053098,0.0,False,29.5,56.5,1303.9547489386823,1293.381373249296,-103.95474893868251,-183.9547489386825,True,70.19009355046353,False,True,0.0150760894215569,0.0010094600245526,2.0,True,1.0,8.000:8.000|42.000:15.017|47.356:26.283|49.630:23.251|61.491:36.156|58.436:37.030|52.017:46.348|45.214:53.060|41.176:53.016|42.679:54.432|35.631:44.912|37.025:41.176|21.098:36.509|18.967:36.931|11.996:51.827|8.000:8.000,0-21-17-25-22-5-24-7-19-32-20-4-29-9-12-0,0.001172550022602
135,severe,sparse,WindAwareGreedy,32,11,0.34375,0.4247787610619469,0.0,False,24.0,56.5,1643.3061331292745,1662.060209588663,-443.3061331292743,-523.3061331292743,True,80.23587205838335,False,True,0.1895506979350164,0.0166767569989732,2.0,True,1.0,8.000:8.000|42.000:15.017|47.356:26.283|49.630:23.251|61.491:36.156|84.358:22.426|95.262:27.279|65.020:25.288|60.358:16.455|58.436:37.030|52.017:46.348|64.553:51.922|8.000:8.000,0-21-17-25-22-15-31-27-3-5-24-2-0,0.0010883740615099
135,severe,sparse,ReserveOnlyPlanner,32,8,0.25,0.2831858407079646,0.2831858407079646,True,16.0,56.5,1070.0615592045096,1167.09027369348,129.93844079549064,49.93844079549064,False,52.62403124026472,True,False,0.0156043958792659,0.0017411011402809,2.0,False,1.0,8.000:8.000|42.000:15.017|47.356:26.283|49.630:23.251|60.358:16.455|84.358:22.426|65.020:25.288|37.359:17.087|32.139:19.605|8.000:8.000,0-21-17-25-3-15-27-1-23-0,0.0009257069323211
135,severe,sparse,FairRiskAwareGreedy,32,16,0.5,0.5486725663716814,0.5486725663716814,True,31.0,56.5,1079.3844397732048,1133.6533704293745,120.61556022679484,40.61556022679483,False,100.98226615155232,True,False,0.0052384782995509,0.000308307379463,2.0,False,1.0,8.000:8.000|42.000:15.017|84.358:22.426|61.491:36.156|45.214:53.060|41.176:53.016|35.631:44.912|21.098:36.509|18.967:36.931|52.017:46.348|58.436:37.030|65.020:25.288|60.358:16.455|37.359:17.087|32.139:19.605|31.473:26.248|37.025:41.176|8.000:8.000,0-21-15-22-7-19-20-29-9-24-5-27-3-1-23-30-4-0,0.0020752290729433
135,severe,sparse,FairALNSPlanner,32,20,0.625,0.6991150442477876,0.6991150442477876,True,39.5,56.5,1053.4493538727172,1232.350753150995,146.55064612728276,66.55064612728276,False,106.34000023395537,True,False,0.0111770903678266,0.0005337146178556,2.0,False,1.0,8.000:8.000|42.000:15.017|47.356:26.283|21.098:36.509|18.967:36.931|35.631:44.912|41.176:53.016|42.679:54.432|45.214:53.060|40.431:72.208|29.572:65.886|52.017:46.348|58.436:37.030|61.491:36.156|65.034:31.934|65.020:25.288|84.358:22.426|60.358:16.455|37.359:17.087|32.139:19.605|31.473:26.248|8.000:8.000,0-21-17-29-9-20-19-32-7-26-18-24-5-22-13-27-15-3-1-23-30-0,9.641364952083675
135,severe,sparse,RAWA-RHP,32,24,0.75,0.7964601769911505,0.7964601769911505,True,45.0,56.5,1047.1423281670088,1235.2062740825745,152.85767183299117,72.85767183299117,False,112.13907184589144,True,False,0.0214602229201542,0.0008651664731539,2.0,False,1.0,8.000:8.000|32.139:19.605|37.359:17.087|42.000:15.017|49.630:23.251|47.356:26.283|47.271:32.746|58.436:37.030|61.491:36.156|65.034:31.934|65.020:25.288|84.358:22.426|64.553:51.922|62.073:54.650|52.017:46.348|37.025:41.176|35.631:44.912|41.176:53.016|42.679:54.432|45.214:53.060|40.431:72.208|29.572:65.886|11.996:51.827|18.967:36.931|21.098:36.509|8.000:8.000,0-23-1-21-25-17-6-5-22-13-27-15-2-10-24-4-20-19-32-7-26-18-12-9-29-0,43.06348458491266
136,calm,cluttered,NearestNeighbor,32,29,0.90625,0.9393939393939394,0.0,False,62.0,66.0,1245.2445012670994,1234.5631637069905,-45.24450126709903,-125.24450126709904,True,151.23478910046046,False,True,0.0105954726937965,0.0003546089914856,2.0,True,1.0,8.000:8.000|29.901:13.314|41.295:19.954|51.034:28.454|32.998:28.028|36.797:37.251|25.899:47.580|15.411:53.291|9.255:46.375|16.095:68.466|34.747:69.731|39.128:75.391|36.228:78.333|47.035:81.339|63.800:83.322|62.272:87.622|82.592:93.229|76.338:69.719|64.296:62.403|58.298:59.280|55.906:51.191|65.305:43.232|78.416:49.799|81.505:49.544|83.778:59.495|86.361:60.426|92.331:48.013|80.921:38.155|79.292:29.359|78.205:26.068|8.000:8.000,0-29-32-25-27-20-21-15-13-5-9-17-10-3-11-14-19-24-8-18-23-16-28-31-7-22-6-4-2-30-0,0.0020841539371758
136,calm,cluttered,ValuePerDistance,32,27,0.84375,0.9015151515151516,0.0,False,59.5,66.0,1354.9294958111848,1351.116915136549,-154.929495811185,-234.929495811185,True,155.16155006369533,False,True,0.020381303526884,0.000732543873036,2.0,True,1.0,8.000:8.000|29.901:13.314|41.295:19.954|51.034:28.454|65.305:43.232|55.906:51.191|64.296:62.403|58.298:59.280|81.505:49.544|78.416:49.799|80.921:38.155|92.331:48.013|86.361:60.426|83.778:59.495|76.338:69.719|63.800:83.322|62.272:87.622|47.035:81.339|36.228:78.333|39.128:75.391|34.747:69.731|16.095:68.466|15.411:53.291|9.255:46.375|25.899:47.580|32.998:28.028|36.797:37.251|78.205:26.068|8.000:8.000,0-29-32-25-16-23-8-18-31-28-4-6-22-7-24-11-14-3-10-17-9-5-15-13-21-27-20-30-0,0.0016399552114307
136,calm,cluttered,WindAwareGreedy,32,20,0.625,0.7424242424242424,0.0,False,49.0,66.0,1382.2496705879205,1395.5090209143386,-182.24967058792075,-262.2496705879207,True,153.51263059893046,False,True,0.0109845647073265,0.000525222818791,2.0,True,1.0,8.000:8.000|51.034:28.454|65.305:43.232|55.906:51.191|34.747:69.731|16.095:68.466|36.228:78.333|47.035:81.339|64.296:62.403|81.505:49.544|80.921:38.155|92.331:48.013|78.416:49.799|78.205:26.068|41.295:19.954|32.998:28.028|25.899:47.580|9.255:46.375|15.411:53.291|39.128:75.391|63.800:83.322|8.000:8.000,0-25-16-23-9-5-10-3-8-31-4-6-28-30-32-27-21-13-15-17-11-0,0.0015530681703239
136,calm,cluttered,ReserveOnlyPlanner,32,18,0.5625,0.6818181818181818,0.6818181818181818,True,45.0,66.0,1050.5099336501976,1071.8366255467724,149.4900663498026,69.49006634980259,False,118.9140046823472,True,False,0.0109845542198901,0.0005805088731945,2.0,False,1.0,8.000:8.000|51.034:28.454|65.305:43.232|55.906:51.191|34.747:69.731|16.095:68.466|36.228:78.333|47.035:81.339|39.128:75.391|64.296:62.403|81.505:49.544|80.921:38.155|92.331:48.013|78.416:49.799|78.205:26.068|79.292:29.359|41.295:19.954|32.998:28.028|29.901:13.314|8.000:8.000,0-25-16-23-9-5-10-3-17-8-31-4-6-28-30-2-32-27-29-0,0.0015744888223707
136,calm,cluttered,FairRiskAwareGreedy,32,17,0.53125,0.6515151515151515,0.6515151515151515,True,43.0,66.0,1097.209148577193,1114.1071164140749,102.79085142280717,22.79085142280715,False,126.58082618007178,True,False,0.0109846733904134,0.0006127660602663,2.0,False,1.0,8.000:8.000|51.034:28.454|65.305:43.232|55.906:51.191|34.747:69.731|16.095:68.466|36.228:78.333|47.035:81.339|80.921:38.155|81.505:49.544|92.331:48.013|78.416:49.799|64.296:62.403|41.295:19.954|32.998:28.028|25.899:47.580|9.255:46.375|15.411:53.291|8.000:8.000,0-25-16-23-9-5-10-3-4-31-6-28-8-32-27-21-13-15-0,0.0028182389214634
136,calm,cluttered,FairALNSPlanner,32,27,0.84375,0.9090909090909092,0.9090909090909092,True,60.0,66.0,1045.6044888400502,1113.8816030919238,154.39551115994948,74.39551115994948,False,134.626931876045,True,False,0.0164015613817068,0.0005894682441832,2.0,False,1.0,8.000:8.000|29.901:13.314|32.998:28.028|41.295:19.954|51.034:28.454|78.205:26.068|79.292:29.359|80.921:38.155|92.331:48.013|86.361:60.426|83.778:59.495|81.505:49.544|78.416:49.799|65.305:43.232|55.906:51.191|58.298:59.280|64.296:62.403|76.338:69.719|63.800:83.322|62.272:87.622|47.035:81.339|36.228:78.333|39.128:75.391|34.747:69.731|16.095:68.466|15.411:53.291|25.899:47.580|9.255:46.375|8.000:8.000,0-29-27-32-25-30-2-4-6-22-7-31-28-16-23-18-8-24-11-14-3-10-17-9-5-15-21-13-0,17.236816229997203
136,calm,cluttered,RAWA-RHP,32,27,0.84375,0.9090909090909092,0.9090909090909092,True,60.0,66.0,1047.769629678655,1113.8816030919238,152.23037032134502,72.23037032134502,False,134.626931876045,True,False,0.0164015613817068,0.0005894682441832,2.0,False,1.0,8.000:8.000|29.901:13.314|32.998:28.028|41.295:19.954|51.034:28.454|78.205:26.068|79.292:29.359|80.921:38.155|92.331:48.013|86.361:60.426|83.778:59.495|81.505:49.544|78.416:49.799|65.305:43.232|55.906:51.191|58.298:59.280|64.296:62.403|76.338:69.719|63.800:83.322|62.272:87.622|47.035:81.339|36.228:78.333|39.128:75.391|34.747:69.731|16.095:68.466|15.411:53.291|25.899:47.580|9.255:46.375|8.000:8.000,0-29-27-32-25-30-2-4-6-22-7-31-28-16-23-18-8-24-11-14-3-10-17-9-5-15-21-13-0,34.979756728047505
135,calm,cluttered,NearestNeighbor,32,27,0.84375,0.8345323741007195,0.0,False,58.0,69.5,1385.946205031196,1378.8743371040523,-185.94620503119597,-265.946205031196,True,153.33088741478548,False,True,0.0548308647931321,0.0020023543812829,2.0,True,1.0,8.000:8.000|12.570:30.438|12.270:34.098|18.669:37.508|26.695:34.608|41.874:39.408|48.808:43.496|46.830:50.403|40.735:55.682|57.194:53.656|61.513:48.936|63.457:64.691|77.327:62.483|76.927:54.669|77.914:34.549|74.614:31.435|87.182:24.805|91.093:30.475|84.401:9.253|45.900:19.033|15.577:54.476|24.127:58.319|27.787:70.207|32.885:69.765|37.408:80.227|31.922:87.684|45.478:85.795|53.464:86.510|8.000:8.000,0-5-6-22-27-28-19-4-25-10-11-24-8-14-18-31-2-3-29-21-17-20-1-30-23-32-13-26-0,0.0020251411478966
135,calm,cluttered,ValuePerDistance,32,24,0.75,0.762589928057554,0.0,False,53.0,69.5,1267.523518374163,1268.6771497040686,-67.52351837416292,-147.5235183741629,True,141.62588154217434,False,True,0.0361383211858798,0.001466487656679,2.0,True,1.0,8.000:8.000|12.270:34.098|12.570:30.438|18.669:37.508|26.695:34.608|24.127:58.319|15.577:54.476|40.735:55.682|46.830:50.403|57.194:53.656|61.513:48.936|77.914:34.549|74.614:31.435|87.182:24.805|91.093:30.475|84.401:9.253|45.900:19.033|41.874:39.408|48.808:43.496|53.464:86.510|45.478:85.795|31.922:87.684|37.408:80.227|32.885:69.765|27.787:70.207|8.000:8.000,0-6-5-22-27-20-17-25-4-10-11-18-31-2-3-29-21-28-19-26-13-32-23-30-1-0,0.0014684228226542
135,calm,cluttered,WindAwareGreedy,32,20,0.625,0.6762589928057554,0.0,False,47.0,69.5,1323.328130543196,1328.1275814822202,-123.32813054319628,-203.32813054319627,True,140.67218672567446,False,True,0.0334751511459,0.0016149983277066,2.0,True,1.0,8.000:8.000|12.270:34.098|12.570:30.438|24.127:58.319|15.577:54.476|40.735:55.682|18.669:37.508|26.695:34.608|41.874:39.408|61.513:48.936|77.914:34.549|84.401:9.253|87.182:24.805|74.614:31.435|45.900:19.033|57.194:53.656|53.464:86.510|45.478:85.795|31.922:87.684|27.787:70.207|32.885:69.765|8.000:8.000,0-6-5-20-17-25-22-27-28-11-18-29-2-31-21-10-26-13-32-1-30-0,0.0015122748445719
135,calm,cluttered,ReserveOnlyPlanner,32,19,0.59375,0.5971223021582733,0.5971223021582733,True,41.5,69.5,1110.8740991113114,1138.790850057596,89.1259008886883,9.125900888688308,False,117.62055674545186,True,False,0.0561466756374844,0.0028754412297004,2.0,False,1.0,8.000:8.000|12.270:34.098|12.570:30.438|18.669:37.508|24.127:58.319|15.577:54.476|40.735:55.682|41.874:39.408|61.513:48.936|57.194:53.656|53.464:86.510|45.478:85.795|31.922:87.684|27.787:70.207|32.885:69.765|46.629:72.390|37.408:80.227|46.830:50.403|26.695:34.608|45.900:19.033|8.000:8.000,0-6-5-22-20-17-25-28-11-10-26-13-32-1-30-12-23-4-27-21-0,0.0016290368512272
135,calm,cluttered,FairRiskAwareGreedy,32,14,0.4375,0.5251798561151079,0.5251798561151079,True,36.5,69.5,1089.8829379196716,1109.0870317634708,110.11706208032868,30.11706208032868,False,120.99027577062556,True,False,0.0122115356586629,0.0008177655718286,2.0,False,1.0,8.000:8.000|12.270:34.098|24.127:58.319|40.735:55.682|15.577:54.476|18.669:37.508|77.914:34.549|84.401:9.253|87.182:24.805|61.513:48.936|53.464:86.510|68.773:86.124|77.327:62.483|57.194:53.656|41.874:39.408|8.000:8.000,0-6-20-25-17-22-18-29-2-11-26-9-8-10-28-0,0.0022584029939025
135,calm,cluttered,FairALNSPlanner,32,25,0.78125,0.8489208633093526,0.8489208633093526,True,59.0,69.5,1058.5597202247802,1126.1598845457538,141.44027977521986,61.44027977521986,False,134.04965082043915,True,False,0.0163064659732894,0.0006307715277551,2.0,False,1.0,8.000:8.000|12.570:30.438|12.270:34.098|18.669:37.508|41.874:39.408|57.194:53.656|61.513:48.936|77.914:34.549|74.614:31.435|84.401:9.253|87.182:24.805|91.093:30.475|77.327:62.483|80.566:77.594|72.524:84.342|68.773:86.124|63.417:96.933|53.464:86.510|45.478:85.795|31.922:87.684|37.408:80.227|27.787:70.207|32.885:69.765|40.735:55.682|24.127:58.319|15.577:54.476|8.000:8.000,0-5-6-22-28-10-11-18-31-29-2-3-8-15-16-9-7-26-13-32-23-1-30-25-20-17-0,15.326734933070838
135,calm,cluttered,RAWA-RHP,32,26,0.8125,0.8561151079136691,0.8561151079136691,True,59.5,69.5,1057.039481143215,1129.2904099817,142.9605188567851,62.960518856785086,False,135.01996515695075,True,False,0.025719242682299,0.0009626617441588,2.0,False,1.0,8.000:8.000|26.695:34.608|41.874:39.408|57.194:53.656|61.513:48.936|84.401:9.253|87.182:24.805|74.614:31.435|77.914:34.549|76.927:54.669|77.327:62.483|80.566:77.594|72.524:84.342|68.773:86.124|63.417:96.933|53.464:86.510|45.478:85.795|31.922:87.684|37.408:80.227|27.787:70.207|32.885:69.765|40.735:55.682|24.127:58.319|15.577:54.476|18.669:37.508|12.270:34.098|12.570:30.438|8.000:8.000,0-27-28-10-11-29-2-31-18-14-8-15-16-9-7-26-13-32-23-1-30-25-20-17-22-6-5-0,62.39694342808798
136,calm,sparse,NearestNeighbor,32,32,1.0,1.0,0.0,False,64.5,64.5,1370.4382901735985,1370.1121479264286,-170.43829017359857,-250.43829017359852,True,166.93066987531736,False,True,0.0119965829972953,0.0003652339907808,2.0,True,1.0,8.000:8.000|20.754:18.034|40.415:29.872|46.151:27.830|49.908:24.274|53.333:22.448|41.762:39.500|49.816:47.310|55.558:50.956|44.566:55.304|40.877:54.868|37.037:60.032|30.823:52.431|28.637:54.255|22.043:62.641|33.133:71.879|38.158:73.829|47.396:74.678|56.285:74.866|54.567:79.395|54.079:86.922|64.522:84.805|68.569:74.456|66.444:69.688|60.016:69.602|78.394:71.414|52.384:97.147|48.681:95.124|42.485:92.698|39.822:83.513|28.015:80.092|80.555:32.880|87.843:30.638|8.000:8.000,0-30-23-31-10-14-15-27-20-13-7-18-4-5-22-29-9-2-12-1-8-6-24-11-21-3-17-32-16-25-26-28-19-0,0.0021763839758932
136,calm,sparse,ValuePerDistance,32,31,0.96875,0.9844961240310076,0.0,False,63.5,64.5,1319.274558378706,1319.992290150763,-119.27455837870596,-199.274558378706,True,159.62666479944303,False,True,0.0144888909856247,0.0004554278872659,2.0,True,1.0,8.000:8.000|20.754:18.034|40.415:29.872|46.151:27.830|49.908:24.274|53.333:22.448|41.762:39.500|40.877:54.868|44.566:55.304|37.037:60.032|33.133:71.879|38.158:73.829|39.822:83.513|42.485:92.698|48.681:95.124|52.384:97.147|54.079:86.922|54.567:79.395|56.285:74.866|47.396:74.678|28.015:80.092|22.043:62.641|30.823:52.431|28.637:54.255|49.816:47.310|55.558:50.956|80.555:32.880|87.843:30.638|78.394:71.414|68.569:74.456|66.444:69.688|60.016:69.602|8.000:8.000,0-30-23-31-10-14-15-7-13-18-29-9-25-16-32-17-8-1-12-2-26-22-4-5-27-20-28-19-3-24-11-21-0,0.0017099389806389
136,calm,sparse,WindAwareGreedy,32,22,0.6875,0.7984496124031008,0.0,False,51.5,64.5,1266.8612346459818,1277.083886046139,-66.86123464598158,-146.8612346459816,True,143.53726409095262,False,True,0.0195244258174078,0.0008558372670772,2.0,True,1.0,8.000:8.000|49.908:24.274|46.151:27.830|40.415:29.872|41.762:39.500|38.158:73.829|33.133:71.879|37.037:60.032|30.823:52.431|40.877:54.868|44.566:55.304|80.555:32.880|87.843:30.638|78.394:71.414|42.485:92.698|28.015:80.092|39.822:83.513|56.285:74.866|54.567:79.395|54.079:86.922|47.396:74.678|49.816:47.310|55.558:50.956|8.000:8.000,0-10-31-23-15-9-29-18-4-7-13-28-19-3-16-26-25-12-1-8-2-27-20-0,0.0016369151417165
136,calm,sparse,ReserveOnlyPlanner,32,18,0.5625,0.6511627906976745,0.6511627906976745,True,42.0,64.5,1105.239470066208,1149.9225752895168,94.7605299337919,14.7605299337919,False,124.9915362959602,True,False,0.0150567660612055,0.0007972861365116,2.0,False,1.0,8.000:8.000|49.908:24.274|46.151:27.830|40.415:29.872|41.762:39.500|37.037:60.032|33.133:71.879|38.158:73.829|42.485:92.698|28.015:80.092|30.823:52.431|40.877:54.868|44.566:55.304|80.555:32.880|87.843:30.638|53.333:22.448|20.754:18.034|22.043:62.641|28.637:54.255|8.000:8.000,0-10-31-23-15-18-29-9-16-26-4-7-13-28-19-14-30-22-5-0,0.0015702040400356
136,calm,sparse,FairRiskAwareGreedy,32,16,0.5,0.627906976744186,0.627906976744186,True,40.5,64.5,1069.729029989023,1092.947113817359,130.27097001097715,50.27097001097715,False,121.88317453581185,True,False,0.0117897439233031,0.0006964931075317,2.0,False,1.0,8.000:8.000|40.415:29.872|49.908:24.274|46.151:27.830|41.762:39.500|33.133:71.879|38.158:73.829|42.485:92.698|37.037:60.032|80.555:32.880|87.843:30.638|78.394:71.414|28.015:80.092|30.823:52.431|40.877:54.868|44.566:55.304|20.754:18.034|8.000:8.000,0-23-10-31-15-29-9-16-18-28-19-3-26-4-7-13-30-0,0.0027348408475518
136,calm,sparse,FairALNSPlanner,32,26,0.8125,0.8682170542635659,0.8682170542635659,True,56.0,64.5,1041.7456632091682,1106.3350563439726,158.2543367908318,78.25433679083181,False,134.27122618011572,True,False,0.0118527419834228,0.0004409733216992,2.0,False,1.0,8.000:8.000|49.908:24.274|53.333:22.448|87.843:30.638|80.555:32.880|46.151:27.830|40.415:29.872|41.762:39.500|40.877:54.868|44.566:55.304|55.558:50.956|78.394:71.414|68.569:74.456|66.444:69.688|60.016:69.602|56.285:74.866|54.567:79.395|47.396:74.678|39.822:83.513|42.485:92.698|28.015:80.092|33.133:71.879|38.158:73.829|37.037:60.032|30.823:52.431|28.637:54.255|20.754:18.034|8.000:8.000,0-10-14-19-28-31-23-15-7-13-20-3-24-11-21-12-1-2-25-16-26-29-9-18-4-5-30-0,16.734783652005717
136,calm,sparse,RAWA-RHP,32,30,0.9375,0.9612403100775194,0.9612403100775194,True,62.0,64.5,1034.458979159906,1105.380606592739,165.54102084009403,85.54102084009403,False,138.9305195413506,True,False,0.0108736194185951,0.0003522712307122,2.0,False,1.0,8.000:8.000|40.415:29.872|46.151:27.830|49.908:24.274|53.333:22.448|87.843:30.638|80.555:32.880|78.394:71.414|68.569:74.456|66.444:69.688|60.016:69.602|56.285:74.866|54.567:79.395|54.079:86.922|52.384:97.147|48.681:95.124|42.485:92.698|39.822:83.513|47.396:74.678|38.158:73.829|28.015:80.092|33.133:71.879|37.037:60.032|30.823:52.431|28.637:54.255|40.877:54.868|44.566:55.304|55.558:50.956|49.816:47.310|41.762:39.500|20.754:18.034|8.000:8.000,0-23-31-10-14-19-28-3-24-11-21-12-1-8-17-32-16-25-2-9-26-29-18-4-5-7-13-20-27-15-30-0,43.94118725904264
134,calm,sparse,NearestNeighbor,32,31,0.96875,0.984,0.0,False,61.5,62.5,1332.120304002886,1335.2449845961928,-132.1203040028862,-212.1203040028862,True,158.011778624573,False,True,0.0329504417931588,0.0010413344483678,2.0,True,1.0,8.000:8.000|17.323:31.457|8.993:38.642|33.409:53.133|36.155:49.719|41.861:33.810|38.701:23.451|53.614:34.354|57.844:29.604|60.047:30.238|60.876:47.025|61.695:50.622|62.840:61.971|54.818:69.737|55.843:71.609|52.633:68.816|53.360:76.008|61.231:84.680|64.589:80.352|71.367:82.014|73.031:84.115|74.728:89.622|56.068:93.631|51.839:92.591|89.636:92.417|91.242:70.323|77.482:58.502|81.614:48.693|80.082:38.940|82.275:38.774|91.862:32.390|86.007:10.023|8.000:8.000,0-13-18-16-29-19-26-3-15-32-12-24-1-21-10-31-27-14-30-11-6-20-4-17-8-28-23-2-9-7-22-25-0,0.002168107079342
134,calm,sparse,ValuePerDistance,32,29,0.90625,0.952,0.0,False,59.5,62.5,1490.5756137401047,1499.438958449713,-290.5756137401047,-370.5756137401047,True,168.34099950666396,False,True,0.0195566200897395,0.0006563226701761,2.0,True,1.0,8.000:8.000|8.993:38.642|33.409:53.133|36.155:49.719|41.861:33.810|38.701:23.451|53.614:34.354|57.844:29.604|60.047:30.238|60.876:47.025|61.695:50.622|52.633:68.816|54.818:69.737|55.843:71.609|53.360:76.008|64.589:80.352|61.231:84.680|56.068:93.631|51.839:92.591|73.031:84.115|71.367:82.014|74.728:89.622|91.242:70.323|77.482:58.502|81.614:48.693|91.862:32.390|82.275:38.774|80.082:38.940|62.840:61.971|89.636:92.417|8.000:8.000,0-18-16-29-19-26-3-15-32-12-24-31-21-10-27-30-14-4-17-6-11-20-28-23-2-22-7-9-1-8-0,0.0016245981678366
134,calm,sparse,WindAwareGreedy,32,22,0.6875,0.824,0.0,False,51.5,62.5,1442.50256483105,1437.7530713347653,-242.50256483104968,-322.50256483104965,True,153.8436753309536,False,True,0.0081189452814776,0.0003537224054536,2.0,True,1.0,8.000:8.000|8.993:38.642|33.409:53.133|36.155:49.719|38.701:23.451|53.614:34.354|57.844:29.604|41.861:33.810|52.633:68.816|56.068:93.631|64.589:80.352|73.031:84.115|74.728:89.622|91.242:70.323|91.862:32.390|81.614:48.693|77.482:58.502|61.695:50.622|60.876:47.025|53.360:76.008|61.231:84.680|51.839:92.591|71.367:82.014|8.000:8.000,0-18-16-29-26-3-15-19-31-4-30-6-20-28-22-2-23-24-12-27-14-17-11-0,0.0016392248217016
134,calm,sparse,ReserveOnlyPlanner,32,19,0.59375,0.672,0.672,True,42.0,62.5,1081.3802113078325,1117.7828986566906,118.61978869216742,38.61978869216742,False,117.87318421548748,True,False,0.0149764590623037,0.0007515880798374,2.0,False,1.0,8.000:8.000|8.993:38.642|33.409:53.133|36.155:49.719|52.633:68.816|56.068:93.631|64.589:80.352|73.031:84.115|74.728:89.622|61.231:84.680|53.360:76.008|55.843:71.609|61.695:50.622|60.876:47.025|53.614:34.354|57.844:29.604|38.701:23.451|41.861:33.810|17.323:31.457|18.006:66.226|8.000:8.000,0-18-16-29-31-4-30-6-20-14-27-10-24-12-3-15-26-19-13-5-0,0.0016468348912894
134,calm,sparse,FairRiskAwareGreedy,32,18,0.5625,0.68,0.68,True,42.5,62.5,1101.301461694168,1136.1235303699873,98.69853830583172,18.69853830583173,False,130.95717657489996,True,False,0.012532132667485,0.000662413029353,2.0,False,1.0,8.000:8.000|8.993:38.642|33.409:53.133|36.155:49.719|38.701:23.451|53.614:34.354|57.844:29.604|41.861:33.810|52.633:68.816|56.068:93.631|64.589:80.352|73.031:84.115|91.242:70.323|77.482:58.502|61.695:50.622|81.614:48.693|53.360:76.008|61.231:84.680|55.843:71.609|8.000:8.000,0-18-16-29-26-3-15-19-31-4-30-6-28-23-24-2-27-14-10-0,0.0028433091938495
134,calm,sparse,FairALNSPlanner,32,29,0.90625,0.952,0.952,True,59.5,62.5,1062.5297131839025,1132.312921814821,137.4702868160979,57.47028681609791,False,142.11622508850215,True,False,0.0305259605789567,0.001027255858201,2.0,False,1.0,8.000:8.000|38.701:23.451|41.861:33.810|57.844:29.604|53.614:34.354|60.876:47.025|61.695:50.622|62.840:61.971|77.482:58.502|81.614:48.693|80.082:38.940|82.275:38.774|91.862:32.390|91.242:70.323|89.636:92.417|74.728:89.622|73.031:84.115|71.367:82.014|64.589:80.352|61.231:84.680|56.068:93.631|51.839:92.591|53.360:76.008|55.843:71.609|54.818:69.737|52.633:68.816|36.155:49.719|33.409:53.133|8.993:38.642|17.323:31.457|8.000:8.000,0-26-19-15-3-12-24-1-23-2-9-7-22-28-8-20-6-11-30-14-4-17-27-10-21-31-29-16-18-13-0,18.539143749978397
134,calm,sparse,RAWA-RHP,32,29,0.90625,0.944,0.944,True,59.0,62.5,1042.5923182711945,1107.904522358069,157.40768172880587,77.40768172880587,False,138.6659405191893,True,False,0.017616975419389,0.0005904229088183,2.0,False,1.0,8.000:8.000|38.701:23.451|41.861:33.810|53.614:34.354|57.844:29.604|60.047:30.238|60.876:47.025|61.695:50.622|62.840:61.971|77.482:58.502|81.614:48.693|80.082:38.940|82.275:38.774|91.862:32.390|91.242:70.323|71.367:82.014|73.031:84.115|74.728:89.622|51.839:92.591|56.068:93.631|61.231:84.680|64.589:80.352|53.360:76.008|55.843:71.609|54.818:69.737|52.633:68.816|36.155:49.719|33.409:53.133|8.993:38.642|17.323:31.457|8.000:8.000,0-26-19-3-15-32-12-24-1-23-2-9-7-22-28-11-6-20-17-4-14-30-27-10-21-31-29-16-18-13-0,111.65325080091134
135,severe,cluttered,NearestNeighbor,32,17,0.53125,0.539568345323741,0.0,False,37.5,69.5,1794.3280228665549,1718.770999740889,-594.3280228665553,-674.3280228665553,True,92.9014979293506,False,True,0.0450148499092576,0.0025373030206672,2.0,True,1.0,8.000:8.000|18.956:19.322|17.694:24.557|18.599:28.737|25.237:27.145|30.513:21.652|38.033:26.472|36.073:29.235|49.679:26.352|39.568:16.275|60.578:10.962|69.641:26.912|70.232:30.199|59.715:38.762|54.896:43.354|61.556:59.268|74.483:46.303|81.312:44.089|8.000:8.000,0-7-32-19-30-22-5-4-23-15-18-31-26-9-12-21-8-14-0,0.0015488751232624
135,severe,cluttered,ValuePerDistance,32,14,0.4375,0.5179856115107914,0.0,False,36.0,69.5,1593.1716651455752,1534.633646320656,-393.1716651455751,-473.1716651455751,True,82.38389946922038,False,True,0.1236491829660177,0.0086350348048317,2.0,True,1.0,8.000:8.000|18.956:19.322|17.694:24.557|18.599:28.737|25.237:27.145|38.033:26.472|36.073:29.235|49.679:26.352|39.568:16.275|59.715:38.762|54.896:43.354|61.556:59.268|56.447:86.130|58.800:84.193|61.716:78.174|8.000:8.000,0-7-32-19-30-5-4-23-15-9-12-21-24-2-25-0,0.0010365680791437
135,severe,cluttered,WindAwareGreedy,32,12,0.375,0.4244604316546763,0.0,False,29.5,69.5,1613.1838126350965,1608.2447666203193,-413.18381263509633,-493.18381263509633,True,80.77935616176266,False,True,0.0869099805826859,0.0068177757191651,2.0,True,1.0,8.000:8.000|18.956:19.322|18.599:28.737|38.033:26.472|49.679:26.352|39.568:16.275|36.073:29.235|59.715:38.762|70.232:30.199|89.368:14.895|86.276:21.615|60.578:10.962|69.641:26.912|8.000:8.000,0-7-19-5-23-15-4-9-26-20-17-18-31-0,0.0010977529454976
135,severe,cluttered,ReserveOnlyPlanner,32,8,0.25,0.3093525179856115,0.3093525179856115,True,21.5,69.5,1065.9782332785162,1140.7248161714354,134.0217667214839,54.02176672148392,False,52.054128356145,True,False,0.0200831167452378,0.002243816240012,2.8284271247461903,False,1.0,8.000:8.000|18.956:19.322|17.694:24.557|18.599:28.737|38.033:26.472|49.679:26.352|39.568:16.275|36.073:29.235|59.715:38.762|8.000:8.000,0-7-32-19-5-23-15-4-9-0,0.0008745079394429
135,severe,cluttered,FairRiskAwareGreedy,32,11,0.34375,0.3884892086330935,0.3884892086330935,True,27.0,69.5,1069.6047017740664,1118.3790870304483,130.3952982259339,50.39529822593392,False,92.09803765353894,True,False,0.0128570529860918,0.0010753290842078,2.0,False,1.0,8.000:8.000|18.956:19.322|17.694:24.557|18.599:28.737|49.679:26.352|39.568:16.275|23.815:63.247|70.232:30.199|89.368:14.895|86.276:21.615|60.578:10.962|19.060:45.308|8.000:8.000,0-7-32-19-23-15-6-26-20-17-18-1-0,0.0011696240399032
135,severe,cluttered,FairALNSPlanner,32,6,0.1875,0.2086330935251798,0.2086330935251798,True,14.5,69.5,624.6996518103473,682.8236919227143,575.3003481896527,495.3003481896527,False,51.56912967280917,True,False,0.042125868184722,0.0060787186830266,2.0,False,1.0,8.000:8.000|39.568:16.275|38.033:26.472|36.073:29.235|23.815:63.247|38.889:69.301|42.848:75.969|8.000:8.000,0-15-5-4-6-28-11-0,6.4171023541130126
135,severe,cluttered,RAWA-RHP,32,24,0.75,0.7985611510791367,0.7985611510791367,True,55.5,69.5,1034.3154809355062,1241.7233880095623,165.68451906449377,85.68451906449377,False,111.37843148685138,True,False,0.0568502336881374,0.0023276126355169,2.0,False,1.0,8.000:8.000|18.956:19.322|17.694:24.557|18.599:28.737|25.237:27.145|36.073:29.235|38.033:26.472|39.568:16.275|49.679:26.352|60.578:10.962|69.641:26.912|70.232:30.199|59.715:38.762|54.896:43.354|61.556:59.268|61.716:78.174|56.447:86.130|58.800:84.193|50.200:83.335|42.848:75.969|38.889:69.301|23.815:63.247|15.374:51.011|25.090:47.213|19.060:45.308|8.000:8.000,0-7-32-19-30-4-5-15-23-18-31-26-9-12-21-25-24-2-29-11-28-6-10-3-1-0,58.32026258506812
134,moderate,sparse,NearestNeighbor,32,29,0.90625,0.8870967741935484,0.0,False,55.0,62.0,1345.8125407280272,1331.3898129858376,-145.81254072802693,-225.81254072802693,True,140.32460932571635,False,True,0.0833417982393147,0.0028716605882714,2.0,True,1.0,8.000:8.000|15.891:14.258|17.744:15.304|11.733:21.729|15.350:28.190|20.045:28.544|25.819:20.315|33.359:43.221|31.062:48.917|28.607:50.016|41.810:47.108|47.704:53.935|55.111:54.878|49.534:62.271|55.284:70.766|60.255:71.015|65.075:66.309|79.678:62.877|81.320:64.848|87.329:66.151|88.121:69.094|77.386:82.529|66.772:87.229|74.976:50.434|81.319:41.474|83.589:41.478|90.667:39.113|82.341:27.717|73.960:39.258|79.020:8.078|8.000:8.000,0-21-27-10-16-14-19-20-6-28-5-7-1-2-31-17-29-22-25-4-32-15-13-3-23-11-8-30-9-24-0,0.0020823741797357
134,moderate,sparse,ValuePerDistance,32,27,0.84375,0.8467741935483871,0.0,False,52.5,62.0,1488.2140984826412,1470.6669299232628,-288.2140984826412,-368.2140984826412,True,141.42139281755954,False,True,0.0793132343039795,0.0029178704304292,2.0,True,1.0,8.000:8.000|15.891:14.258|17.744:15.304|11.733:21.729|15.350:28.190|20.045:28.544|31.062:48.917|28.607:50.016|41.810:47.108|47.704:53.935|55.111:54.878|49.534:62.271|55.284:70.766|60.255:71.015|65.075:66.309|81.320:64.848|79.678:62.877|74.976:50.434|73.960:39.258|83.589:41.478|81.319:41.474|82.341:27.717|79.020:8.078|90.667:39.113|87.329:66.151|88.121:69.094|77.386:82.529|66.772:87.229|8.000:8.000,0-21-27-10-16-14-6-28-5-7-1-2-31-17-29-25-22-3-9-11-23-30-24-8-4-32-15-13-0,0.0015902088489383
134,moderate,sparse,WindAwareGreedy,32,18,0.5625,0.6935483870967742,0.0,False,43.0,62.0,1450.3395375458826,1435.4285596720824,-250.33953754588265,-330.33953754588265,True,125.97407407064736,False,True,0.0925131596627816,0.0050376427662898,2.0,True,1.0,8.000:8.000|15.350:28.190|31.062:48.917|41.810:47.108|55.284:70.766|65.075:66.309|60.255:71.015|81.320:64.848|73.960:39.258|82.341:27.717|79.020:8.078|83.589:41.478|81.319:41.474|74.976:50.434|55.111:54.878|49.534:62.271|28.035:59.301|8.713:88.820|33.497:62.413|8.000:8.000,0-16-6-5-31-29-17-25-9-30-24-11-23-3-1-2-26-18-12-0,0.0014852839522063
134,moderate,sparse,ReserveOnlyPlanner,32,16,0.5,0.5967741935483871,0.5967741935483871,True,37.0,62.0,1081.5783328502905,1170.5325438770506,118.4216671497097,38.421667149709705,False,101.82367983731196,True,False,0.0935570472326879,0.005684721047635,2.0,False,1.0,8.000:8.000|15.891:14.258|17.744:15.304|15.350:28.190|31.062:48.917|41.810:47.108|65.075:66.309|55.284:70.766|60.255:71.015|81.320:64.848|73.960:39.258|82.341:27.717|79.020:8.078|83.589:41.478|81.319:41.474|25.819:20.315|11.733:21.729|8.000:8.000,0-21-27-16-6-5-29-31-17-25-9-30-24-11-23-19-10-0,0.0014232448302209
134,moderate,sparse,FairRiskAwareGreedy,32,13,0.40625,0.532258064516129,0.532258064516129,True,33.0,62.0,1014.4949043504027,1048.9739953050027,185.50509564959717,105.50509564959714,False,113.32911291899748,True,False,0.0038727942478523,0.0002768669466431,2.0,False,1.0,8.000:8.000|15.350:28.190|31.062:48.917|41.810:47.108|65.075:66.309|55.284:70.766|8.713:88.820|28.035:59.301|11.733:21.729|73.960:39.258|82.341:27.717|79.020:8.078|15.891:14.258|17.744:15.304|8.000:8.000,0-16-6-5-29-31-18-26-10-9-30-24-21-27-0,0.0019923760555684
134,moderate,sparse,FairALNSPlanner,32,22,0.6875,0.782258064516129,0.782258064516129,True,48.5,62.0,1027.048954396363,1150.9715008912942,172.9510456036369,92.95104560363691,False,124.83878279619296,True,False,0.038505545652001,0.0016957965282699,2.0,False,1.0,8.000:8.000|8.713:88.820|28.035:59.301|49.534:62.271|55.284:70.766|60.255:71.015|65.075:66.309|81.320:64.848|79.678:62.877|74.976:50.434|81.319:41.474|83.589:41.478|90.667:39.113|82.341:27.717|79.020:8.078|73.960:39.258|55.111:54.878|47.704:53.935|41.810:47.108|31.062:48.917|20.045:28.544|15.350:28.190|11.733:21.729|8.000:8.000,0-18-26-2-31-17-29-25-22-3-23-11-8-30-24-9-1-7-5-6-14-16-10-0,13.36571708507836
134,moderate,sparse,RAWA-RHP,32,27,0.84375,0.9193548387096774,0.9193548387096774,True,57.0,62.0,1048.243784708832,1185.3749128823938,151.75621529116788,71.75621529116788,False,134.69757354030463,True,False,0.0577371855156518,0.0020977530909033,2.0,False,1.0,8.000:8.000|11.733:21.729|15.350:28.190|8.713:88.820|28.035:59.301|33.497:62.413|31.062:48.917|28.607:50.016|33.359:43.221|41.810:47.108|47.704:53.935|55.111:54.878|49.534:62.271|55.284:70.766|60.255:71.015|65.075:66.309|81.320:64.848|79.678:62.877|74.976:50.434|73.960:39.258|81.319:41.474|83.589:41.478|90.667:39.113|82.341:27.717|79.020:8.078|25.819:20.315|17.744:15.304|15.891:14.258|8.000:8.000,0-10-16-18-26-12-6-28-20-5-7-1-2-31-17-29-25-22-3-9-23-11-8-30-24-19-27-21-0,101.99046405497938
135,moderate,sparse,NearestNeighbor,32,21,0.65625,0.68,0.0,False,42.5,62.5,1483.3108542765572,1474.7173951416012,-283.31085427655694,-363.31085427655694,True,116.4936063559844,False,True,0.0744717539652357,0.0034131268264838,2.0,True,1.0,8.000:8.000|14.845:25.964|31.977:45.860|36.415:52.193|40.173:54.274|45.699:50.441|33.892:57.408|31.815:59.688|40.571:69.901|46.469:73.601|40.059:84.914|20.847:68.683|19.095:66.671|23.997:49.260|52.757:60.950|60.021:52.765|65.765:52.787|69.003:54.413|73.749:59.354|76.398:66.035|80.465:70.594|91.426:59.537|8.000:8.000,0-7-25-12-16-28-19-14-23-6-29-20-10-24-15-27-18-21-3-2-13-32-0,0.0017848368734121
135,moderate,sparse,ValuePerDistance,32,20,0.625,0.68,0.0,False,42.5,62.5,1469.8085444299077,1438.7779179959912,-269.8085444299074,-349.8085444299074,True,112.4633138706925,False,True,0.0602626890534225,0.0029188220826737,2.0,True,1.0,8.000:8.000|14.845:25.964|40.173:54.274|36.415:52.193|31.815:59.688|33.892:57.408|40.571:69.901|40.059:84.914|20.847:68.683|19.095:66.671|23.997:49.260|31.977:45.860|52.757:60.950|60.021:52.765|65.765:52.787|69.003:54.413|73.749:59.354|76.398:66.035|80.465:70.594|91.426:59.537|88.987:56.786|8.000:8.000,0-7-16-12-14-19-23-29-20-10-24-25-15-27-18-21-3-2-13-32-17-0,0.0012891208752989
135,moderate,sparse,WindAwareGreedy,32,14,0.4375,0.52,0.0,False,32.5,62.5,1210.0942886542518,1199.5498659006971,-10.09428865425184,-90.09428865425184,True,93.32152263825198,False,True,0.0553406675050521,0.0036896396730325,2.0,True,1.0,8.000:8.000|49.038:13.955|60.021:52.765|40.173:54.274|40.571:69.901|31.815:59.688|52.757:60.950|76.398:66.035|73.749:59.354|86.841:42.778|86.497:39.540|80.408:31.617|61.569:27.431|54.258:30.407|14.845:25.964|8.000:8.000,0-8-27-16-23-14-15-2-3-9-26-22-5-4-7-0,0.001289650099352
135,moderate,sparse,ReserveOnlyPlanner,32,14,0.4375,0.472,0.472,True,29.5,62.5,1088.7673701738406,1180.8017333164028,111.23262982615958,31.23262982615958,False,88.23087329354948,True,False,0.0557044972357971,0.0037153141367532,2.0,False,1.0,8.000:8.000|49.038:13.955|61.569:27.431|54.258:30.407|60.021:52.765|40.173:54.274|31.815:59.688|40.571:69.901|52.757:60.950|76.398:66.035|73.749:59.354|78.428:49.117|75.643:47.998|69.003:54.413|65.765:52.787|8.000:8.000,0-8-5-4-27-16-14-23-15-2-3-1-31-21-18-0,0.0013552149757742
135,moderate,sparse,FairRiskAwareGreedy,32,13,0.40625,0.488,0.488,True,30.5,62.5,1073.7200213873462,1125.680461830262,126.27997861265388,46.27997861265388,False,111.9563183815931,True,False,0.0005622967397695,4.016427076996327e-05,2.8284271247461903,False,1.0,8.000:8.000|40.173:54.274|40.571:69.901|60.021:52.765|52.757:60.950|76.398:66.035|19.095:66.671|20.847:68.683|31.815:59.688|23.997:49.260|49.038:13.955|14.845:25.964|31.977:45.860|54.258:30.407|8.000:8.000,0-16-23-27-15-2-10-20-14-24-8-7-25-4-0,0.0019781161099672
135,moderate,sparse,FairALNSPlanner,32,24,0.75,0.808,0.808,True,50.5,62.5,1050.2838039939857,1207.705486509954,149.71619600601394,69.71619600601394,False,124.91275788147225,True,False,0.0082928899645552,0.0003319675128927,2.0,False,1.0,8.000:8.000|49.038:13.955|54.258:30.407|60.021:52.765|69.003:54.413|73.749:59.354|76.398:66.035|78.428:49.117|91.426:59.537|88.987:56.786|86.841:42.778|86.497:39.540|80.408:31.617|61.569:27.431|52.757:60.950|40.571:69.901|20.847:68.683|19.095:66.671|31.815:59.688|33.892:57.408|40.173:54.274|36.415:52.193|45.699:50.441|31.977:45.860|14.845:25.964|8.000:8.000,0-8-4-27-21-3-2-1-32-17-9-26-22-5-15-23-20-10-14-19-16-12-28-25-7-0,13.30758919287473
135,moderate,sparse,RAWA-RHP,32,27,0.84375,0.904,0.904,True,56.5,62.5,1055.471189143913,1224.1396927086528,144.5288108560874,64.5288108560874,False,129.41055620327847,True,False,0.0168192888543424,0.0006017715664264,2.0,False,1.0,8.000:8.000|23.997:49.260|31.977:45.860|40.173:54.274|33.892:57.408|31.815:59.688|19.095:66.671|20.847:68.683|40.059:84.914|46.469:73.601|40.571:69.901|52.757:60.950|60.021:52.765|65.765:52.787|69.003:54.413|73.749:59.354|76.398:66.035|80.465:70.594|91.426:59.537|88.987:56.786|78.428:49.117|86.841:42.778|86.497:39.540|80.408:31.617|61.569:27.431|54.258:30.407|49.038:13.955|14.845:25.964|8.000:8.000,0-24-25-16-19-14-10-20-29-6-23-15-27-18-21-3-2-13-32-17-1-9-26-22-5-4-8-7-0,80.02766523184255
133,moderate,sparse,NearestNeighbor,32,24,0.75,0.7573529411764706,0.0,False,51.5,68.0,1458.4232208466738,1434.218071272814,-258.4232208466736,-338.4232208466736,True,123.73591978328916,False,True,0.0261121324200386,0.0010536936512973,2.0,True,1.0,8.000:8.000|28.905:23.178|22.787:32.439|21.127:35.657|22.218:49.575|10.426:63.569|18.535:74.711|19.570:77.290|21.685:91.682|40.132:86.213|45.601:77.807|53.416:84.669|51.885:90.685|69.355:69.538|74.722:77.665|64.643:57.087|62.287:50.829|65.247:46.474|68.096:40.924|70.608:41.858|63.560:35.911|68.450:30.556|72.533:23.292|75.830:22.754|83.233:33.278|8.000:8.000,0-30-32-3-14-4-29-24-6-31-21-23-7-1-17-20-9-8-11-2-13-19-5-25-22-0,0.001924310112372
133,moderate,sparse,ValuePerDistance,32,20,0.625,0.6617647058823529,0.0,False,45.0,68.0,1275.3668655695956,1283.0396320823097,-75.36686556959557,-155.36686556959555,True,106.26769432631475,False,True,0.0509945680887471,0.0024738560064026,2.0,True,1.0,8.000:8.000|28.905:23.178|22.787:32.439|21.127:35.657|22.218:49.575|42.067:52.495|52.851:57.894|64.643:57.087|62.287:50.829|65.247:46.474|68.096:40.924|70.608:41.858|76.256:48.051|74.028:53.281|72.533:23.292|75.830:22.754|68.450:30.556|63.560:35.911|54.068:41.838|39.310:36.867|41.849:62.380|8.000:8.000,0-30-32-3-14-16-15-20-9-8-11-2-18-10-5-25-19-13-27-26-28-0,0.0014167791232466
133,moderate,sparse,WindAwareGreedy,32,19,0.59375,0.6323529411764706,0.0,False,43.0,68.0,1329.2118814773671,1354.949092379535,-129.21188147736743,-209.21188147736743,True,108.92285612996194,False,True,0.0905379005508921,0.0046288760923163,2.0,True,1.0,8.000:8.000|28.905:23.178|22.218:49.575|22.787:32.439|21.127:35.657|39.310:36.867|72.533:23.292|75.830:22.754|68.450:30.556|68.096:40.924|65.247:46.474|52.851:57.894|42.067:52.495|54.068:41.838|63.560:35.911|70.608:41.858|76.256:48.051|74.028:53.281|62.287:50.829|64.643:57.087|8.000:8.000,0-30-14-32-3-26-5-25-19-11-8-15-16-27-13-2-18-10-9-20-0,0.0015274139586836
133,moderate,sparse,ReserveOnlyPlanner,32,15,0.46875,0.5073529411764706,0.5073529411764706,True,34.5,68.0,1050.009473078936,1168.9606255604208,149.9905269210638,69.9905269210638,False,85.0442759836971,True,False,0.0464643907019963,0.0029582739068103,2.0,False,1.0,8.000:8.000|28.905:23.178|22.787:32.439|21.127:35.657|22.218:49.575|39.310:36.867|72.533:23.292|75.830:22.754|68.450:30.556|68.096:40.924|65.247:46.474|70.608:41.858|63.560:35.911|54.068:41.838|52.851:57.894|42.067:52.495|8.000:8.000,0-30-32-3-14-26-5-25-19-11-8-2-13-27-15-16-0,0.0015197559259831
133,moderate,sparse,FairRiskAwareGreedy,32,13,0.40625,0.5,0.5,True,34.0,68.0,1085.5100318564969,1113.9908460339077,114.48996814350312,34.48996814350312,False,109.34707516688864,True,False,0.0019341646467113,0.0001382449178502,2.8284271247461903,False,1.0,8.000:8.000|22.218:49.575|52.851:57.894|40.132:86.213|21.685:91.682|51.885:90.685|45.601:77.807|65.247:46.474|68.096:40.924|76.256:48.051|70.608:41.858|63.560:35.911|28.905:23.178|72.533:23.292|8.000:8.000,0-14-15-31-6-7-21-8-11-18-2-13-30-5-0,0.0022330388892441
133,moderate,sparse,FairALNSPlanner,32,26,0.8125,0.875,0.875,True,59.5,68.0,1032.476152006819,1203.1710574440915,167.52384799318116,87.52384799318116,False,126.48594336229688,True,False,0.0291348782545546,0.0010891895838674,2.0,False,1.0,8.000:8.000|28.905:23.178|75.830:22.754|72.533:23.292|68.450:30.556|63.560:35.911|68.096:40.924|70.608:41.858|65.247:46.474|62.287:50.829|64.643:57.087|74.028:53.281|76.256:48.051|52.851:57.894|42.067:52.495|41.849:62.380|45.601:77.807|53.416:84.669|51.885:90.685|40.132:86.213|21.685:91.682|19.570:77.290|18.535:74.711|10.426:63.569|22.218:49.575|22.787:32.439|21.127:35.657|8.000:8.000,0-30-25-5-19-13-11-2-8-9-20-10-18-15-16-28-21-23-7-31-6-24-29-4-14-32-3-0,15.809607095085084
133,moderate,sparse,RAWA-RHP,32,28,0.875,0.9191176470588236,0.9191176470588236,True,62.5,68.0,1046.1378496407112,1215.5732065048594,153.8621503592891,73.8621503592891,False,130.3670871579209,True,False,0.0181927065903338,0.0006302313579003,2.0,False,1.0,8.000:8.000|21.127:35.657|22.787:32.439|22.218:49.575|10.426:63.569|18.535:74.711|19.570:77.290|21.685:91.682|40.132:86.213|51.885:90.685|53.416:84.669|45.601:77.807|41.849:62.380|42.067:52.495|52.851:57.894|64.643:57.087|62.287:50.829|65.247:46.474|68.096:40.924|70.608:41.858|76.256:48.051|83.233:33.278|75.830:22.754|72.533:23.292|68.450:30.556|63.560:35.911|54.068:41.838|39.310:36.867|28.905:23.178|8.000:8.000,0-3-32-14-4-29-24-6-31-7-23-21-28-16-15-20-9-8-11-2-18-22-25-5-19-13-27-26-30-0,153.85434595006518
136,severe,cluttered,NearestNeighbor,32,22,0.6875,0.6617647058823529,0.0,False,45.0,68.0,1990.2413850225616,1976.591360789836,-790.2413850225613,-870.2413850225613,True,124.9763420275382,False,True,0.3374286576339337,0.0172653883924236,2.0,True,1.0,8.000:8.000|21.784:21.497|31.960:29.258|49.169:36.467|59.969:36.142|61.917:37.423|64.024:35.228|69.614:51.114|79.171:51.212|80.792:59.559|74.732:69.193|68.288:81.765|79.462:87.957|87.986:96.346|88.635:75.659|55.545:77.060|51.829:77.147|45.716:69.916|44.730:68.014|36.224:71.743|32.465:71.381|39.176:87.543|43.542:95.625|8.000:8.000,0-10-31-19-23-18-14-27-26-5-22-21-9-3-8-11-32-15-17-4-16-30-24-0,0.0017743001226335
136,severe,cluttered,ValuePerDistance,32,14,0.4375,0.4779411764705882,0.0,False,32.5,68.0,2015.29778437284,2041.0853813773492,-815.2977843728399,-895.2977843728399,True,103.27951559824164,False,True,0.3658212034828412,0.0293793723505477,2.0,True,1.0,8.000:8.000|31.960:29.258|18.723:53.574|36.224:71.743|32.465:71.381|45.716:69.916|44.730:68.014|51.829:77.147|55.545:77.060|39.176:87.543|43.542:95.625|74.732:69.193|79.171:51.212|80.792:59.559|88.635:75.659|8.000:8.000,0-31-2-4-16-15-17-32-11-30-24-22-26-5-8-0,0.0010943501256406
136,severe,cluttered,WindAwareGreedy,32,12,0.375,0.4191176470588235,0.0,False,28.5,68.0,1952.5709649838225,1942.19309588141,-752.5709649838219,-832.5709649838219,True,101.76248357904676,False,True,0.3822539090913927,0.0358399275810783,2.0,True,1.0,8.000:8.000|31.960:29.258|18.723:53.574|36.224:71.743|39.176:87.543|51.829:77.147|55.545:77.060|32.465:71.381|45.716:69.916|44.730:68.014|43.542:95.625|79.462:87.957|87.986:96.346|8.000:8.000,0-31-2-4-30-32-11-16-15-17-24-9-3-0,0.0010935040190815
136,severe,cluttered,ReserveOnlyPlanner,32,5,0.15625,0.2058823529411764,0.2058823529411764,True,14.0,68.0,1061.1454370395068,1139.971614620735,138.854562960493,58.85456296049301,False,55.67625437741613,True,False,0.1883007082451414,0.0340165363602467,2.0,False,1.0,8.000:8.000|31.960:29.258|18.723:53.574|36.224:71.743|39.176:87.543|43.542:95.625|8.000:8.000,0-31-2-4-30-24-0,0.0006344609428197
136,severe,cluttered,FairRiskAwareGreedy,32,11,0.34375,0.3970588235294117,0.3970588235294117,True,27.0,68.0,1086.2153987438774,1137.7520878494406,113.7846012561226,33.78460125612261,False,99.13163064451255,True,False,0.0128609063210054,0.0010767952552868,2.0,False,1.0,8.000:8.000|18.723:53.574|61.917:37.423|65.011:11.425|77.946:15.931|85.933:22.685|93.688:26.365|79.171:51.212|59.969:36.142|49.169:36.467|21.784:21.497|66.089:19.039|8.000:8.000,0-2-18-25-29-6-20-26-23-19-10-12-0,0.0014293361455202
136,severe,cluttered,FairALNSPlanner,32,16,0.5,0.5441176470588235,0.5441176470588235,True,37.0,68.0,1045.7256911393604,1221.946373587435,154.27430886063956,74.27430886063956,False,100.6642427165078,True,False,0.0195913298990244,0.001161859374657,2.0,False,1.0,8.000:8.000|18.723:53.574|44.730:68.014|45.716:69.916|51.829:77.147|55.545:77.060|72.252:20.411|77.946:15.931|85.933:22.685|93.688:26.365|87.534:32.683|61.917:37.423|59.969:36.142|65.011:11.425|66.089:19.039|31.960:29.258|21.784:21.497|8.000:8.000,0-2-17-15-32-11-13-29-6-20-1-18-23-25-12-31-10-0,7.038042893167585
136,severe,cluttered,RAWA-RHP,32,19,0.59375,0.6176470588235294,0.6176470588235294,True,42.0,68.0,1009.974650738367,1216.5286586047205,190.02534926163295,110.02534926163298,False,105.59531114434698,True,False,0.0134433021061689,0.0006754521669406,2.0,False,1.0,8.000:8.000|21.784:21.497|31.960:29.258|66.089:19.039|65.011:11.425|77.946:15.931|85.933:22.685|93.688:26.365|87.534:32.683|92.438:36.773|79.171:51.212|80.792:59.559|88.635:75.659|74.732:69.193|68.288:81.765|55.545:77.060|51.829:77.147|45.716:69.916|44.730:68.014|18.723:53.574|8.000:8.000,0-10-31-12-25-29-6-20-1-28-26-5-8-22-21-11-32-15-17-2-0,34.84331072703935
137,calm,sparse,NearestNeighbor,32,32,1.0,1.0,0.0,False,62.0,62.0,1316.4510779479317,1320.505608343644,-116.45107794793142,-196.45107794793145,True,162.7755613949563,False,True,0.0184544926564224,0.0005638437478771,2.0,True,1.0,8.000:8.000|34.870:16.722|33.539:21.477|42.007:10.652|49.260:20.213|72.970:44.970|67.525:55.402|65.155:56.499|62.863:53.985|55.370:61.276|61.945:69.316|57.971:72.646|55.505:74.559|54.431:80.706|64.235:82.896|72.915:79.793|76.388:76.035|79.378:75.300|78.612:78.770|81.832:88.482|91.056:85.788|93.257:81.078|90.507:65.722|84.176:64.645|92.269:41.179|86.844:34.507|82.881:35.880|87.705:18.399|34.764:70.511|27.864:78.972|14.409:78.491|11.765:79.707|16.843:63.652|8.000:8.000,0-29-5-20-14-13-3-4-24-16-25-26-27-32-2-9-10-6-28-21-22-15-1-18-17-23-31-30-12-8-11-19-7-0,0.0022294889204204
137,calm,sparse,ValuePerDistance,32,31,0.96875,0.9838709677419356,0.0,False,61.0,62.0,1367.803276707404,1373.5154197911252,-167.80327670740377,-247.80327670740377,True,168.4641713247306,False,True,0.0164524333549238,0.0005178643531751,2.0,True,1.0,8.000:8.000|42.007:10.652|34.870:16.722|33.539:21.477|49.260:20.213|62.863:53.985|65.155:56.499|67.525:55.402|72.970:44.970|84.176:64.645|90.507:65.722|93.257:81.078|91.056:85.788|81.832:88.482|79.378:75.300|76.388:76.035|78.612:78.770|72.915:79.793|64.235:82.896|54.431:80.706|55.505:74.559|57.971:72.646|61.945:69.316|55.370:61.276|34.764:70.511|27.864:78.972|11.765:79.707|14.409:78.491|16.843:63.652|82.881:35.880|86.844:34.507|92.269:41.179|8.000:8.000,0-20-29-5-14-24-4-3-13-18-1-15-22-21-6-10-28-9-2-32-27-26-25-16-12-8-19-11-7-31-23-17-0,0.0017694979906082
137,calm,sparse,WindAwareGreedy,32,20,0.625,0.7258064516129032,0.0,False,45.0,62.0,1370.9748513860657,1376.9371377845268,-170.97485138606567,-250.97485138606567,True,150.76049362719286,False,True,0.0260199182123413,0.0012536298267802,2.0,True,1.0,8.000:8.000|42.007:10.652|62.863:53.985|67.525:55.402|84.176:64.645|64.235:82.896|54.431:80.706|55.505:74.559|11.765:79.707|14.409:78.491|34.764:70.511|27.864:78.972|79.378:75.300|76.388:76.035|91.056:85.788|93.257:81.078|72.970:44.970|65.155:56.499|55.370:61.276|61.945:69.316|82.881:35.880|8.000:8.000,0-20-24-3-18-2-32-27-19-11-12-8-6-10-22-15-13-4-16-25-31-0,0.0015892931260168
137,calm,sparse,ReserveOnlyPlanner,32,19,0.59375,0.6612903225806451,0.6612903225806451,True,41.0,62.0,1107.8364691984823,1140.5297893540203,92.16353080151734,12.16353080151734,False,126.54748698881536,True,False,0.0152363733758281,0.000766775624443,2.0,False,1.0,8.000:8.000|42.007:10.652|34.870:16.722|33.539:21.477|62.863:53.985|67.525:55.402|84.176:64.645|79.378:75.300|64.235:82.896|54.431:80.706|55.505:74.559|34.764:70.511|11.765:79.707|14.409:78.491|27.864:78.972|16.843:63.652|65.155:56.499|72.970:44.970|82.881:35.880|86.844:34.507|8.000:8.000,0-20-29-5-24-3-18-6-2-32-27-12-19-11-8-7-4-13-31-23-0,0.0016653488855808
137,calm,sparse,FairRiskAwareGreedy,32,15,0.46875,0.532258064516129,0.532258064516129,True,33.0,62.0,1052.7609106034674,1071.3224210278152,147.2390893965323,67.23908939653231,False,119.80411214069042,True,False,0.0198360766595006,0.0012505940536356,2.0,False,1.0,8.000:8.000|62.863:53.985|67.525:55.402|84.176:64.645|64.235:82.896|54.431:80.706|11.765:79.707|14.409:78.491|34.764:70.511|42.007:10.652|34.870:16.722|33.539:21.477|49.260:20.213|72.970:44.970|65.155:56.499|55.370:61.276|8.000:8.000,0-24-3-18-2-32-19-11-12-20-29-5-14-13-4-16-0,0.0026289569213986
137,calm,sparse,FairALNSPlanner,32,22,0.6875,0.782258064516129,0.782258064516129,True,48.5,62.0,1055.4529264444411,1130.5798438206116,144.54707355555863,64.54707355555865,False,131.11066402150755,True,False,0.0167397447286528,0.0007333656242704,2.0,False,1.0,8.000:8.000|33.539:21.477|67.525:55.402|65.155:56.499|84.176:64.645|79.378:75.300|76.388:76.035|78.612:78.770|93.257:81.078|91.056:85.788|64.235:82.896|54.431:80.706|55.505:74.559|14.409:78.491|11.765:79.707|27.864:78.972|34.764:70.511|55.370:61.276|62.863:53.985|72.970:44.970|82.881:35.880|86.844:34.507|42.007:10.652|8.000:8.000,0-5-3-4-18-6-10-28-15-22-2-32-27-11-19-8-12-16-24-13-31-23-20-0,12.690193058922889
137,calm,sparse,RAWA-RHP,32,29,0.90625,0.9435483870967742,0.9435483870967742,True,58.5,62.0,1065.3605525785135,1135.6382983394224,134.639447421486,54.63944742148601,False,140.42707937669195,True,False,0.0156394804088888,0.0005249008072354,2.0,False,1.0,8.000:8.000|33.539:21.477|34.870:16.722|42.007:10.652|49.260:20.213|86.844:34.507|82.881:35.880|72.970:44.970|62.863:53.985|65.155:56.499|67.525:55.402|84.176:64.645|90.507:65.722|93.257:81.078|91.056:85.788|81.832:88.482|78.612:78.770|79.378:75.300|76.388:76.035|72.915:79.793|64.235:82.896|54.431:80.706|55.505:74.559|57.971:72.646|61.945:69.316|55.370:61.276|34.764:70.511|27.864:78.972|11.765:79.707|14.409:78.491|8.000:8.000,0-5-29-20-14-23-31-13-24-4-3-18-1-15-22-21-28-6-10-9-2-32-27-26-25-16-12-8-19-11-0,39.4370294441469
136,moderate,cluttered,NearestNeighbor,32,25,0.78125,0.8275862068965517,0.0,False,48.0,58.0,1503.9599110862605,1479.1322512637346,-303.9599110862607,-383.9599110862607,True,131.56610913971446,False,True,0.0470261775909743,0.0018294823106222,2.0,True,1.0,8.000:8.000|35.876:23.648|48.725:20.720|63.230:11.225|73.789:11.481|88.615:21.342|89.426:38.143|64.844:28.931|52.792:39.446|44.397:41.739|31.594:39.422|34.882:54.001|34.771:63.785|32.705:64.042|34.639:81.033|29.799:85.559|40.890:95.756|44.154:96.535|51.813:80.677|61.191:79.608|64.942:80.930|70.516:79.247|71.141:64.605|60.455:61.535|51.725:53.143|49.307:53.795|8.000:8.000,0-16-5-32-14-26-29-1-9-15-23-12-24-6-8-19-4-13-2-20-18-22-10-21-28-11-0,0.0019442769698798
136,moderate,cluttered,ValuePerDistance,32,20,0.625,0.75,0.0,False,43.5,58.0,1710.3678119781755,1685.261023918395,-510.3678119781757,-590.3678119781757,True,130.60916925914586,False,True,0.0786950308532525,0.0038559338890863,2.0,True,1.0,8.000:8.000|19.384:39.841|34.882:54.001|34.771:63.785|32.705:64.042|51.725:53.143|49.307:53.795|44.397:41.739|52.792:39.446|60.332:46.839|62.485:47.444|64.844:28.931|89.426:38.143|88.615:21.342|73.789:11.481|63.230:11.225|48.725:20.720|31.594:39.422|60.455:61.535|64.942:80.930|61.191:79.608|8.000:8.000,0-7-12-24-6-28-11-15-9-30-31-1-29-26-14-32-5-23-21-18-20-0,0.0013636439107358
136,moderate,cluttered,WindAwareGreedy,32,18,0.5625,0.6896551724137931,0.0,False,40.0,58.0,1687.9561350792094,1700.8102277323032,-487.9561350792095,-567.9561350792094,True,130.1258862757847,False,True,0.1328896267787684,0.0073415524028071,2.0,True,1.0,8.000:8.000|19.384:39.841|34.882:54.001|51.725:53.143|44.397:41.739|31.594:39.422|52.792:39.446|64.844:28.931|89.426:38.143|60.455:61.535|34.771:63.785|32.705:64.042|64.942:80.930|61.191:79.608|51.813:80.677|40.890:95.756|34.639:81.033|29.799:85.559|44.154:96.535|8.000:8.000,0-7-12-28-15-23-9-1-29-21-24-6-18-20-2-4-8-19-13-0,0.0014188280329108
136,moderate,cluttered,ReserveOnlyPlanner,32,11,0.34375,0.4827586206896552,0.4827586206896552,True,28.0,58.0,1098.301823083998,1143.1947826686437,101.69817691600208,21.69817691600207,False,82.18268785543282,True,False,0.0881160476121365,0.0075381545553933,2.0,False,1.0,8.000:8.000|19.384:39.841|34.882:54.001|34.771:63.785|51.725:53.143|44.397:41.739|31.594:39.422|52.792:39.446|60.332:46.839|60.455:61.535|64.942:80.930|61.191:79.608|8.000:8.000,0-7-12-24-28-15-23-9-30-21-18-20-0,0.0011503330897539
136,moderate,cluttered,FairRiskAwareGreedy,32,14,0.4375,0.5431034482758621,0.5431034482758621,True,31.5,58.0,1002.4604987220216,1043.9055327193266,197.53950127797836,117.53950127797832,False,106.65591545825843,True,False,0.000751930648416,5.01390833615926e-05,2.8284271247461903,False,1.0,8.000:8.000|19.384:39.841|34.882:54.001|31.594:39.422|44.397:41.739|64.844:28.931|51.725:53.143|34.771:63.785|60.455:61.535|89.426:38.143|73.789:11.481|88.615:21.342|63.230:11.225|48.725:20.720|35.876:23.648|8.000:8.000,0-7-12-23-15-1-28-24-21-29-14-26-32-5-16-0,0.0019079761113971
136,moderate,cluttered,FairALNSPlanner,32,19,0.59375,0.7327586206896551,0.7327586206896551,True,42.5,58.0,1058.035594095912,1172.7644069610978,141.96440590408784,61.96440590408784,False,119.68903696766752,True,False,0.0006483076479142,3.2421129810727976e-05,2.8284271247461903,False,1.0,8.000:8.000|19.384:39.841|32.705:64.042|34.771:63.785|34.882:54.001|31.594:39.422|44.397:41.739|52.792:39.446|51.813:80.677|61.191:79.608|64.942:80.930|70.516:79.247|60.455:61.535|51.725:53.143|60.332:46.839|89.426:38.143|64.844:28.931|88.615:21.342|73.789:11.481|63.230:11.225|8.000:8.000,0-7-6-24-12-23-15-9-2-20-18-22-21-28-30-29-1-26-14-32-0,11.048589523881674
136,moderate,cluttered,RAWA-RHP,32,26,0.8125,0.8879310344827587,0.8879310344827587,True,51.5,58.0,1061.5917018639927,1223.0902638197488,138.40829813600715,58.40829813600715,False,132.0071717207603,True,False,0.0596124356980387,0.0022503916732663,2.0,False,1.0,8.000:8.000|19.384:39.841|34.882:54.001|34.771:63.785|32.705:64.042|34.639:81.033|29.799:85.559|40.890:95.756|44.154:96.535|51.813:80.677|61.191:79.608|64.942:80.930|70.516:79.247|71.141:64.605|60.455:61.535|49.307:53.795|51.725:53.143|60.332:46.839|62.485:47.444|89.426:38.143|88.615:21.342|73.789:11.481|64.844:28.931|52.792:39.446|44.397:41.739|31.594:39.422|35.876:23.648|8.000:8.000,0-7-12-24-6-8-19-4-13-2-20-18-22-10-21-11-28-30-31-29-26-14-1-9-15-23-16-0,71.3953617780935
137,severe,cluttered,NearestNeighbor,32,19,0.59375,0.6136363636363636,0.0,False,40.5,66.0,1885.010508119464,1890.8863982852115,-685.0105081194646,-765.0105081194646,True,98.99379049153372,False,True,0.1868059770911597,0.0100168136275662,2.0,True,1.0,8.000:8.000|8.933:23.406|30.628:23.441|31.197:36.996|37.440:36.050|40.154:42.432|53.184:43.792|55.104:41.308|55.085:26.401|68.505:25.676|72.147:31.587|80.299:32.534|73.742:47.596|70.681:56.888|60.184:82.935|52.482:77.797|42.928:82.324|37.561:74.260|37.117:71.389|40.384:62.494|8.000:8.000,0-28-32-13-7-23-30-12-9-11-16-31-18-26-25-27-19-3-8-5-0,0.0016996320337057
137,severe,cluttered,ValuePerDistance,32,19,0.59375,0.6515151515151515,0.0,False,43.0,66.0,1992.1253309020397,2032.2504082104235,-792.1253309020393,-872.1253309020393,True,105.29474088696723,False,True,0.2909712724471673,0.0159225578995039,2.0,True,1.0,8.000:8.000|8.933:23.406|30.628:23.441|31.197:36.996|37.440:36.050|40.154:42.432|53.184:43.792|55.104:41.308|55.085:26.401|68.505:25.676|64.039:15.526|71.648:11.143|80.299:32.534|72.147:31.587|73.742:47.596|70.681:56.888|37.117:71.389|37.561:74.260|31.092:81.831|28.261:80.684|8.000:8.000,0-28-32-13-7-23-30-12-9-11-10-29-31-16-18-26-8-3-20-2-0,0.0012543590273708
137,severe,cluttered,WindAwareGreedy,32,16,0.5,0.5909090909090909,0.0,False,39.0,66.0,2061.263894972937,2013.2863390152447,-861.2638949729366,-941.2638949729366,True,98.41388296187182,False,True,0.1881744485524678,0.0119327167847891,2.0,True,1.0,8.000:8.000|30.628:23.441|31.197:36.996|37.440:36.050|55.085:26.401|68.505:25.676|64.039:15.526|71.648:11.143|80.299:32.534|73.742:47.596|70.681:56.888|53.184:43.792|55.104:41.308|40.154:42.432|37.117:71.389|37.561:74.260|31.092:81.831|8.000:8.000,0-32-13-7-9-11-10-29-31-18-26-30-12-23-8-3-20-0,0.0013095589820295
137,severe,cluttered,ReserveOnlyPlanner,32,9,0.28125,0.3333333333333333,0.3333333333333333,True,22.0,66.0,1074.882271487969,1148.4858630016,125.11772851203068,45.11772851203068,False,53.25431854533382,True,False,0.0814134417951301,0.0082864069778835,2.0,False,1.0,8.000:8.000|8.933:23.406|30.628:23.441|31.197:36.996|37.440:36.050|40.154:42.432|53.184:43.792|55.104:41.308|55.085:26.401|64.039:15.526|8.000:8.000,0-28-32-13-7-23-30-12-9-10-0,0.0008408571593463
137,severe,cluttered,FairRiskAwareGreedy,32,12,0.375,0.4090909090909091,0.4090909090909091,True,27.0,66.0,1028.9666599161146,1082.0057220522094,171.03334008388552,91.03334008388552,False,91.59299921412462,True,False,0.0008656026550584,6.660873843659185e-05,2.8284271247461903,False,1.0,8.000:8.000|30.628:23.441|8.933:23.406|31.197:36.996|68.505:25.676|53.184:43.792|55.104:41.308|37.440:36.050|40.154:42.432|46.879:16.154|80.299:32.534|71.648:11.143|53.041:9.067|8.000:8.000,0-32-28-13-11-30-12-7-23-14-31-29-22-0,0.0012734220363199
137,severe,cluttered,FairALNSPlanner,32,3,0.09375,0.106060606060606,0.106060606060606,True,7.0,66.0,308.0178944928819,365.6454937609774,891.982105507118,811.982105507118,False,25.41404985847884,True,False,0.0003450120203279,8.625488368249612e-05,4.0,False,1.0,8.000:8.000|8.933:23.406|23.586:44.963|30.628:23.441|8.000:8.000,0-28-15-32-0,2.7295067810919136
137,severe,cluttered,RAWA-RHP,32,21,0.65625,0.7121212121212122,0.7121212121212122,True,47.0,66.0,1012.8382128040724,1218.139398880877,187.16178719592784,107.16178719592784,False,103.75168782563247,True,False,0.0895892654427075,0.0042079252722611,2.0,False,1.0,8.000:8.000|30.628:23.441|31.197:36.996|37.440:36.050|46.879:16.154|55.085:26.401|68.505:25.676|80.299:32.534|72.147:31.587|73.742:47.596|55.104:41.308|53.184:43.792|40.154:42.432|40.384:62.494|37.117:71.389|37.561:74.260|31.092:81.831|28.261:80.684|24.456:73.350|24.010:55.175|23.586:44.963|8.933:23.406|8.000:8.000,0-32-13-7-14-9-11-31-16-18-12-30-23-5-8-3-20-2-1-4-15-28-0,30.98759339004755
134,calm,cluttered,NearestNeighbor,32,31,0.96875,0.9682539682539684,0.0,False,61.0,63.0,1501.280253872219,1515.1458026820364,-301.28025387221885,-381.2802538722189,True,172.08292104651426,False,True,0.0538745174689893,0.0017201912005436,2.0,True,1.0,8.000:8.000|26.303:35.163|54.951:37.869|63.422:35.612|69.756:35.635|74.594:27.112|78.535:21.501|67.084:17.197|78.183:54.374|77.155:59.733|75.807:63.400|68.463:58.530|58.716:55.805|52.881:64.750|55.858:71.876|59.555:72.087|62.063:72.638|66.364:72.957|67.787:74.388|71.515:75.807|72.837:74.041|63.923:85.237|59.196:88.987|34.146:86.288|26.338:92.628|24.315:89.629|9.171:78.949|14.925:58.981|90.401:68.518|92.315:69.639|95.605:72.678|96.792:74.698|8.000:8.000,0-23-4-12-10-9-11-26-20-19-28-32-3-24-25-5-2-21-16-1-31-17-14-27-15-8-30-7-6-29-13-18-0,0.0021128400694578
134,calm,cluttered,ValuePerDistance,32,32,1.0,1.0,0.0,False,63.0,63.0,1439.7506025946666,1439.109340919528,-239.75060259466687,-319.7506025946669,True,167.33991592179265,False,True,0.0353366024422352,0.0010858963735638,2.0,True,1.0,8.000:8.000|26.303:35.163|14.925:58.981|9.171:78.949|24.315:89.629|26.338:92.628|34.146:86.288|59.196:88.987|63.923:85.237|62.063:72.638|59.555:72.087|55.858:71.876|72.837:74.041|71.515:75.807|67.787:74.388|66.364:72.957|77.155:59.733|78.183:54.374|68.463:58.530|75.807:63.400|92.315:69.639|90.401:68.518|95.605:72.678|96.792:74.698|93.044:50.641|67.084:17.197|78.535:21.501|74.594:27.112|69.756:35.635|63.422:35.612|54.951:37.869|58.716:55.805|52.881:64.750|8.000:8.000,0-23-7-30-8-15-27-14-17-2-5-25-31-1-16-21-19-20-32-28-29-6-13-18-22-26-11-9-10-12-4-3-24-0,0.0017363720107823
134,calm,cluttered,WindAwareGreedy,32,19,0.59375,0.7142857142857143,0.0,False,45.0,63.0,1476.145331600951,1475.0398588260534,-276.1453316009508,-356.1453316009508,True,152.06240853047032,False,True,0.0517512755521057,0.0026397020558832,2.0,True,1.0,8.000:8.000|14.925:58.981|9.171:78.949|34.146:86.288|59.196:88.987|72.837:74.041|77.155:59.733|78.183:54.374|68.463:58.530|62.063:72.638|71.515:75.807|67.084:17.197|63.422:35.612|26.303:35.163|54.951:37.869|69.756:35.635|93.044:50.641|92.315:69.639|90.401:68.518|66.364:72.957|8.000:8.000,0-7-30-27-14-31-19-20-32-2-1-26-12-23-4-10-22-29-6-21-0,0.0014938048552721
134,calm,cluttered,ReserveOnlyPlanner,32,19,0.59375,0.6904761904761905,0.6904761904761905,True,43.5,63.0,1104.4504814313414,1136.3948794725318,95.54951856865864,15.54951856865864,False,121.3350743997524,True,False,0.0450744461450933,0.0022907257005821,2.0,False,1.0,8.000:8.000|14.925:58.981|9.171:78.949|34.146:86.288|59.196:88.987|72.837:74.041|71.515:75.807|77.155:59.733|78.183:54.374|68.463:58.530|62.063:72.638|63.923:85.237|67.787:74.388|66.364:72.957|59.555:72.087|55.858:71.876|52.881:64.750|63.422:35.612|67.084:17.197|78.535:21.501|8.000:8.000,0-7-30-27-14-31-1-19-20-32-2-17-16-21-5-25-24-12-26-11-0,0.0016435799188911
134,calm,cluttered,FairRiskAwareGreedy,32,13,0.40625,0.5476190476190477,0.5476190476190477,True,34.5,63.0,1078.8640269171844,1097.487647901624,121.1359730828154,41.13597308281541,False,119.90194825685832,True,False,0.0160067403347502,0.0011502341531348,2.0,False,1.0,8.000:8.000|14.925:58.981|9.171:78.949|26.303:35.163|67.084:17.197|77.155:59.733|72.837:74.041|71.515:75.807|59.196:88.987|34.146:86.288|62.063:72.638|78.183:54.374|68.463:58.530|54.951:37.869|8.000:8.000,0-7-30-23-26-19-31-1-14-27-2-20-32-4-0,0.0020117629319429
134,calm,cluttered,FairALNSPlanner,32,25,0.78125,0.8253968253968254,0.8253968253968254,True,52.0,63.0,1026.1327109488393,1081.1596546584274,173.86728905116078,93.86728905116078,False,131.76733671413783,True,False,0.0295082451218839,0.0011474450420263,2.0,False,1.0,8.000:8.000|26.303:35.163|54.951:37.869|63.422:35.612|69.756:35.635|74.594:27.112|78.535:21.501|67.084:17.197|68.463:58.530|77.155:59.733|78.183:54.374|93.044:50.641|92.315:69.639|90.401:68.518|72.837:74.041|71.515:75.807|67.787:74.388|66.364:72.957|62.063:72.638|59.555:72.087|55.858:71.876|63.923:85.237|59.196:88.987|34.146:86.288|26.338:92.628|24.315:89.629|8.000:8.000,0-23-4-12-10-9-11-26-32-19-20-22-29-6-31-1-16-21-2-5-25-17-14-27-15-8-0,17.00739467400126
134,calm,cluttered,RAWA-RHP,32,29,0.90625,0.9444444444444444,0.9444444444444444,True,59.5,63.0,1055.5474719366885,1121.592332567387,144.4525280633117,64.45252806331169,False,140.82629388036173,True,False,0.0346194984937385,0.0011699713167834,2.0,False,1.0,8.000:8.000|26.303:35.163|14.925:58.981|9.171:78.949|24.315:89.629|26.338:92.628|34.146:86.288|59.196:88.987|63.923:85.237|55.858:71.876|59.555:72.087|62.063:72.638|66.364:72.957|67.787:74.388|71.515:75.807|72.837:74.041|90.401:68.518|92.315:69.639|95.605:72.678|96.792:74.698|93.044:50.641|78.183:54.374|77.155:59.733|75.807:63.400|68.463:58.530|63.422:35.612|69.756:35.635|74.594:27.112|78.535:21.501|67.084:17.197|8.000:8.000,0-23-7-30-8-15-27-14-17-25-5-2-21-16-1-31-6-29-13-18-22-20-19-28-32-12-10-9-11-26-0,151.66128338198178
137,calm,cluttered,NearestNeighbor,32,30,0.9375,0.9398496240601504,0.0,False,62.5,66.5,1328.0645758845085,1328.0902133979214,-128.0645758845086,-208.0645758845086,True,159.68664581748772,False,True,0.0119992138615635,0.0003890326250198,2.0,True,1.0,8.000:8.000|21.577:20.734|19.856:34.235|22.024:50.195|19.631:56.001|20.453:59.677|24.869:68.536|28.309:69.549|39.063:61.716|41.519:57.474|36.871:54.989|34.344:46.639|45.029:45.866|47.331:45.214|54.718:49.290|53.254:52.054|58.992:66.733|50.923:72.587|60.161:91.700|71.238:89.460|72.565:78.087|80.056:74.166|83.952:68.971|85.200:63.344|92.655:52.491|85.197:30.930|72.699:36.935|73.180:19.525|55.970:22.225|45.185:23.314|71.885:65.641|8.000:8.000,0-6-15-16-22-20-11-13-9-7-24-2-14-18-30-1-5-10-23-29-27-12-21-19-31-32-17-3-28-4-26-0,0.0021028509363532
137,calm,cluttered,ValuePerDistance,32,29,0.90625,0.924812030075188,0.0,False,61.5,66.5,1454.7835337455808,1457.2229344830885,-254.78353374558063,-334.7835337455806,True,171.5158425217885,False,True,0.0128589804673794,0.0004309920146423,2.0,True,1.0,8.000:8.000|21.577:20.734|19.856:34.235|22.024:50.195|19.631:56.001|20.453:59.677|24.869:68.536|28.309:69.549|39.063:61.716|41.519:57.474|36.871:54.989|34.344:46.639|54.718:49.290|53.254:52.054|47.331:45.214|45.029:45.866|72.699:36.935|55.970:22.225|45.185:23.314|73.180:19.525|85.197:30.930|71.885:65.641|80.056:74.166|83.952:68.971|85.200:63.344|92.655:52.491|50.923:72.587|58.992:66.733|72.565:78.087|83.630:88.078|8.000:8.000,0-6-15-16-22-20-11-13-9-7-24-2-30-1-18-14-17-28-4-3-32-26-12-21-19-31-10-5-27-25-0,0.0016140870284289
137,calm,cluttered,WindAwareGreedy,32,20,0.625,0.7142857142857143,0.0,False,47.5,66.5,1403.192095622339,1405.4028528504316,-203.1920956223389,-283.1920956223389,True,152.9380220052309,False,True,0.0122611908944531,0.000586836814184,2.0,True,1.0,8.000:8.000|21.577:20.734|34.344:46.639|54.718:49.290|72.699:36.935|55.970:22.225|73.180:19.525|50.923:72.587|41.519:57.474|39.063:61.716|22.024:50.195|24.869:68.536|28.309:69.549|20.453:59.677|19.631:56.001|19.856:34.235|10.538:68.111|53.254:52.054|71.885:65.641|85.200:63.344|83.952:68.971|8.000:8.000,0-6-2-30-17-28-3-10-7-9-16-11-13-20-22-15-8-1-26-19-21-0,0.0015570500399917
137,calm,cluttered,ReserveOnlyPlanner,32,18,0.5625,0.6466165413533834,0.6466165413533834,True,43.0,66.5,1103.081644107282,1141.985598988529,96.91835589271793,16.918355892717926,False,125.3003135279718,True,False,0.0124045683316239,0.000656126650508,2.0,False,1.0,8.000:8.000|21.577:20.734|34.344:46.639|22.024:50.195|19.631:56.001|20.453:59.677|24.869:68.536|28.309:69.549|39.063:61.716|41.519:57.474|54.718:49.290|72.699:36.935|55.970:22.225|45.185:23.314|19.856:34.235|10.538:68.111|50.923:72.587|71.885:65.641|85.200:63.344|8.000:8.000,0-6-2-16-22-20-11-13-9-7-30-17-28-4-15-8-10-26-19-0,0.001565878977999
137,calm,cluttered,FairRiskAwareGreedy,32,19,0.59375,0.6541353383458647,0.6541353383458647,True,43.5,66.5,1078.6175810757102,1101.5991069414165,121.38241892428994,41.38241892428994,False,127.93381625890856,True,False,0.0146610840658972,0.0007376200145432,2.0,False,1.0,8.000:8.000|21.577:20.734|34.344:46.639|54.718:49.290|72.699:36.935|55.970:22.225|50.923:72.587|41.519:57.474|39.063:61.716|22.024:50.195|24.869:68.536|20.453:59.677|19.631:56.001|19.856:34.235|10.538:68.111|28.309:69.549|53.254:52.054|47.331:45.214|45.029:45.866|45.185:23.314|8.000:8.000,0-6-2-30-17-28-10-7-9-16-11-20-22-15-8-13-1-18-14-4-0,0.0030689239501953
137,calm,cluttered,FairALNSPlanner,32,25,0.78125,0.8270676691729323,0.8270676691729323,True,55.0,66.5,1037.4810166612388,1112.0813291172765,162.51898333876144,82.51898333876144,False,130.75580072372742,True,False,0.0129024888293524,0.0004988659957378,2.0,False,1.0,8.000:8.000|19.856:34.235|45.185:23.314|55.970:22.225|73.180:19.525|85.197:30.930|72.699:36.935|54.718:49.290|53.254:52.054|72.565:78.087|80.056:74.166|83.952:68.971|85.200:63.344|71.885:65.641|58.992:66.733|50.923:72.587|28.309:69.549|24.869:68.536|39.063:61.716|41.519:57.474|36.871:54.989|34.344:46.639|19.631:56.001|20.453:59.677|22.024:50.195|21.577:20.734|8.000:8.000,0-15-4-28-3-32-17-30-1-27-12-21-19-26-5-10-13-11-9-7-24-2-22-20-16-6-0,16.146051510004327
137,calm,cluttered,RAWA-RHP,32,27,0.84375,0.8872180451127819,0.8872180451127819,True,59.0,66.5,1012.5576028721435,1080.1135918169723,187.4423971278565,107.44239712785652,False,132.27027146775927,True,False,0.00837805286601,0.0003002507301273,2.0,False,1.0,8.000:8.000|21.577:20.734|45.185:23.314|55.970:22.225|73.180:19.525|72.699:36.935|71.885:65.641|72.565:78.087|83.952:68.971|85.200:63.344|80.056:74.166|58.992:66.733|50.923:72.587|39.063:61.716|41.519:57.474|53.254:52.054|54.718:49.290|47.331:45.214|45.029:45.866|34.344:46.639|36.871:54.989|28.309:69.549|24.869:68.536|10.538:68.111|20.453:59.677|19.631:56.001|22.024:50.195|19.856:34.235|8.000:8.000,0-6-4-28-3-17-26-27-21-19-12-5-10-9-7-1-30-18-14-2-24-13-11-8-20-22-16-15-0,42.5717583661899
138,severe,cluttered,NearestNeighbor,32,17,0.53125,0.5298507462686567,0.0,False,35.5,67.0,2066.106055117371,2095.6590253874047,-866.1060551173708,-946.1060551173708,True,101.17432204116643,False,True,0.3473288157458857,0.0223761813171507,2.0,True,1.0,8.000:8.000|30.506:8.605|36.202:15.175|28.530:19.123|31.437:31.212|37.206:28.887|45.647:32.167|37.881:42.474|39.680:47.920|46.376:56.403|47.142:64.058|56.428:77.171|55.202:82.811|70.143:90.701|93.368:97.761|97.014:55.203|91.028:50.897|81.419:49.296|8.000:8.000,0-17-21-30-31-20-1-4-14-6-28-25-19-22-26-5-29-7-0,0.0015533540863543
138,severe,cluttered,ValuePerDistance,32,15,0.46875,0.4850746268656716,0.0,False,32.5,67.0,1899.5324168004452,1931.3962309569488,-699.5324168004455,-779.5324168004455,True,93.40088883821574,False,True,0.1766528830400604,0.0118810839727017,2.0,True,1.0,8.000:8.000|28.530:19.123|30.506:8.605|36.202:15.175|62.544:9.329|69.447:13.517|83.642:17.994|81.665:28.761|86.917:31.286|91.028:50.897|97.014:55.203|81.419:49.296|72.130:47.470|63.347:47.923|70.964:65.791|56.428:77.171|8.000:8.000,0-30-17-21-32-3-2-27-11-29-5-7-8-16-13-25-0,0.0011385390534996
138,severe,cluttered,WindAwareGreedy,32,14,0.4375,0.5298507462686567,0.0,False,35.5,67.0,2148.5276025969456,2134.3521088181456,-948.5276025969456,-1028.5276025969456,True,97.23896446165128,False,True,0.165741979608071,0.011729562023645,2.0,True,1.0,8.000:8.000|28.530:19.123|30.506:8.605|62.544:9.329|69.447:13.517|83.642:17.994|91.028:50.897|70.964:65.791|56.428:77.171|55.202:82.811|47.142:64.058|46.376:56.403|63.347:47.923|72.130:47.470|81.419:49.296|8.000:8.000,0-30-17-32-3-2-29-13-25-19-28-6-16-8-7-0,0.001189081929624
138,severe,cluttered,ReserveOnlyPlanner,32,7,0.21875,0.2164179104477611,0.2164179104477611,True,14.5,67.0,1087.8190635353612,1171.9231436150108,112.18093646463863,32.18093646463865,False,46.90213604100532,True,False,0.1927919998082309,0.0260156152021632,2.0,False,1.0,8.000:8.000|28.530:19.123|30.506:8.605|36.202:15.175|62.544:9.329|69.447:13.517|37.206:28.887|31.437:31.212|8.000:8.000,0-30-17-21-32-3-20-31-0,0.0007699858397245
138,severe,cluttered,FairRiskAwareGreedy,32,1,0.03125,0.0373134328358208,0.0373134328358208,True,2.5,67.0,161.53891008684238,170.54416214783646,1038.4610899131576,958.4610899131576,False,12.037134448168349,True,False,0.0003430761168812,0.0001715527736176,4.0,False,1.0,8.000:8.000|28.530:19.123|8.000:8.000,0-30-0,0.0003217149060219
138,severe,cluttered,FairALNSPlanner,32,1,0.03125,0.0373134328358208,0.0373134328358208,True,2.5,67.0,164.3430135589074,188.60938377801085,1035.6569864410926,955.6569864410926,False,12.037134448168349,True,False,0.0003430761168812,0.0001715527736176,4.0,False,1.0,8.000:8.000|28.530:19.123|8.000:8.000,0-30-0,0.0137768408749252
138,severe,cluttered,RAWA-RHP,32,19,0.59375,0.664179104477612,0.664179104477612,True,44.5,67.0,1039.2960757204455,1238.2164917330783,160.70392427955446,80.70392427955446,False,103.29804633025452,True,False,0.0562811118516851,0.0028669195989807,2.0,False,1.0,8.000:8.000|30.506:8.605|62.544:9.329|69.447:13.517|83.642:17.994|81.665:28.761|86.917:31.286|91.028:50.897|81.419:49.296|72.130:47.470|63.347:47.923|70.964:65.791|56.428:77.171|55.202:82.811|47.142:64.058|46.376:56.403|25.418:53.674|28.889:59.777|15.385:54.824|14.339:34.204|8.000:8.000,0-17-32-3-2-27-11-29-7-8-16-13-25-19-28-6-18-10-23-9-0,19.29581107804552
138,severe,sparse,NearestNeighbor,32,21,0.65625,0.6363636363636364,0.0,False,38.5,60.5,2158.4119353176097,2118.571442308102,-958.41193531761,-1038.41193531761,True,110.19299282645456,False,True,0.1782286353246537,0.008701113571936,2.0,True,1.0,8.000:8.000|38.726:23.289|57.993:25.449|60.452:27.018|63.144:20.593|66.706:21.340|69.640:17.814|68.677:15.445|76.019:17.655|84.591:29.968|95.689:25.656|83.892:48.716|70.468:52.730|64.742:62.637|69.186:66.068|72.947:67.211|74.766:69.251|77.526:68.754|84.070:68.624|83.173:73.030|91.569:79.058|75.760:84.542|8.000:8.000,0-4-22-10-29-7-26-27-17-1-2-31-14-23-18-9-16-11-12-24-6-15-0,0.0018551610410213
138,severe,sparse,ValuePerDistance,32,17,0.53125,0.5785123966942148,0.0,False,35.0,60.5,1865.931130267241,1845.5685835892432,-665.9311302672411,-745.9311302672411,True,95.09046895493822,False,True,0.1996060177940097,0.0111573028725055,2.0,True,1.0,8.000:8.000|38.726:23.289|60.452:27.018|57.993:25.449|63.144:20.593|66.706:21.340|69.640:17.814|68.677:15.445|76.019:17.655|66.744:34.789|83.892:48.716|72.947:67.211|74.766:69.251|77.526:68.754|84.070:68.624|83.173:73.030|62.555:79.662|47.655:76.529|8.000:8.000,0-4-10-22-29-7-26-27-17-25-31-9-16-11-12-24-8-20-0,0.0013081040233373
138,severe,sparse,WindAwareGreedy,32,13,0.40625,0.5289256198347108,0.0,False,32.0,60.5,1787.9579933853438,1782.18145537304,-587.9579933853436,-667.9579933853436,True,89.2495283796769,False,True,0.0742716979024422,0.0053480009230034,2.0,True,1.0,8.000:8.000|38.726:23.289|60.452:27.018|63.144:20.593|57.993:25.449|66.744:34.789|72.947:67.211|62.555:79.662|46.658:73.914|47.655:76.529|52.427:68.738|42.225:74.791|30.479:71.889|37.949:88.876|8.000:8.000,0-4-10-29-22-25-9-8-21-20-28-5-13-3-0,0.0012621979694813
138,severe,sparse,ReserveOnlyPlanner,32,5,0.15625,0.1983471074380165,0.1983471074380165,True,12.0,60.5,1052.1029583202203,1091.766039125979,147.89704167977948,67.89704167977948,False,40.15794495699437,True,False,0.0766464882931641,0.0129049266478643,2.0,False,1.0,8.000:8.000|38.726:23.289|60.452:27.018|63.144:20.593|57.993:25.449|66.706:21.340|8.000:8.000,0-4-10-29-22-7-0,0.000610448885709
138,severe,sparse,FairRiskAwareGreedy,32,15,0.46875,0.5702479338842975,0.5702479338842975,True,34.5,60.5,1096.865851399154,1147.480581916946,103.13414860084596,23.134148600845947,False,99.78261222842316,True,False,0.0088974961887035,0.0005574361083825,2.8284271247461903,False,1.0,8.000:8.000|38.726:23.289|60.452:27.018|57.993:25.449|63.144:20.593|76.019:17.655|66.744:34.789|72.947:67.211|62.555:79.662|46.658:73.914|47.655:76.529|52.427:68.738|30.479:71.889|42.225:74.791|53.232:87.818|45.738:75.760|8.000:8.000,0-4-10-22-29-17-25-9-8-21-20-28-13-5-32-19-0,0.0019700690172612
138,severe,sparse,FairALNSPlanner,32,16,0.5,0.5702479338842975,0.5702479338842975,True,34.5,60.5,1047.727555187416,1193.7751793947375,152.27244481258396,72.27244481258396,False,97.44122063007832,True,False,0.0170868544838573,0.0010110272736097,2.8284271247461903,False,1.0,8.000:8.000|30.479:71.889|42.225:74.791|45.738:75.760|47.655:76.529|46.658:73.914|52.427:68.738|60.452:27.018|57.993:25.449|63.144:20.593|66.706:21.340|76.019:17.655|66.744:34.789|69.186:66.068|72.947:67.211|70.468:52.730|38.726:23.289|8.000:8.000,0-13-5-19-20-21-28-10-22-29-7-17-25-18-9-14-4-0,7.695346266962588
138,severe,sparse,RAWA-RHP,32,21,0.65625,0.7355371900826446,0.7355371900826446,True,44.5,60.5,1009.830825063358,1204.136673130764,190.1691749366422,110.1691749366422,False,106.2394691880062,True,False,0.0134412435431388,0.0006131972361676,2.8284271247461903,False,1.0,8.000:8.000|38.726:23.289|60.452:27.018|57.993:25.449|63.144:20.593|76.019:17.655|66.744:34.789|70.468:52.730|69.186:66.068|72.947:67.211|74.766:69.251|84.070:68.624|77.526:68.754|62.555:79.662|51.464:88.984|53.232:87.818|52.427:68.738|46.658:73.914|47.655:76.529|45.738:75.760|42.225:74.791|30.479:71.889|8.000:8.000,0-4-10-22-29-17-25-14-18-9-16-12-11-8-30-32-28-21-20-19-5-13-0,25.320773218991235
139,severe,cluttered,NearestNeighbor,32,6,0.1875,0.1818181818181818,0.0,False,12.0,66.0,1540.8061717345938,1542.9555262667277,-340.8061717345937,-420.8061717345937,True,61.34208853443254,False,True,0.0909019358051818,0.0132220672937966,2.0,True,1.0,8.000:8.000|35.807:16.881|41.387:26.741|63.701:41.372|73.465:32.580|72.753:12.604|88.615:45.331|8.000:8.000,0-26-30-25-14-3-23-0,0.0008287439122796
139,severe,cluttered,ValuePerDistance,32,14,0.4375,0.5075757575757576,0.0,False,33.5,66.0,1623.354872864992,1641.069129317793,-423.3548728649917,-503.3548728649917,True,83.94585418012991,False,True,0.1380679347136661,0.0096996414041777,2.0,True,1.0,8.000:8.000|25.635:49.010|29.549:64.476|36.055:67.723|36.449:70.400|37.304:72.941|38.109:81.642|44.135:85.034|50.660:87.170|53.969:79.070|71.673:72.830|77.849:82.493|86.431:74.837|87.431:72.651|74.863:65.821|8.000:8.000,0-5-4-8-20-13-12-1-7-19-16-24-28-2-17-0,0.0012256980407983
139,severe,cluttered,WindAwareGreedy,32,9,0.28125,0.3257575757575757,0.0,False,21.5,66.0,1497.3524815136057,1461.4897588080455,-297.35248151360565,-377.35248151360565,True,66.1319708655442,False,True,0.281353591791148,0.0283656924542364,2.0,True,1.0,8.000:8.000|25.635:49.010|18.073:58.053|29.549:64.476|37.304:72.941|38.109:81.642|36.449:70.400|36.055:67.723|45.161:65.134|38.237:51.903|8.000:8.000,0-5-15-4-13-12-20-8-29-18-0,0.0010127399582415
139,severe,cluttered,ReserveOnlyPlanner,32,8,0.25,0.2878787878787879,0.2878787878787879,True,19.0,66.0,1089.9775832286314,1167.1239754887065,110.0224167713684,30.0224167713684,False,52.30624705507306,True,False,0.1465154665130849,0.0171109511440134,2.0,False,1.0,8.000:8.000|25.635:49.010|18.073:58.053|29.549:64.476|37.304:72.941|36.449:70.400|36.055:67.723|45.161:65.134|38.237:51.903|8.000:8.000,0-5-15-4-13-20-8-29-18-0,0.0008182318415492
139,severe,cluttered,FairRiskAwareGreedy,32,1,0.03125,0.0303030303030303,0.0303030303030303,True,2.0,66.0,407.9666392487334,418.39456637318096,792.0333607512666,712.0333607512666,False,28.546583657285435,True,False,1.1768364061026661e-14,5.8841820305133305e-15,6.0,False,1.0,8.000:8.000|72.753:12.604|8.000:8.000,0-3-0,0.0002828259021043
139,severe,cluttered,FairALNSPlanner,32,0,0.0,0.0,0.0,True,0.0,66.0,0.0,0.0,1200.0,1120.0,False,0.0,True,False,0.0,0.0,0.0,False,1.0,8.000:8.000,0,0.0004624829161912
139,severe,cluttered,RAWA-RHP,32,17,0.53125,0.6136363636363636,0.6136363636363636,True,40.5,66.0,1020.466530858348,1179.5381312565046,179.53346914165206,99.53346914165206,False,98.63279379044626,True,False,0.0386809679670491,0.0021819430768516,2.0,False,1.0,8.000:8.000|73.465:32.580|88.615:45.331|73.097:55.486|74.863:65.821|71.673:72.830|53.969:79.070|50.660:87.170|44.135:85.034|38.109:81.642|37.304:72.941|36.449:70.400|36.055:67.723|45.161:65.134|38.237:51.903|25.635:49.010|29.549:64.476|18.073:58.053|8.000:8.000,0-14-23-21-17-16-19-7-1-12-13-20-8-29-18-5-4-15-0,13.652623479021711
137,moderate,sparse,NearestNeighbor,32,26,0.8125,0.8029197080291971,0.0,False,55.0,68.5,1405.4366837985513,1415.7393022301364,-205.43668379855083,-285.4366837985508,True,129.90244346965724,False,True,0.1258283828188429,0.0049006049560169,2.0,True,1.0,8.000:8.000|17.339:18.752|27.366:16.578|32.130:10.861|54.653:19.700|57.029:19.307|75.465:19.011|77.791:31.589|67.428:35.561|70.213:48.239|63.617:52.070|54.372:58.841|50.272:61.475|47.778:63.899|46.964:66.068|50.337:65.126|43.576:69.574|36.141:68.177|32.240:79.852|44.792:85.894|63.958:67.702|67.698:69.399|80.304:73.556|80.057:62.270|85.202:53.316|81.901:41.723|87.977:22.552|8.000:8.000,0-13-17-15-22-25-18-28-1-29-32-11-4-7-6-30-26-16-23-14-8-5-21-9-27-3-10-0,0.0018693669699132
137,moderate,sparse,ValuePerDistance,32,22,0.6875,0.7299270072992701,0.0,False,50.0,68.5,1385.873489721201,1404.3115768980083,-185.87348972120049,-265.8734897212005,True,125.19626984629213,False,True,0.1644674126846546,0.0076738548750024,2.0,True,1.0,8.000:8.000|27.366:16.578|32.130:10.861|57.029:19.307|54.653:19.700|77.791:31.589|87.977:22.552|70.213:48.239|63.617:52.070|54.372:58.841|50.272:61.475|47.778:63.899|46.964:66.068|50.337:65.126|43.576:69.574|36.141:68.177|32.240:79.852|44.792:85.894|72.985:89.826|87.433:91.041|80.057:62.270|85.202:53.316|81.901:41.723|8.000:8.000,0-17-15-25-22-28-10-29-32-11-4-7-6-30-26-16-23-14-24-19-9-27-3-0,0.0008736981544643
137,moderate,sparse,WindAwareGreedy,32,15,0.46875,0.5182481751824818,0.0,False,35.5,68.5,1249.543236950184,1243.9405479593113,-49.5432369501844,-129.5432369501844,True,105.0620843163781,False,True,0.1659627502929337,0.0110905067968072,2.0,True,1.0,8.000:8.000|27.366:16.578|57.029:19.307|38.505:42.086|25.994:53.117|36.141:68.177|46.964:66.068|47.778:63.899|63.617:52.070|70.213:48.239|77.791:31.589|87.977:22.552|75.465:19.011|32.130:10.861|17.339:18.752|54.653:19.700|8.000:8.000,0-17-25-31-20-16-6-7-32-29-28-10-18-15-13-22-0,0.0007165959104895
137,moderate,sparse,ReserveOnlyPlanner,32,14,0.4375,0.4744525547445255,0.4744525547445255,True,32.5,68.5,1091.902593903057,1156.837414579121,108.09740609694248,28.09740609694248,False,91.49474609556842,True,False,0.1659627622771911,0.0118298748745256,2.0,False,1.0,8.000:8.000|27.366:16.578|32.130:10.861|57.029:19.307|77.791:31.589|87.977:22.552|75.465:19.011|54.653:19.700|38.505:42.086|25.994:53.117|36.141:68.177|46.964:66.068|47.778:63.899|63.617:52.070|17.339:18.752|8.000:8.000,0-17-15-25-28-10-18-22-31-20-16-6-7-32-13-0,0.0009696411434561
137,moderate,sparse,FairRiskAwareGreedy,32,13,0.40625,0.4598540145985401,0.4598540145985401,True,31.5,68.5,1077.3386261498122,1118.9118980284966,122.66137385018786,42.66137385018786,False,115.77833873656994,True,False,0.0031529679428189,0.0002252679535427,2.0,False,1.0,8.000:8.000|38.505:42.086|57.029:19.307|77.791:31.589|63.617:52.070|70.213:48.239|87.977:22.552|47.778:63.899|25.994:53.117|36.141:68.177|27.366:16.578|32.130:10.861|17.339:18.752|54.653:19.700|8.000:8.000,0-31-25-28-32-29-10-7-20-16-17-15-13-22-0,0.0011407490819692
137,moderate,sparse,FairALNSPlanner,32,20,0.625,0.6861313868613139,0.6861313868613139,True,47.0,68.5,1045.0174532995272,1206.4321970744606,154.9825467004728,74.9825467004728,False,121.63368369265008,True,False,0.0564496113327507,0.0027437022507527,2.0,False,1.0,8.000:8.000|27.366:16.578|32.130:10.861|38.505:42.086|63.617:52.070|70.213:48.239|80.057:62.270|85.202:53.316|81.901:41.723|87.977:22.552|77.791:31.589|57.029:19.307|39.026:55.244|54.372:58.841|50.272:61.475|50.337:65.126|47.778:63.899|46.964:66.068|25.994:53.117|36.141:68.177|17.339:18.752|8.000:8.000,0-17-15-31-32-29-9-27-3-10-28-25-12-11-4-30-7-6-20-16-13-0,11.0533721789252
137,moderate,sparse,RAWA-RHP,32,27,0.84375,0.8613138686131386,0.8613138686131386,True,59.0,68.5,1034.8725163280849,1205.1707667966948,165.1274836719151,85.12748367191509,False,132.3448511611831,True,False,0.0776744032307477,0.0028488308748618,2.0,False,1.0,8.000:8.000|38.505:42.086|25.994:53.117|36.141:68.177|32.240:79.852|44.792:85.894|43.576:69.574|46.964:66.068|47.778:63.899|50.272:61.475|50.337:65.126|54.372:58.841|63.958:67.702|67.698:69.399|80.304:73.556|80.057:62.270|85.202:53.316|81.901:41.723|87.977:22.552|77.791:31.589|67.428:35.561|70.213:48.239|63.617:52.070|57.029:19.307|54.653:19.700|32.130:10.861|27.366:16.578|17.339:18.752|8.000:8.000,0-31-20-16-23-14-26-6-7-4-30-11-8-5-21-9-27-3-10-28-1-29-32-25-22-15-17-13-0,73.10254681902006
137,severe,sparse,NearestNeighbor,32,22,0.6875,0.7307692307692307,0.0,False,47.5,65.0,1659.5787942199745,1682.5753186122545,-459.5787942199743,-539.5787942199743,True,93.84297750006262,False,True,0.2509793292074985,0.012086802400217,2.0,True,1.0,8.000:8.000|12.298:26.722|10.101:29.667|19.051:39.216|22.322:50.244|24.775:51.038|29.240:59.856|30.206:63.698|26.148:67.870|26.946:70.216|21.796:68.190|17.541:64.405|16.940:58.423|40.130:55.053|39.295:52.345|42.884:59.213|44.846:60.102|50.151:61.287|64.031:58.770|53.039:45.831|47.032:38.732|44.203:31.996|34.935:38.652|8.000:8.000,0-9-7-24-3-29-27-10-8-2-19-26-17-21-15-14-30-1-13-20-23-5-18-0,0.0018628169782459
137,severe,sparse,ValuePerDistance,32,23,0.71875,0.7923076923076923,0.0,False,51.5,65.0,2433.113367982889,2381.00065925455,-1233.1133679828893,-1313.1133679828893,True,121.92169729780784,False,True,0.3080698052603363,0.0147184101978129,2.0,True,1.0,8.000:8.000|12.298:26.722|10.101:29.667|19.051:39.216|34.935:38.652|44.203:31.996|53.039:45.831|50.151:61.287|44.846:60.102|42.884:59.213|40.130:55.053|39.295:52.345|30.206:63.698|26.946:70.216|26.148:67.870|21.796:68.190|17.541:64.405|16.940:58.423|22.322:50.244|24.775:51.038|29.240:59.856|64.031:58.770|74.786:80.482|82.142:89.528|8.000:8.000,0-9-7-24-18-5-20-1-30-14-21-15-10-2-8-19-26-17-3-29-27-13-25-22-0,0.0014625028707087
137,severe,sparse,WindAwareGreedy,32,18,0.5625,0.6538461538461539,0.0,False,42.5,65.0,1683.2606806763033,1678.5420969961608,-483.26068067630285,-563.2606806763029,True,89.3096425397502,False,True,0.157875755460056,0.0088122438255391,2.0,True,1.0,8.000:8.000|12.298:26.722|19.051:39.216|34.935:38.652|44.203:31.996|53.039:45.831|50.151:61.287|44.846:60.102|42.884:59.213|26.946:70.216|17.541:64.405|16.940:58.423|21.796:68.190|30.206:63.698|39.295:52.345|40.130:55.053|29.240:59.856|24.775:51.038|22.322:50.244|8.000:8.000,0-9-24-18-5-20-1-30-14-2-26-17-19-10-15-21-27-29-3-0,0.0014221658930182
137,severe,sparse,ReserveOnlyPlanner,32,9,0.28125,0.3,0.3,True,19.5,65.0,1077.7312607990127,1141.1080508521563,122.26873920098716,42.26873920098717,False,51.18967872075862,True,False,0.1163041220113959,0.0119506098093357,2.0,False,1.0,8.000:8.000|12.298:26.722|19.051:39.216|34.935:38.652|44.203:31.996|53.039:45.831|39.295:52.345|24.775:51.038|22.322:50.244|10.101:29.667|8.000:8.000,0-9-24-18-5-20-15-29-3-7-0,0.0009206081740558
137,severe,sparse,FairRiskAwareGreedy,32,13,0.40625,0.4769230769230769,0.4769230769230769,True,31.0,65.0,1081.2348581195856,1143.7375216448563,118.76514188041445,38.76514188041443,False,94.42042291500894,True,False,0.0035044356406681,0.0002505494324308,2.8284271247461903,False,1.0,8.000:8.000|34.935:38.652|19.051:39.216|17.541:64.405|26.946:70.216|50.151:61.287|44.846:60.102|39.295:52.345|44.203:31.996|30.206:63.698|42.884:59.213|12.298:26.722|10.101:29.667|22.322:50.244|8.000:8.000,0-18-24-26-2-1-30-15-5-10-14-9-7-3-0,0.0017719520255923
137,severe,sparse,FairALNSPlanner,32,9,0.28125,0.3692307692307692,0.3692307692307692,True,24.0,65.0,886.954182670133,994.1358885156566,313.0458173298668,233.0458173298668,False,76.91748966671156,True,False,0.055360486271144,0.0056514939293735,2.0,False,1.0,8.000:8.000|53.039:45.831|34.935:38.652|44.203:31.996|39.295:52.345|40.130:55.053|42.884:59.213|44.846:60.102|50.151:61.287|82.142:89.528|8.000:8.000,0-20-18-5-15-21-14-30-1-22-0,8.55357571085915
137,severe,sparse,RAWA-RHP,32,26,0.8125,0.8153846153846154,0.8153846153846154,True,53.0,65.0,1043.0694443860004,1262.089227185553,156.93055561399942,76.93055561399942,False,112.70937051138452,True,False,0.056733597117231,0.0021443958184485,2.0,False,1.0,8.000:8.000|12.298:26.722|10.101:29.667|19.051:39.216|24.775:51.038|22.322:50.244|16.940:58.423|17.541:64.405|21.796:68.190|26.148:67.870|26.946:70.216|30.206:63.698|29.240:59.856|39.295:52.345|40.130:55.053|42.884:59.213|44.846:60.102|50.151:61.287|64.031:58.770|83.241:66.457|89.639:62.206|92.052:57.045|87.806:49.457|70.497:32.117|62.798:37.901|53.039:45.831|34.935:38.652|8.000:8.000,0-9-7-24-29-3-17-26-19-8-2-10-27-15-21-14-30-1-13-28-6-4-12-31-16-20-18-0,73.05028917500749
138,calm,cluttered,NearestNeighbor,32,31,0.96875,0.9491525423728814,0.0,False,56.0,59.0,1383.4197302844054,1389.1552821581297,-183.4197302844054,-263.41973028440543,True,163.57330443761998,False,True,0.0152555706604687,0.0004793495767384,2.0,True,1.0,8.000:8.000|23.910:32.796|29.313:39.292|40.349:28.537|38.891:24.342|36.223:19.047|57.105:27.435|71.297:38.968|74.371:33.579|80.341:26.815|83.758:26.937|94.394:31.135|83.459:54.813|75.127:47.755|74.696:64.839|75.470:66.819|73.575:77.701|80.936:75.189|58.311:80.330|55.692:69.429|49.317:59.214|46.180:58.243|42.721:52.632|34.118:64.366|34.309:68.876|36.831:69.463|29.058:76.651|29.923:83.211|25.265:90.559|13.746:77.745|19.609:69.965|63.100:54.375|8.000:8.000,0-14-19-31-22-4-10-18-12-9-32-21-1-3-2-13-17-28-29-7-16-11-5-30-15-20-25-27-6-23-26-24-0,0.0021609691902995
138,calm,cluttered,ValuePerDistance,32,27,0.84375,0.8728813559322034,0.0,False,51.5,59.0,1458.8440401252856,1456.4215696843858,-258.84404012528574,-338.84404012528574,True,163.46583761438643,False,True,0.0335865146802615,0.0012103913793651,2.0,True,1.0,8.000:8.000|40.349:28.537|38.891:24.342|36.223:19.047|29.313:39.292|23.910:32.796|46.180:58.243|49.317:59.214|42.721:52.632|34.118:64.366|36.831:69.463|34.309:68.876|29.923:83.211|25.265:90.559|29.058:76.651|19.609:69.965|13.746:77.745|68.425:90.154|73.575:77.701|75.470:66.819|74.696:64.839|80.936:75.189|71.297:38.968|74.371:33.579|80.341:26.815|83.758:26.937|94.394:31.135|83.459:54.813|8.000:8.000,0-31-22-4-19-14-11-16-5-30-20-15-27-6-25-26-23-8-17-13-2-28-18-12-9-32-21-1-0,0.0016372718382626
138,calm,cluttered,WindAwareGreedy,32,19,0.59375,0.7203389830508474,0.0,False,42.5,59.0,1451.9965384068528,1462.1201875531676,-251.9965384068529,-331.9965384068529,True,151.32443780829763,False,True,0.0478839563654649,0.0024438821876878,2.0,True,1.0,8.000:8.000|40.349:28.537|71.297:38.968|75.470:66.819|68.425:90.154|29.923:83.211|25.265:90.559|34.118:64.366|46.180:58.243|29.313:39.292|38.891:24.342|36.223:19.047|57.105:27.435|80.341:26.815|83.758:26.937|63.100:54.375|83.459:54.813|73.575:77.701|80.936:75.189|74.696:64.839|8.000:8.000,0-31-18-13-8-27-6-30-11-19-22-4-10-9-32-24-1-17-28-2-0,0.0014983708970248
138,calm,cluttered,ReserveOnlyPlanner,32,17,0.53125,0.6271186440677966,0.6271186440677966,True,37.0,59.0,1091.7256086921427,1136.7206686059724,108.27439130785746,28.274391307857456,False,119.06121652344164,True,False,0.0227053915989112,0.0012724642528937,2.0,False,1.0,8.000:8.000|40.349:28.537|29.313:39.292|34.118:64.366|29.923:83.211|25.265:90.559|68.425:90.154|75.470:66.819|71.297:38.968|80.341:26.815|83.758:26.937|94.394:31.135|83.459:54.813|46.180:58.243|42.721:52.632|36.831:69.463|34.309:68.876|23.910:32.796|8.000:8.000,0-31-19-30-27-6-8-13-18-9-32-21-1-11-5-20-15-14-0,0.0015092811081558
138,calm,cluttered,FairRiskAwareGreedy,32,12,0.375,0.5169491525423728,0.5169491525423728,True,30.5,59.0,1103.725856107001,1117.0364898309451,96.27414389299923,16.274143892999234,False,118.68344388491644,True,False,0.0160677579582462,0.0012440303379624,2.0,False,1.0,8.000:8.000|40.349:28.537|71.297:38.968|75.470:66.819|29.923:83.211|25.265:90.559|34.118:64.366|46.180:58.243|29.313:39.292|68.425:90.154|73.575:77.701|80.936:75.189|83.459:54.813|8.000:8.000,0-31-18-13-27-6-30-11-19-8-17-28-1-0,0.0021417259704321
138,calm,cluttered,FairALNSPlanner,32,26,0.8125,0.8728813559322034,0.8728813559322034,True,51.5,59.0,1064.8855056489813,1139.5358266547191,135.1144943510185,55.11449435101849,False,135.58809909047363,True,False,0.040148815712936,0.0015130114523721,2.0,False,1.0,8.000:8.000|36.223:19.047|57.105:27.435|83.758:26.937|80.341:26.815|74.371:33.579|71.297:38.968|83.459:54.813|63.100:54.375|74.696:64.839|75.470:66.819|80.936:75.189|73.575:77.701|68.425:90.154|58.311:80.330|25.265:90.559|29.923:83.211|29.058:76.651|36.831:69.463|34.309:68.876|34.118:64.366|46.180:58.243|42.721:52.632|40.349:28.537|38.891:24.342|29.313:39.292|23.910:32.796|8.000:8.000,0-4-10-32-9-12-18-1-24-2-13-28-17-8-29-6-27-25-20-15-30-11-5-31-22-19-14-0,16.024598754011095
138,calm,cluttered,RAWA-RHP,32,27,0.84375,0.8898305084745762,0.8898305084745762,True,52.5,59.0,1054.1120808995329,1126.157607464259,145.8879191004673,65.88791910046729,False,135.8743372789382,True,False,0.0320401439163573,0.0011604069576401,2.0,False,1.0,8.000:8.000|36.223:19.047|38.891:24.342|40.349:28.537|34.118:64.366|36.831:69.463|29.058:76.651|29.923:83.211|25.265:90.559|55.692:69.429|58.311:80.330|68.425:90.154|73.575:77.701|80.936:75.189|75.470:66.819|74.696:64.839|83.459:54.813|75.127:47.755|74.371:33.579|83.758:26.937|80.341:26.815|71.297:38.968|63.100:54.375|49.317:59.214|46.180:58.243|42.721:52.632|29.313:39.292|23.910:32.796|8.000:8.000,0-4-22-31-30-20-25-27-6-7-29-8-17-28-13-2-1-3-12-32-9-18-24-16-11-5-19-14-0,70.21753582591191
135,calm,sparse,NearestNeighbor,32,29,0.90625,0.9051094890510948,0.0,False,62.0,68.5,1376.9056107736874,1377.9653265505126,-176.90561077368753,-256.9056107736875,True,159.15878177025232,False,True,0.0303318689446723,0.0010211994704825,2.0,True,1.0,8.000:8.000|8.904:19.515|14.878:17.551|13.698:25.693|19.391:31.428|15.803:39.281|19.461:46.458|21.015:52.210|25.371:49.452|27.800:55.945|23.749:68.326|20.183:66.137|16.084:58.163|32.323:43.482|30.572:38.955|30.793:34.861|42.612:27.189|46.688:40.177|63.713:33.070|70.475:40.550|71.117:23.170|73.839:22.841|69.641:19.969|78.323:21.950|80.000:28.627|60.084:15.519|23.063:11.580|29.492:82.099|41.220:91.830|47.118:85.644|8.000:8.000,0-14-2-10-7-1-26-28-5-23-8-12-6-15-25-20-13-32-19-29-3-30-22-21-16-11-24-31-27-18-0,0.0021296679042279
135,calm,sparse,ValuePerDistance,32,27,0.84375,0.8978102189781022,0.0,False,61.5,68.5,1264.3539926655335,1259.0863550240929,-64.35399266553357,-144.35399266553355,True,143.79417312372328,False,True,0.0171546032521013,0.0006156022224882,2.0,True,1.0,8.000:8.000|23.063:11.580|14.878:17.551|13.698:25.693|19.391:31.428|15.803:39.281|21.015:52.210|27.800:55.945|20.183:66.137|23.749:68.326|29.492:82.099|41.220:91.830|51.415:89.405|47.118:85.644|76.072:73.279|81.734:85.576|80.000:28.627|73.839:22.841|71.117:23.170|69.641:19.969|60.084:15.519|42.612:27.189|30.793:34.861|30.572:38.955|32.323:43.482|46.688:40.177|70.475:40.550|63.713:33.070|8.000:8.000,0-24-2-10-7-1-28-23-12-8-31-27-9-18-17-4-16-30-3-22-11-13-20-25-15-32-29-19-0,0.0016555991023778
135,calm,sparse,WindAwareGreedy,32,21,0.65625,0.7664233576642335,0.0,False,52.5,68.5,1292.4346440542663,1297.1378541432216,-92.43464405426634,-172.43464405426636,True,139.24676070764536,False,True,0.0172770677422891,0.0007895902106409,2.0,True,1.0,8.000:8.000|23.063:11.580|30.793:34.861|30.572:38.955|21.015:52.210|15.803:39.281|20.183:66.137|23.749:68.326|29.492:82.099|51.415:89.405|41.220:91.830|46.688:40.177|60.084:15.519|80.000:28.627|73.839:22.841|71.117:23.170|42.612:27.189|13.698:25.693|19.391:31.428|8.904:19.515|14.878:17.551|16.084:58.163|8.000:8.000,0-24-20-25-28-1-12-8-31-9-27-32-11-16-30-3-13-10-7-14-2-6-0,0.0016084199305623
135,calm,sparse,ReserveOnlyPlanner,32,20,0.625,0.708029197080292,0.708029197080292,True,48.5,68.5,1079.6644506853916,1111.810267302548,120.33554931460854,40.33554931460854,False,119.13602437899488,True,False,0.0419219145287635,0.0020299793431816,2.0,False,1.0,8.000:8.000|23.063:11.580|30.793:34.861|30.572:38.955|21.015:52.210|15.803:39.281|19.391:31.428|13.698:25.693|8.904:19.515|14.878:17.551|20.183:66.137|23.749:68.326|16.084:58.163|27.800:55.945|46.688:40.177|60.084:15.519|80.000:28.627|73.839:22.841|71.117:23.170|70.475:40.550|42.612:27.189|8.000:8.000,0-24-20-25-28-1-7-10-14-2-12-8-6-23-32-11-16-30-3-29-13-0,0.0016890300903469
135,calm,sparse,FairRiskAwareGreedy,32,21,0.65625,0.7664233576642335,0.7664233576642335,True,52.5,68.5,1068.9946769978983,1098.8141823525884,131.0053230021023,51.0053230021023,False,131.6289323145239,True,False,0.0102949513102647,0.0004693885801488,2.0,False,1.0,8.000:8.000|23.063:11.580|30.793:34.861|30.572:38.955|15.803:39.281|21.015:52.210|60.084:15.519|80.000:28.627|73.839:22.841|71.117:23.170|42.612:27.189|46.688:40.177|20.183:66.137|23.749:68.326|51.415:89.405|41.220:91.830|29.492:82.099|27.800:55.945|13.698:25.693|19.391:31.428|8.904:19.515|14.878:17.551|8.000:8.000,0-24-20-25-1-28-11-16-30-3-13-32-12-8-9-27-31-23-10-7-14-2-0,0.0028913239948451
135,calm,sparse,FairALNSPlanner,32,30,0.9375,0.9635036496350364,0.9635036496350364,True,66.0,68.5,1054.4381158747308,1133.1749511605192,145.56188412526896,65.56188412526896,False,142.95134711776095,True,False,0.0232325972336512,0.0007552198750519,2.0,False,1.0,8.000:8.000|23.063:11.580|42.612:27.189|60.084:15.519|69.641:19.969|71.117:23.170|73.839:22.841|78.323:21.950|80.000:28.627|70.475:40.550|46.688:40.177|30.793:34.861|30.572:38.955|32.323:43.482|25.371:49.452|21.015:52.210|16.084:58.163|20.183:66.137|23.749:68.326|29.492:82.099|41.220:91.830|47.118:85.644|51.415:89.405|76.072:73.279|27.800:55.945|19.461:46.458|15.803:39.281|19.391:31.428|13.698:25.693|8.904:19.515|14.878:17.551|8.000:8.000,0-24-13-11-22-3-30-21-16-29-32-20-25-15-5-28-6-12-8-31-27-18-9-17-23-26-1-7-10-14-2-0,20.214507611002773
135,calm,sparse,RAWA-RHP,32,31,0.96875,0.9854014598540146,0.9854014598540146,True,67.5,68.5,1044.0776762046655,1118.7825372589546,155.9223237953347,75.9223237953347,False,140.87408316108335,True,False,0.0170136988607056,0.0005339681457602,2.0,False,1.0,8.000:8.000|23.063:11.580|30.793:34.861|30.572:38.955|32.323:43.482|46.688:40.177|42.612:27.189|60.084:15.519|69.641:19.969|71.117:23.170|73.839:22.841|78.323:21.950|80.000:28.627|70.475:40.550|76.072:73.279|81.734:85.576|51.415:89.405|47.118:85.644|41.220:91.830|29.492:82.099|23.749:68.326|20.183:66.137|16.084:58.163|21.015:52.210|27.800:55.945|25.371:49.452|19.461:46.458|15.803:39.281|19.391:31.428|13.698:25.693|8.904:19.515|14.878:17.551|8.000:8.000,0-24-20-25-15-32-13-11-22-3-30-21-16-29-17-4-9-18-27-31-8-12-6-28-23-5-26-1-7-10-14-2-0,187.92705101100728
140,severe,sparse,NearestNeighbor,32,17,0.53125,0.4838709677419355,0.0,False,30.0,62.0,2108.035733406968,2108.548341433236,-908.035733406968,-988.035733406968,True,97.43523711523729,False,True,0.3335080283153813,0.0211243058683371,2.0,True,1.0,8.000:8.000|34.303:40.014|49.073:41.126|49.787:46.063|54.615:55.052|59.075:52.786|58.682:50.349|64.607:47.931|66.838:45.947|73.372:43.798|79.391:32.833|70.390:27.524|66.002:31.002|65.809:21.700|77.277:10.942|52.545:31.869|52.217:34.494|65.731:66.689|8.000:8.000,0-19-32-26-16-3-21-11-20-17-4-18-10-2-14-23-27-12-0,0.00161016988568
140,severe,sparse,ValuePerDistance,32,15,0.46875,0.4677419354838709,0.0,False,29.0,62.0,2195.2086910675907,2234.2768341940937,-995.2086910675908,-1075.2086910675907,True,99.25398282418274,False,True,0.3829644620341816,0.0289272098889416,2.0,True,1.0,8.000:8.000|65.809:21.700|70.390:27.524|66.002:31.002|66.838:45.947|73.372:43.798|79.391:32.833|77.277:10.942|52.545:31.869|52.217:34.494|49.787:46.063|49.073:41.126|59.075:52.786|58.682:50.349|54.615:55.052|67.987:80.534|8.000:8.000,0-2-18-10-20-17-4-14-23-27-26-32-3-21-16-22-0,0.0011338992044329
140,severe,sparse,WindAwareGreedy,32,13,0.40625,0.4677419354838709,0.0,False,29.0,62.0,2227.734041838259,2213.0626677346227,-1027.7340418382594,-1107.7340418382594,True,96.24186301100366,False,True,0.2939394964605779,0.0231356763837048,2.0,True,1.0,8.000:8.000|65.809:21.700|70.390:27.524|66.838:45.947|73.372:43.798|79.391:32.833|77.277:10.942|66.002:31.002|52.545:31.869|49.787:46.063|59.075:52.786|58.682:50.349|67.987:80.534|66.794:87.594|8.000:8.000,0-2-18-20-17-4-14-10-23-26-3-21-22-13-0,0.0011488548479974
140,severe,sparse,ReserveOnlyPlanner,32,4,0.125,0.1370967741935483,0.1370967741935483,True,8.5,62.0,1076.6843501568535,1115.5202844840223,123.3156498431465,43.3156498431465,False,42.39967591344741,True,False,0.1102003754846333,0.0226269237580802,2.0,False,1.0,8.000:8.000|65.809:21.700|70.390:27.524|66.002:31.002|77.277:10.942|8.000:8.000,0-2-18-10-14-0,0.0005334389861673
140,severe,sparse,FairRiskAwareGreedy,32,10,0.3125,0.4112903225806452,0.4112903225806452,True,25.5,62.0,1081.2826592108115,1148.4937406098963,118.71734078918831,38.71734078918831,False,90.40471026936784,True,False,0.005192633691877,0.0004730506503637,2.8284271247461903,False,1.0,8.000:8.000|65.809:21.700|66.838:45.947|73.372:43.798|52.545:31.869|49.787:46.063|35.826:58.407|34.644:83.219|66.794:87.594|75.050:93.912|82.601:78.882|8.000:8.000,0-2-20-17-23-26-5-6-13-15-29-0,0.0014469008892774
140,severe,sparse,FairALNSPlanner,32,15,0.46875,0.5564516129032258,0.5564516129032258,True,34.5,62.0,1054.8638617499084,1198.747889621564,145.1361382500913,65.1361382500913,False,95.25602341991488,True,False,0.0070368178619095,0.0004408869408047,2.8284271247461903,False,1.0,8.000:8.000|8.648:52.253|34.644:83.219|32.254:83.688|66.015:84.360|67.987:80.534|66.794:87.594|75.050:93.912|82.601:78.882|91.490:58.852|73.372:43.798|66.838:45.947|64.607:47.931|65.809:21.700|52.545:31.869|52.217:34.494|8.000:8.000,0-31-6-25-7-22-13-15-29-8-17-20-11-2-23-27-0,5.545937875984237
140,severe,sparse,RAWA-RHP,32,20,0.625,0.6612903225806451,0.6612903225806451,True,41.0,62.0,1043.979319553277,1251.4273814784726,156.0206804467233,76.0206804467233,False,103.80056229182254,True,False,0.0295192182991088,0.0014226294792842,2.8284271247461903,False,1.0,8.000:8.000|65.809:21.700|70.390:27.524|79.391:32.833|66.838:45.947|73.372:43.798|91.490:58.852|82.601:78.882|75.050:93.912|66.794:87.594|66.015:84.360|67.987:80.534|69.369:76.935|69.108:64.540|65.731:66.689|58.682:50.349|59.075:52.786|54.615:55.052|49.787:46.063|49.073:41.126|34.303:40.014|8.000:8.000,0-2-18-4-20-17-8-29-15-13-7-22-30-9-12-21-3-16-26-32-19-0,10.82385532115586
139,severe,sparse,NearestNeighbor,32,16,0.5,0.4963503649635036,0.0,False,34.0,68.5,1464.5678093512129,1395.7545598317638,-264.567809351213,-344.567809351213,True,76.81448618084619,False,True,0.2271981887290505,0.0147685222645267,2.0,True,1.0,8.000:8.000|28.790:29.195|35.961:24.909|20.877:36.575|14.818:42.484|15.661:44.748|37.078:45.397|44.750:45.520|45.970:43.099|47.563:45.508|50.223:45.536|53.035:48.847|51.796:52.340|52.032:54.988|48.565:61.069|46.404:62.113|42.716:73.056|8.000:8.000,0-13-23-15-1-5-9-28-20-8-16-17-27-3-11-31-21-0,0.0012772041372954
139,severe,sparse,ValuePerDistance,32,15,0.46875,0.4744525547445255,0.0,False,32.5,68.5,1594.5514830993022,1562.7989949919715,-394.55148309930206,-474.55148309930206,True,81.70859719028967,False,True,0.2654384238375392,0.0186470839172333,2.0,True,1.0,8.000:8.000|28.790:29.195|20.877:36.575|15.661:44.748|14.818:42.484|46.404:62.113|48.565:61.069|51.796:52.340|53.035:48.847|50.223:45.536|47.563:45.508|44.750:45.520|45.970:43.099|37.078:45.397|52.032:54.988|42.716:73.056|8.000:8.000,0-13-15-5-1-31-11-27-17-16-8-28-20-9-3-21-0,0.0012774479109793
139,severe,sparse,WindAwareGreedy,32,12,0.375,0.4233576642335766,0.0,False,29.0,68.5,1336.71150732844,1326.0969405970843,-136.71150732843972,-216.71150732843967,True,65.30868181272491,False,True,0.2859862226125885,0.0251423664391412,2.0,True,1.0,8.000:8.000|15.661:44.748|20.877:36.575|28.790:29.195|35.961:24.909|45.970:43.099|44.750:45.520|53.035:48.847|46.404:62.113|51.796:52.340|50.223:45.536|47.563:45.508|37.078:45.397|8.000:8.000,0-5-15-13-23-20-28-17-31-27-16-8-9-0,0.0010195421054959
139,severe,sparse,ReserveOnlyPlanner,32,5,0.15625,0.1532846715328467,0.1532846715328467,True,10.5,68.5,1013.935568545238,1077.9401460358883,186.06443145476192,106.06443145476192,False,41.688094505216206,True,False,0.1687985902720113,0.0298669205794321,2.0,False,1.0,8.000:8.000|15.661:44.748|20.877:36.575|28.790:29.195|14.818:42.484|37.078:45.397|8.000:8.000,0-5-15-13-1-9-0,0.0005669349338859
139,severe,sparse,FairRiskAwareGreedy,32,2,0.0625,0.0583941605839416,0.0583941605839416,True,4.0,68.5,232.8468459655376,244.2634163276407,967.1531540344624,887.1531540344624,False,19.916945763006915,True,False,3.3250985187471827e-08,1.1083661729157276e-08,6.0,False,1.0,8.000:8.000|15.661:44.748|14.818:42.484|8.000:8.000,0-5-1-0,0.0003968400415033
139,severe,sparse,FairALNSPlanner,32,9,0.28125,0.2846715328467153,0.2846715328467153,True,19.5,68.5,801.9130066401713,865.7103106510812,398.0869933598288,318.0869933598288,False,68.35834476948672,True,False,0.0108726019704677,0.001087746244416,2.8284271247461903,False,1.0,8.000:8.000|75.023:13.563|80.014:18.193|79.790:23.376|75.786:31.387|86.176:49.142|87.529:53.327|84.094:54.372|81.502:53.470|83.090:73.059|8.000:8.000,0-25-18-14-12-7-4-32-22-6-0,7.3018901869654655
139,severe,sparse,RAWA-RHP,32,22,0.6875,0.7153284671532847,0.7153284671532847,True,49.0,68.5,1002.1256177836408,1173.6705156209412,197.87438221635887,117.87438221635888,False,103.77875277114778,True,False,0.0380269416680618,0.0016762390894918,2.0,False,1.0,8.000:8.000|20.877:36.575|14.818:42.484|15.661:44.748|46.404:62.113|48.565:61.069|59.683:60.382|69.181:59.247|81.502:53.470|84.094:54.372|87.529:53.327|86.176:49.142|86.327:27.342|80.014:18.193|79.790:23.376|75.786:31.387|50.223:45.536|47.563:45.508|44.750:45.520|37.078:45.397|45.970:43.099|35.961:24.909|28.790:29.195|8.000:8.000,0-15-1-5-31-11-19-2-22-32-4-7-29-18-14-12-16-8-28-9-20-23-13-0,52.60708714299835
140,calm,sparse,NearestNeighbor,32,32,1.0,1.0,0.0,False,59.0,59.0,1436.8721056670222,1445.9810576105262,-236.8721056670224,-316.8721056670224,True,173.82045203334943,False,True,0.0100098270361472,0.0003044581424669,2.0,True,1.0,8.000:8.000|17.629:14.552|11.789:19.734|26.508:17.649|30.047:21.706|31.158:24.244|26.257:45.237|31.325:43.961|33.348:44.600|44.138:55.329|52.127:56.616|67.207:49.861|68.665:40.654|69.447:33.139|79.676:26.265|84.815:34.187|93.287:34.051|83.198:48.528|77.643:45.466|76.449:59.324|72.045:58.988|70.207:67.933|64.595:72.493|50.029:79.944|40.805:72.397|31.906:82.105|34.283:83.364|26.974:92.403|23.533:91.275|21.324:78.549|8.596:63.371|76.948:87.019|88.855:85.584|8.000:8.000,0-6-9-1-29-31-28-2-16-27-26-8-10-25-30-14-21-11-23-19-22-7-13-32-24-3-18-20-12-17-15-4-5-0,0.0021494838874787
140,calm,sparse,ValuePerDistance,32,28,0.875,0.9067796610169492,0.0,False,53.5,59.0,1371.1995257178096,1370.2786380058926,-171.19952571780993,-251.19952571780996,True,161.73615780984971,False,True,0.0093999602677107,0.0003252775391871,2.0,True,1.0,8.000:8.000|17.629:14.552|11.789:19.734|31.325:43.961|33.348:44.600|26.257:45.237|8.596:63.371|40.805:72.397|50.029:79.944|34.283:83.364|31.906:82.105|23.533:91.275|26.974:92.403|21.324:78.549|44.138:55.329|52.127:56.616|67.207:49.861|68.665:40.654|69.447:33.139|84.815:34.187|93.287:34.051|83.198:48.528|77.643:45.466|76.449:59.324|72.045:58.988|70.207:67.933|64.595:72.493|76.948:87.019|88.855:85.584|8.000:8.000,0-6-9-2-16-28-15-24-32-18-3-12-20-17-27-26-8-10-25-14-21-11-23-19-22-7-13-4-5-0,0.0016355831176042
140,calm,sparse,WindAwareGreedy,32,23,0.71875,0.7796610169491526,0.0,False,46.0,59.0,1416.799846992246,1416.9402732587228,-216.7998469922459,-296.7998469922459,True,156.30580105011325,False,True,0.0185027513591679,0.0007766599199409,2.0,True,1.0,8.000:8.000|8.596:63.371|31.325:43.961|67.207:49.861|68.665:40.654|69.447:33.139|84.815:34.187|83.198:48.528|76.449:59.324|70.207:67.933|40.805:72.397|44.138:55.329|52.127:56.616|33.348:44.600|31.158:24.244|17.629:14.552|11.789:19.734|26.508:17.649|30.047:21.706|26.257:45.237|23.533:91.275|26.974:92.403|31.906:82.105|34.283:83.364|8.000:8.000,0-15-2-8-10-25-14-11-19-7-24-27-26-16-31-6-9-1-29-28-12-20-3-18-0,0.0016878589522093
140,calm,sparse,ReserveOnlyPlanner,32,19,0.59375,0.6694915254237288,0.6694915254237288,True,39.5,59.0,992.1490332727802,1021.74153189101,207.85096672722,127.85096672722,False,113.97339431359926,True,False,0.007255928685656,0.000363658901744,2.0,False,1.0,8.000:8.000|11.789:19.734|8.596:63.371|31.325:43.961|67.207:49.861|68.665:40.654|69.447:33.139|84.815:34.187|83.198:48.528|76.449:59.324|70.207:67.933|52.127:56.616|40.805:72.397|44.138:55.329|33.348:44.600|26.257:45.237|31.158:24.244|17.629:14.552|26.508:17.649|30.047:21.706|8.000:8.000,0-9-15-2-8-10-25-14-11-19-7-26-24-27-16-28-31-6-1-29-0,0.0016338671557605
140,calm,sparse,FairRiskAwareGreedy,32,17,0.53125,0.6610169491525424,0.6610169491525424,True,39.0,59.0,1102.8050020364794,1115.9895301519778,97.19499796352056,17.194997963520564,False,127.317738497892,True,False,0.0063025998035378,0.0003506622099962,2.0,False,1.0,8.000:8.000|8.596:63.371|31.325:43.961|67.207:49.861|68.665:40.654|69.447:33.139|84.815:34.187|83.198:48.528|40.805:72.397|44.138:55.329|52.127:56.616|76.449:59.324|70.207:67.933|79.676:26.265|93.287:34.051|31.158:24.244|17.629:14.552|11.789:19.734|8.000:8.000,0-15-2-8-10-25-14-11-24-27-26-19-7-30-21-31-6-9-0,0.0028712539933621
140,calm,sparse,FairALNSPlanner,32,28,0.875,0.9152542372881356,0.9152542372881356,True,54.0,59.0,1056.6900882245964,1127.1470400256126,143.30991177540375,63.30991177540375,False,138.48387784894936,True,False,0.0063923358229338,0.0002208441166206,2.0,False,1.0,8.000:8.000|11.789:19.734|17.629:14.552|26.508:17.649|30.047:21.706|31.158:24.244|67.207:49.861|64.595:72.493|70.207:67.933|72.045:58.988|76.449:59.324|83.198:48.528|93.287:34.051|84.815:34.187|79.676:26.265|69.447:33.139|68.665:40.654|52.127:56.616|44.138:55.329|40.805:72.397|31.906:82.105|34.283:83.364|26.974:92.403|23.533:91.275|21.324:78.549|8.596:63.371|26.257:45.237|33.348:44.600|31.325:43.961|8.000:8.000,0-9-6-1-29-31-8-13-7-22-19-11-21-14-30-25-10-26-27-24-3-18-20-12-17-15-28-16-2-0,19.062177621992305
140,calm,sparse,RAWA-RHP,32,30,0.9375,0.9576271186440678,0.9576271186440678,True,56.5,59.0,1045.9157580128365,1120.2584013783105,154.08424198716313,74.08424198716313,False,138.97746414813284,True,False,0.0057032053490737,0.0001843071130979,2.0,False,1.0,8.000:8.000|11.789:19.734|8.596:63.371|21.324:78.549|23.533:91.275|26.974:92.403|34.283:83.364|31.906:82.105|40.805:72.397|50.029:79.944|64.595:72.493|70.207:67.933|67.207:49.861|68.665:40.654|69.447:33.139|79.676:26.265|84.815:34.187|93.287:34.051|77.643:45.466|83.198:48.528|76.449:59.324|72.045:58.988|52.127:56.616|44.138:55.329|33.348:44.600|31.325:43.961|26.257:45.237|31.158:24.244|30.047:21.706|26.508:17.649|17.629:14.552|8.000:8.000,0-9-15-17-12-20-18-3-24-32-13-7-8-10-25-30-14-21-23-11-19-22-26-27-16-2-28-31-29-1-6-0,41.437045292928815
139,calm,sparse,NearestNeighbor,32,32,1.0,1.0,0.0,False,63.5,63.5,1436.2879606814467,1439.7820514812988,-236.28796068144644,-316.2879606814464,True,169.51210911627382,False,True,0.0220890426153343,0.0006756884644147,2.0,True,1.0,8.000:8.000|24.063:34.320|32.201:65.478|33.737:81.796|38.368:83.588|43.998:90.208|35.388:95.261|65.451:87.026|70.010:83.241|75.978:81.712|79.669:87.299|78.363:90.840|82.473:90.348|74.168:94.922|92.525:85.128|86.372:67.244|83.031:68.252|71.522:73.329|67.038:66.279|62.223:57.205|59.474:57.302|56.150:57.066|59.505:50.058|61.668:47.273|69.665:55.189|53.073:64.723|51.012:68.388|61.170:30.865|59.988:28.331|54.247:19.341|60.138:13.676|68.448:17.071|91.397:39.552|8.000:8.000,0-8-23-32-14-9-5-21-24-16-28-6-18-1-30-3-26-25-27-13-17-7-20-2-31-29-10-11-19-4-22-15-12-0,0.0021566378418356
139,calm,sparse,ValuePerDistance,32,29,0.90625,0.937007874015748,0.0,False,59.5,63.5,1471.02866969067,1468.561120617024,-271.0286696906702,-351.0286696906702,True,167.06493096005792,False,True,0.0223613896271512,0.0007525138996856,2.0,True,1.0,8.000:8.000|54.247:19.341|60.138:13.676|68.448:17.071|61.170:30.865|59.988:28.331|61.668:47.273|59.505:50.058|56.150:57.066|59.474:57.302|62.223:57.205|67.038:66.279|65.451:87.026|70.010:83.241|75.978:81.712|79.669:87.299|78.363:90.840|82.473:90.348|74.168:94.922|83.031:68.252|86.372:67.244|71.522:73.329|51.012:68.388|53.073:64.723|32.201:65.478|38.368:83.588|33.737:81.796|43.998:90.208|35.388:95.261|92.525:85.128|8.000:8.000,0-4-22-15-11-19-2-20-7-17-13-27-21-24-16-28-6-18-1-26-3-25-10-29-23-14-32-9-5-30-0,0.0017150118947029
139,calm,sparse,WindAwareGreedy,32,23,0.71875,0.7952755905511811,0.0,False,50.5,63.5,1376.2894785326096,1375.883823003692,-176.28947853260948,-256.28947853260945,True,152.00891751358725,False,True,0.0270886657640206,0.0011414272958924,2.0,True,1.0,8.000:8.000|61.170:30.865|54.247:19.341|60.138:13.676|68.448:17.071|67.038:66.279|51.012:68.388|53.073:64.723|65.451:87.026|83.031:68.252|78.363:90.840|79.669:87.299|75.978:81.712|70.010:83.241|32.201:65.478|56.150:57.066|59.474:57.302|62.223:57.205|61.668:47.273|59.505:50.058|38.368:83.588|43.998:90.208|35.388:95.261|33.737:81.796|8.000:8.000,0-11-4-22-15-27-10-29-21-26-6-28-16-24-23-7-17-13-2-20-14-9-5-32-0,0.001709931064397
139,calm,sparse,ReserveOnlyPlanner,32,17,0.53125,0.6456692913385826,0.6456692913385826,True,41.0,63.5,1110.5409956800695,1141.9551978990405,89.45900431993033,9.45900431993033,False,119.52824474923764,True,False,0.0174509267358613,0.0009762704510435,2.0,False,1.0,8.000:8.000|61.170:30.865|54.247:19.341|60.138:13.676|68.448:17.071|67.038:66.279|65.451:87.026|51.012:68.388|53.073:64.723|32.201:65.478|38.368:83.588|43.998:90.208|35.388:95.261|78.363:90.840|79.669:87.299|75.978:81.712|70.010:83.241|56.150:57.066|8.000:8.000,0-11-4-22-15-27-21-10-29-23-14-9-5-6-28-16-24-7-0,0.0015251110307872
139,calm,sparse,FairRiskAwareGreedy,32,16,0.5,0.6141732283464567,0.6141732283464567,True,39.0,63.5,1099.0757798662048,1124.349126625489,100.92422013379522,20.924220133795217,False,125.57056896915503,True,False,0.0140198153346039,0.0008288868503844,2.0,False,1.0,8.000:8.000|61.170:30.865|54.247:19.341|60.138:13.676|68.448:17.071|51.012:68.388|53.073:64.723|65.451:87.026|67.038:66.279|32.201:65.478|56.150:57.066|83.031:68.252|70.010:83.241|78.363:90.840|79.669:87.299|75.978:81.712|24.063:34.320|8.000:8.000,0-11-4-22-15-10-29-21-27-23-7-26-24-6-28-16-8-0,0.002548559801653
139,calm,sparse,FairALNSPlanner,32,28,0.875,0.9212598425196852,0.9212598425196852,True,58.5,63.5,1062.5693547780968,1135.90874551964,137.4306452219036,57.4306452219036,False,139.250521001042,True,False,0.0252013642736759,0.0008786345725001,2.0,False,1.0,8.000:8.000|24.063:34.320|32.201:65.478|33.737:81.796|38.368:83.588|35.388:95.261|43.998:90.208|51.012:68.388|53.073:64.723|65.451:87.026|70.010:83.241|75.978:81.712|79.669:87.299|78.363:90.840|74.168:94.922|82.473:90.348|83.031:68.252|86.372:67.244|71.522:73.329|67.038:66.279|62.223:57.205|59.474:57.302|56.150:57.066|59.505:50.058|61.668:47.273|61.170:30.865|54.247:19.341|60.138:13.676|68.448:17.071|8.000:8.000,0-8-23-32-14-5-9-10-29-21-24-16-28-6-1-18-26-3-25-27-13-17-7-20-2-11-4-22-15-0,17.996539843035862
139,calm,sparse,RAWA-RHP,32,29,0.90625,0.937007874015748,0.937007874015748,True,59.5,63.5,1052.6044678930284,1120.1355166750652,147.39553210697136,67.39553210697136,False,138.0887259693049,True,False,0.029500223552497,0.0009963467207219,2.0,False,1.0,8.000:8.000|24.063:34.320|32.201:65.478|33.737:81.796|38.368:83.588|35.388:95.261|43.998:90.208|65.451:87.026|70.010:83.241|75.978:81.712|79.669:87.299|78.363:90.840|74.168:94.922|82.473:90.348|83.031:68.252|86.372:67.244|71.522:73.329|67.038:66.279|62.223:57.205|59.474:57.302|53.073:64.723|51.012:68.388|56.150:57.066|59.505:50.058|61.668:47.273|61.170:30.865|59.988:28.331|68.448:17.071|60.138:13.676|54.247:19.341|8.000:8.000,0-8-23-32-14-5-9-21-24-16-28-6-1-18-26-3-25-27-13-17-29-10-7-20-2-11-19-15-22-4-0,69.23518348508514
136,moderate,sparse,NearestNeighbor,32,30,0.9375,0.944,0.0,False,59.0,62.5,1588.8638414596676,1597.5170445101674,-388.8638414596669,-468.8638414596669,True,140.9305142005219,False,True,0.1056776999921542,0.0035462844777275,2.0,True,1.0,8.000:8.000|19.819:21.398|24.530:17.115|27.037:15.779|32.536:15.620|38.472:19.715|40.217:28.463|47.582:26.033|51.444:32.829|52.041:47.101|63.321:44.323|65.444:53.935|58.213:65.109|76.322:65.214|76.751:69.763|73.234:70.410|81.168:73.792|86.357:66.385|89.448:64.040|82.628:58.139|80.628:60.675|87.349:53.942|76.612:34.924|71.908:34.140|67.538:25.393|69.496:23.496|68.262:20.280|76.727:12.976|34.383:50.229|40.073:56.785|33.558:65.939|8.000:8.000,0-10-21-27-8-30-23-6-1-18-26-9-31-15-12-17-16-2-11-20-19-7-28-13-5-29-3-24-4-14-22-0,0.0020517169032245
136,moderate,sparse,ValuePerDistance,32,27,0.84375,0.864,0.0,False,54.0,62.5,1476.7040951747597,1485.5194515892456,-276.70409517475946,-356.70409517475946,True,130.45571540538873,False,True,0.028854696835469,0.0010347646687551,2.0,True,1.0,8.000:8.000|19.819:21.398|24.530:17.115|27.037:15.779|32.536:15.620|47.582:26.033|51.444:32.829|52.041:47.101|63.321:44.323|65.444:53.935|76.322:65.214|76.751:69.763|73.234:70.410|81.168:73.792|86.357:66.385|89.448:64.040|82.628:58.139|80.628:60.675|87.349:53.942|71.908:34.140|76.612:34.924|68.262:20.280|69.496:23.496|67.538:25.393|76.727:12.976|40.217:28.463|38.472:19.715|34.383:50.229|8.000:8.000,0-10-21-27-8-6-1-18-26-9-15-12-17-16-2-11-20-19-7-13-28-3-29-5-24-23-30-4-0,0.0015080419834703
136,moderate,sparse,WindAwareGreedy,32,18,0.5625,0.704,0.0,False,44.0,62.5,1476.7693864702958,1494.7456349300762,-276.7693864702956,-356.7693864702956,True,118.70794832768532,False,True,0.1376181390385773,0.007679536135079,2.0,True,1.0,8.000:8.000|19.819:21.398|24.530:17.115|51.444:32.829|52.041:47.101|33.558:65.939|76.322:65.214|82.628:58.139|86.357:66.385|76.751:69.763|73.234:70.410|67.117:79.922|65.444:53.935|63.321:44.323|47.582:26.033|40.217:28.463|68.262:20.280|76.727:12.976|71.908:34.140|8.000:8.000,0-10-21-1-18-22-15-20-2-12-17-32-9-26-6-23-3-24-13-0,0.0014442289248108
136,moderate,sparse,ReserveOnlyPlanner,32,12,0.375,0.456,0.456,True,28.5,62.5,1106.5647388338805,1158.3092606542496,93.43526116611946,13.43526116611946,False,85.32981815833728,True,False,0.0241125317763006,0.0018631600057407,2.0,False,1.0,8.000:8.000|19.819:21.398|24.530:17.115|27.037:15.779|51.444:32.829|52.041:47.101|33.558:65.939|20.886:86.000|67.117:79.922|76.322:65.214|76.751:69.763|73.234:70.410|65.444:53.935|8.000:8.000,0-10-21-27-1-18-22-25-32-15-12-17-9-0,0.0011962300632148
136,moderate,sparse,FairRiskAwareGreedy,32,15,0.46875,0.552,0.552,True,34.5,62.5,1087.1009257390265,1118.4264351624884,112.89907426097376,32.89907426097375,False,114.2276153813678,True,False,0.0029277608219718,0.0001831812794938,2.8284271247461903,False,1.0,8.000:8.000|19.819:21.398|24.530:17.115|51.444:32.829|52.041:47.101|47.582:26.033|40.217:28.463|68.262:20.280|71.908:34.140|82.628:58.139|86.357:66.385|76.727:12.976|32.536:15.620|27.037:15.779|63.321:44.323|38.472:19.715|8.000:8.000,0-10-21-1-18-6-23-3-13-20-2-24-8-27-26-30-0,0.0024315030314028
136,moderate,sparse,FairALNSPlanner,32,27,0.84375,0.896,0.896,True,56.0,62.5,1035.5798347975822,1218.5361934853918,164.420165202418,84.42016520241799,False,130.2669336265046,True,False,0.0778819711131749,0.0028735961028378,2.0,False,1.0,8.000:8.000|24.530:17.115|27.037:15.779|19.819:21.398|34.383:50.229|33.558:65.939|58.213:65.109|67.117:79.922|73.234:70.410|76.751:69.763|76.322:65.214|82.628:58.139|86.357:66.385|87.349:53.942|76.612:34.924|76.727:12.976|68.262:20.280|69.496:23.496|67.538:25.393|71.908:34.140|63.321:44.323|65.444:53.935|52.041:47.101|51.444:32.829|47.582:26.033|40.217:28.463|38.472:19.715|32.536:15.620|8.000:8.000,0-21-27-10-4-22-31-32-17-12-15-20-2-7-28-24-3-29-5-13-26-9-18-1-6-23-30-8-0,16.9643287290819
136,moderate,sparse,RAWA-RHP,32,30,0.9375,0.96,0.96,True,60.0,62.5,1047.7594182556495,1220.690476043135,152.24058174435066,72.24058174435066,False,135.58955234201682,True,False,0.07671875091929,0.0025466301848571,2.0,False,1.0,8.000:8.000|19.819:21.398|24.530:17.115|27.037:15.779|32.536:15.620|76.727:12.976|68.262:20.280|69.496:23.496|67.538:25.393|71.908:34.140|63.321:44.323|65.444:53.935|76.322:65.214|80.628:60.675|82.628:58.139|87.349:53.942|89.448:64.040|86.357:66.385|81.168:73.792|76.751:69.763|73.234:70.410|67.117:79.922|58.213:65.109|33.558:65.939|40.073:56.785|34.383:50.229|52.041:47.101|51.444:32.829|47.582:26.033|40.217:28.463|38.472:19.715|8.000:8.000,0-10-21-27-8-24-3-29-5-13-26-9-15-19-20-7-11-2-16-12-17-32-31-22-14-4-18-1-6-23-30-0,164.20993657084182
139,calm,cluttered,NearestNeighbor,32,32,1.0,1.0,0.0,False,67.5,67.5,1412.640326517305,1413.3577524611485,-212.64032651730523,-292.6403265173052,True,167.4734974378437,False,True,0.0333308302183928,0.0010246936613004,2.0,True,1.0,8.000:8.000|10.927:23.371|28.410:35.243|29.597:38.945|42.387:53.305|44.706:57.490|45.812:61.408|49.779:60.302|58.565:52.823|51.787:48.066|56.428:38.045|57.603:31.143|52.514:25.630|46.872:24.984|42.542:22.208|55.473:19.041|66.582:34.425|66.862:47.475|72.175:49.836|65.995:65.679|80.905:66.890|83.088:69.007|84.492:66.225|88.723:68.018|92.312:68.683|93.595:34.552|81.177:20.271|61.418:80.968|47.189:81.196|36.902:71.362|34.412:67.011|29.591:74.731|27.492:75.176|8.000:8.000,0-12-23-19-8-7-4-28-25-13-1-16-29-3-30-24-15-2-17-14-5-31-32-6-9-10-27-21-22-11-20-26-18-0,0.0021628011018037
139,calm,cluttered,ValuePerDistance,32,30,0.9375,0.9629629629629628,0.0,False,65.0,67.5,1370.2779393546346,1367.313884061684,-170.27793935463484,-250.27793935463484,True,160.69110523888432,False,True,0.0599181503811863,0.0019863832122476,2.0,True,1.0,8.000:8.000|10.927:23.371|28.410:35.243|29.597:38.945|44.706:57.490|45.812:61.408|49.779:60.302|36.902:71.362|29.591:74.731|27.492:75.176|34.412:67.011|61.418:80.968|80.905:66.890|84.492:66.225|88.723:68.018|92.312:68.683|83.088:69.007|72.175:49.836|66.862:47.475|58.565:52.823|51.787:48.066|56.428:38.045|57.603:31.143|52.514:25.630|46.872:24.984|42.542:22.208|55.473:19.041|93.595:34.552|81.177:20.271|66.582:34.425|42.387:53.305|8.000:8.000,0-12-23-19-7-4-28-11-26-18-20-21-5-32-6-9-31-17-2-25-13-1-16-29-3-30-24-10-27-15-8-0,0.0017251658719033
139,calm,cluttered,WindAwareGreedy,32,25,0.78125,0.8444444444444444,0.0,False,57.0,67.5,1392.925626353273,1385.0300333879347,-192.92562635327283,-272.92562635327283,True,154.72440575600817,False,True,0.0545776847457634,0.0021519560803121,2.0,True,1.0,8.000:8.000|10.927:23.371|28.410:35.243|44.706:57.490|45.812:61.408|49.779:60.302|29.591:74.731|36.902:71.362|61.418:80.968|80.905:66.890|88.723:68.018|92.312:68.683|93.595:34.552|51.787:48.066|58.565:52.823|66.862:47.475|72.175:49.836|56.428:38.045|57.603:31.143|52.514:25.630|46.872:24.984|29.597:38.945|42.542:22.208|55.473:19.041|81.177:20.271|66.582:34.425|8.000:8.000,0-12-23-7-4-28-26-11-21-5-6-9-10-13-25-2-17-1-16-29-3-19-30-24-27-15-0,0.0017535318620502
139,calm,cluttered,ReserveOnlyPlanner,32,23,0.71875,0.7777777777777778,0.7777777777777778,True,52.5,67.5,1102.9274622553323,1141.8521629301172,97.07253774466756,17.072537744667557,False,127.4822894079728,True,False,0.0254603878096694,0.0010724693059293,2.0,False,1.0,8.000:8.000|10.927:23.371|28.410:35.243|44.706:57.490|45.812:61.408|49.779:60.302|61.418:80.968|80.905:66.890|88.723:68.018|92.312:68.683|84.492:66.225|83.088:69.007|93.595:34.552|72.175:49.836|51.787:48.066|58.565:52.823|66.862:47.475|56.428:38.045|57.603:31.143|52.514:25.630|46.872:24.984|42.542:22.208|29.597:38.945|42.387:53.305|8.000:8.000,0-12-23-7-4-28-21-5-6-9-32-31-10-17-13-25-2-1-16-29-3-30-19-8-0,0.0018344977870583
139,calm,cluttered,FairRiskAwareGreedy,32,21,0.65625,0.7407407407407407,0.7407407407407407,True,50.0,67.5,1048.7356816114147,1069.9018299139486,151.2643183885854,71.2643183885854,False,128.74980343992897,True,False,0.0155457796325346,0.0007111202089485,2.0,False,1.0,8.000:8.000|10.927:23.371|28.410:35.243|44.706:57.490|45.812:61.408|49.779:60.302|29.591:74.731|36.902:71.362|61.418:80.968|80.905:66.890|88.723:68.018|92.312:68.683|51.787:48.066|29.597:38.945|58.565:52.823|57.603:31.143|56.428:38.045|66.862:47.475|72.175:49.836|52.514:25.630|46.872:24.984|42.542:22.208|8.000:8.000,0-12-23-7-4-28-26-11-21-5-6-9-13-19-25-16-1-2-17-29-3-30-0,0.0027738979551941
139,calm,cluttered,FairALNSPlanner,32,28,0.875,0.925925925925926,0.925925925925926,True,62.5,67.5,1049.2450369006554,1127.687511805848,150.75496309934502,70.75496309934502,False,139.15091605669207,True,False,0.0200717827096593,0.0006979639485654,2.0,False,1.0,8.000:8.000|28.410:35.243|29.597:38.945|29.591:74.731|27.492:75.176|36.902:71.362|61.418:80.968|65.995:65.679|80.905:66.890|83.088:69.007|84.492:66.225|88.723:68.018|92.312:68.683|93.595:34.552|72.175:49.836|66.862:47.475|66.582:34.425|55.473:19.041|46.872:24.984|52.514:25.630|57.603:31.143|56.428:38.045|51.787:48.066|58.565:52.823|49.779:60.302|45.812:61.408|44.706:57.490|42.387:53.305|10.927:23.371|8.000:8.000,0-23-19-26-18-11-21-14-5-31-32-6-9-10-17-2-15-24-3-29-16-1-13-25-28-4-7-8-12-0,18.48111820407212
139,calm,cluttered,RAWA-RHP,32,30,0.9375,0.9629629629629628,0.9629629629629628,True,65.0,67.5,1043.0701183689123,1117.6959067178211,156.92988163108782,76.92988163108782,False,139.79014289648373,True,False,0.0223972812080772,0.0007294323889424,2.0,False,1.0,8.000:8.000|42.542:22.208|46.872:24.984|52.514:25.630|55.473:19.041|57.603:31.143|66.582:34.425|56.428:38.045|51.787:48.066|58.565:52.823|66.862:47.475|72.175:49.836|93.595:34.552|92.312:68.683|88.723:68.018|84.492:66.225|83.088:69.007|80.905:66.890|65.995:65.679|61.418:80.968|34.412:67.011|29.591:74.731|27.492:75.176|36.902:71.362|45.812:61.408|49.779:60.302|44.706:57.490|42.387:53.305|29.597:38.945|28.410:35.243|10.927:23.371|8.000:8.000,0-30-3-29-24-16-15-1-13-25-2-17-10-9-6-32-31-5-14-21-20-26-18-11-4-28-7-8-19-23-12-0,71.34619675506838
137,moderate,cluttered,NearestNeighbor,32,20,0.625,0.624,0.0,False,39.0,62.5,1298.081341878757,1300.1511204387734,-98.08134187875676,-178.08134187875677,True,113.52679416862875,False,True,0.0508930600292418,0.002451718533393,2.0,True,1.0,8.000:8.000|19.299:8.607|33.273:18.483|39.997:12.334|43.395:9.900|51.509:16.941|66.001:9.114|69.073:11.040|71.143:12.342|80.846:17.246|58.405:37.138|55.849:46.396|52.690:44.855|45.331:54.344|32.749:51.685|24.301:53.408|20.645:55.672|25.629:63.049|14.292:47.004|29.124:29.752|55.158:64.261|8.000:8.000,0-8-5-14-7-9-11-2-25-22-29-20-17-6-32-4-16-12-24-26-28-0,0.0017767909448593
137,moderate,cluttered,ValuePerDistance,32,21,0.65625,0.768,0.0,False,48.0,62.5,1365.2193864576425,1397.661495501771,-165.2193864576421,-245.2193864576421,True,121.83143538377055,False,True,0.0766833904244915,0.0034880490451438,2.0,True,1.0,8.000:8.000|19.299:8.607|39.997:12.334|43.395:9.900|51.509:16.941|69.073:11.040|71.143:12.342|66.001:9.114|58.405:37.138|52.690:44.855|55.849:46.396|45.331:54.344|32.749:51.685|20.645:55.672|24.301:53.408|14.292:47.004|43.025:79.906|58.804:86.354|59.778:90.628|55.158:64.261|75.370:67.079|77.373:67.263|8.000:8.000,0-8-14-7-9-2-25-11-29-17-20-6-32-16-4-24-21-15-10-28-23-1-0,0.0013679638504981
137,moderate,cluttered,WindAwareGreedy,32,18,0.5625,0.664,0.0,False,41.5,62.5,1394.7120154091026,1394.844303989502,-194.71201540910212,-274.7120154091021,True,117.25370247096843,False,True,0.1329223242107571,0.007244038080671,2.0,True,1.0,8.000:8.000|19.299:8.607|39.997:12.334|43.395:9.900|69.073:11.040|66.001:9.114|51.509:16.941|32.749:51.685|20.645:55.672|14.292:47.004|52.690:44.855|55.849:46.396|58.405:37.138|45.331:54.344|55.158:64.261|75.370:67.079|71.516:57.828|83.751:52.433|71.143:12.342|8.000:8.000,0-8-14-7-2-11-9-32-16-24-17-20-29-6-28-23-3-30-25-0,0.0014818180352449
137,moderate,cluttered,ReserveOnlyPlanner,32,15,0.46875,0.504,0.504,True,31.5,62.5,1086.869657519734,1182.3774614077656,113.13034248026642,33.13034248026642,False,94.76522233864736,True,False,0.0169839558009495,0.0010617350959033,2.0,False,1.0,8.000:8.000|19.299:8.607|39.997:12.334|43.395:9.900|69.073:11.040|66.001:9.114|71.143:12.342|51.509:16.941|58.405:37.138|52.690:44.855|32.749:51.685|20.645:55.672|14.292:47.004|29.124:29.752|33.273:18.483|55.849:46.396|8.000:8.000,0-8-14-7-2-11-25-9-29-17-32-16-24-26-5-20-0,0.0011230451054871
137,moderate,cluttered,FairRiskAwareGreedy,32,15,0.46875,0.568,0.568,True,35.5,62.5,1094.8621516760525,1140.5242065596958,105.13784832394732,25.13784832394731,False,119.62427443140916,True,False,0.0057385181383701,0.000359257375929,2.0,False,1.0,8.000:8.000|19.299:8.607|20.645:55.672|32.749:51.685|14.292:47.004|43.025:79.906|58.804:86.354|69.073:11.040|43.395:9.900|39.997:12.334|66.001:9.114|51.509:16.941|52.690:44.855|55.158:64.261|45.331:54.344|29.124:29.752|8.000:8.000,0-8-16-32-24-21-15-2-7-14-11-9-17-28-6-26-0,0.0012119070161134
137,moderate,cluttered,FairALNSPlanner,32,25,0.78125,0.872,0.872,True,54.5,62.5,1043.864351310277,1179.6024710955453,156.1356486897231,76.1356486897231,False,130.0118037671852,True,False,0.0296747391685686,0.0011521656861252,2.0,False,1.0,8.000:8.000|14.292:47.004|20.645:55.672|24.301:53.408|32.749:51.685|45.331:54.344|71.516:57.828|83.751:52.433|77.373:67.263|75.370:67.079|52.690:44.855|43.025:79.906|58.804:86.354|59.778:90.628|59.011:76.179|54.293:73.466|55.158:64.261|55.849:46.396|58.405:37.138|71.143:12.342|69.073:11.040|66.001:9.114|51.509:16.941|43.395:9.900|39.997:12.334|19.299:8.607|8.000:8.000,0-24-16-4-32-6-3-30-1-23-17-21-15-10-18-13-28-20-29-25-2-11-9-7-14-8-0,14.779266688972712
137,moderate,cluttered,RAWA-RHP,32,26,0.8125,0.888,0.888,True,55.5,62.5,1012.508793367236,1146.980411114794,187.4912066327638,107.4912066327638,False,127.8335410148973,True,False,0.0323217324321527,0.0012092484496308,2.0,False,1.0,8.000:8.000|14.292:47.004|20.645:55.672|24.301:53.408|32.749:51.685|45.331:54.344|43.025:79.906|58.804:86.354|59.778:90.628|59.011:76.179|54.293:73.466|55.158:64.261|71.516:57.828|83.751:52.433|77.373:67.263|75.224:73.378|75.370:67.079|52.690:44.855|55.849:46.396|58.405:37.138|69.073:11.040|71.143:12.342|66.001:9.114|51.509:16.941|43.395:9.900|39.997:12.334|19.299:8.607|8.000:8.000,0-24-16-4-32-6-21-15-10-18-13-28-3-30-1-19-23-17-20-29-2-25-11-9-7-14-8-0,121.96464053308593
140,moderate,cluttered,NearestNeighbor,32,25,0.78125,0.7716535433070866,0.0,False,49.0,63.5,1517.2244614060337,1508.1505400554556,-317.2244614060337,-397.2244614060337,True,133.459894473691,False,True,0.1731539202278924,0.0071656572068237,2.0,True,1.0,8.000:8.000|13.065:17.426|10.370:27.866|11.993:52.841|36.489:47.414|41.602:59.788|54.252:55.495|54.425:48.442|58.281:40.111|63.754:34.063|68.499:23.173|76.345:10.558|86.342:19.347|84.742:22.607|75.212:43.639|72.504:53.428|68.458:62.208|67.803:65.123|71.506:67.424|72.342:70.097|82.976:78.314|73.227:83.363|72.575:85.888|60.647:95.778|44.806:88.004|57.609:76.055|8.000:8.000,0-27-15-29-13-7-4-2-10-30-11-25-24-1-20-21-12-23-26-14-32-28-16-6-22-17-0,0.0011463230475783
140,moderate,cluttered,ValuePerDistance,32,19,0.59375,0.6692913385826772,0.0,False,42.5,63.5,1627.2920595829169,1611.44943989712,-427.2920595829168,-507.2920595829168,True,123.31226988717049,False,True,0.0924318043111849,0.0047569754316334,2.0,True,1.0,8.000:8.000|13.065:17.426|10.370:27.866|11.993:52.841|36.489:47.414|41.602:59.788|54.252:55.495|67.803:65.123|71.506:67.424|72.342:70.097|82.976:78.314|72.575:85.888|73.227:83.363|44.806:88.004|25.192:87.546|63.754:34.063|68.499:23.173|76.345:10.558|84.742:22.607|86.342:19.347|8.000:8.000,0-27-15-29-13-7-4-23-26-14-32-16-28-22-3-30-11-25-1-24-0,0.0009130821563303
140,moderate,cluttered,WindAwareGreedy,32,14,0.4375,0.5748031496062992,0.0,False,36.5,63.5,1519.2246354932267,1530.3519404079502,-319.22463549322646,-399.22463549322646,True,116.97791447845066,False,True,0.0988617225781763,0.0068088246984614,2.0,True,1.0,8.000:8.000|50.051:9.888|68.499:23.173|63.754:34.063|76.345:10.558|84.742:22.607|86.342:19.347|97.508:55.377|82.976:78.314|71.506:67.424|67.803:65.123|41.602:59.788|36.489:47.414|11.993:52.841|44.806:88.004|8.000:8.000,0-18-11-30-25-1-24-5-32-26-23-7-13-29-22-0,0.001287342980504
140,moderate,cluttered,ReserveOnlyPlanner,32,15,0.46875,0.5669291338582677,0.5669291338582677,True,36.0,63.5,1093.0299542879595,1175.4607108390462,106.97004571204032,26.97004571204033,False,93.67089794542932,True,False,0.1240865677820857,0.0080968459174169,2.0,False,1.0,8.000:8.000|50.051:9.888|52.604:11.616|76.345:10.558|68.499:23.173|63.754:34.063|75.212:43.639|67.803:65.123|71.506:67.424|82.976:78.314|72.575:85.888|73.227:83.363|44.806:88.004|41.602:59.788|36.489:47.414|10.370:27.866|8.000:8.000,0-18-8-25-11-30-20-23-26-32-16-28-22-7-13-15-0,0.0014214820694178
140,moderate,cluttered,FairRiskAwareGreedy,32,13,0.40625,0.4881889763779528,0.4881889763779528,True,31.0,63.5,1095.711916160848,1134.9848443489225,104.28808383915202,24.288083839152023,False,116.23056710741903,True,False,0.0011779853367492,8.417330358972963e-05,2.8284271247461903,False,1.0,8.000:8.000|11.993:52.841|36.489:47.414|35.414:19.299|63.754:34.063|68.499:23.173|50.051:9.888|76.345:10.558|52.604:11.616|84.742:22.607|41.602:59.788|67.803:65.123|54.252:55.495|54.425:48.442|8.000:8.000,0-29-13-31-30-11-18-25-8-1-7-23-4-2-0,0.0018980419263243
140,moderate,cluttered,FairALNSPlanner,32,22,0.6875,0.7401574803149606,0.7401574803149606,True,47.0,63.5,1045.8531674384049,1193.548446961615,154.14683256159543,74.14683256159543,False,127.555211833435,True,False,0.07391459102815,0.0033061958657503,2.0,False,1.0,8.000:8.000|50.051:9.888|52.604:11.616|76.345:10.558|68.499:23.173|63.754:34.063|58.281:40.111|54.425:48.442|54.252:55.495|72.342:70.097|67.803:65.123|57.609:76.055|44.806:88.004|60.647:95.778|72.575:85.888|73.227:83.363|82.976:78.314|71.506:67.424|68.458:62.208|41.602:59.788|11.993:52.841|36.489:47.414|35.414:19.299|8.000:8.000,0-18-8-25-11-30-10-2-4-14-23-17-22-6-16-28-32-26-12-7-29-13-31-0,11.311597359832376
140,moderate,cluttered,RAWA-RHP,32,24,0.75,0.7874015748031497,0.7874015748031497,True,50.0,63.5,1040.7820765575082,1175.9365381739317,159.21792344249198,79.21792344249198,False,129.43663135603518,True,False,0.0632050581417962,0.002586846863205,2.0,False,1.0,8.000:8.000|50.051:9.888|52.604:11.616|76.345:10.558|68.499:23.173|63.754:34.063|58.281:40.111|54.425:48.442|54.252:55.495|41.602:59.788|68.458:62.208|67.803:65.123|71.506:67.424|72.342:70.097|82.976:78.314|73.227:83.363|72.575:85.888|60.647:95.778|44.806:88.004|25.192:87.546|11.993:52.841|36.489:47.414|35.414:19.299|38.299:14.053|13.065:17.426|8.000:8.000,0-18-8-25-11-30-10-2-4-7-12-23-26-14-32-28-16-6-22-3-29-13-31-9-27-0,39.91823197482154
140,calm,cluttered,NearestNeighbor,32,32,1.0,1.0,0.0,False,61.5,61.5,1298.5740744056875,1306.3105936638942,-98.57407440568772,-178.57407440568772,True,161.56677899571548,False,True,0.0125533792537388,0.000382397483918,2.0,True,1.0,8.000:8.000|19.601:17.308|32.880:37.586|33.320:42.467|30.706:42.340|45.821:48.562|41.609:60.354|55.865:65.887|61.222:67.906|59.096:71.070|57.860:78.508|62.233:83.334|71.279:78.081|72.775:75.169|74.485:76.460|76.214:81.129|66.994:68.048|90.001:60.380|81.197:33.896|92.133:28.908|76.186:21.446|66.084:30.560|67.748:34.725|61.537:31.806|52.731:29.464|51.116:23.524|44.278:28.780|30.343:69.025|30.908:73.756|26.939:73.363|34.636:82.412|33.165:87.248|13.946:64.759|8.000:8.000,0-7-10-29-12-14-11-28-15-23-4-31-19-32-9-3-30-5-24-21-25-2-16-26-22-1-18-6-20-27-8-13-17-0,0.0021157721057534
140,calm,cluttered,ValuePerDistance,32,31,0.96875,0.975609756097561,0.0,False,60.0,61.5,1348.788503472642,1350.830924233741,-148.7885034726417,-228.7885034726417,True,163.78227768190914,False,True,0.0247618054421502,0.0007813661841286,2.0,True,1.0,8.000:8.000|19.601:17.308|30.706:42.340|32.880:37.586|33.320:42.467|41.609:60.354|30.908:73.756|30.343:69.025|26.939:73.363|34.636:82.412|33.165:87.248|62.233:83.334|71.279:78.081|72.775:75.169|74.485:76.460|76.214:81.129|66.994:68.048|59.096:71.070|55.865:65.887|61.222:67.906|57.860:78.508|61.537:31.806|66.084:30.560|67.748:34.725|81.197:33.896|92.133:28.908|76.186:21.446|51.116:23.524|52.731:29.464|44.278:28.780|45.821:48.562|13.946:64.759|8.000:8.000,0-7-12-10-29-11-20-6-27-8-13-31-19-32-9-3-30-23-28-15-4-26-2-16-24-21-25-1-22-18-14-17-0,0.001732753124088
140,calm,cluttered,WindAwareGreedy,32,22,0.6875,0.7967479674796748,0.0,False,49.0,61.5,1220.3950474510264,1226.882167992463,-20.395047451026365,-100.39504745102636,True,140.18794926230547,False,True,0.0246614034818659,0.001082441112658,2.0,True,1.0,8.000:8.000|30.706:42.340|32.880:37.586|61.537:31.806|92.133:28.908|81.197:33.896|67.748:34.725|66.084:30.560|41.609:60.354|30.908:73.756|30.343:69.025|66.994:68.048|71.279:78.081|72.775:75.169|76.214:81.129|62.233:83.334|59.096:71.070|55.865:65.887|51.116:23.524|44.278:28.780|52.731:29.464|76.186:21.446|19.601:17.308|8.000:8.000,0-12-10-26-21-24-16-2-11-20-6-30-19-32-3-31-23-28-1-18-22-25-7-0,0.0016706231981515
140,calm,cluttered,ReserveOnlyPlanner,32,24,0.75,0.8373983739837398,0.8373983739837398,True,51.5,61.5,1102.8962103314557,1148.9852308503712,97.10378966854422,17.103789668544223,False,132.71591555252613,True,False,0.0217396502996206,0.0008766958131095,2.0,False,1.0,8.000:8.000|30.706:42.340|32.880:37.586|41.609:60.354|30.908:73.756|30.343:69.025|55.865:65.887|66.994:68.048|71.279:78.081|72.775:75.169|76.214:81.129|62.233:83.334|59.096:71.070|61.537:31.806|66.084:30.560|67.748:34.725|81.197:33.896|92.133:28.908|76.186:21.446|51.116:23.524|44.278:28.780|52.731:29.464|45.821:48.562|33.320:42.467|19.601:17.308|8.000:8.000,0-12-10-11-20-6-28-30-19-32-3-31-23-26-2-16-24-21-25-1-18-22-14-29-7-0,0.0018565729260444
140,calm,cluttered,FairRiskAwareGreedy,32,18,0.5625,0.6666666666666666,0.6666666666666666,True,41.0,61.5,1081.9758110320006,1101.2788889139572,118.02418896799978,38.02418896799978,False,123.8844594697344,True,False,0.0169362408294545,0.0008976438066319,2.0,False,1.0,8.000:8.000|30.706:42.340|32.880:37.586|61.537:31.806|92.133:28.908|81.197:33.896|41.609:60.354|30.908:73.756|30.343:69.025|71.279:78.081|66.994:68.048|55.865:65.887|59.096:71.070|51.116:23.524|66.084:30.560|67.748:34.725|52.731:29.464|44.278:28.780|19.601:17.308|8.000:8.000,0-12-10-26-21-24-11-20-6-19-30-28-23-1-2-16-22-18-7-0,0.0028354360256344
140,calm,cluttered,FairALNSPlanner,32,29,0.90625,0.951219512195122,0.951219512195122,True,58.5,61.5,1050.11923125586,1132.5803762355858,149.88076874414014,69.88076874414014,False,138.6890981826995,True,False,0.00834291885248,0.0002790508286974,2.0,False,1.0,8.000:8.000|19.601:17.308|32.880:37.586|30.706:42.340|33.320:42.467|45.821:48.562|41.609:60.354|30.343:69.025|30.908:73.756|34.636:82.412|33.165:87.248|55.865:65.887|59.096:71.070|61.222:67.906|66.994:68.048|71.279:78.081|62.233:83.334|76.214:81.129|74.485:76.460|72.775:75.169|90.001:60.380|92.133:28.908|76.186:21.446|81.197:33.896|67.748:34.725|66.084:30.560|61.537:31.806|52.731:29.464|51.116:23.524|44.278:28.780|8.000:8.000,0-7-10-12-29-14-11-6-20-8-13-28-23-15-30-19-31-3-9-32-5-21-25-24-16-2-26-22-1-18-0,18.91877547791228
140,calm,cluttered,RAWA-RHP,32,30,0.9375,0.967479674796748,0.967479674796748,True,59.5,61.5,1056.3382209607994,1148.6208063444185,143.66177903920052,63.661779039200525,False,141.65515319668552,True,False,0.008342922341163,0.0002700493025469,2.0,False,1.0,8.000:8.000|19.601:17.308|32.880:37.586|30.706:42.340|33.320:42.467|45.821:48.562|41.609:60.354|30.343:69.025|26.939:73.363|30.908:73.756|34.636:82.412|33.165:87.248|55.865:65.887|59.096:71.070|61.222:67.906|66.994:68.048|71.279:78.081|62.233:83.334|76.214:81.129|74.485:76.460|72.775:75.169|90.001:60.380|92.133:28.908|76.186:21.446|81.197:33.896|67.748:34.725|66.084:30.560|61.537:31.806|52.731:29.464|51.116:23.524|44.278:28.780|8.000:8.000,0-7-10-12-29-14-11-6-27-20-8-13-28-23-15-30-19-31-3-9-32-5-21-25-24-16-2-26-22-1-18-0,43.91409278707579
138,moderate,cluttered,NearestNeighbor,32,22,0.6875,0.6833333333333333,0.0,False,41.0,60.0,1282.868119222001,1273.167048174679,-82.86811922200093,-162.86811922200093,True,115.92788229649628,False,True,0.2104743099766213,0.0100307395959227,2.0,True,1.0,8.000:8.000|21.797:21.657|20.381:36.478|24.852:35.819|41.910:58.215|45.838:60.587|49.791:65.871|43.004:74.539|46.287:80.749|58.989:82.983|62.118:81.331|66.345:80.578|66.950:73.634|73.988:74.243|76.093:69.339|76.987:55.148|79.076:55.706|82.959:55.873|88.911:69.683|70.980:88.184|64.848:62.781|60.585:36.815|68.849:31.658|8.000:8.000,0-18-13-2-19-4-7-26-8-6-30-10-3-21-11-24-25-15-14-28-22-16-23-0,0.0019099831115454
138,moderate,cluttered,ValuePerDistance,32,27,0.84375,0.8583333333333333,0.0,False,51.5,60.0,1313.9987006163246,1341.041433978293,-113.9987006163247,-193.9987006163247,True,128.021606508795,False,True,0.1766024835430654,0.0067738072040406,2.0,True,1.0,8.000:8.000|21.797:21.657|20.381:36.478|24.852:35.819|60.585:36.815|68.849:31.658|76.363:38.518|78.293:40.031|82.959:55.873|79.076:55.706|76.987:55.148|76.093:69.339|73.988:74.243|66.950:73.634|66.345:80.578|62.118:81.331|58.989:82.983|49.791:65.871|45.838:60.587|41.910:58.215|37.240:68.994|43.004:74.539|46.287:80.749|17.650:92.361|22.092:88.329|17.271:74.101|18.704:69.024|16.765:65.625|8.000:8.000,0-18-13-2-16-23-12-1-15-25-24-11-21-3-10-30-6-7-4-19-5-26-8-32-31-20-29-9-0,0.0016941919457167
138,moderate,cluttered,WindAwareGreedy,32,15,0.46875,0.5583333333333333,0.0,False,33.5,60.0,1369.6878017023523,1328.996987850957,-169.68780170235237,-249.68780170235237,True,108.13817461080822,False,True,0.1517192954985133,0.0100518340961185,2.0,True,1.0,8.000:8.000|21.797:21.657|20.381:36.478|24.852:35.819|60.585:36.815|53.142:25.641|41.910:58.215|49.791:65.871|17.650:92.361|17.271:74.101|18.704:69.024|37.240:68.994|45.838:60.587|58.989:82.983|66.345:80.578|66.950:73.634|8.000:8.000,0-18-13-2-16-27-19-7-32-20-29-5-4-6-10-3-0,0.0013554720208048
138,moderate,cluttered,ReserveOnlyPlanner,32,12,0.375,0.3916666666666666,0.3916666666666666,True,23.5,60.0,1033.3170235022742,1105.4907951908283,166.68297649772575,86.68297649772575,False,84.04303297456946,True,False,0.0755453494803432,0.0058724615706305,2.0,False,1.0,8.000:8.000|21.797:21.657|20.381:36.478|24.852:35.819|41.910:58.215|49.791:65.871|37.240:68.994|17.650:92.361|17.271:74.101|18.704:69.024|16.765:65.625|22.092:88.329|45.838:60.587|8.000:8.000,0-18-13-2-19-7-5-32-20-29-9-31-4-0,0.0012380669359117
138,moderate,cluttered,FairRiskAwareGreedy,32,9,0.28125,0.3833333333333333,0.3833333333333333,True,23.0,60.0,1100.1964538851453,1122.3231028766963,99.80354611485492,19.803546114854925,False,108.447618679867,True,False,0.0008266890772162,8.268518569716221e-05,2.8284271247461903,False,1.0,8.000:8.000|60.585:36.815|49.791:65.871|41.910:58.215|53.142:25.641|76.363:38.518|20.381:36.478|24.852:35.819|66.345:80.578|17.650:92.361|8.000:8.000,0-16-7-19-27-12-13-2-10-32-0,0.0015004382003098
138,moderate,cluttered,FairALNSPlanner,32,26,0.8125,0.85,0.85,True,51.0,60.0,1052.3607576709046,1194.6211629844267,147.63924232909554,67.63924232909554,False,134.17444649278102,True,False,0.0210204284959522,0.0007845303829586,2.0,False,1.0,8.000:8.000|16.765:65.625|18.704:69.024|17.271:74.101|17.650:92.361|22.092:88.329|43.004:74.539|37.240:68.994|41.910:58.215|45.838:60.587|49.791:65.871|66.950:73.634|76.093:69.339|73.988:74.243|66.345:80.578|62.118:81.331|58.989:82.983|88.911:69.683|82.959:55.873|79.076:55.706|76.987:55.148|60.585:36.815|68.849:31.658|78.293:40.031|76.363:38.518|53.142:25.641|21.797:21.657|8.000:8.000,0-9-29-20-32-31-26-5-19-4-7-3-11-21-10-30-6-14-15-25-24-16-23-1-12-27-18-0,14.60316884308122
138,moderate,cluttered,RAWA-RHP,32,28,0.875,0.9166666666666666,0.9166666666666666,True,55.0,60.0,1055.2938588199484,1212.1295759216778,144.70614118005156,64.70614118005156,False,137.06860259845746,True,False,0.0432729226746374,0.0015148882881244,2.0,False,1.0,8.000:8.000|20.381:36.478|24.852:35.819|41.910:58.215|45.838:60.587|49.791:65.871|37.240:68.994|18.704:69.024|17.271:74.101|17.650:92.361|22.092:88.329|43.004:74.539|46.287:80.749|58.989:82.983|62.118:81.331|66.345:80.578|66.950:73.634|73.988:74.243|76.093:69.339|88.911:69.683|82.959:55.873|79.076:55.706|76.987:55.148|60.585:36.815|68.849:31.658|78.293:40.031|76.363:38.518|53.142:25.641|21.797:21.657|8.000:8.000,0-13-2-19-4-7-5-29-20-32-31-26-8-6-30-10-3-21-11-14-15-25-24-16-23-1-12-27-18-0,121.97019098792224
140,severe,cluttered,NearestNeighbor,32,16,0.5,0.4571428571428571,0.0,False,32.0,70.0,1856.0237013473968,1830.1954297380944,-656.0237013473966,-736.0237013473966,True,87.36087534494425,False,True,0.2097747428902955,0.0134715423208423,2.0,True,1.0,8.000:8.000|31.773:23.752|42.340:18.032|41.679:15.032|52.006:28.752|57.724:35.058|42.760:40.419|31.156:42.719|29.162:44.145|24.373:38.485|24.709:35.211|19.906:51.993|11.936:55.499|13.464:62.961|27.243:63.236|26.958:73.853|36.905:76.899|8.000:8.000,0-25-19-11-16-30-28-18-31-13-20-24-26-3-1-22-17-0,0.0015184530057013
140,severe,cluttered,ValuePerDistance,32,16,0.5,0.5642857142857143,0.0,False,39.5,70.0,2263.9291140330483,2258.1660465731666,-1063.9291140330483,-1143.9291140330483,True,100.53243159751338,False,True,0.2515245261562282,0.0155777803724483,2.0,True,1.0,8.000:8.000|41.679:15.032|42.340:18.032|52.006:28.752|57.724:35.058|31.312:52.043|19.906:51.993|11.936:55.499|13.464:62.961|17.258:77.075|26.958:73.853|27.243:63.236|37.246:66.901|45.706:69.259|55.506:71.702|69.791:72.778|71.480:75.584|8.000:8.000,0-11-19-16-30-4-24-26-3-15-22-1-32-27-29-9-14-0,0.0012201960198581
140,severe,cluttered,WindAwareGreedy,32,13,0.40625,0.4285714285714285,0.0,False,30.0,70.0,2088.758387825451,2067.7159148623123,-888.7583878254509,-968.7583878254508,True,92.1751924260026,False,True,0.4909969839223987,0.0424768697347272,2.0,True,1.0,8.000:8.000|41.679:15.032|42.340:18.032|52.006:28.752|57.724:35.058|85.207:18.243|85.727:22.841|73.455:10.040|69.818:19.423|69.791:72.778|71.480:75.584|71.620:59.235|62.939:81.635|55.506:71.702|8.000:8.000,0-11-19-16-30-2-6-8-10-9-14-7-5-29-0,0.0012034839019179
140,severe,cluttered,ReserveOnlyPlanner,32,6,0.1875,0.2,0.2,True,14.0,70.0,1076.6821749304022,1157.649900905371,123.31782506959767,43.31782506959769,False,47.059263748465966,True,False,0.124838607438481,0.0182656523079138,2.0,False,1.0,8.000:8.000|41.679:15.032|42.340:18.032|52.006:28.752|57.724:35.058|73.455:10.040|69.818:19.423|8.000:8.000,0-11-19-16-30-8-10-0,0.0007044561207294
140,severe,cluttered,FairRiskAwareGreedy,32,12,0.375,0.4285714285714285,0.4285714285714285,True,30.0,70.0,1028.6549859374757,1068.4300533550097,171.34501406252457,91.34501406252456,False,87.40186736369851,True,False,0.0161068154072884,0.0012467214567418,2.8284271247461903,False,1.0,8.000:8.000|41.679:15.032|42.340:18.032|31.312:52.043|24.373:38.485|19.906:51.993|11.936:55.499|17.258:77.075|37.246:66.901|27.243:63.236|24.709:35.211|31.773:23.752|57.724:35.058|8.000:8.000,0-11-19-4-13-24-26-15-32-1-20-25-30-0,0.0017111450433731
140,severe,cluttered,FairALNSPlanner,32,19,0.59375,0.6,0.6,True,42.0,70.0,1052.037085123946,1224.3880772891782,147.96291487605347,67.96291487605347,False,101.46990534889233,True,False,0.0341121581866006,0.0017298875668203,2.8284271247461903,False,1.0,8.000:8.000|41.679:15.032|42.340:18.032|42.760:40.419|55.506:71.702|62.939:81.635|45.706:69.259|37.246:66.901|36.905:76.899|27.243:63.236|26.958:73.853|17.258:77.075|13.464:62.961|11.936:55.499|19.906:51.993|29.162:44.145|31.312:52.043|24.373:38.485|24.709:35.211|31.773:23.752|8.000:8.000,0-11-19-28-29-5-27-32-17-1-22-15-3-26-24-31-4-13-20-25-0,9.019065056927502
140,severe,cluttered,RAWA-RHP,32,21,0.65625,0.6642857142857143,0.6642857142857143,True,46.5,70.0,1042.379881795473,1220.6565478464856,157.62011820452702,77.62011820452702,False,104.34914608311315,True,False,0.0860545509996945,0.0040495492026119,2.0,False,1.0,8.000:8.000|41.679:15.032|42.340:18.032|52.006:28.752|57.724:35.058|62.939:81.635|55.506:71.702|45.706:69.259|37.246:66.901|36.905:76.899|27.243:63.236|26.958:73.853|17.258:77.075|13.464:62.961|11.936:55.499|19.906:51.993|31.312:52.043|31.156:42.719|29.162:44.145|24.373:38.485|24.709:35.211|31.773:23.752|8.000:8.000,0-11-19-16-30-5-29-27-32-17-1-22-15-3-26-24-4-18-31-13-20-25-0,33.54205601196736
139,moderate,cluttered,NearestNeighbor,32,23,0.71875,0.7155172413793104,0.0,False,41.5,58.0,1225.2160992314546,1227.3964305886393,-25.21609923145479,-105.2160992314548,True,108.5793843043338,False,True,0.0492966297189001,0.0020862750160359,2.0,True,1.0,8.000:8.000|16.483:23.062|18.645:29.423|24.092:34.277|37.669:43.012|49.567:37.904|57.233:32.822|63.563:32.820|60.866:39.619|57.768:42.784|64.745:52.788|61.453:55.662|56.767:57.688|55.139:62.764|56.597:71.634|58.255:72.899|53.259:71.792|42.748:68.525|37.277:60.501|34.687:58.898|26.186:54.321|22.975:56.381|19.112:86.367|32.527:22.433|8.000:8.000,0-8-28-25-29-11-23-15-20-12-24-17-1-32-2-18-16-7-27-19-31-5-6-22-0,0.0021232380531728
139,moderate,cluttered,ValuePerDistance,32,22,0.6875,0.6982758620689655,0.0,False,40.5,58.0,1332.315781480106,1317.1941716510637,-132.3157814801061,-212.3157814801061,True,113.01975730913536,False,True,0.1527870876542617,0.0070814095086225,2.0,True,1.0,8.000:8.000|16.483:23.062|18.645:29.423|24.092:34.277|32.527:22.433|42.829:18.029|49.567:37.904|57.768:42.784|60.866:39.619|64.745:52.788|61.453:55.662|56.767:57.688|55.139:62.764|53.259:71.792|56.597:71.634|58.255:72.899|42.748:68.525|37.277:60.501|34.687:58.898|22.975:56.381|26.186:54.321|37.669:43.012|81.497:39.635|8.000:8.000,0-8-28-25-22-14-11-12-20-24-17-1-32-16-2-18-7-27-19-5-31-29-10-0,0.0014827230479568
139,moderate,cluttered,WindAwareGreedy,32,16,0.5,0.5689655172413793,0.0,False,33.0,58.0,1362.2474507178335,1361.9143253375155,-162.24745071783343,-242.24745071783343,True,104.72040481025002,False,True,0.1782695152252574,0.0113365047478531,2.0,True,1.0,8.000:8.000|32.527:22.433|16.483:23.062|18.645:29.423|24.092:34.277|37.669:43.012|22.975:56.381|26.186:54.321|37.277:60.501|42.748:68.525|53.259:71.792|64.745:52.788|61.453:55.662|49.567:37.904|42.829:18.029|84.318:19.965|93.010:20.352|8.000:8.000,0-22-8-28-25-29-5-31-27-7-16-24-17-11-14-26-4-0,0.0013446360826492
139,moderate,cluttered,ReserveOnlyPlanner,32,13,0.40625,0.4482758620689655,0.4482758620689655,True,26.0,58.0,1096.3254145138444,1185.237848702674,103.6745854861558,23.67458548615579,False,81.19771895383144,True,False,0.180720984437943,0.0138794269535853,2.0,False,1.0,8.000:8.000|16.483:23.062|32.527:22.433|18.645:29.423|24.092:34.277|42.829:18.029|49.567:37.904|37.669:43.012|22.975:56.381|26.186:54.321|37.277:60.501|34.687:58.898|42.748:68.525|53.259:71.792|8.000:8.000,0-8-22-28-25-14-11-29-5-31-27-19-7-16-0,0.0012665998656302
139,moderate,cluttered,FairRiskAwareGreedy,32,12,0.375,0.4310344827586206,0.4310344827586206,True,25.0,58.0,842.5866339709559,874.6035864887019,357.4133660290441,277.4133660290441,False,94.0456348674096,True,False,6.073855975952114e-06,4.6722059142946005e-07,2.8284271247461903,False,1.0,8.000:8.000|32.527:22.433|37.669:43.012|18.645:29.423|16.483:23.062|42.748:68.525|53.259:71.792|37.277:60.501|34.687:58.898|26.186:54.321|22.975:56.381|24.092:34.277|19.112:86.367|8.000:8.000,0-22-29-28-8-7-16-27-19-31-5-25-6-0,0.001743908971548
139,moderate,cluttered,FairALNSPlanner,32,28,0.875,0.896551724137931,0.896551724137931,True,52.0,58.0,1033.145790210512,1197.0711895435827,166.85420978948812,86.85420978948812,False,134.5515370684226,True,False,0.02931584255922,0.0010180710273419,2.0,False,1.0,8.000:8.000|32.527:22.433|37.669:43.012|49.567:37.904|57.768:42.784|60.866:39.619|77.367:46.588|81.497:39.635|84.318:19.965|93.010:20.352|79.455:52.158|87.524:89.184|81.087:83.358|77.154:74.059|64.745:52.788|61.453:55.662|56.767:57.688|55.139:62.764|58.255:72.899|56.597:71.634|53.259:71.792|42.748:68.525|37.277:60.501|34.687:58.898|26.186:54.321|22.975:56.381|24.092:34.277|18.645:29.423|16.483:23.062|8.000:8.000,0-22-29-11-12-20-3-10-26-4-13-9-30-21-24-17-1-32-18-2-16-7-27-19-31-5-25-28-8-0,17.24184269690886
139,moderate,cluttered,RAWA-RHP,32,27,0.84375,0.8706896551724138,0.8706896551724138,True,50.5,58.0,1057.66382471219,1202.2991602034533,142.3361752878098,62.3361752878098,False,134.45739896440907,True,False,0.050999862652331,0.0018522482892696,2.0,False,1.0,8.000:8.000|32.527:22.433|37.669:43.012|49.567:37.904|57.768:42.784|60.866:39.619|77.367:46.588|81.497:39.635|79.455:52.158|87.524:89.184|81.087:83.358|77.154:74.059|64.745:52.788|61.453:55.662|56.767:57.688|55.139:62.764|58.255:72.899|56.597:71.634|53.259:71.792|42.748:68.525|37.277:60.501|34.687:58.898|26.186:54.321|22.975:56.381|19.112:86.367|24.092:34.277|18.645:29.423|16.483:23.062|8.000:8.000,0-22-29-11-12-20-3-10-13-9-30-21-24-17-1-32-18-2-16-7-27-19-31-5-6-25-28-8-0,113.196125946939
141,severe,cluttered,NearestNeighbor,32,16,0.5,0.4883720930232558,0.0,False,31.5,64.5,1671.0275070823077,1675.03859849817,-471.02750708230747,-551.0275070823075,True,87.01043456422781,False,True,0.2129888611918029,0.0135644703942093,2.0,True,1.0,8.000:8.000|32.723:11.712|35.809:8.248|45.472:19.279|50.321:19.857|64.189:14.605|68.666:37.206|69.831:38.981|61.811:38.960|59.560:38.506|65.131:50.645|58.771:65.641|59.081:70.315|58.541:73.588|54.599:77.819|48.246:80.024|64.717:70.715|8.000:8.000,0-8-18-20-5-29-12-1-30-14-2-6-4-31-21-9-3-0,0.0014305668883025
141,severe,cluttered,ValuePerDistance,32,15,0.46875,0.4806201550387597,0.0,False,31.0,64.5,1605.1806089288712,1611.7024270630102,-405.18060892887087,-485.18060892887087,True,82.06601796744543,False,True,0.1368184608955106,0.0087593058431478,2.0,True,1.0,8.000:8.000|35.809:8.248|32.723:11.712|34.117:27.400|34.942:24.467|45.472:19.279|50.321:19.857|61.811:38.960|59.560:38.506|69.831:38.981|68.666:37.206|65.131:50.645|50.054:57.902|58.771:65.641|58.541:73.588|59.081:70.315|8.000:8.000,0-18-8-32-22-20-5-30-14-1-12-2-15-6-31-4-0,0.0020815080497413
141,severe,cluttered,WindAwareGreedy,32,12,0.375,0.4031007751937984,0.0,False,26.0,64.5,1537.6002486626542,1504.2629951945723,-337.6002486626543,-417.6002486626543,True,71.98405335663082,False,True,0.2251803264086932,0.019027860546927,2.0,True,1.0,8.000:8.000|35.809:8.248|32.723:11.712|34.117:27.400|34.942:24.467|50.321:19.857|45.472:19.279|69.831:38.981|68.666:37.206|61.811:38.960|65.131:50.645|59.560:38.506|50.054:57.902|8.000:8.000,0-18-8-32-22-5-20-1-12-30-2-14-15-0,0.0009960609022527
141,severe,cluttered,ReserveOnlyPlanner,32,9,0.28125,0.2635658914728682,0.2635658914728682,True,17.0,64.5,1031.5444098766434,1187.164605746848,168.4555901233566,88.45559012335661,False,54.00831812025278,True,False,0.0955667560265536,0.0097304686931816,2.0,False,1.0,8.000:8.000|35.809:8.248|32.723:11.712|50.321:19.857|45.472:19.279|34.117:27.400|34.942:24.467|40.857:36.050|61.811:38.960|59.560:38.506|8.000:8.000,0-18-8-5-20-32-22-10-30-14-0,0.0005536309909075
141,severe,cluttered,FairRiskAwareGreedy,32,11,0.34375,0.3565891472868217,0.3565891472868217,True,23.0,64.5,883.170571964668,908.2324079874002,316.8294280353318,236.82942803533177,False,74.07790012039207,True,False,0.0088641887690781,0.0007405028370528,2.0,False,1.0,8.000:8.000|17.066:41.480|34.117:27.400|35.809:8.248|32.723:11.712|34.942:24.467|50.321:19.857|45.472:19.279|14.166:63.094|19.395:53.999|19.134:46.711|21.407:52.868|8.000:8.000,0-24-32-18-8-22-5-20-26-27-25-23-0,0.0007087378762662
141,severe,cluttered,FairALNSPlanner,32,10,0.3125,0.3023255813953488,0.3023255813953488,True,19.5,64.5,744.818601678083,846.3006050196198,455.1813983219171,375.1813983219171,False,66.7400895167497,True,False,0.0380619950067482,0.003510220448355,2.0,False,1.0,8.000:8.000|14.166:63.094|19.395:53.999|21.407:52.868|19.134:46.711|17.066:41.480|34.117:27.400|34.942:24.467|40.857:36.050|50.321:19.857|59.560:38.506|8.000:8.000,0-26-27-23-25-24-32-22-10-5-14-0,8.979722531978041
141,severe,cluttered,RAWA-RHP,32,21,0.65625,0.6976744186046512,0.6976744186046512,True,45.0,64.5,1032.5540750537411,1210.5583041099146,167.44592494625863,87.44592494625863,False,103.11317386922455,True,False,0.0613513265618486,0.0028559401635229,2.0,False,1.0,8.000:8.000|35.809:8.248|32.723:11.712|34.942:24.467|34.117:27.400|40.857:36.050|46.358:41.587|50.054:57.902|65.131:50.645|58.771:65.641|64.717:70.715|70.139:75.085|58.541:73.588|54.599:77.819|48.246:80.024|42.820:96.030|29.216:72.939|14.166:63.094|19.395:53.999|21.407:52.868|19.134:46.711|17.066:41.480|8.000:8.000,0-18-8-22-32-10-19-15-2-6-3-28-31-21-9-11-13-26-27-23-25-24-0,35.88861173787154
141,calm,cluttered,NearestNeighbor,32,27,0.84375,0.8461538461538461,0.0,False,55.0,65.0,1296.194859147217,1291.4474026985738,-96.19485914721662,-176.19485914721662,True,146.74796462660183,False,True,0.0340400613571438,0.0012343929013186,2.0,True,1.0,8.000:8.000|23.753:29.684|20.515:36.689|14.933:38.868|14.298:59.546|11.511:73.850|10.205:77.985|30.381:69.710|32.960:70.013|40.865:69.409|35.165:57.563|37.326:38.077|32.819:31.586|41.291:28.211|48.777:19.525|52.080:16.836|56.511:27.209|57.112:38.408|65.503:39.133|64.670:35.171|69.594:44.755|81.042:39.671|79.822:35.537|77.600:31.133|65.305:16.345|76.200:10.787|33.838:17.360|56.131:51.236|8.000:8.000,0-1-13-11-9-4-21-6-20-17-27-3-26-25-32-7-15-31-2-16-24-18-23-8-10-28-22-12-0,0.0020571909844875
141,calm,cluttered,ValuePerDistance,32,26,0.8125,0.8307692307692308,0.0,False,54.0,65.0,1271.23058789523,1267.906335545575,-71.23058789523006,-151.23058789523006,True,142.2363508874879,False,True,0.0502091295842292,0.001901350370648,2.0,True,1.0,8.000:8.000|14.933:38.868|20.515:36.689|23.753:29.684|32.819:31.586|37.326:38.077|52.080:16.836|48.777:19.525|56.511:27.209|57.112:38.408|64.670:35.171|65.503:39.133|69.594:44.755|79.822:35.537|81.042:39.671|77.600:31.133|76.200:10.787|65.305:16.345|33.838:17.360|41.291:28.211|14.298:59.546|11.511:73.850|10.205:77.985|30.381:69.710|32.960:70.013|40.865:69.409|35.165:57.563|8.000:8.000,0-11-13-1-26-3-7-32-15-31-16-2-24-23-18-8-28-10-22-25-9-4-21-6-20-17-27-0,0.0015722999814897
141,calm,cluttered,WindAwareGreedy,32,21,0.65625,0.7384615384615385,0.0,False,48.0,65.0,1384.5460895276017,1379.266231810746,-184.546089527602,-264.546089527602,True,143.91495179305335,False,True,0.0388317859630786,0.0017965684059411,2.0,True,1.0,8.000:8.000|14.933:38.868|20.515:36.689|23.753:29.684|32.819:31.586|37.326:38.077|14.298:59.546|11.511:73.850|30.381:69.710|32.960:70.013|69.594:44.755|52.080:16.836|76.200:10.787|65.305:16.345|48.777:19.525|33.838:17.360|57.112:38.408|64.670:35.171|79.822:35.537|77.600:31.133|81.042:39.671|84.266:57.092|8.000:8.000,0-11-13-1-26-3-9-4-6-20-24-7-28-10-32-22-31-16-23-8-18-14-0,0.0015918149147182
141,calm,cluttered,ReserveOnlyPlanner,32,19,0.59375,0.6461538461538462,0.6461538461538462,True,42.0,65.0,1113.4138591154317,1135.50763307939,86.58614088456852,6.586140884568522,False,117.25333497500428,True,False,0.0347570912289089,0.0017627520139952,2.0,False,1.0,8.000:8.000|14.933:38.868|20.515:36.689|23.753:29.684|32.819:31.586|37.326:38.077|14.298:59.546|11.511:73.850|10.205:77.985|30.381:69.710|32.960:70.013|40.865:69.409|35.165:57.563|69.594:44.755|64.670:35.171|52.080:16.836|48.777:19.525|65.305:16.345|76.200:10.787|77.600:31.133|8.000:8.000,0-11-13-1-26-3-9-4-21-6-20-17-27-24-16-7-32-10-28-8-0,0.0016530130524188
141,calm,cluttered,FairRiskAwareGreedy,32,15,0.46875,0.5384615384615384,0.5384615384615384,True,35.0,65.0,1071.782172222976,1085.8754650503645,128.2178277770238,48.217827777023786,False,121.77314016888778,True,False,0.0255652801548803,0.0016159240113124,2.0,False,1.0,8.000:8.000|14.933:38.868|20.515:36.689|23.753:29.684|76.200:10.787|65.305:16.345|52.080:16.836|48.777:19.525|32.819:31.586|14.298:59.546|69.594:44.755|57.112:38.408|64.670:35.171|37.326:38.077|11.511:73.850|10.205:77.985|8.000:8.000,0-11-13-1-28-10-7-32-26-9-24-31-16-3-4-21-0,0.0022242269478738
141,calm,cluttered,FairALNSPlanner,32,26,0.8125,0.8769230769230769,0.8769230769230769,True,57.0,65.0,1056.243692869763,1120.934023650842,143.75630713023708,63.75630713023708,False,134.5601994353402,True,False,0.0334805173354069,0.0012569718936099,2.0,False,1.0,8.000:8.000|23.753:29.684|32.819:31.586|37.326:38.077|57.112:38.408|64.670:35.171|56.511:27.209|48.777:19.525|52.080:16.836|65.305:16.345|76.200:10.787|77.600:31.133|79.822:35.537|81.042:39.671|69.594:44.755|84.266:57.092|76.235:87.430|58.586:89.895|55.226:87.567|40.865:69.409|32.960:70.013|30.381:69.710|10.205:77.985|11.511:73.850|14.298:59.546|14.933:38.868|20.515:36.689|8.000:8.000,0-1-26-3-31-16-15-32-7-10-28-8-23-18-24-14-5-30-29-17-20-6-21-4-9-11-13-0,16.66153276897967
141,calm,cluttered,RAWA-RHP,32,28,0.875,0.8769230769230769,0.8769230769230769,True,57.0,65.0,1053.7905793485525,1130.8636894745102,146.20942065144786,66.20942065144786,False,139.58932076622875,True,False,0.0314151356581516,0.0010982160492907,2.0,False,1.0,8.000:8.000|33.838:17.360|48.777:19.525|52.080:16.836|76.200:10.787|65.305:16.345|56.511:27.209|57.112:38.408|65.503:39.133|64.670:35.171|77.600:31.133|79.822:35.537|81.042:39.671|84.266:57.092|69.594:44.755|56.131:51.236|35.165:57.563|40.865:69.409|32.960:70.013|30.381:69.710|10.205:77.985|11.511:73.850|14.298:59.546|14.933:38.868|20.515:36.689|37.326:38.077|41.291:28.211|32.819:31.586|23.753:29.684|8.000:8.000,0-22-32-7-28-10-15-31-2-16-8-23-18-14-24-12-27-17-20-6-21-4-9-11-13-3-25-26-1-0,55.83103795303032
142,calm,cluttered,NearestNeighbor,32,30,0.9375,0.9236641221374046,0.0,False,60.5,65.5,1335.2178059348555,1339.7024811465897,-135.21780593485582,-215.21780593485585,True,155.4289919063429,False,True,0.0251031745847558,0.0008186655923603,2.0,True,1.0,8.000:8.000|14.964:20.278|17.884:25.722|29.962:22.605|41.574:36.214|44.659:35.054|45.316:43.479|47.076:44.588|50.043:51.650|51.254:58.983|39.715:66.225|30.186:69.017|27.722:84.824|32.283:88.272|30.562:91.555|37.112:83.164|39.589:83.568|41.484:81.759|63.884:82.528|77.691:69.339|89.462:92.154|66.935:36.442|76.000:31.359|79.559:19.617|67.004:16.411|67.347:14.351|53.925:15.560|46.139:13.046|32.734:49.544|31.247:52.520|20.045:55.415|8.000:8.000,0-13-30-2-28-16-29-27-21-8-4-32-6-9-11-15-20-22-26-14-1-7-17-3-10-23-18-24-19-31-5-0,0.0021021959837526
142,calm,cluttered,ValuePerDistance,32,26,0.8125,0.8549618320610687,0.0,False,56.0,65.5,1319.0144964357296,1319.5041503451455,-119.01449643573022,-199.01449643573025,True,148.1966496780911,False,True,0.0121758689026428,0.0004531374795964,2.0,True,1.0,8.000:8.000|14.964:20.278|17.884:25.722|29.962:22.605|44.659:35.054|41.574:36.214|45.316:43.479|47.076:44.588|50.043:51.650|51.254:58.983|39.715:66.225|32.734:49.544|31.247:52.520|20.045:55.415|15.207:58.475|11.381:39.162|30.562:91.555|32.283:88.272|27.722:84.824|37.112:83.164|39.589:83.568|41.484:81.759|63.884:82.528|77.691:69.339|89.462:92.154|66.935:36.442|76.000:31.359|8.000:8.000,0-13-30-2-16-28-29-27-21-8-4-19-31-5-25-12-11-9-6-15-20-22-26-14-1-7-17-0,0.0015458499547094
142,calm,cluttered,WindAwareGreedy,32,22,0.6875,0.7557251908396947,0.0,False,49.5,65.5,1350.4509218461594,1349.1828155305604,-150.45092184615942,-230.45092184615945,True,148.89786192347438,False,True,0.0399032769266136,0.0016905497793792,2.0,True,1.0,8.000:8.000|14.964:20.278|11.381:39.162|17.884:25.722|32.734:49.544|20.045:55.415|15.207:58.475|29.962:22.605|44.659:35.054|45.316:43.479|47.076:44.588|63.884:82.528|77.691:69.339|39.715:66.225|30.562:91.555|27.722:84.824|37.112:83.164|39.589:83.568|32.283:88.272|30.186:69.017|31.247:52.520|41.574:36.214|66.935:36.442|8.000:8.000,0-13-12-30-19-5-25-2-16-29-27-26-14-4-11-6-15-20-9-32-31-28-7-0,0.001612891908735
142,calm,cluttered,ReserveOnlyPlanner,32,19,0.59375,0.6870229007633588,0.6870229007633588,True,45.0,65.5,1113.0507593224056,1146.4382440690856,86.94924067759442,6.9492406775944175,False,123.3067194467862,True,False,0.0324622043346759,0.0016451094009831,2.0,False,1.0,8.000:8.000|14.964:20.278|17.884:25.722|11.381:39.162|32.734:49.544|20.045:55.415|15.207:58.475|29.962:22.605|44.659:35.054|45.316:43.479|47.076:44.588|50.043:51.650|63.884:82.528|77.691:69.339|89.462:92.154|30.562:91.555|27.722:84.824|37.112:83.164|39.589:83.568|30.186:69.017|8.000:8.000,0-13-30-12-19-5-25-2-16-29-27-21-26-14-1-11-6-15-20-32-0,0.0016210721805691
142,calm,cluttered,FairRiskAwareGreedy,32,19,0.59375,0.6717557251908397,0.6717557251908397,True,44.0,65.5,1103.5670372997104,1125.7422087931698,96.43296270028964,16.43296270028965,False,129.6840152782351,True,False,0.0151166519653445,0.0007600487209799,2.0,False,1.0,8.000:8.000|11.381:39.162|14.964:20.278|17.884:25.722|32.734:49.544|29.962:22.605|44.659:35.054|45.316:43.479|20.045:55.415|15.207:58.475|63.884:82.528|77.691:69.339|30.562:91.555|27.722:84.824|37.112:83.164|39.589:83.568|32.283:88.272|30.186:69.017|39.715:66.225|31.247:52.520|8.000:8.000,0-12-13-30-19-2-16-29-5-25-26-14-11-6-15-20-9-32-4-31-0,0.002785449847579
142,calm,cluttered,FairALNSPlanner,32,27,0.84375,0.8931297709923665,0.8931297709923665,True,58.5,65.5,1037.7844085082188,1119.6909370609928,162.21559149178088,82.21559149178088,False,134.75771764358348,True,False,0.0126741149631142,0.0004547102927844,2.0,False,1.0,8.000:8.000|14.964:20.278|17.884:25.722|29.962:22.605|41.574:36.214|45.316:43.479|47.076:44.588|44.659:35.054|53.925:15.560|67.347:14.351|67.004:16.411|66.935:36.442|77.691:69.339|89.462:92.154|63.884:82.528|41.484:81.759|39.589:83.568|37.112:83.164|32.283:88.272|30.562:91.555|27.722:84.824|30.186:69.017|39.715:66.225|32.734:49.544|31.247:52.520|20.045:55.415|15.207:58.475|11.381:39.162|8.000:8.000,0-13-30-2-28-29-27-16-18-23-10-7-14-1-26-22-20-15-9-11-6-32-4-19-31-5-25-12-0,16.878855210961774
142,calm,cluttered,RAWA-RHP,32,27,0.84375,0.8931297709923665,0.8931297709923665,True,58.5,65.5,1041.037702327537,1124.36588461573,158.96229767246257,78.96229767246257,False,135.17579169697427,True,False,0.0126741149631142,0.0004547102927844,2.0,False,1.0,8.000:8.000|14.964:20.278|17.884:25.722|29.962:22.605|41.574:36.214|44.659:35.054|45.316:43.479|47.076:44.588|53.925:15.560|67.347:14.351|67.004:16.411|66.935:36.442|77.691:69.339|89.462:92.154|63.884:82.528|41.484:81.759|39.589:83.568|37.112:83.164|32.283:88.272|30.562:91.555|27.722:84.824|30.186:69.017|39.715:66.225|32.734:49.544|31.247:52.520|20.045:55.415|15.207:58.475|11.381:39.162|8.000:8.000,0-13-30-2-28-16-29-27-18-23-10-7-14-1-26-22-20-15-9-11-6-32-4-19-31-5-25-12-0,44.151388896862045
138,moderate,sparse,NearestNeighbor,32,22,0.6875,0.7086614173228346,0.0,False,45.0,63.5,1282.518121606847,1269.406078610823,-82.51812160684695,-162.51812160684693,True,111.6730152909555,False,True,0.1498385819158785,0.0069632045336997,2.0,True,1.0,8.000:8.000|29.281:9.871|33.517:8.283|33.467:11.006|35.390:18.510|26.342:22.715|33.543:39.844|42.801:53.705|50.308:49.283|51.056:43.768|50.862:41.194|56.846:53.395|54.504:58.574|49.064:63.354|37.137:69.336|23.866:55.166|14.984:44.087|48.761:26.620|54.271:24.069|56.132:21.031|57.983:20.229|58.277:23.488|73.084:36.508|8.000:8.000,0-4-2-8-15-32-9-21-16-6-14-28-13-1-5-10-22-11-19-27-30-23-17-0,0.0018346239812672
138,moderate,sparse,ValuePerDistance,32,23,0.71875,0.7716535433070866,0.0,False,49.0,63.5,1223.0888205163392,1228.4709482734615,-23.088820516338927,-103.08882051633891,True,111.29373905953771,False,True,0.1163146684063245,0.0050823477441361,2.0,True,1.0,8.000:8.000|29.281:9.871|33.467:11.006|33.517:8.283|35.390:18.510|26.342:22.715|33.543:39.844|50.308:49.283|51.056:43.768|50.862:41.194|54.504:58.574|49.064:63.354|56.846:53.395|74.380:46.996|76.978:54.151|71.637:54.086|90.014:58.251|89.386:45.000|91.914:40.842|56.132:21.031|57.983:20.229|58.277:23.488|54.271:24.069|48.761:26.620|8.000:8.000,0-4-8-2-15-32-9-16-6-14-13-1-28-7-18-12-26-20-31-27-30-23-19-11-0,0.0014401481021195
138,moderate,sparse,WindAwareGreedy,32,19,0.59375,0.6692913385826772,0.0,False,42.5,63.5,1254.1209989582944,1278.659804448992,-54.12099895829439,-134.1209989582944,True,108.35502400395016,False,True,0.1876158969054677,0.0100558548772741,2.0,True,1.0,8.000:8.000|29.281:9.871|33.467:11.006|33.517:8.283|33.543:39.844|26.342:22.715|35.390:18.510|56.132:21.031|54.271:24.069|57.983:20.229|54.504:58.574|50.308:49.283|51.056:43.768|50.862:41.194|74.380:46.996|49.064:63.354|56.846:53.395|42.801:53.705|23.866:55.166|14.984:44.087|8.000:8.000,0-4-8-2-9-32-15-27-19-30-13-16-6-14-7-1-28-21-10-22-0,0.0014821528457105
138,moderate,sparse,ReserveOnlyPlanner,32,19,0.59375,0.6456692913385826,0.6456692913385826,True,41.0,63.5,1109.3835223754784,1205.774470903304,90.6164776245217,10.616477624521709,False,98.07602274748533,True,False,0.2097168986373319,0.0113291142956568,2.0,False,1.0,8.000:8.000|29.281:9.871|33.467:11.006|33.517:8.283|35.390:18.510|33.543:39.844|26.342:22.715|14.984:44.087|23.866:55.166|50.308:49.283|54.504:58.574|49.064:63.354|56.846:53.395|51.056:43.768|50.862:41.194|56.132:21.031|54.271:24.069|57.983:20.229|58.277:23.488|48.761:26.620|8.000:8.000,0-4-8-2-15-9-32-22-10-16-13-1-28-6-14-27-19-30-23-11-0,0.0016045891679823
138,moderate,sparse,FairRiskAwareGreedy,32,16,0.5,0.5984251968503937,0.5984251968503937,True,38.0,63.5,1097.0971085641272,1130.1941000715603,102.90289143587252,22.90289143587252,False,122.16375380362707,True,False,0.0108175789480926,0.0006387649021555,2.0,False,1.0,8.000:8.000|33.543:39.844|56.132:21.031|33.467:11.006|29.281:9.871|33.517:8.283|54.504:58.574|74.380:46.996|50.308:49.283|51.056:43.768|50.862:41.194|26.342:22.715|56.846:53.395|49.064:63.354|76.978:54.151|54.271:24.069|57.983:20.229|8.000:8.000,0-9-27-8-4-2-13-7-16-6-14-32-28-1-18-19-30-0,0.0023366748355329
138,moderate,sparse,FairALNSPlanner,32,25,0.78125,0.8188976377952756,0.8188976377952756,True,52.0,63.5,1053.854008759461,1191.5679241764756,146.14599124053905,66.14599124053905,False,132.29404644282482,True,False,0.0363673358935651,0.0014169157164876,2.0,False,1.0,8.000:8.000|26.342:22.715|48.761:26.620|33.543:39.844|50.862:41.194|51.056:43.768|74.380:46.996|71.637:54.086|76.978:54.151|89.386:45.000|50.308:49.283|56.846:53.395|54.504:58.574|49.064:63.354|87.512:85.678|90.084:78.666|90.014:58.251|91.914:40.842|73.084:36.508|58.277:23.488|57.983:20.229|56.132:21.031|54.271:24.069|33.467:11.006|33.517:8.283|29.281:9.871|8.000:8.000,0-32-11-9-14-6-7-12-18-20-16-28-13-1-24-3-26-31-17-23-30-27-19-8-2-4-0,14.958120563998818
138,moderate,sparse,RAWA-RHP,32,30,0.9375,0.952755905511811,0.952755905511811,True,60.5,63.5,1041.8947786338354,1202.524651134409,158.1052213661644,78.10522136616441,False,138.13201863489226,True,False,0.1143492367011715,0.0038605069581948,2.0,False,1.0,8.000:8.000|29.281:9.871|33.517:8.283|33.467:11.006|35.390:18.510|48.761:26.620|54.271:24.069|56.132:21.031|57.983:20.229|58.277:23.488|73.084:36.508|74.380:46.996|71.637:54.086|76.978:54.151|89.386:45.000|91.914:40.842|90.014:58.251|90.084:78.666|87.512:85.678|44.089:92.939|31.803:84.343|37.137:69.336|49.064:63.354|54.504:58.574|56.846:53.395|50.308:49.283|51.056:43.768|50.862:41.194|42.801:53.705|33.543:39.844|26.342:22.715|8.000:8.000,0-4-2-8-15-11-19-27-30-23-17-7-12-18-20-31-26-3-24-25-29-5-1-13-28-16-6-14-21-9-32-0,194.08863646304235
141,calm,sparse,NearestNeighbor,32,32,1.0,1.0,0.0,False,64.0,64.0,1284.9120626809672,1288.4587250689483,-84.91206268096698,-164.91206268096698,True,156.05434523102235,False,True,0.0305878848955748,0.0009319298815617,2.0,True,1.0,8.000:8.000|26.372:8.282|24.952:14.178|38.155:13.941|36.847:8.754|44.682:17.609|32.352:25.724|49.844:35.019|51.004:36.973|44.110:43.751|52.401:55.835|56.554:60.338|63.807:55.970|66.273:54.358|64.601:47.790|64.883:42.452|63.152:40.782|74.127:40.406|76.696:36.461|72.194:30.472|72.536:27.482|84.554:21.151|56.565:26.139|78.014:55.150|74.369:65.317|71.921:68.165|69.462:67.762|81.826:67.370|74.974:86.144|34.558:78.357|29.050:78.305|22.772:72.637|28.540:51.159|8.000:8.000,0-25-7-9-14-11-15-28-19-31-10-8-18-5-26-4-2-13-24-22-20-16-6-3-27-12-30-23-1-17-32-21-29-0,0.0022630980238318
141,calm,sparse,ValuePerDistance,32,30,0.9375,0.9609375,0.0,False,61.5,64.0,1221.57070359568,1234.0880886091993,-21.5707035956804,-101.5707035956804,True,149.03553605121985,False,True,0.0058104998316835,0.0001878440476866,2.0,True,1.0,8.000:8.000|24.952:14.178|26.372:8.282|36.847:8.754|38.155:13.941|44.682:17.609|49.844:35.019|51.004:36.973|44.110:43.751|52.401:55.835|56.554:60.338|63.807:55.970|66.273:54.358|78.014:55.150|74.369:65.317|71.921:68.165|69.462:67.762|81.826:67.370|76.696:36.461|74.127:40.406|64.883:42.452|63.152:40.782|56.565:26.139|72.536:27.482|72.194:30.472|84.554:21.151|34.558:78.357|29.050:78.305|22.772:72.637|28.540:51.159|32.352:25.724|8.000:8.000,0-7-25-14-9-11-28-19-31-10-8-18-5-3-27-12-30-23-24-13-4-2-6-20-22-16-17-32-21-29-15-0,0.0016829769592732
141,calm,sparse,WindAwareGreedy,32,24,0.75,0.8359375,0.0,False,53.5,64.0,1340.2720451244456,1348.8273097200115,-140.2720451244457,-220.2720451244457,True,148.5406588879839,False,True,0.0007211117790104,2.8844846449769255e-05,2.0,True,1.0,8.000:8.000|24.952:14.178|26.372:8.282|49.844:35.019|51.004:36.973|44.110:43.751|22.772:72.637|34.558:78.357|29.050:78.305|52.401:55.835|56.554:60.338|76.696:36.461|56.565:26.139|36.847:8.754|44.682:17.609|64.883:42.452|66.273:54.358|78.014:55.150|74.369:65.317|81.826:67.370|74.127:40.406|72.536:27.482|72.194:30.472|63.152:40.782|64.601:47.790|8.000:8.000,0-7-25-28-19-31-21-17-32-10-8-24-6-14-11-4-5-3-27-23-13-20-22-2-26-0,0.00179263507016
141,calm,sparse,ReserveOnlyPlanner,32,22,0.6875,0.7578125,0.7578125,True,48.5,64.0,1106.278030203143,1144.613627447033,93.72196979685673,13.721969796856712,False,124.51987883444345,True,False,0.0007133195783559,3.101406009261517e-05,2.0,False,1.0,8.000:8.000|24.952:14.178|26.372:8.282|36.847:8.754|49.844:35.019|51.004:36.973|44.110:43.751|22.772:72.637|34.558:78.357|29.050:78.305|52.401:55.835|56.554:60.338|76.696:36.461|56.565:26.139|64.883:42.452|63.152:40.782|74.127:40.406|72.536:27.482|72.194:30.472|66.273:54.358|63.807:55.970|64.601:47.790|32.352:25.724|8.000:8.000,0-7-25-14-28-19-31-21-17-32-10-8-24-6-4-2-13-20-22-5-18-26-15-0,0.0018316989298909
141,calm,sparse,FairRiskAwareGreedy,32,18,0.5625,0.671875,0.671875,True,43.0,64.0,1097.353240301426,1118.9454032160536,102.6467596985739,22.646759698573906,False,128.6617538929845,True,False,0.0007187103529896,3.782726389441706e-05,2.0,False,1.0,8.000:8.000|24.952:14.178|26.372:8.282|49.844:35.019|51.004:36.973|44.110:43.751|22.772:72.637|34.558:78.357|76.696:36.461|56.565:26.139|36.847:8.754|52.401:55.835|56.554:60.338|64.883:42.452|72.536:27.482|74.127:40.406|66.273:54.358|63.807:55.970|63.152:40.782|8.000:8.000,0-7-25-28-19-31-21-17-24-6-14-10-8-4-20-13-5-18-2-0,0.0027036820538342
141,calm,sparse,FairALNSPlanner,32,31,0.96875,0.984375,0.984375,True,63.0,64.0,1042.2605963099495,1128.0208140652092,157.73940369004993,77.73940369004993,False,144.0548534046284,True,False,0.0030647542842188,9.586696239458764e-05,2.0,False,1.0,8.000:8.000|24.952:14.178|26.372:8.282|36.847:8.754|38.155:13.941|44.682:17.609|56.565:26.139|84.554:21.151|72.536:27.482|72.194:30.472|76.696:36.461|74.127:40.406|64.883:42.452|63.152:40.782|49.844:35.019|51.004:36.973|44.110:43.751|52.401:55.835|56.554:60.338|63.807:55.970|66.273:54.358|78.014:55.150|81.826:67.370|74.369:65.317|71.921:68.165|69.462:67.762|74.974:86.144|34.558:78.357|29.050:78.305|22.772:72.637|28.540:51.159|32.352:25.724|8.000:8.000,0-7-25-14-9-11-6-16-20-22-24-13-4-2-28-19-31-10-8-18-5-3-23-27-12-30-1-17-32-21-29-15-0,19.384569506160915
141,calm,sparse,RAWA-RHP,32,31,0.96875,0.9765625,0.9765625,True,62.5,64.0,1022.1177557265684,1107.4858286522335,177.88224427343147,97.88224427343148,False,141.7837630616469,True,False,0.007063280714774,0.0002211155497569,2.0,False,1.0,8.000:8.000|24.952:14.178|26.372:8.282|36.847:8.754|38.155:13.941|44.682:17.609|56.565:26.139|84.554:21.151|72.536:27.482|72.194:30.472|76.696:36.461|74.127:40.406|64.601:47.790|64.883:42.452|63.152:40.782|51.004:36.973|49.844:35.019|44.110:43.751|52.401:55.835|69.462:67.762|71.921:68.165|74.369:65.317|81.826:67.370|78.014:55.150|66.273:54.358|63.807:55.970|56.554:60.338|34.558:78.357|29.050:78.305|22.772:72.637|28.540:51.159|32.352:25.724|8.000:8.000,0-7-25-14-9-11-6-16-20-22-24-13-26-4-2-19-28-31-10-30-12-27-23-3-5-18-8-17-32-21-29-15-0,78.23291583079845
142,severe,sparse,NearestNeighbor,32,18,0.5625,0.5934959349593496,0.0,False,36.5,61.5,1640.0109358402285,1617.9128908399882,-440.01093584022834,-520.0109358402283,True,105.8457166019666,False,True,0.1598476562027094,0.0081034430945941,2.0,True,1.0,8.000:8.000|24.620:33.833|24.286:40.461|31.067:44.946|34.413:46.108|40.327:51.738|34.591:55.774|35.966:58.123|44.990:72.447|53.256:63.068|50.926:60.376|59.970:72.014|65.395:87.298|67.047:88.712|74.463:94.313|78.031:96.865|82.674:86.221|79.201:73.971|44.221:95.408|8.000:8.000,0-16-9-17-6-20-11-14-25-8-26-3-1-27-30-19-22-28-29-0,0.0016114569734781
142,severe,sparse,ValuePerDistance,32,18,0.5625,0.6178861788617886,0.0,False,38.0,61.5,1578.566004072038,1595.336232576166,-378.56600407203786,-458.56600407203786,True,102.91140836171364,False,True,0.1390263302729074,0.0074041909211149,2.0,True,1.0,8.000:8.000|24.620:33.833|24.286:40.461|34.413:46.108|31.067:44.946|34.591:55.774|35.966:58.123|44.990:72.447|50.926:60.376|53.256:63.068|79.201:73.971|82.674:86.221|74.463:94.313|78.031:96.865|65.395:87.298|67.047:88.712|39.328:93.602|44.221:95.408|30.363:85.300|8.000:8.000,0-16-9-6-17-11-14-25-26-8-28-22-30-19-1-27-13-29-4-0,0.0012579069007188
142,severe,sparse,WindAwareGreedy,32,14,0.4375,0.4390243902439024,0.0,False,27.0,61.5,1556.5694702911378,1596.0542040071998,-356.56947029113786,-436.56947029113786,True,99.52051209302488,False,True,0.2669844878281721,0.0196391328772823,2.0,True,1.0,8.000:8.000|24.620:33.833|24.286:40.461|34.591:55.774|34.413:46.108|35.966:58.123|19.750:77.879|19.401:70.252|31.067:44.946|46.184:34.868|42.071:30.347|40.327:51.738|44.990:72.447|30.363:85.300|39.328:93.602|8.000:8.000,0-16-9-11-6-14-18-2-17-10-31-20-25-4-13-0,0.0012345421127974
142,severe,sparse,ReserveOnlyPlanner,32,9,0.28125,0.3008130081300813,0.3008130081300813,True,18.5,61.5,1070.119230154434,1156.3678300363974,129.8807698455662,49.88076984556619,False,65.65134190671868,True,False,0.1433349089142266,0.0145602427496823,2.0,False,1.0,8.000:8.000|24.620:33.833|24.286:40.461|34.591:55.774|34.413:46.108|31.067:44.946|35.966:58.123|19.750:77.879|19.401:70.252|30.363:85.300|8.000:8.000,0-16-9-11-6-17-14-18-2-4-0,0.0009759578388184
142,severe,sparse,FairRiskAwareGreedy,32,12,0.375,0.3902439024390244,0.3902439024390244,True,24.0,61.5,1056.0400933002034,1111.3091573353774,143.95990669979687,63.95990669979688,False,101.3989795437388,True,False,0.0032926758968162,0.0002533138999159,2.8284271247461903,False,1.0,8.000:8.000|24.620:33.833|24.286:40.461|34.591:55.774|34.413:46.108|35.966:58.123|31.067:44.946|19.750:77.879|19.401:70.252|42.071:30.347|83.130:23.469|76.345:22.343|44.990:72.447|8.000:8.000,0-16-9-11-6-14-17-18-2-31-5-21-25-0,0.0014651680830866
142,severe,sparse,FairALNSPlanner,32,20,0.625,0.7073170731707317,0.7073170731707317,True,43.5,61.5,1038.5301893805122,1221.9416020245756,161.46981061948782,81.46981061948782,False,110.91689194717878,True,False,0.0228969371496208,0.0011000414529216,2.0,False,1.0,8.000:8.000|24.286:40.461|31.067:44.946|34.591:55.774|35.966:58.123|44.990:72.447|74.463:94.313|78.031:96.865|67.047:88.712|65.395:87.298|73.971:56.223|70.180:53.577|70.546:45.949|76.593:37.957|96.399:31.136|95.592:27.981|83.130:23.469|76.345:22.343|46.184:34.868|34.413:46.108|24.620:33.833|8.000:8.000,0-9-17-11-14-25-30-19-27-1-23-24-32-12-7-15-5-21-10-6-16-0,9.508291858946905
142,severe,sparse,RAWA-RHP,32,24,0.75,0.8048780487804879,0.8048780487804879,True,49.5,61.5,1050.7309944158117,1272.964683073516,149.26900558418862,69.26900558418862,False,117.70685082867676,True,False,0.0081455909643568,0.0003265243633002,2.8284271247461903,False,1.0,8.000:8.000|24.620:33.833|24.286:40.461|31.067:44.946|34.413:46.108|34.591:55.774|35.966:58.123|44.990:72.447|65.395:87.298|67.047:88.712|74.463:94.313|78.031:96.865|82.674:86.221|79.201:73.971|59.970:72.014|53.256:63.068|50.926:60.376|73.971:56.223|70.180:53.577|70.546:45.949|76.593:37.957|83.130:23.469|76.345:22.343|46.184:34.868|42.071:30.347|8.000:8.000,0-16-9-17-6-11-14-25-1-27-30-19-22-28-3-8-26-23-24-32-12-5-21-10-31-0,33.68073891219683
142,severe,cluttered,NearestNeighbor,32,16,0.5,0.4961832061068702,0.0,False,32.5,65.5,1229.7885810947262,1253.6063476617,-29.788581094726112,-109.78858109472613,True,85.44731520707948,False,True,0.253810142980386,0.0165769487402191,2.0,True,1.0,8.000:8.000|14.022:28.572|22.647:40.053|24.441:50.596|33.080:59.971|43.836:60.195|49.960:56.800|47.217:67.709|55.692:75.775|38.343:91.356|33.067:95.726|21.601:84.852|28.880:80.117|32.159:81.358|23.937:68.362|20.854:69.089|15.118:58.641|8.000:8.000,0-29-20-31-18-19-28-8-32-1-27-2-23-22-4-11-13-0,0.0014678549487143
142,severe,cluttered,ValuePerDistance,32,12,0.375,0.4274809160305343,0.0,False,28.0,65.5,1392.7019640305034,1410.7651345253644,-192.70196403050343,-272.70196403050346,True,82.29283722532756,False,True,0.0879019682556171,0.0064922749831962,2.0,True,1.0,8.000:8.000|22.647:40.053|24.441:50.596|33.080:59.971|23.937:68.362|20.854:69.089|32.159:81.358|28.880:80.117|21.601:84.852|38.343:91.356|33.067:95.726|49.310:44.424|46.716:43.518|8.000:8.000,0-20-31-18-4-11-22-23-2-1-27-17-9-0,0.0009893809910863
142,severe,cluttered,WindAwareGreedy,32,11,0.34375,0.3816793893129771,0.0,False,25.0,65.5,1345.804247455993,1355.4863744918302,-145.80424745599294,-225.8042474559929,True,84.02614610558696,False,True,0.3352083850479106,0.0325344287386043,2.0,True,1.0,8.000:8.000|22.647:40.053|24.441:50.596|23.937:68.362|20.854:69.089|15.118:58.641|33.080:59.971|32.159:81.358|38.343:91.356|21.601:84.852|28.880:80.117|33.067:95.726|8.000:8.000,0-20-31-4-11-13-18-22-1-2-23-27-0,0.0010251440107822
142,severe,cluttered,ReserveOnlyPlanner,32,11,0.34375,0.366412213740458,0.366412213740458,True,24.0,65.5,1072.333084730627,1204.5997567072857,127.66691526937284,47.66691526937285,False,68.42525621577302,True,False,0.1404377302814847,0.0122382141749023,2.0,False,1.0,8.000:8.000|14.022:28.572|22.647:40.053|24.441:50.596|15.118:58.641|23.937:68.362|20.854:69.089|32.159:81.358|21.601:84.852|28.880:80.117|33.080:59.971|43.836:60.195|8.000:8.000,0-29-20-31-13-4-11-22-2-23-18-19-0,0.0010724919848144
142,severe,cluttered,FairRiskAwareGreedy,32,11,0.34375,0.3816793893129771,0.3816793893129771,True,25.0,65.5,1078.7168924124708,1121.3004671249776,121.28310758752907,41.28310758752909,False,99.88750395163883,True,False,0.0118425111074355,0.0009912341460798,2.8284271247461903,False,1.0,8.000:8.000|22.647:40.053|24.441:50.596|33.080:59.971|32.159:81.358|38.343:91.356|49.310:44.424|43.836:60.195|21.601:84.852|33.899:27.299|47.217:67.709|14.022:28.572|8.000:8.000,0-20-31-18-22-1-17-19-2-14-8-29-0,0.0012627921532839
142,severe,cluttered,FairALNSPlanner,32,15,0.46875,0.5572519083969466,0.5572519083969466,True,36.5,65.5,1041.9966462246166,1247.8424123204315,158.00335377538318,78.00335377538318,False,101.62158233633696,True,False,0.0282291133594264,0.0017852340772588,2.8284271247461903,False,1.0,8.000:8.000|33.899:27.299|45.376:31.251|55.596:16.959|75.097:26.704|67.669:26.450|88.821:57.951|83.788:63.982|85.745:80.673|38.343:91.356|32.159:81.358|33.080:59.971|43.836:60.195|49.310:44.424|22.647:40.053|14.022:28.572|8.000:8.000,0-14-30-21-25-12-24-26-10-1-22-18-19-17-20-29-0,6.638953192858025
142,severe,cluttered,RAWA-RHP,32,22,0.6875,0.7175572519083969,0.7175572519083969,True,47.0,65.5,1056.7672763164176,1247.9798479845213,143.2327236835824,63.23272368358241,False,112.17700007360426,True,False,0.0806632630996554,0.0036339233364514,2.0,False,1.0,8.000:8.000|14.022:28.572|22.647:40.053|24.441:50.596|33.080:59.971|20.854:69.089|23.937:68.362|28.880:80.117|21.601:84.852|33.067:95.726|38.343:91.356|32.159:81.358|47.217:67.709|43.836:60.195|49.960:56.800|46.716:43.518|49.310:44.424|67.220:45.006|75.097:26.704|67.669:26.450|55.596:16.959|45.376:31.251|33.899:27.299|8.000:8.000,0-29-20-31-18-11-4-23-2-27-1-22-8-19-28-9-17-5-25-12-21-30-14-0,34.39112904504873
141,severe,sparse,NearestNeighbor,32,14,0.4375,0.4651162790697674,0.0,False,30.0,64.5,1420.2991919740448,1431.145111211666,-220.29919197404496,-300.29919197404496,True,69.4114303501637,False,True,0.1556286448366588,0.0110645165652642,2.0,True,1.0,8.000:8.000|16.804:16.805|10.899:27.508|20.556:35.199|18.222:52.225|23.766:52.970|28.565:62.503|30.870:63.065|33.895:64.471|36.778:69.489|25.418:67.768|20.750:74.253|16.544:61.809|38.330:52.044|38.792:45.719|8.000:8.000,0-29-16-1-31-23-4-21-18-13-11-15-24-6-14-0,0.0014194729737937
141,severe,sparse,ValuePerDistance,32,12,0.375,0.4263565891472868,0.0,False,27.5,64.5,1384.3185600036472,1386.0952819062884,-184.31856000364732,-264.3185600036473,True,64.02849723240749,False,True,0.1660172580610955,0.0135449990323325,2.0,True,1.0,8.000:8.000|16.804:16.805|20.556:35.199|18.222:52.225|23.766:52.970|28.565:62.503|30.870:63.065|33.895:64.471|25.418:67.768|20.750:74.253|16.544:61.809|38.792:45.719|38.330:52.044|8.000:8.000,0-29-1-31-23-4-21-18-11-15-24-14-6-0,0.0009352511260658
141,severe,sparse,WindAwareGreedy,32,11,0.34375,0.4186046511627907,0.0,False,27.0,64.5,1557.7028762779285,1570.70759907089,-357.7028762779284,-437.7028762779284,True,70.62886467676684,False,True,0.1429887152719089,0.0125472550129576,2.0,True,1.0,8.000:8.000|16.804:16.805|20.556:35.199|10.899:27.508|18.222:52.225|23.766:52.970|28.565:62.503|33.895:64.471|25.418:67.768|16.544:61.809|38.792:45.719|61.820:27.170|8.000:8.000,0-29-1-16-31-23-4-18-11-24-14-5-0,0.0010267549660056
141,severe,sparse,ReserveOnlyPlanner,32,4,0.125,0.1395348837209302,0.1395348837209302,True,9.0,64.5,982.8934554249306,1043.817569689118,217.10654457506945,137.10654457506945,False,40.32469878460591,True,False,0.1681293044973263,0.0353774895304356,2.0,False,1.0,8.000:8.000|16.804:16.805|20.556:35.199|10.899:27.508|61.820:27.170|8.000:8.000,0-29-1-16-5-0,0.0005606641061604
141,severe,sparse,FairRiskAwareGreedy,32,9,0.28125,0.3255813953488372,0.3255813953488372,True,21.0,64.5,890.6455680160291,918.9214744351808,309.3544319839709,229.35443198397093,False,72.41812270541253,True,False,0.0028070028600233,0.0002808309327086,2.0,False,1.0,8.000:8.000|16.804:16.805|28.565:62.503|33.895:64.471|61.820:27.170|23.766:52.970|18.222:52.225|16.544:61.809|20.750:74.253|10.899:27.508|8.000:8.000,0-29-4-18-5-23-31-24-15-16-0,0.0012146490626037
141,severe,sparse,FairALNSPlanner,32,22,0.6875,0.7209302325581395,0.7209302325581395,True,46.5,64.5,1036.542790709001,1209.692647391001,163.45720929099895,83.45720929099895,False,105.54948529783071,True,False,0.0799310959210475,0.0035961767529116,2.0,False,1.0,8.000:8.000|10.899:27.508|20.556:35.199|18.222:52.225|23.766:52.970|28.565:62.503|20.750:74.253|25.418:67.768|30.870:63.065|33.895:64.471|36.778:69.489|55.859:53.641|56.819:51.053|71.553:54.781|74.981:54.458|77.768:71.266|76.758:75.650|66.216:75.232|65.290:45.519|69.479:41.733|66.546:38.614|61.820:27.170|16.804:16.805|8.000:8.000,0-16-1-31-23-4-15-11-21-18-13-26-9-8-3-12-25-10-20-30-27-5-29-0,12.499879795825109
141,severe,sparse,RAWA-RHP,32,26,0.8125,0.8527131782945736,0.8527131782945736,True,55.0,64.5,1044.2509210602022,1237.9867092401764,155.74907893979776,75.74907893979776,False,112.67615407220858,True,False,0.0939342758854808,0.0036165314831865,2.0,False,1.0,8.000:8.000|10.899:27.508|20.556:35.199|18.222:52.225|16.544:61.809|23.766:52.970|28.565:62.503|25.418:67.768|30.870:63.065|33.895:64.471|36.778:69.489|49.196:74.108|48.889:77.672|53.311:83.169|57.253:79.521|66.216:75.232|76.758:75.650|77.768:71.266|74.981:54.458|71.553:54.781|55.859:53.641|56.819:51.053|65.290:45.519|69.479:41.733|66.546:38.614|61.820:27.170|16.804:16.805|8.000:8.000,0-16-1-31-24-23-4-11-21-18-13-7-32-28-19-10-25-12-3-8-26-9-20-30-27-5-29-0,81.93440612382255
141,moderate,cluttered,NearestNeighbor,32,15,0.46875,0.4416666666666666,0.0,False,26.5,60.0,1437.6800741143577,1429.054603873411,-237.6800741143574,-317.6800741143574,True,98.11834610941548,False,True,0.2319920157863386,0.0159070994601252,2.0,True,1.0,8.000:8.000|21.859:10.724|27.512:30.102|37.444:27.376|35.320:36.476|32.341:46.764|24.948:46.949|22.490:55.038|27.114:60.287|37.641:58.275|28.795:73.691|15.048:84.593|44.354:91.409|57.024:85.987|63.416:91.901|82.492:77.520|8.000:8.000,0-22-14-10-5-25-2-27-15-21-13-3-20-8-11-19-0,0.0015646030660718
141,moderate,cluttered,ValuePerDistance,32,15,0.46875,0.5,0.0,False,30.0,60.0,1422.4054887024045,1388.6727844248633,-222.4054887024044,-302.40548870240434,True,102.66117899047076,False,True,0.1326735680398182,0.0087373166616968,2.0,True,1.0,8.000:8.000|21.859:10.724|37.444:27.376|35.320:36.476|32.341:46.764|24.948:46.949|27.114:60.287|37.641:58.275|60.907:50.418|68.687:56.095|67.197:69.258|57.024:85.987|44.354:91.409|88.160:90.717|82.492:77.520|82.202:40.979|8.000:8.000,0-22-10-5-25-2-15-21-9-1-12-8-20-6-19-18-0,0.0011321969795972
141,moderate,cluttered,WindAwareGreedy,32,15,0.46875,0.575,0.0,False,34.5,60.0,1247.5154969210148,1248.4683808970324,-47.51549692101469,-127.51549692101467,True,92.22034564469048,False,True,0.0565873209178263,0.0036138093504306,2.0,True,1.0,8.000:8.000|51.118:17.190|64.670:29.144|72.248:20.959|80.225:21.095|61.570:31.210|60.907:50.418|37.444:27.376|35.320:36.476|27.512:30.102|17.115:40.357|27.114:60.287|37.641:58.275|32.341:46.764|24.948:46.949|18.654:38.058|8.000:8.000,0-31-17-29-30-4-9-10-5-14-26-15-21-25-2-23-0,0.001339039998129
141,moderate,cluttered,ReserveOnlyPlanner,32,16,0.5,0.5333333333333333,0.5333333333333333,True,32.0,60.0,1097.1699546457917,1221.926335268378,102.83004535420828,22.830045354208263,False,86.959384882271,True,False,0.082502535705201,0.0050015997529113,2.0,False,1.0,8.000:8.000|21.859:10.724|51.118:17.190|64.670:29.144|72.248:20.959|80.225:21.095|75.819:10.351|72.396:16.703|61.570:31.210|60.468:25.585|45.556:17.138|37.444:27.376|35.320:36.476|27.512:30.102|17.115:40.357|24.948:46.949|32.341:46.764|8.000:8.000,0-22-31-17-29-30-7-28-4-16-32-10-5-14-26-2-25-0,0.0014615638647228
141,moderate,cluttered,FairRiskAwareGreedy,32,16,0.5,0.575,0.575,True,34.5,60.0,988.4550934281064,1028.1887027304165,211.54490657189336,131.54490657189336,False,106.61780255664527,True,False,0.0028684440418118,0.0001688587260624,2.8284271247461903,False,1.0,8.000:8.000|64.670:29.144|72.248:20.959|80.225:21.095|61.570:31.210|51.118:17.190|45.556:17.138|27.512:30.102|37.444:27.376|27.114:60.287|37.641:58.275|60.907:50.418|17.115:40.357|24.948:46.949|22.490:55.038|18.654:38.058|21.859:10.724|8.000:8.000,0-17-29-30-4-31-32-14-10-15-21-9-26-2-27-23-22-0,0.0018758371006697
141,moderate,cluttered,FairALNSPlanner,32,24,0.75,0.7916666666666666,0.7916666666666666,True,47.5,60.0,1061.2379985164346,1203.276749408656,138.76200148356514,58.76200148356514,False,126.4822448008417,True,False,0.0213223741584639,0.000857863914945,2.0,False,1.0,8.000:8.000|18.654:38.058|17.115:40.357|24.948:46.949|32.341:46.764|22.490:55.038|27.114:60.287|37.641:58.275|35.320:36.476|60.907:50.418|67.184:45.003|68.687:56.095|67.197:69.258|82.202:40.979|61.570:31.210|60.468:25.585|64.670:29.144|80.225:21.095|72.248:20.959|72.396:16.703|75.819:10.351|51.118:17.190|45.556:17.138|27.512:30.102|37.444:27.376|8.000:8.000,0-23-26-2-25-27-15-21-5-9-24-1-12-18-4-16-17-30-29-28-7-31-32-14-10-0,15.301866197027266
141,moderate,cluttered,RAWA-RHP,32,26,0.8125,0.8416666666666667,0.8416666666666667,True,50.5,60.0,1044.2860115341095,1192.5776977199491,155.71398846589074,75.71398846589074,False,127.4121593775921,True,False,0.0652057594735968,0.0024724441706992,2.0,False,1.0,8.000:8.000|27.512:30.102|37.444:27.376|35.320:36.476|45.556:17.138|51.118:17.190|60.468:25.585|61.570:31.210|64.670:29.144|72.248:20.959|72.396:16.703|75.819:10.351|80.225:21.095|82.202:40.979|67.184:45.003|60.907:50.418|68.687:56.095|67.197:69.258|57.024:85.987|37.641:58.275|27.114:60.287|22.490:55.038|32.341:46.764|24.948:46.949|17.115:40.357|18.654:38.058|21.859:10.724|8.000:8.000,0-14-10-5-32-31-16-4-17-29-28-7-30-18-24-9-1-12-8-21-15-27-25-2-26-23-22-0,83.03111334098503
138,calm,sparse,NearestNeighbor,32,31,0.96875,0.9655172413793104,0.0,False,56.0,58.0,1265.8677922949544,1268.3308487289096,-65.86779229495434,-145.86779229495434,True,153.8431733682783,False,True,0.0053321527626984,0.0001667915621817,2.0,True,1.0,8.000:8.000|20.064:24.517|41.396:23.776|41.797:21.630|47.279:11.234|54.597:17.692|51.197:35.358|61.219:40.976|45.649:55.350|51.285:60.840|59.225:65.804|59.316:79.956|57.908:83.375|63.420:84.904|63.611:81.987|65.401:88.278|78.076:85.064|78.779:83.015|77.530:80.295|73.654:76.395|73.518:63.184|74.871:59.774|45.729:73.348|39.287:67.787|36.103:65.992|32.960:66.595|31.871:60.845|21.551:57.622|14.137:48.117|16.365:80.611|31.951:77.278|42.543:83.362|8.000:8.000,0-30-14-28-3-13-32-11-8-19-4-12-22-23-18-27-16-29-21-17-5-9-1-25-26-15-24-7-10-31-6-20-0,0.0021071298979222
138,calm,sparse,ValuePerDistance,32,31,0.96875,0.9655172413793104,0.0,False,56.0,58.0,1232.3551577244996,1229.3599314020098,-32.35515772449958,-112.35515772449958,True,150.33075189878429,False,True,0.0121057809280799,0.000379617228125,2.0,True,1.0,8.000:8.000|20.064:24.517|14.137:48.117|21.551:57.622|36.103:65.992|39.287:67.787|45.729:73.348|42.543:83.362|57.908:83.375|59.316:79.956|63.611:81.987|63.420:84.904|65.401:88.278|78.076:85.064|78.779:83.015|77.530:80.295|73.654:76.395|74.871:59.774|73.518:63.184|59.225:65.804|51.285:60.840|45.649:55.350|31.871:60.845|32.960:66.595|31.951:77.278|16.365:80.611|51.197:35.358|61.219:40.976|54.597:17.692|47.279:11.234|41.797:21.630|41.396:23.776|8.000:8.000,0-30-10-7-26-25-1-20-22-12-18-23-27-16-29-21-17-9-5-4-19-8-24-15-6-31-32-11-13-3-28-14-0,0.0017064299900084
138,calm,sparse,WindAwareGreedy,32,23,0.71875,0.7931034482758621,0.0,False,46.0,58.0,1370.9030322445565,1358.9343419437084,-170.90303224455664,-250.90303224455664,True,148.4874924153904,False,True,0.0311415032870825,0.0013136295422443,2.0,True,1.0,8.000:8.000|20.064:24.517|14.137:48.117|36.103:65.992|42.543:83.362|45.729:73.348|39.287:67.787|51.285:60.840|57.908:83.375|78.076:85.064|63.420:84.904|63.611:81.987|59.225:65.804|73.654:76.395|78.779:83.015|74.871:59.774|51.197:35.358|61.219:40.976|45.649:55.350|31.871:60.845|31.951:77.278|16.365:80.611|21.551:57.622|32.960:66.595|8.000:8.000,0-30-10-26-20-1-25-19-22-16-23-18-4-17-29-9-32-11-8-24-6-31-7-15-0,0.0016423570923507
138,calm,sparse,ReserveOnlyPlanner,32,23,0.71875,0.7931034482758621,0.7931034482758621,True,46.0,58.0,1096.0643496615126,1137.6228519754245,103.93565033848732,23.93565033848733,False,127.46539570158971,True,False,0.0179332203863767,0.000751317459039,2.0,False,1.0,8.000:8.000|20.064:24.517|14.137:48.117|36.103:65.992|39.287:67.787|42.543:83.362|45.729:73.348|51.285:60.840|59.225:65.804|57.908:83.375|63.420:84.904|78.076:85.064|78.779:83.015|73.654:76.395|63.611:81.987|59.316:79.956|74.871:59.774|73.518:63.184|51.197:35.358|61.219:40.976|45.649:55.350|31.871:60.845|32.960:66.595|21.551:57.622|8.000:8.000,0-30-10-26-25-20-1-19-4-22-23-16-29-17-18-12-9-5-32-11-8-24-15-7-0,0.0017672090325504
138,calm,sparse,FairRiskAwareGreedy,32,19,0.59375,0.6810344827586207,0.6810344827586207,True,39.5,58.0,1070.518030481418,1088.8298433452724,129.48196951858205,49.48196951858205,False,126.47873891434774,True,False,0.0135092462277659,0.0006783721007785,2.0,False,1.0,8.000:8.000|42.543:83.362|39.287:67.787|36.103:65.992|45.729:73.348|51.285:60.840|78.076:85.064|78.779:83.015|73.654:76.395|57.908:83.375|63.420:84.904|63.611:81.987|59.225:65.804|51.197:35.358|14.137:48.117|20.064:24.517|47.279:11.234|54.597:17.692|41.797:21.630|41.396:23.776|8.000:8.000,0-20-25-26-1-19-16-29-17-22-23-18-4-32-10-30-3-13-28-14-0,0.0029920348897576
138,calm,sparse,FairALNSPlanner,32,31,0.96875,0.9655172413793104,0.9655172413793104,True,56.0,58.0,1030.4714125487728,1112.6888612725324,169.52858745122705,89.52858745122705,False,140.33263134368102,True,False,0.0095600299568813,0.0002996209870771,2.0,False,1.0,8.000:8.000|20.064:24.517|41.396:23.776|41.797:21.630|47.279:11.234|54.597:17.692|51.197:35.358|61.219:40.976|45.649:55.350|51.285:60.840|59.225:65.804|74.871:59.774|73.518:63.184|73.654:76.395|77.530:80.295|78.779:83.015|78.076:85.064|65.401:88.278|63.420:84.904|63.611:81.987|59.316:79.956|57.908:83.375|45.729:73.348|42.543:83.362|16.365:80.611|31.951:77.278|39.287:67.787|36.103:65.992|32.960:66.595|31.871:60.845|21.551:57.622|14.137:48.117|8.000:8.000,0-30-14-28-3-13-32-11-8-19-4-9-5-17-21-29-16-27-23-18-12-22-1-20-31-6-25-26-15-24-7-10-0,19.105480775004253
138,calm,sparse,RAWA-RHP,32,31,0.96875,0.9655172413793104,0.9655172413793104,True,56.0,58.0,1024.3959947638696,1102.3659499935554,175.6040052361302,95.6040052361302,False,141.1223259938335,True,False,0.0085768814716805,0.0002687329011295,2.0,False,1.0,8.000:8.000|41.396:23.776|41.797:21.630|47.279:11.234|54.597:17.692|51.197:35.358|61.219:40.976|74.871:59.774|73.518:63.184|73.654:76.395|77.530:80.295|78.779:83.015|78.076:85.064|65.401:88.278|63.420:84.904|63.611:81.987|59.316:79.956|57.908:83.375|59.225:65.804|51.285:60.840|45.649:55.350|32.960:66.595|31.951:77.278|16.365:80.611|42.543:83.362|45.729:73.348|39.287:67.787|36.103:65.992|31.871:60.845|21.551:57.622|14.137:48.117|20.064:24.517|8.000:8.000,0-14-28-3-13-32-11-9-5-17-21-29-16-27-23-18-12-22-4-19-8-15-6-31-20-1-25-26-24-7-10-30-0,217.27445887611248
140,moderate,sparse,NearestNeighbor,32,28,0.875,0.8721804511278195,0.0,False,58.0,66.5,1465.3872381288684,1457.9552551292452,-265.3872381288683,-345.3872381288683,True,138.9780843754001,False,True,0.0779359544172638,0.0027734845123516,2.0,True,1.0,8.000:8.000|21.840:37.030|36.407:46.671|37.578:53.323|44.360:56.501|45.793:58.089|50.221:50.777|44.785:43.727|40.637:40.347|55.556:29.147|62.032:26.738|63.914:25.937|66.925:28.343|71.152:31.373|71.424:34.386|70.369:38.850|64.463:40.999|61.141:43.051|59.172:55.486|61.742:68.657|72.505:83.832|73.818:88.816|69.788:94.458|82.971:72.039|76.928:69.466|75.256:63.614|81.942:51.338|43.453:80.781|39.193:79.252|8.000:8.000,0-20-8-13-12-27-2-17-24-9-29-22-7-18-19-10-32-23-14-31-28-16-5-6-11-25-4-3-30-0,0.0020625619217753
140,moderate,sparse,ValuePerDistance,32,26,0.8125,0.8721804511278195,0.0,False,58.0,66.5,1703.547999437777,1685.3315339039675,-503.5479994377769,-583.547999437777,True,149.69686187676186,False,True,0.0709002553751827,0.0026977223202313,2.0,True,1.0,8.000:8.000|21.840:37.030|44.360:56.501|45.793:58.089|50.221:50.777|59.172:55.486|61.742:68.657|43.453:80.781|39.193:79.252|32.130:75.752|29.474:74.494|30.922:63.330|10.546:69.714|55.556:29.147|63.914:25.937|62.032:26.738|71.424:34.386|70.369:38.850|64.463:40.999|61.141:43.051|81.942:51.338|75.256:63.614|82.971:72.039|76.928:69.466|72.505:83.832|73.818:88.816|69.788:94.458|8.000:8.000,0-20-12-27-2-14-31-3-30-21-26-1-15-9-22-29-19-10-32-23-4-25-6-11-28-16-5-0,0.0015424517914652
140,moderate,sparse,WindAwareGreedy,32,17,0.53125,0.6390977443609023,0.0,False,42.5,66.5,1619.0202273146715,1648.4261952412426,-419.0202273146714,-499.0202273146714,True,129.03644543024336,False,True,0.1561006602132421,0.0091106353530281,2.0,True,1.0,8.000:8.000|55.556:29.147|71.424:34.386|81.942:51.338|82.971:72.039|61.742:68.657|45.793:58.089|44.360:56.501|43.453:80.781|10.546:69.714|30.922:63.330|59.172:55.486|75.256:63.614|72.505:83.832|69.788:94.458|73.818:88.816|76.928:69.466|70.369:38.850|8.000:8.000,0-9-19-4-6-31-27-12-3-15-1-14-25-28-5-16-11-10-0,0.0014064111746847
140,moderate,sparse,ReserveOnlyPlanner,32,14,0.4375,0.518796992481203,0.518796992481203,True,34.5,66.5,1115.0982893233834,1197.1690835212155,84.9017106766164,4.901710676616403,False,89.66879817736823,True,False,0.0951408240166202,0.0064972770963206,2.0,False,1.0,8.000:8.000|55.556:29.147|71.424:34.386|81.942:51.338|82.971:72.039|75.256:63.614|61.742:68.657|45.793:58.089|44.360:56.501|59.172:55.486|50.221:50.777|64.463:40.999|61.141:43.051|40.637:40.347|36.407:46.671|8.000:8.000,0-9-19-4-6-25-31-27-12-14-2-32-23-24-8-0,0.0013043298386037
140,moderate,sparse,FairRiskAwareGreedy,32,13,0.40625,0.5263157894736842,0.5263157894736842,True,35.0,66.5,1087.8428419003876,1136.1734843102356,112.15715809961245,32.157158099612445,False,116.3213929584805,True,False,0.0052739693980251,0.0003770934430062,2.0,False,1.0,8.000:8.000|55.556:29.147|71.424:34.386|81.942:51.338|44.360:56.501|45.793:58.089|10.546:69.714|43.453:80.781|61.742:68.657|59.172:55.486|40.637:40.347|63.914:25.937|21.840:37.030|30.922:63.330|8.000:8.000,0-9-19-4-12-27-15-3-31-14-24-22-20-1-0,0.0019918291363865
140,moderate,sparse,FairALNSPlanner,32,26,0.8125,0.849624060150376,0.849624060150376,True,56.5,66.5,1053.0638091316332,1195.0830690508242,146.9361908683666,66.9361908683666,False,131.9439365749527,True,False,0.0696351415714611,0.0026388170914893,2.0,False,1.0,8.000:8.000|55.556:29.147|62.032:26.738|63.914:25.937|66.925:28.343|71.152:31.373|71.424:34.386|70.369:38.850|81.942:51.338|75.256:63.614|76.928:69.466|82.971:72.039|72.505:83.832|73.818:88.816|69.788:94.458|61.742:68.657|45.793:58.089|44.360:56.501|30.922:63.330|37.578:53.323|50.221:50.777|59.172:55.486|43.453:80.781|39.193:79.252|32.130:75.752|29.474:74.494|10.546:69.714|8.000:8.000,0-9-29-22-7-18-19-10-4-25-11-6-28-16-5-31-27-12-1-13-2-14-3-30-21-26-15-0,14.788505246164275
140,moderate,sparse,RAWA-RHP,32,29,0.90625,0.9172932330827068,0.9172932330827068,True,61.0,66.5,1043.7929896921137,1221.123687537176,156.20701030788632,76.20701030788632,False,136.6398725194354,True,False,0.0903540573259373,0.0031238074793784,2.0,False,1.0,8.000:8.000|21.840:37.030|40.637:40.347|55.556:29.147|62.032:26.738|63.914:25.937|66.925:28.343|71.152:31.373|71.424:34.386|70.369:38.850|61.141:43.051|64.463:40.999|81.942:51.338|75.256:63.614|76.928:69.466|82.971:72.039|72.505:83.832|61.742:68.657|43.453:80.781|39.193:79.252|32.130:75.752|29.474:74.494|10.546:69.714|30.922:63.330|37.578:53.323|44.360:56.501|45.793:58.089|50.221:50.777|44.785:43.727|36.407:46.671|8.000:8.000,0-20-24-9-29-22-7-18-19-10-23-32-4-25-11-6-28-31-3-30-21-26-15-1-13-12-27-2-17-8-0,141.43017716822214
143,calm,sparse,NearestNeighbor,32,30,0.9375,0.9448818897637796,0.0,False,60.0,63.5,1386.8426588866105,1373.4002773071943,-186.84265888661048,-266.8426588866105,True,163.72933869678295,False,True,0.0227852080320104,0.0007412239890511,2.0,True,1.0,8.000:8.000|35.506:20.658|37.391:16.427|51.785:23.345|53.057:50.338|49.781:50.067|57.917:53.824|60.517:64.785|52.462:69.621|45.120:63.839|37.619:66.796|29.308:64.424|29.298:62.144|28.691:56.726|38.804:51.145|69.045:44.762|71.819:45.247|75.163:59.278|78.352:60.118|80.879:74.236|80.266:77.428|85.693:83.599|78.568:91.404|71.478:90.604|68.685:81.709|44.274:89.782|41.054:85.921|29.237:88.242|27.560:89.658|30.182:90.716|89.444:70.080|8.000:8.000,0-16-12-5-3-19-15-14-1-13-7-10-6-26-9-30-2-31-8-21-4-20-32-25-23-17-24-27-18-22-29-0,0.0021588581148535
143,calm,sparse,ValuePerDistance,32,29,0.90625,0.9448818897637796,0.0,False,60.0,63.5,1370.4990858754516,1370.6112204336523,-170.49908587545147,-250.49908587545147,True,162.68699860979814,False,True,0.0223148620798085,0.0007504412663156,2.0,True,1.0,8.000:8.000|37.391:16.427|35.506:20.658|51.785:23.345|57.917:53.824|49.781:50.067|53.057:50.338|28.691:56.726|29.308:64.424|29.298:62.144|37.619:66.796|45.120:63.839|52.462:69.621|44.274:89.782|41.054:85.921|29.237:88.242|30.182:90.716|27.560:89.658|71.478:90.604|68.685:81.709|75.163:59.278|78.352:60.118|89.444:70.080|80.879:74.236|80.266:77.428|85.693:83.599|78.568:91.404|71.819:45.247|69.045:44.762|82.738:19.770|8.000:8.000,0-12-16-5-15-19-3-26-10-6-7-13-1-17-24-27-22-18-25-23-31-8-29-21-4-20-32-2-30-11-0,0.0016441519837826
143,calm,sparse,WindAwareGreedy,32,21,0.65625,0.7401574803149606,0.0,False,47.0,63.5,1292.6874143641082,1286.8338110825994,-92.68741436410764,-172.68741436410767,True,142.90547706846343,False,True,0.0305534722905613,0.0014072989032512,2.0,True,1.0,8.000:8.000|37.391:16.427|51.785:23.345|57.917:53.824|28.691:56.726|49.781:50.067|52.462:69.621|44.274:89.782|41.054:85.921|29.237:88.242|30.182:90.716|37.619:66.796|45.120:63.839|75.163:59.278|69.045:44.762|71.819:45.247|82.738:19.770|88.929:9.342|53.057:50.338|38.804:51.145|29.308:64.424|29.298:62.144|8.000:8.000,0-12-5-15-26-19-1-17-24-27-22-7-13-31-30-2-11-28-3-9-10-6-0,0.0016357339918613
143,calm,sparse,ReserveOnlyPlanner,32,19,0.59375,0.6929133858267716,0.6929133858267716,True,44.0,63.5,1111.9752377139964,1144.0128869929997,88.02476228600374,8.024762286003735,False,124.00529384633715,True,False,0.0210549367220335,0.0010614982690312,2.0,False,1.0,8.000:8.000|37.391:16.427|51.785:23.345|57.917:53.824|49.781:50.067|28.691:56.726|37.619:66.796|52.462:69.621|44.274:89.782|41.054:85.921|29.237:88.242|30.182:90.716|27.560:89.658|45.120:63.839|75.163:59.278|69.045:44.762|71.819:45.247|82.738:19.770|88.929:9.342|35.506:20.658|8.000:8.000,0-12-5-15-19-26-7-1-17-24-27-22-18-13-31-30-2-11-28-16-0,0.0016698918770998
143,calm,sparse,FairRiskAwareGreedy,32,13,0.40625,0.5354330708661418,0.5354330708661418,True,34.0,63.5,1100.3442639853447,1113.6768620205582,99.65573601465536,19.65573601465536,False,120.2846472674898,True,False,0.0177412788259447,0.0012760704079637,2.0,False,1.0,8.000:8.000|37.391:16.427|51.785:23.345|57.917:53.824|28.691:56.726|49.781:50.067|44.274:89.782|41.054:85.921|52.462:69.621|75.163:59.278|82.738:19.770|69.045:44.762|71.819:45.247|29.237:88.242|8.000:8.000,0-12-5-15-26-19-17-24-1-31-11-30-2-27-0,0.0024719070643186
143,calm,sparse,FairALNSPlanner,32,27,0.84375,0.905511811023622,0.905511811023622,True,57.5,63.5,1061.8118443724609,1128.0759212607527,138.18815562753943,58.18815562753943,False,137.736574150374,True,False,0.0185429196346991,0.000666919857875,2.0,False,1.0,8.000:8.000|37.391:16.427|51.785:23.345|82.738:19.770|71.819:45.247|69.045:44.762|57.917:53.824|53.057:50.338|49.781:50.067|75.163:59.278|78.352:60.118|89.444:70.080|80.879:74.236|80.266:77.428|85.693:83.599|78.568:91.404|71.478:90.604|68.685:81.709|52.462:69.621|45.120:63.839|37.619:66.796|41.054:85.921|44.274:89.782|30.182:90.716|29.237:88.242|29.308:64.424|29.298:62.144|28.691:56.726|8.000:8.000,0-12-5-11-2-30-15-3-19-31-8-29-21-4-20-32-25-23-1-13-7-24-17-22-27-10-6-26-0,16.51949510979466
143,calm,sparse,RAWA-RHP,32,28,0.875,0.8976377952755905,0.8976377952755905,True,57.0,63.5,1060.1503962097515,1133.275273362464,139.8496037902486,59.84960379024861,False,139.2836914001937,True,False,0.0192191183780826,0.0006674981681543,2.0,False,1.0,8.000:8.000|37.391:16.427|51.785:23.345|49.781:50.067|53.057:50.338|57.917:53.824|60.517:64.785|41.054:85.921|44.274:89.782|30.182:90.716|29.237:88.242|27.560:89.658|29.308:64.424|29.298:62.144|28.691:56.726|37.619:66.796|45.120:63.839|52.462:69.621|71.478:90.604|78.568:91.404|85.693:83.599|80.266:77.428|80.879:74.236|89.444:70.080|78.352:60.118|75.163:59.278|71.819:45.247|69.045:44.762|35.506:20.658|8.000:8.000,0-12-5-19-3-15-14-24-17-22-27-18-10-6-26-7-13-1-25-32-20-4-21-29-8-31-2-30-16-0,31.03291856800206
142,calm,sparse,NearestNeighbor,32,32,1.0,1.0,0.0,False,67.0,67.0,1258.851593534975,1256.2197646484046,-58.851593534974654,-138.85159353497465,True,155.29614803615874,False,True,0.0084967093605236,0.0002581007971003,2.0,True,1.0,8.000:8.000|14.909:18.858|18.831:27.904|21.144:31.073|21.962:34.443|25.621:34.379|26.424:38.011|23.709:54.777|22.164:53.014|15.841:69.837|40.283:74.030|48.409:74.962|53.917:68.754|51.932:60.819|50.188:42.361|56.805:38.011|54.003:31.562|56.409:27.104|47.026:22.701|47.940:18.900|43.369:17.272|40.997:16.819|55.433:11.462|61.871:16.078|75.776:24.300|83.185:18.529|93.285:22.115|94.123:34.221|89.351:39.998|95.637:49.267|89.355:58.680|82.074:60.328|44.659:84.985|8.000:8.000,0-1-30-19-23-29-3-12-2-4-22-13-11-8-28-31-14-17-25-21-6-15-10-9-27-16-24-26-20-32-7-5-18-0,0.0022333210799843
142,calm,sparse,ValuePerDistance,32,29,0.90625,0.9552238805970148,0.0,False,64.0,67.0,1201.25720484759,1206.489028679655,-1.2572048475900033,-81.25720484759,True,144.90388617137148,False,True,0.0143112955146967,0.0004788379547062,2.0,True,1.0,8.000:8.000|14.909:18.858|21.144:31.073|21.962:34.443|25.621:34.379|26.424:38.011|18.831:27.904|43.369:17.272|40.997:16.819|47.026:22.701|47.940:18.900|56.409:27.104|54.003:31.562|56.805:38.011|50.188:42.361|51.932:60.819|48.409:74.962|40.283:74.030|15.841:69.837|23.709:54.777|22.164:53.014|82.074:60.328|89.355:58.680|89.351:39.998|94.123:34.221|93.285:22.115|83.185:18.529|75.776:24.300|61.871:16.078|55.433:11.462|8.000:8.000,0-1-19-23-29-3-30-6-15-25-21-17-14-31-28-8-13-22-4-12-2-5-7-20-26-24-16-27-9-10-0,0.0017415499314665
142,calm,sparse,WindAwareGreedy,32,21,0.65625,0.7611940298507462,0.0,False,51.0,67.0,1413.0359696495536,1411.9753176442937,-213.03596964955364,-293.03596964955364,True,152.11314376372547,False,True,0.0109144596205027,0.000496762776466,2.0,True,1.0,8.000:8.000|21.144:31.073|21.962:34.443|25.621:34.379|26.424:38.011|43.369:17.272|40.997:16.819|56.409:27.104|47.026:22.701|51.932:60.819|15.841:69.837|14.909:18.858|18.831:27.904|47.940:18.900|50.188:42.361|48.409:74.962|40.283:74.030|82.074:60.328|89.355:58.680|89.351:39.998|94.123:34.221|95.637:49.267|8.000:8.000,0-19-23-29-3-6-15-17-25-8-4-1-30-21-28-13-22-5-7-20-26-32-0,0.0016015169676393
142,calm,sparse,ReserveOnlyPlanner,32,22,0.6875,0.7388059701492538,0.7388059701492538,True,49.5,67.0,1112.9327503170816,1139.5250939918378,87.06724968291823,7.067249682918231,False,127.4064050777214,True,False,0.0108949143760151,0.0004750029129563,2.0,False,1.0,8.000:8.000|14.909:18.858|21.144:31.073|21.962:34.443|25.621:34.379|26.424:38.011|43.369:17.272|40.997:16.819|47.026:22.701|56.409:27.104|51.932:60.819|48.409:74.962|40.283:74.030|15.841:69.837|23.709:54.777|22.164:53.014|18.831:27.904|47.940:18.900|50.188:42.361|56.805:38.011|54.003:31.562|75.776:24.300|83.185:18.529|8.000:8.000,0-1-19-23-29-3-6-15-25-17-8-13-22-4-12-2-30-21-28-31-14-27-16-0,0.0017851728480309
142,calm,sparse,FairRiskAwareGreedy,32,17,0.53125,0.6417910447761194,0.6417910447761194,True,43.0,67.0,1026.0065925363758,1049.2011966229898,173.9934074636239,93.9934074636239,False,119.88654675958232,True,False,0.0036998619789392,0.0002057185582932,2.0,False,1.0,8.000:8.000|21.144:31.073|43.369:17.272|40.997:16.819|56.409:27.104|47.026:22.701|14.909:18.858|21.962:34.443|25.621:34.379|26.424:38.011|51.932:60.819|15.841:69.837|40.283:74.030|48.409:74.962|82.074:60.328|50.188:42.361|47.940:18.900|18.831:27.904|8.000:8.000,0-19-6-15-17-25-1-23-29-3-8-4-22-13-5-28-21-30-0,0.0026729831006377
142,calm,sparse,FairALNSPlanner,32,32,1.0,1.0,1.0,True,67.0,67.0,1043.3508959451526,1119.2827752236456,156.64910405484733,76.64910405484733,False,143.01624996336412,True,False,0.0116860959355759,0.0003555771029727,2.0,False,1.0,8.000:8.000|40.997:16.819|43.369:17.272|47.940:18.900|47.026:22.701|50.188:42.361|56.805:38.011|54.003:31.562|56.409:27.104|61.871:16.078|55.433:11.462|75.776:24.300|83.185:18.529|93.285:22.115|94.123:34.221|89.351:39.998|95.637:49.267|89.355:58.680|82.074:60.328|51.932:60.819|53.917:68.754|48.409:74.962|44.659:84.985|40.283:74.030|15.841:69.837|23.709:54.777|22.164:53.014|26.424:38.011|25.621:34.379|21.962:34.443|21.144:31.073|18.831:27.904|14.909:18.858|8.000:8.000,0-15-6-21-25-28-31-14-17-9-10-27-16-24-26-20-32-7-5-8-11-13-18-22-4-12-2-3-29-23-19-30-1-0,18.791051083011556
142,calm,sparse,RAWA-RHP,32,32,1.0,1.0,1.0,True,67.0,67.0,1041.78574911189,1129.4290957651608,158.21425088810952,78.21425088810952,False,143.85294330226318,True,False,0.009385959847466,0.000285240451476,2.0,False,1.0,8.000:8.000|40.997:16.819|43.369:17.272|55.433:11.462|47.940:18.900|47.026:22.701|50.188:42.361|56.805:38.011|54.003:31.562|56.409:27.104|61.871:16.078|75.776:24.300|83.185:18.529|93.285:22.115|94.123:34.221|89.351:39.998|95.637:49.267|89.355:58.680|82.074:60.328|51.932:60.819|53.917:68.754|48.409:74.962|44.659:84.985|40.283:74.030|15.841:69.837|23.709:54.777|22.164:53.014|26.424:38.011|25.621:34.379|21.962:34.443|21.144:31.073|18.831:27.904|14.909:18.858|8.000:8.000,0-15-6-10-21-25-28-31-14-17-9-27-16-24-26-20-32-7-5-8-11-13-18-22-4-12-2-3-29-23-19-30-1-0,96.95169520913625
143,calm,cluttered,NearestNeighbor,32,31,0.96875,0.9765625,0.0,False,62.5,64.0,1312.2769191719624,1307.8375071238709,-112.27691917196252,-192.27691917196253,True,159.4863373581126,False,True,0.0205563297921858,0.0006474621949471,2.0,True,1.0,8.000:8.000|20.289:33.917|41.765:34.322|44.479:32.868|42.136:31.614|48.486:45.135|50.455:43.965|59.429:56.641|72.689:41.999|77.149:45.740|83.105:32.912|82.044:26.369|83.228:24.025|76.128:19.251|65.491:27.383|86.447:9.913|95.780:55.159|78.340:65.308|79.262:76.367|69.079:72.563|66.237:82.386|61.563:85.015|51.452:78.285|49.552:81.044|48.189:84.748|47.387:76.764|38.526:71.529|31.860:78.008|25.542:77.755|21.478:71.793|14.161:70.941|35.164:54.229|8.000:8.000,0-24-3-5-8-10-28-30-25-31-7-19-32-22-17-20-15-12-14-27-23-16-29-1-18-13-21-9-11-26-6-2-0,0.0021196480374783
143,calm,cluttered,ValuePerDistance,32,29,0.90625,0.9453125,0.0,False,60.5,64.0,1291.3286382975805,1289.1994095897808,-91.32863829758072,-171.3286382975807,True,154.2815035623343,False,True,0.0200733721652409,0.0006747307847152,2.0,True,1.0,8.000:8.000|20.289:33.917|44.479:32.868|42.136:31.614|41.765:34.322|50.455:43.965|48.486:45.135|35.164:54.229|38.526:71.529|25.542:77.755|21.478:71.793|14.161:70.941|31.860:78.008|48.189:84.748|49.552:81.044|51.452:78.285|47.387:76.764|66.237:82.386|69.079:72.563|78.340:65.308|79.262:76.367|59.429:56.641|77.149:45.740|72.689:41.999|83.228:24.025|82.044:26.369|83.105:32.912|86.447:9.913|76.128:19.251|65.491:27.383|8.000:8.000,0-24-5-8-3-28-10-2-21-11-26-6-9-18-1-29-13-23-27-12-14-30-31-25-32-19-7-20-22-17-0,0.0016911891289055
143,calm,cluttered,WindAwareGreedy,32,18,0.5625,0.6875,0.0,False,44.0,64.0,1383.2846145461635,1379.859072064221,-183.28461454616348,-263.2846145461635,True,144.63168293287265,False,True,0.0252375480854735,0.0013421026711685,2.0,True,1.0,8.000:8.000|20.289:33.917|35.164:54.229|25.542:77.755|21.478:71.793|38.526:71.529|44.479:32.868|42.136:31.614|83.228:24.025|86.447:9.913|82.044:26.369|59.429:56.641|66.237:82.386|69.079:72.563|78.340:65.308|77.149:45.740|50.455:43.965|48.486:45.135|48.189:84.748|8.000:8.000,0-24-2-11-26-21-5-8-32-20-19-30-23-27-12-31-28-10-18-0,0.0014842459931969
143,calm,cluttered,ReserveOnlyPlanner,32,19,0.59375,0.6875,0.6875,True,44.0,64.0,1113.2866570142362,1151.8537330621066,86.71334298576392,6.713342985763916,False,124.4775908200936,True,False,0.0269163621104681,0.0013612362561457,2.0,False,1.0,8.000:8.000|20.289:33.917|44.479:32.868|42.136:31.614|35.164:54.229|38.526:71.529|25.542:77.755|21.478:71.793|14.161:70.941|48.189:84.748|66.237:82.386|69.079:72.563|59.429:56.641|50.455:43.965|48.486:45.135|83.228:24.025|86.447:9.913|82.044:26.369|83.105:32.912|65.491:27.383|8.000:8.000,0-24-5-8-2-21-11-26-6-18-23-27-30-28-10-32-20-19-7-17-0,0.0016704108566045
143,calm,cluttered,FairRiskAwareGreedy,32,15,0.46875,0.578125,0.578125,True,37.0,64.0,1100.9461500653283,1125.7200856886352,99.05384993467128,19.05384993467129,False,124.25482686638487,True,False,0.0134472586640114,0.0008450977409869,2.0,False,1.0,8.000:8.000|20.289:33.917|35.164:54.229|25.542:77.755|21.478:71.793|44.479:32.868|42.136:31.614|59.429:56.641|83.228:24.025|86.447:9.913|82.044:26.369|66.237:82.386|69.079:72.563|78.340:65.308|77.149:45.740|72.689:41.999|8.000:8.000,0-24-2-11-26-5-8-30-32-20-19-23-27-12-31-25-0,0.0024744749534875
143,calm,cluttered,FairALNSPlanner,32,23,0.71875,0.8125,0.8125,True,52.0,64.0,1063.1292152031665,1138.6328882219673,136.87078479683362,56.87078479683362,False,131.24046983985028,True,False,0.0208576290148501,0.0008768926418179,2.0,False,1.0,8.000:8.000|20.289:33.917|44.479:32.868|42.136:31.614|50.455:43.965|86.447:9.913|83.228:24.025|82.044:26.369|83.105:32.912|72.689:41.999|77.149:45.740|78.340:65.308|79.262:76.367|69.079:72.563|66.237:82.386|48.189:84.748|49.552:81.044|38.526:71.529|31.860:78.008|25.542:77.755|21.478:71.793|35.164:54.229|59.429:56.641|48.486:45.135|8.000:8.000,0-24-5-8-28-20-32-19-7-25-31-12-14-27-23-18-1-21-9-11-26-2-30-10-0,12.990563231986016
143,calm,cluttered,RAWA-RHP,32,28,0.875,0.90625,0.90625,True,58.0,64.0,1052.2246590085963,1130.2838086254446,147.77534099140368,67.77534099140368,False,137.32584612588963,True,False,0.0185830518146057,0.0006458124195575,2.0,False,1.0,8.000:8.000|20.289:33.917|42.136:31.614|44.479:32.868|48.486:45.135|50.455:43.965|59.429:56.641|35.164:54.229|14.161:70.941|21.478:71.793|25.542:77.755|31.860:78.008|38.526:71.529|47.387:76.764|51.452:78.285|49.552:81.044|48.189:84.748|66.237:82.386|69.079:72.563|79.262:76.367|78.340:65.308|77.149:45.740|72.689:41.999|83.105:32.912|82.044:26.369|83.228:24.025|76.128:19.251|65.491:27.383|41.765:34.322|8.000:8.000,0-24-8-5-10-28-30-2-6-26-11-9-21-13-29-1-18-23-27-14-12-31-25-7-19-32-22-17-3-0,36.21603883593343
143,severe,cluttered,NearestNeighbor,32,19,0.59375,0.5581395348837209,0.0,False,36.0,64.5,1986.803734169344,2022.6337030911477,-786.8037341693439,-866.8037341693439,True,104.51656138334178,False,True,0.3457608802661651,0.0200160214173086,2.0,True,1.0,8.000:8.000|21.894:17.163|23.887:25.228|17.268:43.085|17.410:47.148|20.874:70.541|24.351:70.218|20.353:84.734|8.962:84.582|32.974:83.753|32.620:85.995|35.385:87.964|35.788:90.026|50.218:88.402|51.040:85.663|48.584:75.928|37.349:62.805|51.301:58.730|62.523:69.774|64.787:80.244|8.000:8.000,0-10-23-6-17-3-25-12-11-15-5-13-28-14-24-21-27-4-1-16-0,0.0016612908802926
143,severe,cluttered,ValuePerDistance,32,14,0.4375,0.4883720930232558,0.0,False,31.5,64.5,2106.260893829503,2067.900123794292,-906.260893829503,-986.260893829503,True,94.875177186784,False,True,0.171601910440748,0.012221034232728,2.0,True,1.0,8.000:8.000|35.761:9.560|34.719:11.781|43.687:22.440|64.272:42.599|75.118:37.793|70.694:36.252|61.703:23.588|75.566:19.496|92.777:23.644|86.742:52.638|82.753:52.149|71.114:54.213|62.523:69.774|64.787:80.244|8.000:8.000,0-2-9-8-26-29-20-19-31-30-22-7-32-1-16-0,0.0011388980783522
143,severe,cluttered,WindAwareGreedy,32,15,0.46875,0.5581395348837209,0.0,False,36.0,64.5,1920.9715243367648,1921.085043859052,-720.9715243367649,-800.9715243367649,True,96.247494413994,False,True,0.1514186247979947,0.0096176987661162,2.0,True,1.0,8.000:8.000|35.761:9.560|34.719:11.781|43.687:22.440|17.268:43.085|17.410:47.148|20.874:70.541|32.620:85.995|35.788:90.026|32.974:83.753|51.040:85.663|50.218:88.402|64.787:80.244|62.523:69.774|71.114:54.213|82.753:52.149|8.000:8.000,0-2-9-8-6-17-3-5-28-15-24-14-16-1-32-7-0,0.0012791210319846
143,severe,cluttered,ReserveOnlyPlanner,32,4,0.125,0.1627906976744186,0.1627906976744186,True,10.5,64.5,1046.0119325455005,1115.546105437858,153.98806745449974,73.98806745449974,False,43.37747160548078,True,False,0.0181011737625542,0.0036303870629037,2.0,False,1.0,8.000:8.000|17.268:43.085|17.410:47.148|20.874:70.541|32.620:85.995|8.000:8.000,0-6-17-3-5-0,0.0005512610077857
143,severe,cluttered,FairRiskAwareGreedy,32,12,0.375,0.4263565891472868,0.4263565891472868,True,27.5,64.5,1078.02231468505,1159.8692816420566,121.97768531494982,41.977685314949824,False,97.00754811639769,True,False,0.0103224631164667,0.000796830589441,2.0,False,1.0,8.000:8.000|17.268:43.085|17.410:47.148|43.687:22.440|35.761:9.560|34.719:11.781|64.272:42.599|61.703:23.588|51.040:85.663|20.874:70.541|24.351:70.218|37.349:62.805|21.894:17.163|8.000:8.000,0-6-17-8-2-9-26-19-24-3-25-27-10-0,0.0015596048906445
143,severe,cluttered,FairALNSPlanner,32,15,0.46875,0.5426356589147286,0.5426356589147286,True,35.0,64.5,1024.4107349974577,1202.947144379914,175.58926500254256,95.58926500254256,False,97.00183030689628,True,False,0.0145467700539038,0.0009142289521462,2.8284271247461903,False,1.0,8.000:8.000|21.894:17.163|17.268:43.085|17.410:47.148|20.874:70.541|32.974:83.753|32.620:85.995|35.385:87.964|35.788:90.026|43.687:22.440|64.272:42.599|61.703:23.588|70.694:36.252|75.118:37.793|34.719:11.781|35.761:9.560|8.000:8.000,0-10-6-17-3-15-5-13-28-8-26-19-20-29-9-2-0,5.521972022950649
143,severe,cluttered,RAWA-RHP,32,19,0.59375,0.6821705426356589,0.6821705426356589,True,44.0,64.5,1041.6325256851887,1230.587900699477,158.36747431481157,78.36747431481155,False,103.94067247027212,True,False,0.0154881498305962,0.0007787350194662,2.8284271247461903,False,1.0,8.000:8.000|17.268:43.085|17.410:47.148|20.874:70.541|32.974:83.753|32.620:85.995|35.385:87.964|35.788:90.026|24.351:70.218|51.040:85.663|50.218:88.402|64.787:80.244|62.523:69.774|86.742:52.638|82.753:52.149|71.114:54.213|64.272:42.599|43.687:22.440|34.719:11.781|35.761:9.560|8.000:8.000,0-6-17-3-15-5-13-28-25-24-14-16-1-22-7-32-26-8-9-2-0,24.36757208406925
139,moderate,sparse,NearestNeighbor,32,22,0.6875,0.7073170731707317,0.0,False,43.5,61.5,1229.8653455175895,1235.3998266807066,-29.86534551758964,-109.86534551758965,True,107.12880091146847,False,True,0.1166987318157568,0.0052635494492687,2.0,True,1.0,8.000:8.000|19.413:24.177|24.663:27.351|27.912:37.263|27.740:39.907|39.513:26.897|42.488:25.197|35.715:22.132|33.804:20.801|29.630:16.176|12.716:27.510|49.900:35.520|55.256:32.724|46.357:49.825|55.728:55.350|66.959:54.931|67.748:57.311|67.285:61.770|64.162:67.219|55.814:75.222|50.160:70.170|51.526:67.458|41.885:63.477|8.000:8.000,0-3-13-20-14-31-29-6-23-26-8-18-27-1-7-17-21-16-30-5-24-25-11-0,0.0018050419166684
139,moderate,sparse,ValuePerDistance,32,23,0.71875,0.7398373983739838,0.0,False,45.5,61.5,1323.923679236645,1318.377766529418,-123.92367923664494,-203.92367923664492,True,113.3464001848209,False,True,0.0814215507683145,0.0034632114631179,2.0,True,1.0,8.000:8.000|12.716:27.510|19.413:24.177|24.663:27.351|33.804:20.801|35.715:22.132|42.488:25.197|39.513:26.897|49.900:35.520|55.256:32.724|66.959:54.931|67.748:57.311|67.285:61.770|64.162:67.219|55.814:75.222|50.160:70.170|51.526:67.458|39.695:74.192|41.885:63.477|46.357:49.825|55.728:55.350|74.770:47.973|78.170:27.984|72.595:35.015|8.000:8.000,0-8-3-13-23-6-29-31-18-27-17-21-16-30-5-24-25-4-11-1-7-9-10-19-0,0.001465231180191
139,moderate,sparse,WindAwareGreedy,32,19,0.59375,0.6666666666666666,0.0,False,41.0,61.5,1253.937950475371,1307.7586680801228,-53.93795047537102,-133.93795047537105,True,106.77700978775572,False,True,0.0917481650996153,0.0047144486123316,2.0,True,1.0,8.000:8.000|12.716:27.510|33.804:20.801|35.715:22.132|42.488:25.197|27.912:37.263|24.663:27.351|19.413:24.177|29.630:16.176|27.740:39.907|49.900:35.520|66.959:54.931|67.748:57.311|50.160:70.170|39.695:74.192|55.814:75.222|64.162:67.219|55.728:55.350|46.357:49.825|39.513:26.897|8.000:8.000,0-8-23-6-29-20-13-3-26-14-18-17-21-24-4-5-30-7-1-31-0,0.0014840071089565
139,moderate,sparse,ReserveOnlyPlanner,32,15,0.46875,0.5365853658536586,0.5365853658536586,True,33.0,61.5,1097.6480236477053,1208.741600706201,102.35197635229495,22.351976352294955,False,89.33638772146205,True,False,0.1652806802368513,0.0109529432843002,2.0,False,1.0,8.000:8.000|12.716:27.510|19.413:24.177|33.804:20.801|35.715:22.132|42.488:25.197|24.663:27.351|27.912:37.263|27.740:39.907|29.630:16.176|39.513:26.897|49.900:35.520|55.256:32.724|78.170:27.984|66.959:54.931|67.748:57.311|8.000:8.000,0-8-3-23-6-29-13-20-14-26-31-18-27-10-17-21-0,0.0013957701157778
139,moderate,sparse,FairRiskAwareGreedy,32,11,0.34375,0.4308943089430894,0.4308943089430894,True,26.5,61.5,624.6476207343225,655.3034025491614,575.3523792656778,495.35237926567777,False,71.60363277424852,True,False,0.0022447257076471,0.0001871471385273,2.8284271247461903,False,1.0,8.000:8.000|12.716:27.510|33.804:20.801|35.715:22.132|42.488:25.197|66.959:54.931|50.160:70.170|39.695:74.192|49.900:35.520|29.630:16.176|19.413:24.177|24.663:27.351|8.000:8.000,0-8-23-6-29-17-24-4-18-26-3-13-0,0.0016630128957331
139,moderate,sparse,FairALNSPlanner,32,3,0.09375,0.1138211382113821,0.1138211382113821,True,7.0,61.5,155.88891997323805,175.5065289410761,1044.1110800267618,964.1110800267618,False,18.39736014053657,True,False,0.0006505951047388,0.0001626487803566,2.8284271247461903,False,1.0,8.000:8.000|12.716:27.510|19.413:24.177|24.663:27.351|8.000:8.000,0-8-3-13-0,6.187668890925124
139,moderate,sparse,RAWA-RHP,32,31,0.96875,0.983739837398374,0.983739837398374,True,60.5,61.5,1020.6114117325563,1180.964002106174,179.38858826744342,99.38858826744342,False,133.61307299298005,True,False,0.0641934503670632,0.0020487515676058,2.0,False,1.0,8.000:8.000|29.630:16.176|33.804:20.801|35.715:22.132|39.513:26.897|42.488:25.197|55.256:32.724|49.900:35.520|46.357:49.825|55.728:55.350|74.770:47.973|83.502:33.378|93.634:30.719|94.478:23.469|90.734:19.289|88.935:17.790|78.170:27.984|72.595:35.015|66.959:54.931|67.748:57.311|67.285:61.770|64.162:67.219|55.814:75.222|51.526:67.458|50.160:70.170|39.695:74.192|41.885:63.477|27.740:39.907|27.912:37.263|24.663:27.351|19.413:24.177|12.716:27.510|8.000:8.000,0-26-23-6-31-29-27-18-1-7-9-32-28-2-15-12-10-19-17-21-16-30-5-25-24-4-11-14-20-13-3-8-0,219.78268032404597
141,moderate,sparse,NearestNeighbor,32,21,0.65625,0.6220472440944882,0.0,False,39.5,63.5,1424.8357457555906,1444.7534389208977,-224.83574575559072,-304.8357457555907,True,113.2192874971855,False,True,0.0798207461605555,0.0037526590839272,2.0,True,1.0,8.000:8.000|16.924:19.261|25.233:30.326|28.572:39.484|33.504:41.131|33.552:43.516|40.070:41.383|42.445:38.503|39.782:46.633|39.600:29.624|48.446:24.231|51.112:25.810|63.272:20.472|70.780:30.887|64.916:31.225|75.994:41.209|77.316:25.589|91.533:62.231|90.090:81.153|85.736:83.967|82.357:86.000|77.335:82.951|8.000:8.000,0-15-32-13-7-25-1-31-11-16-4-17-27-2-29-23-22-14-12-5-28-26-0,0.0018853519577533
141,moderate,sparse,ValuePerDistance,32,20,0.625,0.6535433070866141,0.0,False,41.5,63.5,1407.6295090383223,1384.8895580882747,-207.62950903832203,-287.629509038322,True,108.4021044211437,False,True,0.0804046929418355,0.0039197298635289,2.0,True,1.0,8.000:8.000|16.924:19.261|25.233:30.326|28.572:39.484|33.552:43.516|33.504:41.131|40.070:41.383|42.445:38.503|39.782:46.633|39.600:29.624|48.446:24.231|51.112:25.810|63.272:20.472|70.780:30.887|77.316:25.589|75.994:41.209|64.916:31.225|49.032:76.339|46.371:76.146|55.988:81.511|56.388:86.425|8.000:8.000,0-15-32-13-25-7-1-31-11-16-4-17-27-2-22-23-29-8-20-21-9-0,0.0013534200843423
141,moderate,sparse,WindAwareGreedy,32,15,0.46875,0.5275590551181102,0.0,False,33.5,63.5,1386.6822244188163,1368.8934303401863,-186.68222441881676,-266.6822244188168,True,98.75087710346584,False,True,0.0714826136022884,0.00447616353066,2.0,True,1.0,8.000:8.000|16.924:19.261|39.600:29.624|63.272:20.472|48.446:24.231|51.112:25.810|40.070:41.383|28.572:39.484|25.233:30.326|39.782:46.633|42.445:38.503|33.552:43.516|33.504:41.131|17.746:50.659|49.032:76.339|55.988:81.511|8.000:8.000,0-15-16-27-4-17-1-13-32-11-31-25-7-24-8-21-0,0.0012767489533871
141,moderate,sparse,ReserveOnlyPlanner,32,16,0.5,0.5196850393700787,0.5196850393700787,True,33.0,63.5,1046.7573898885432,1142.8874088983434,153.24261011145666,73.24261011145666,False,84.71211187936528,True,False,0.0914360604545976,0.0055278571251404,2.0,False,1.0,8.000:8.000|16.924:19.261|25.233:30.326|39.600:29.624|63.272:20.472|48.446:24.231|51.112:25.810|70.780:30.887|77.316:25.589|75.994:41.209|64.916:31.225|40.070:41.383|42.445:38.503|39.782:46.633|28.572:39.484|33.552:43.516|33.504:41.131|8.000:8.000,0-15-32-16-27-4-17-2-22-23-29-1-31-11-13-25-7-0,0.0014021010138094
141,moderate,sparse,FairRiskAwareGreedy,32,15,0.46875,0.5826771653543307,0.5826771653543307,True,37.0,63.5,1073.570674438666,1109.1295333539729,126.42932556133393,46.429325561333926,False,110.75233519784236,True,False,0.0028340727507167,0.0001772869119914,2.8284271247461903,False,1.0,8.000:8.000|16.924:19.261|63.272:20.472|39.600:29.624|25.233:30.326|28.572:39.484|39.782:46.633|49.032:76.339|70.924:95.282|95.372:87.880|86.092:94.855|88.691:95.350|82.357:86.000|42.445:38.503|48.446:24.231|33.552:43.516|8.000:8.000,0-15-27-16-32-13-11-8-3-10-18-30-28-31-4-25-0,0.0023141580168157
141,moderate,sparse,FairALNSPlanner,32,26,0.8125,0.889763779527559,0.889763779527559,True,56.5,63.5,1051.637013877746,1224.0654995937648,148.36298612225409,68.36298612225409,False,128.1336769189772,True,False,0.0630815576657873,0.0023848259728802,2.0,False,1.0,8.000:8.000|16.924:19.261|25.233:30.326|39.600:29.624|48.446:24.231|51.112:25.810|42.445:38.503|40.070:41.383|63.272:20.472|70.780:30.887|77.316:25.589|75.994:41.209|77.335:82.951|82.357:86.000|86.092:94.855|88.691:95.350|95.372:87.880|75.625:90.484|70.924:95.282|60.797:83.900|56.388:86.425|55.988:81.511|49.032:76.339|46.371:76.146|39.782:46.633|33.552:43.516|28.572:39.484|8.000:8.000,0-15-32-16-4-17-31-1-27-2-22-23-26-28-18-30-10-19-3-6-9-21-8-20-11-25-13-0,16.645761121995747
141,moderate,sparse,RAWA-RHP,32,29,0.90625,0.937007874015748,0.937007874015748,True,59.5,63.5,1044.386462545015,1192.537745326412,155.61353745498508,75.61353745498508,False,132.74555689420845,True,False,0.0182276103832851,0.0006094699253503,2.0,False,1.0,8.000:8.000|16.924:19.261|25.233:30.326|28.572:39.484|33.552:43.516|39.782:46.633|40.070:41.383|42.445:38.503|39.600:29.624|46.371:76.146|49.032:76.339|55.988:81.511|56.388:86.425|60.797:83.900|70.924:95.282|75.625:90.484|86.092:94.855|88.691:95.350|95.372:87.880|90.090:81.153|85.736:83.967|82.357:86.000|77.335:82.951|75.994:41.209|64.916:31.225|70.780:30.887|77.316:25.589|63.272:20.472|51.112:25.810|48.446:24.231|8.000:8.000,0-15-32-13-25-11-1-31-16-20-8-21-9-6-3-19-18-30-10-12-5-28-26-23-29-2-22-27-17-4-0,125.26485099014826
144,severe,cluttered,NearestNeighbor,32,20,0.625,0.5447154471544715,0.0,False,33.5,61.5,1862.597055181966,1861.939458420276,-662.5970551819662,-742.5970551819662,True,99.2856227189219,False,True,0.4044161043132703,0.0237635995885845,2.0,True,1.0,8.000:8.000|25.081:14.610|31.297:18.169|33.115:19.609|44.328:10.479|53.943:9.073|52.186:27.835|49.783:29.207|45.668:27.165|37.512:38.360|30.190:46.842|29.003:57.700|20.034:56.671|38.588:58.365|40.769:60.565|45.730:69.244|52.423:67.013|58.562:66.027|64.537:71.231|66.986:58.516|67.225:54.767|8.000:8.000,0-12-20-29-17-9-1-15-6-23-32-8-7-14-21-26-13-31-11-2-16-0,0.0017446239944547
144,severe,cluttered,ValuePerDistance,32,13,0.40625,0.4715447154471545,0.0,False,29.0,61.5,1665.7268725110284,1678.6927608607243,-465.7268725110284,-545.7268725110284,True,82.18204966396976,False,True,0.3975602830659624,0.0339134805668939,2.0,True,1.0,8.000:8.000|25.081:14.610|31.297:18.169|33.115:19.609|44.328:10.479|53.943:9.073|58.100:46.678|51.482:47.946|54.997:43.463|87.043:44.415|89.056:50.977|93.505:44.927|87.979:26.690|52.186:27.835|8.000:8.000,0-12-20-29-17-9-24-30-19-28-10-25-4-1-0,0.0010741101577877
144,severe,cluttered,WindAwareGreedy,32,14,0.4375,0.5447154471544715,0.0,False,33.5,61.5,1832.3965507219707,1836.11307000568,-632.3965507219709,-712.3965507219709,True,88.73173306391487,False,True,0.3959496609480495,0.0312270931611193,2.0,True,1.0,8.000:8.000|25.081:14.610|31.297:18.169|33.115:19.609|51.482:47.946|58.100:46.678|54.997:43.463|29.003:57.700|20.034:56.671|30.190:46.842|40.769:60.565|45.730:69.244|24.190:92.546|22.458:94.069|12.658:84.309|8.000:8.000,0-12-20-29-30-24-19-8-7-32-21-26-5-27-18-0,0.0012402420397847
144,severe,cluttered,ReserveOnlyPlanner,32,9,0.28125,0.3008130081300813,0.3008130081300813,True,18.5,61.5,995.0856070609514,1096.7167828832107,204.91439293904853,124.91439293904855,False,51.86965222140594,True,False,0.2779988461741856,0.0312392380487435,2.0,False,1.0,8.000:8.000|25.081:14.610|31.297:18.169|33.115:19.609|30.190:46.842|29.003:57.700|20.034:56.671|40.769:60.565|38.588:58.365|17.085:29.841|8.000:8.000,0-12-20-29-32-8-7-21-14-22-0,0.0009622310753911
144,severe,cluttered,FairRiskAwareGreedy,32,10,0.3125,0.3902439024390244,0.3902439024390244,True,24.0,61.5,1077.304665578273,1133.9319022182624,122.6953344217269,42.6953344217269,False,92.7654635786932,True,False,0.0077321481442926,0.0007048239193751,2.8284271247461903,False,1.0,8.000:8.000|25.081:14.610|44.328:10.479|87.979:26.690|53.943:9.073|58.100:46.678|51.482:47.946|87.043:44.415|31.297:18.169|30.190:46.842|17.085:29.841|8.000:8.000,0-12-17-4-9-24-30-28-20-32-22-0,0.0011718280147761
144,severe,cluttered,FairALNSPlanner,32,14,0.4375,0.4878048780487805,0.4878048780487805,True,30.0,61.5,1044.2232146856045,1198.1027879080757,155.77678531439597,75.77678531439597,False,95.86255948422412,True,False,0.0086969941806532,0.0005815911624303,2.8284271247461903,False,1.0,8.000:8.000|25.081:14.610|44.328:10.479|87.979:26.690|53.943:9.073|67.225:54.767|66.986:58.516|87.043:44.415|93.505:44.927|89.056:50.977|58.100:46.678|54.997:43.463|51.482:47.946|37.512:38.360|31.297:18.169|8.000:8.000,0-12-17-4-9-16-2-28-25-10-24-19-30-23-20-0,4.467359018046409
144,severe,cluttered,RAWA-RHP,32,20,0.625,0.6747967479674797,0.6747967479674797,True,41.5,61.5,1059.8781504257192,1205.6789333292995,140.1218495742812,60.12184957428119,False,104.3885211068262,True,False,0.0480408355437759,0.0023230707516761,2.0,False,1.0,8.000:8.000|25.081:14.610|44.328:10.479|45.668:27.165|54.997:43.463|51.482:47.946|58.100:46.678|89.056:50.977|93.505:44.927|87.043:44.415|67.225:54.767|66.986:58.516|58.562:66.027|52.423:67.013|45.730:69.244|38.588:58.365|40.769:60.565|29.003:57.700|30.190:46.842|20.034:56.671|31.297:18.169|8.000:8.000,0-12-17-6-19-30-24-10-25-28-16-2-31-13-26-14-21-8-32-7-20-0,21.70003600115888
143,severe,sparse,NearestNeighbor,32,18,0.5625,0.5766423357664233,0.0,False,39.5,68.5,1953.767943478032,1889.711486187177,-753.7679434780323,-833.7679434780323,True,95.48849194790652,False,True,0.1145544026296516,0.0062579498731578,2.0,True,1.0,8.000:8.000|43.110:30.628|45.840:31.639|43.177:44.309|49.278:53.354|62.344:54.025|65.147:53.920|72.912:61.017|75.475:62.435|70.171:66.973|65.163:68.014|75.492:73.203|86.262:73.671|74.398:94.643|61.633:88.987|59.827:87.691|62.042:85.173|50.844:77.636|50.794:70.383|8.000:8.000,0-15-31-29-3-20-12-14-11-21-30-32-7-16-28-1-2-4-26-0,0.0016219818498939
143,severe,sparse,ValuePerDistance,32,17,0.53125,0.5766423357664233,0.0,False,39.5,68.5,2048.2478531207844,2068.779118273429,-848.2478531207842,-928.2478531207842,True,99.98881047479172,False,True,0.1956459869947454,0.0114074210739642,2.0,True,1.0,8.000:8.000|45.840:31.639|43.110:30.628|43.177:44.309|57.523:39.080|62.022:26.691|71.632:28.795|74.087:28.000|77.794:29.485|67.155:16.518|69.312:21.320|54.422:15.853|65.147:53.920|62.344:54.025|72.912:61.017|75.475:62.435|70.171:66.973|75.492:73.203|8.000:8.000,0-31-15-29-10-19-5-22-18-13-27-23-12-20-14-11-21-32-0,0.0012934899423271
143,severe,sparse,WindAwareGreedy,32,14,0.4375,0.5182481751824818,0.0,False,35.5,68.5,2041.591444886756,2016.1250596712944,-841.5914448867563,-921.5914448867564,True,99.45674191349669,False,True,0.1698877774946318,0.0109232963249501,2.0,True,1.0,8.000:8.000|45.840:31.639|43.177:44.309|57.523:39.080|65.147:53.920|62.344:54.025|72.912:61.017|75.492:73.203|50.844:77.636|61.633:88.987|59.827:87.691|62.042:85.173|50.794:70.383|39.874:69.878|37.115:77.251|8.000:8.000,0-31-29-10-12-20-14-32-4-28-1-2-26-17-25-0,0.0012421009596437
143,severe,sparse,ReserveOnlyPlanner,32,5,0.15625,0.1605839416058394,0.1605839416058394,True,11.0,68.5,1065.4705308124403,1137.5636461888294,134.52946918755947,54.52946918755947,False,47.116474383284775,True,False,0.0341815826335296,0.0056988618694593,2.0,False,1.0,8.000:8.000|43.177:44.309|38.824:60.574|39.874:69.878|50.794:70.383|62.344:54.025|8.000:8.000,0-29-9-17-26-20-0,0.0006527360528707
143,severe,sparse,FairRiskAwareGreedy,32,12,0.375,0.4598540145985401,0.4598540145985401,True,31.5,68.5,1073.0679363786066,1117.9868487334145,126.93206362139318,46.93206362139318,False,93.233072222562,True,False,0.0037237891220464,0.0002867221359272,2.8284271247461903,False,1.0,8.000:8.000|67.155:16.518|71.632:28.795|45.840:31.639|43.177:44.309|65.147:53.920|57.523:39.080|50.844:77.636|61.633:88.987|59.827:87.691|50.794:70.383|38.824:60.574|39.874:69.878|8.000:8.000,0-13-5-31-29-12-10-4-28-1-26-9-17-0,0.0018538038711994
143,severe,sparse,FairALNSPlanner,32,16,0.5,0.6058394160583942,0.6058394160583942,True,41.5,68.5,1052.8257985815355,1203.9367654648038,147.1742014184643,67.17420141846429,False,97.92560443436692,True,False,0.0341643595812333,0.0020362124250365,2.0,False,1.0,8.000:8.000|54.422:15.853|67.155:16.518|62.022:26.691|71.632:28.795|65.147:53.920|72.912:61.017|61.633:88.987|59.827:87.691|50.844:77.636|50.794:70.383|75.492:73.203|75.475:62.435|57.523:39.080|43.177:44.309|45.840:31.639|43.110:30.628|8.000:8.000,0-23-13-19-5-12-14-28-1-4-26-32-11-10-29-31-15-0,7.241479833144695
143,severe,sparse,RAWA-RHP,32,24,0.75,0.8248175182481752,0.8248175182481752,True,56.5,68.5,1052.617701739217,1261.457770578317,147.38229826078276,67.38229826078276,False,111.05096256623534,True,False,0.0539051609222061,0.0021876767319817,2.0,False,1.0,8.000:8.000|43.110:30.628|45.840:31.639|43.177:44.309|38.824:60.574|39.874:69.878|50.794:70.383|50.844:77.636|59.827:87.691|61.633:88.987|62.042:85.173|65.163:68.014|70.171:66.973|75.492:73.203|75.475:62.435|72.912:61.017|65.147:53.920|62.344:54.025|57.523:39.080|62.022:26.691|71.632:28.795|74.087:28.000|69.312:21.320|67.155:16.518|54.422:15.853|8.000:8.000,0-15-31-29-9-17-26-4-1-28-2-30-21-32-11-14-12-20-10-19-5-22-27-13-23-0,39.74732487392612
144,severe,sparse,NearestNeighbor,32,16,0.5,0.4661016949152542,0.0,False,27.5,59.0,1840.9170916679896,1826.4723021477,-640.9170916679896,-720.9170916679896,True,95.15161214895586,False,True,0.03858054083933,0.0022822352952576,2.0,True,1.0,8.000:8.000|26.094:10.047|14.192:31.847|28.435:62.729|46.557:68.395|47.622:78.457|57.960:81.184|59.967:84.132|77.237:88.415|80.667:95.535|90.436:88.287|91.335:85.671|88.499:86.030|93.945:71.576|76.248:51.280|61.394:51.612|56.288:58.251|8.000:8.000,0-7-13-12-5-17-8-27-6-26-23-21-20-28-24-29-15-0,0.0014687618240714
144,severe,sparse,ValuePerDistance,32,18,0.5625,0.6101694915254238,0.0,False,36.0,59.0,1872.8232811922956,1934.425217095741,-672.8232811922954,-752.8232811922954,True,100.06614604608268,False,True,0.0500288150255899,0.0026637452121883,2.0,True,1.0,8.000:8.000|51.839:14.994|50.288:17.384|58.213:29.977|57.502:32.157|63.936:30.483|65.956:20.362|71.889:19.788|81.055:30.143|76.607:36.057|58.811:47.043|61.394:51.612|56.288:58.251|52.858:55.619|46.557:68.395|47.622:78.457|57.960:81.184|59.967:84.132|39.749:89.623|8.000:8.000,0-1-11-22-16-25-31-19-2-10-4-29-15-9-5-17-8-27-18-0,0.0013373440597206
144,severe,sparse,WindAwareGreedy,32,13,0.40625,0.4915254237288136,0.0,False,29.0,59.0,2129.0904550767414,2130.4562163924293,-929.0904550767414,-1009.0904550767414,True,98.17788646140306,False,True,0.0912852798455277,0.0065616229332353,2.0,True,1.0,8.000:8.000|51.839:14.994|58.213:29.977|58.811:47.043|56.288:58.251|28.435:62.729|46.557:68.395|47.622:78.457|39.749:89.623|57.960:81.184|88.499:86.030|90.436:88.287|80.667:95.535|77.237:88.415|8.000:8.000,0-1-22-4-15-12-5-17-18-8-20-23-26-6-0,0.001139452913776
144,severe,sparse,ReserveOnlyPlanner,32,6,0.1875,0.2372881355932203,0.2372881355932203,True,14.0,59.0,1031.3589596964111,1161.3857714479063,168.64104030358908,88.64104030358908,False,49.24293872682388,True,False,0.0374629608631869,0.0053697011134897,2.0,False,1.0,8.000:8.000|26.094:10.047|51.839:14.994|58.213:29.977|58.811:47.043|56.288:58.251|46.557:68.395|8.000:8.000,0-7-1-22-4-15-5-0,0.0007170131430029
144,severe,sparse,FairRiskAwareGreedy,32,10,0.3125,0.3728813559322034,0.3728813559322034,True,22.0,59.0,1092.3564638931662,1146.918781371454,107.64353610683372,27.64353610683372,False,93.9914867369838,True,False,0.0126695202324199,0.0011565488972834,2.8284271247461903,False,1.0,8.000:8.000|51.839:14.994|58.213:29.977|28.435:62.729|56.288:58.251|61.394:51.612|52.416:40.298|52.295:42.655|76.607:36.057|88.499:86.030|91.335:85.671|8.000:8.000,0-1-22-12-15-29-3-30-10-20-21-0,0.0015659881755709
144,severe,sparse,FairALNSPlanner,32,14,0.4375,0.4745762711864407,0.4745762711864407,True,28.0,59.0,1041.6256411661327,1199.1625099203875,158.3743588338677,78.37435883386769,False,90.94187536465468,True,False,0.0171959672445228,0.0011536423588852,2.0,False,1.0,8.000:8.000|52.416:40.298|51.839:14.994|50.288:17.384|52.295:42.655|56.288:58.251|28.435:62.729|47.622:78.457|46.557:68.395|61.394:51.612|58.811:47.043|63.936:30.483|58.213:29.977|57.502:32.157|26.094:10.047|8.000:8.000,0-3-1-11-30-15-12-17-5-29-4-25-22-16-7-0,4.210822712862864
144,severe,sparse,RAWA-RHP,32,21,0.65625,0.6949152542372882,0.6949152542372882,True,41.0,59.0,1049.0492934644724,1230.156107197408,150.95070653552733,70.95070653552733,False,104.78361654217464,True,False,0.0561404467415321,0.0025925161115709,2.0,False,1.0,8.000:8.000|26.094:10.047|51.839:14.994|50.288:17.384|52.416:40.298|52.295:42.655|57.502:32.157|58.213:29.977|63.936:30.483|65.956:20.362|71.889:19.788|81.055:30.143|76.607:36.057|58.811:47.043|61.394:51.612|52.858:55.619|56.288:58.251|57.960:81.184|47.622:78.457|46.557:68.395|28.435:62.729|14.192:31.847|8.000:8.000,0-7-1-11-3-30-16-22-25-31-19-2-10-4-29-9-15-8-17-5-12-13-0,32.866219765972346
144,calm,cluttered,NearestNeighbor,32,31,0.96875,0.9739130434782608,0.0,False,56.0,57.5,1367.114199117689,1367.1514919644185,-167.11419911768903,-247.11419911768903,True,163.48654983259578,False,True,0.0169360898576524,0.0005329285006337,2.0,True,1.0,8.000:8.000|15.814:28.562|24.863:39.714|30.899:45.024|34.295:56.206|41.761:53.831|43.535:56.502|51.458:61.626|67.562:62.447|71.814:58.439|73.743:65.788|73.678:72.564|79.418:69.521|81.599:72.214|87.962:73.157|95.003:82.039|87.771:87.349|76.732:82.700|95.247:62.155|86.948:52.201|95.123:40.874|84.025:24.081|70.762:27.456|58.245:39.846|50.304:45.931|43.231:38.598|37.253:30.938|27.561:24.771|53.930:16.662|62.054:12.848|66.081:51.026|64.274:52.833|8.000:8.000,0-7-6-17-32-19-29-14-12-1-5-24-25-18-22-11-16-4-13-10-23-15-28-2-21-27-9-3-8-31-26-30-0,0.0012888421770185
144,calm,cluttered,ValuePerDistance,32,28,0.875,0.9130434782608696,0.0,False,52.5,57.5,1241.5068729484535,1245.1627850519164,-41.50687294845363,-121.50687294845363,True,149.72141862207053,False,True,0.0280298860769987,0.0009784315723064,2.0,True,1.0,8.000:8.000|30.899:45.024|41.761:53.831|43.535:56.502|51.458:61.626|50.304:45.931|58.245:39.846|64.274:52.833|66.081:51.026|71.814:58.439|73.743:65.788|73.678:72.564|81.599:72.214|79.418:69.521|76.732:82.700|87.771:87.349|95.003:82.039|95.247:62.155|95.123:40.874|84.025:24.081|70.762:27.456|53.930:16.662|62.054:12.848|37.253:30.938|43.231:38.598|34.295:56.206|24.863:39.714|15.814:28.562|27.561:24.771|8.000:8.000,0-17-19-29-14-21-2-30-26-1-5-24-18-25-4-16-11-13-23-15-28-8-31-9-27-32-6-7-3-0,0.0011825980618596
144,calm,cluttered,WindAwareGreedy,32,21,0.65625,0.7913043478260869,0.0,False,45.5,57.5,1390.931020777312,1389.372799772743,-190.93102077731209,-270.9310207773121,True,152.08639449475663,False,True,0.0118126964942071,0.0005394614956315,2.0,True,1.0,8.000:8.000|30.899:45.024|41.761:53.831|50.304:45.931|43.535:56.502|51.458:61.626|73.678:72.564|73.743:65.788|71.814:58.439|64.274:52.833|84.025:24.081|53.930:16.662|37.253:30.938|34.295:56.206|24.863:39.714|58.245:39.846|66.081:51.026|67.562:62.447|81.599:72.214|76.732:82.700|79.418:69.521|95.123:40.874|8.000:8.000,0-17-19-21-29-14-24-5-1-30-15-8-9-32-6-2-26-12-18-4-25-23-0,0.0016258980613201
144,calm,cluttered,ReserveOnlyPlanner,32,20,0.625,0.7565217391304347,0.7565217391304347,True,43.5,57.5,1104.7259531574225,1143.202456969464,95.27404684257748,15.27404684257749,False,124.6334524868318,True,False,0.0045844403550358,0.0002186514619194,2.0,False,1.0,8.000:8.000|30.899:45.024|41.761:53.831|50.304:45.931|43.535:56.502|51.458:61.626|73.678:72.564|73.743:65.788|71.814:58.439|64.274:52.833|58.245:39.846|84.025:24.081|95.123:40.874|95.247:62.155|81.599:72.214|76.732:82.700|79.418:69.521|67.562:62.447|66.081:51.026|53.930:16.662|37.253:30.938|8.000:8.000,0-17-19-21-29-14-24-5-1-30-2-15-23-13-18-4-25-12-26-8-9-0,0.0014947650488466
144,calm,cluttered,FairRiskAwareGreedy,32,15,0.46875,0.5565217391304348,0.5565217391304348,True,32.0,57.5,1033.3974091417665,1057.0085358963474,166.6025908582336,86.60259085823361,False,116.31922278251444,True,False,0.0118266896425827,0.0007418818083558,2.0,False,1.0,8.000:8.000|30.899:45.024|41.761:53.831|50.304:45.931|43.535:56.502|51.458:61.626|73.678:72.564|84.025:24.081|37.253:30.938|53.930:16.662|58.245:39.846|34.295:56.206|24.863:39.714|15.814:28.562|43.231:38.598|27.561:24.771|8.000:8.000,0-17-19-21-29-14-24-15-9-8-2-32-6-7-27-3-0,0.0019307089969515
144,calm,cluttered,FairALNSPlanner,32,27,0.84375,0.9130434782608696,0.9130434782608696,True,52.5,57.5,1058.024683723081,1135.8107274364188,141.97531627691924,61.97531627691925,False,135.94010043935072,True,False,0.008950589028742,0.0003206691834758,2.0,False,1.0,8.000:8.000|27.561:24.771|37.253:30.938|43.231:38.598|50.304:45.931|58.245:39.846|53.930:16.662|62.054:12.848|84.025:24.081|95.123:40.874|95.247:62.155|79.418:69.521|81.599:72.214|76.732:82.700|73.678:72.564|73.743:65.788|71.814:58.439|67.562:62.447|66.081:51.026|64.274:52.833|51.458:61.626|39.580:81.998|43.535:56.502|41.761:53.831|34.295:56.206|30.899:45.024|24.863:39.714|15.814:28.562|8.000:8.000,0-3-9-27-21-2-8-31-15-23-13-25-18-4-24-5-1-12-26-30-14-20-29-19-32-17-6-7-0,18.37191738304682
144,calm,cluttered,RAWA-RHP,32,29,0.90625,0.9391304347826088,0.9391304347826088,True,54.0,57.5,1031.4402257856416,1113.2479854364192,168.55977421435838,88.55977421435838,False,135.31616234573872,True,False,0.0065173158809385,0.0002177742715085,2.0,False,1.0,8.000:8.000|27.561:24.771|37.253:30.938|43.231:38.598|50.304:45.931|58.245:39.846|53.930:16.662|62.054:12.848|70.762:27.456|84.025:24.081|95.123:40.874|86.948:52.201|95.247:62.155|87.962:73.157|81.599:72.214|79.418:69.521|76.732:82.700|73.678:72.564|73.743:65.788|71.814:58.439|67.562:62.447|66.081:51.026|64.274:52.833|51.458:61.626|43.535:56.502|41.761:53.831|34.295:56.206|30.899:45.024|24.863:39.714|15.814:28.562|8.000:8.000,0-3-9-27-21-2-8-31-28-15-23-10-13-22-18-25-4-24-5-1-12-26-30-14-29-19-32-17-6-7-0,38.348647095961496
144,calm,sparse,NearestNeighbor,32,30,0.9375,0.9153846153846154,0.0,False,59.5,65.0,1318.8763793415378,1316.2260201374438,-118.87637934153776,-198.87637934153776,True,157.1894719798752,False,True,0.0136671071083422,0.0004430337038003,2.0,True,1.0,8.000:8.000|30.247:23.255|27.989:28.071|22.081:37.146|33.221:54.048|42.369:56.252|49.439:51.024|52.171:49.329|52.813:44.590|50.462:44.929|46.648:43.849|51.384:40.026|60.185:34.335|66.629:31.924|69.902:32.509|78.957:27.935|82.494:22.044|85.893:33.062|83.543:35.364|81.519:47.620|61.211:53.830|46.366:74.789|32.813:80.654|44.954:93.648|73.884:81.287|80.146:92.719|82.828:92.328|88.990:84.139|87.537:81.830|25.942:63.462|17.254:71.315|8.000:8.000,0-6-15-12-5-2-31-8-27-29-22-30-7-23-19-28-3-17-11-20-4-14-18-24-13-10-16-9-26-25-1-0,0.0022227340377867
144,calm,sparse,ValuePerDistance,32,30,0.9375,0.9692307692307692,0.0,False,63.0,65.0,1357.3880400826906,1359.6809716770647,-157.3880400826901,-237.3880400826901,True,161.56187903776794,False,True,0.019972287715292,0.0006490467905982,2.0,True,1.0,8.000:8.000|30.247:23.255|27.989:28.071|51.384:40.026|50.462:44.929|52.813:44.590|52.171:49.329|49.439:51.024|46.648:43.849|60.185:34.335|66.629:31.924|69.902:32.509|78.957:27.935|83.543:35.364|85.893:33.062|81.519:47.620|87.537:81.830|88.990:84.139|82.828:92.328|80.146:92.719|73.884:81.287|32.813:80.654|17.254:71.315|14.901:58.986|15.281:55.771|25.942:63.462|33.221:54.048|42.369:56.252|46.366:74.789|44.954:93.648|61.211:53.830|8.000:8.000,0-6-15-30-29-27-8-31-22-7-23-19-28-11-17-20-26-9-16-10-13-18-1-32-21-25-5-2-14-24-4-0,0.0017013091128319
144,calm,sparse,WindAwareGreedy,32,22,0.6875,0.7846153846153846,0.0,False,51.0,65.0,1409.2195234003643,1410.378679636191,-209.2195234003645,-289.2195234003645,True,154.04746152818765,False,True,0.02485954481488,0.0010915589817637,2.0,True,1.0,8.000:8.000|30.247:23.255|60.185:34.335|66.629:31.924|51.384:40.026|50.462:44.929|52.813:44.590|14.901:58.986|17.254:71.315|32.813:80.654|25.942:63.462|15.281:55.771|33.221:54.048|42.369:56.252|49.439:51.024|52.171:49.329|46.648:43.849|27.989:28.071|22.081:37.146|82.828:92.328|87.537:81.830|73.884:81.287|81.519:47.620|8.000:8.000,0-6-7-23-30-29-27-32-1-18-25-21-5-2-31-8-22-15-12-16-26-13-20-0,0.0016287949401885
144,calm,sparse,ReserveOnlyPlanner,32,22,0.6875,0.7307692307692307,0.7307692307692307,True,47.5,65.0,1100.82379105754,1138.587592860816,99.1762089424598,19.176208942459795,False,128.34653171195612,True,False,0.0150806601116627,0.000659837540857,2.0,False,1.0,8.000:8.000|30.247:23.255|60.185:34.335|66.629:31.924|51.384:40.026|50.462:44.929|52.813:44.590|49.439:51.024|42.369:56.252|14.901:58.986|15.281:55.771|17.254:71.315|32.813:80.654|25.942:63.462|33.221:54.048|46.648:43.849|52.171:49.329|81.519:47.620|83.543:35.364|78.957:27.935|69.902:32.509|82.494:22.044|27.989:28.071|8.000:8.000,0-6-7-23-30-29-27-31-2-32-21-1-18-25-5-22-8-20-11-28-19-3-15-0,0.001789981033653
144,calm,sparse,FairRiskAwareGreedy,32,16,0.5,0.6076923076923076,0.6076923076923076,True,39.5,65.0,1102.121095751956,1121.3696340728518,97.87890424804414,17.878904248044137,False,123.83130290775192,True,False,0.0069324480750327,0.0004085457418593,2.0,False,1.0,8.000:8.000|30.247:23.255|14.901:58.986|17.254:71.315|32.813:80.654|60.185:34.335|66.629:31.924|51.384:40.026|15.281:55.771|33.221:54.048|25.942:63.462|42.369:56.252|50.462:44.929|52.813:44.590|49.439:51.024|73.884:81.287|52.171:49.329|8.000:8.000,0-6-32-1-18-7-23-30-21-5-25-2-29-27-31-13-8-0,0.002772687934339
144,calm,sparse,FairALNSPlanner,32,26,0.8125,0.8769230769230769,0.8769230769230769,True,57.0,65.0,1030.6634328331356,1102.094255269556,169.33656716686446,89.33656716686446,False,133.76683879582157,True,False,0.0106631700445171,0.0003962163385911,2.0,False,1.0,8.000:8.000|15.281:55.771|14.901:58.986|17.254:71.315|25.942:63.462|33.221:54.048|42.369:56.252|61.211:53.830|73.884:81.287|87.537:81.830|88.990:84.139|82.828:92.328|80.146:92.719|44.954:93.648|32.813:80.654|46.366:74.789|49.439:51.024|52.171:49.329|52.813:44.590|50.462:44.929|46.648:43.849|51.384:40.026|60.185:34.335|69.902:32.509|66.629:31.924|27.989:28.071|30.247:23.255|8.000:8.000,0-21-32-1-25-5-2-4-13-26-9-16-10-24-18-14-31-8-27-29-22-30-7-19-23-15-6-0,16.34269272093661
144,calm,sparse,RAWA-RHP,32,26,0.8125,0.8769230769230769,0.8769230769230769,True,57.0,65.0,1013.5485459459744,1087.8969393055577,186.45145405402548,106.45145405402548,False,131.378727595163,True,False,0.0094505019225246,0.0003510890464379,2.0,False,1.0,8.000:8.000|30.247:23.255|27.989:28.071|66.629:31.924|69.902:32.509|60.185:34.335|51.384:40.026|46.648:43.849|50.462:44.929|52.813:44.590|52.171:49.329|49.439:51.024|42.369:56.252|33.221:54.048|25.942:63.462|46.366:74.789|73.884:81.287|87.537:81.830|88.990:84.139|82.828:92.328|80.146:92.719|44.954:93.648|32.813:80.654|17.254:71.315|14.901:58.986|15.281:55.771|22.081:37.146|8.000:8.000,0-6-15-23-19-7-30-22-29-27-8-31-2-5-25-14-13-26-9-16-10-24-18-1-32-21-12-0,45.776180006098
144,moderate,cluttered,NearestNeighbor,32,26,0.8125,0.7846153846153846,0.0,False,51.0,65.0,1491.8225842504696,1491.2320056927072,-291.8225842504694,-371.8225842504694,True,135.64645011509236,False,True,0.0674269897123547,0.0025616552414871,2.0,True,1.0,8.000:8.000|24.180:24.723|23.897:32.121|21.746:34.322|24.583:37.059|17.512:33.394|41.713:19.069|41.772:31.666|37.507:53.513|40.769:59.223|46.097:54.761|60.958:59.496|60.545:68.182|63.121:75.880|61.806:78.985|68.703:84.567|79.386:90.283|89.098:85.004|91.988:68.334|81.838:67.924|75.366:73.169|65.582:35.015|64.881:32.810|78.554:26.196|83.369:29.364|94.844:23.229|70.090:15.917|8.000:8.000,0-25-9-12-16-26-4-22-18-27-8-6-1-23-5-17-14-2-11-15-24-30-20-10-19-13-28-0,0.0013977179769426
144,moderate,cluttered,ValuePerDistance,32,21,0.65625,0.7,0.0,False,45.5,65.0,1406.2269094832373,1396.605792529955,-206.2269094832369,-286.2269094832369,True,126.45256313987991,False,True,0.1101428387781511,0.0052297493726802,2.0,True,1.0,8.000:8.000|24.180:24.723|21.746:34.322|23.897:32.121|17.512:33.394|24.583:37.059|37.507:53.513|40.769:59.223|46.097:54.761|60.958:59.496|63.121:75.880|61.806:78.985|68.703:84.567|79.386:90.283|89.098:85.004|91.988:68.334|75.366:73.169|81.838:67.924|27.706:88.232|14.327:85.968|16.646:95.142|38.267:94.447|8.000:8.000,0-25-12-9-26-16-18-27-8-6-23-5-17-14-2-11-24-15-29-3-21-32-0,0.0008280740585178
144,moderate,cluttered,WindAwareGreedy,32,18,0.5625,0.6846153846153846,0.0,False,44.5,65.0,1637.228929689812,1612.790308747513,-437.2289296898121,-517.228929689812,True,132.05471828296217,False,True,0.0905760772083444,0.0049202208603414,2.0,True,1.0,8.000:8.000|24.180:24.723|21.746:34.322|17.512:33.394|23.897:32.121|37.507:53.513|41.772:31.666|59.224:11.891|70.090:15.917|78.554:26.196|83.369:29.364|64.881:32.810|60.958:59.496|46.097:54.761|40.769:59.223|27.706:88.232|14.327:85.968|16.646:95.142|79.386:90.283|8.000:8.000,0-25-12-26-9-18-22-31-28-10-19-20-6-8-27-29-3-21-14-0,0.0008193589746952
144,moderate,cluttered,ReserveOnlyPlanner,32,15,0.46875,0.5,0.5,True,32.5,65.0,1074.7860260086077,1175.9260248809685,125.21397399139238,45.21397399139238,False,91.02071606745768,True,False,0.0007035159413859,4.39700956030159e-05,2.8284271247461903,False,1.0,8.000:8.000|24.180:24.723|21.746:34.322|17.512:33.394|23.897:32.121|37.507:53.513|41.772:31.666|59.224:11.891|70.090:15.917|78.554:26.196|83.369:29.364|94.844:23.229|64.881:32.810|65.582:35.015|46.097:54.761|24.583:37.059|8.000:8.000,0-25-12-26-9-18-22-31-28-10-19-13-20-30-8-16-0,0.0007847999222576
144,moderate,cluttered,FairRiskAwareGreedy,32,13,0.40625,0.4769230769230769,0.4769230769230769,True,31.0,65.0,1070.724299366855,1108.7142137539167,129.2757006331451,49.27570063314511,False,112.10507535690448,True,False,0.00531919329198,0.0003803324874922,2.0,False,1.0,8.000:8.000|24.180:24.723|21.746:34.322|17.512:33.394|37.507:53.513|59.224:11.891|70.090:15.917|41.772:31.666|14.327:85.968|46.097:54.761|23.897:32.121|24.583:37.059|40.769:59.223|41.713:19.069|8.000:8.000,0-25-12-26-18-31-28-22-3-8-9-16-27-4-0,0.0010270751081407
144,moderate,cluttered,FairALNSPlanner,32,22,0.6875,0.7384615384615385,0.7384615384615385,True,48.0,65.0,1052.2479312711832,1168.8391335785825,147.75206872881665,67.75206872881665,False,126.81549002710804,True,False,0.0350550283938146,0.0015398613293103,2.0,False,1.0,8.000:8.000|24.180:24.723|41.713:19.069|59.224:11.891|70.090:15.917|41.772:31.666|64.881:32.810|65.582:35.015|60.958:59.496|75.366:73.169|91.988:68.334|89.098:85.004|79.386:90.283|68.703:84.567|63.121:75.880|23.865:82.335|27.706:88.232|40.769:59.223|37.507:53.513|24.583:37.059|23.897:32.121|21.746:34.322|17.512:33.394|8.000:8.000,0-25-4-31-28-22-20-30-6-24-11-2-14-17-23-7-29-27-18-16-9-12-26-0,11.719223249936476
144,moderate,cluttered,RAWA-RHP,32,23,0.71875,0.7615384615384615,0.7615384615384615,True,49.5,65.0,1039.0912260423063,1175.607681513051,160.90877395769388,80.90877395769388,False,128.2192469717232,True,False,0.0182447644802054,0.0007604859115097,2.0,False,1.0,8.000:8.000|59.224:11.891|70.090:15.917|41.772:31.666|37.507:53.513|40.769:59.223|27.706:88.232|38.267:94.447|79.386:90.283|89.098:85.004|91.988:68.334|81.838:67.924|75.366:73.169|68.703:84.567|61.806:78.985|63.121:75.880|60.545:68.182|60.958:59.496|46.097:54.761|24.583:37.059|21.746:34.322|23.897:32.121|17.512:33.394|24.180:24.723|8.000:8.000,0-31-28-22-18-27-29-32-14-2-11-15-24-17-5-23-1-6-8-16-12-9-26-25-0,44.84678457095288
145,severe,cluttered,NearestNeighbor,32,18,0.5625,0.539568345323741,0.0,False,37.5,69.5,1961.015636196414,1974.5465522532,-761.0156361964142,-841.0156361964142,True,97.78147654294408,False,True,0.3228305860810752,0.0193524210022679,2.0,True,1.0,8.000:8.000|24.559:13.247|46.839:17.108|59.919:18.612|69.053:24.033|73.386:18.290|77.513:19.813|84.165:10.266|84.728:29.840|85.115:41.078|69.124:35.095|66.764:45.129|72.473:54.674|74.170:59.395|67.307:65.180|68.304:74.657|57.288:81.155|45.812:77.002|37.358:70.661|8.000:8.000,0-22-32-3-5-28-2-19-1-13-23-25-10-30-4-6-12-31-18-0,0.0016714979428797
145,severe,cluttered,ValuePerDistance,32,15,0.46875,0.5035971223021583,0.0,False,35.0,69.5,1930.78450240516,1957.5698057265456,-730.78450240516,-810.78450240516,True,92.77135558213486,False,True,0.3519303496949592,0.0259587525694703,2.0,True,1.0,8.000:8.000|24.559:13.247|27.824:42.829|13.034:41.681|21.071:51.203|36.522:66.876|37.358:70.661|45.812:77.002|57.288:81.155|68.304:74.657|78.670:83.024|84.252:58.748|72.473:54.674|74.170:59.395|66.764:45.129|69.124:35.095|8.000:8.000,0-22-27-16-29-21-18-31-12-6-14-17-10-30-25-23-0,0.0012508269865065
145,severe,cluttered,WindAwareGreedy,32,15,0.46875,0.539568345323741,0.0,False,37.5,69.5,2174.4906535213263,2180.2937821135906,-974.4906535213266,-1054.4906535213267,True,99.23852630056707,False,True,0.493084713657177,0.0392245652177037,2.0,True,1.0,8.000:8.000|24.559:13.247|27.824:42.829|13.034:41.681|39.830:47.962|36.522:66.876|37.358:70.661|45.812:77.002|46.365:91.984|49.301:92.803|57.288:81.155|68.304:74.657|78.670:83.024|84.252:58.748|72.473:54.674|74.170:59.395|8.000:8.000,0-22-27-16-7-21-18-31-24-20-12-6-14-17-10-30-0,0.0013789420481771
145,severe,cluttered,ReserveOnlyPlanner,32,7,0.21875,0.2446043165467626,0.2446043165467626,True,17.0,69.5,1044.6344793719768,1164.9507756364828,155.36552062802315,75.36552062802315,False,47.62462103180947,True,False,0.1102884679617072,0.0137897868351575,2.0,False,1.0,8.000:8.000|24.559:13.247|27.824:42.829|39.830:47.962|36.522:66.876|34.091:57.910|21.071:51.203|13.034:41.681|8.000:8.000,0-22-27-7-21-9-29-16-0,0.0008320030756294
145,severe,cluttered,FairRiskAwareGreedy,32,12,0.375,0.4172661870503597,0.4172661870503597,True,29.0,69.5,1096.9031245465435,1146.437632216143,103.09687545345622,23.09687545345622,False,94.59570905905254,True,False,0.0005632905429332,4.333906455348343e-05,2.8284271247461903,False,1.0,8.000:8.000|27.824:42.829|36.522:66.876|39.830:47.962|66.764:45.129|69.053:24.033|59.919:18.612|46.839:17.108|53.479:36.636|24.559:13.247|13.034:41.681|16.298:64.292|21.071:51.203|8.000:8.000,0-27-21-7-25-5-3-32-15-22-16-8-29-0,0.0015796071384102
145,severe,cluttered,FairALNSPlanner,32,13,0.40625,0.4460431654676259,0.4460431654676259,True,31.0,69.5,1043.9464933163574,1201.388552836469,156.05350668364275,76.05350668364275,False,91.7877452580469,True,False,0.0069452386390612,0.0004963773516275,2.0,False,1.0,8.000:8.000|24.559:13.247|53.479:36.636|66.764:45.129|72.473:54.674|68.304:74.657|78.670:83.024|74.170:59.395|69.053:24.033|69.124:35.095|39.830:47.962|36.522:66.876|34.091:57.910|27.824:42.829|8.000:8.000,0-22-15-25-10-6-14-30-5-23-7-21-9-27-0,4.463668836047873
145,severe,cluttered,RAWA-RHP,32,19,0.59375,0.5971223021582733,0.5971223021582733,True,41.5,69.5,1021.752601336716,1211.1601220680604,178.24739866328417,98.24739866328416,False,100.66080450944052,True,False,0.0523537548332954,0.0026410580704697,2.0,False,1.0,8.000:8.000|13.034:41.681|21.071:51.203|27.824:42.829|34.091:57.910|36.522:66.876|39.830:47.962|49.799:62.511|57.288:81.155|68.304:74.657|67.307:65.180|74.170:59.395|72.473:54.674|66.764:45.129|69.124:35.095|69.053:24.033|73.386:18.290|77.513:19.813|59.919:18.612|46.839:17.108|8.000:8.000,0-16-29-27-9-21-7-26-12-6-4-30-10-25-23-5-28-2-3-32-0,14.956783971050754
145,moderate,cluttered,NearestNeighbor,32,19,0.59375,0.6062992125984252,0.0,False,38.5,63.5,1276.8944755848122,1257.9370430896856,-76.89447558481251,-156.8944755848125,True,96.92402758865252,False,True,0.2875007552215404,0.0164883397170447,2.0,True,1.0,8.000:8.000|30.708:14.492|30.500:16.624|33.078:39.031|26.203:44.577|31.407:51.258|29.069:67.267|27.874:73.525|18.301:85.716|31.100:88.995|36.159:91.469|38.302:93.375|55.421:74.519|44.788:65.666|43.431:61.009|49.028:59.369|49.238:50.747|53.969:42.096|45.703:41.215|47.303:14.609|8.000:8.000,0-3-28-9-21-17-19-6-29-8-12-5-30-25-13-2-16-4-24-11-0,0.0016304550226777
145,moderate,cluttered,ValuePerDistance,32,16,0.5,0.5590551181102362,0.0,False,35.5,63.5,1295.233304152528,1284.8410383601438,-95.23330415252823,-175.23330415252823,True,97.12954523768892,False,True,0.2726751793445553,0.0181332190065988,2.0,True,1.0,8.000:8.000|30.708:14.492|30.500:16.624|47.303:14.609|62.792:11.492|75.326:16.922|73.986:42.248|82.384:41.104|90.878:52.097|81.284:57.715|76.362:66.262|84.718:70.838|79.549:88.568|71.800:90.809|55.421:74.519|49.028:59.369|43.431:61.009|8.000:8.000,0-3-28-11-7-31-26-20-10-22-32-1-27-18-30-2-13-0,0.0012213550508022
145,moderate,cluttered,WindAwareGreedy,32,11,0.34375,0.4173228346456692,0.0,False,26.5,63.5,1218.3428530756544,1232.439179106987,-18.342853075654247,-98.34285307565423,True,84.49414140646508,False,True,0.4609955175879127,0.0492034285738192,2.0,True,1.0,8.000:8.000|30.708:14.492|47.303:14.609|33.078:39.031|15.111:40.853|30.500:16.624|62.792:11.492|49.238:50.747|49.028:59.369|43.431:61.009|44.788:65.666|45.703:41.215|8.000:8.000,0-3-11-9-15-28-7-16-2-13-25-24-0,0.0010446410160511
145,moderate,cluttered,ReserveOnlyPlanner,32,12,0.375,0.4409448818897638,0.4409448818897638,True,28.0,63.5,1075.1418504316434,1145.4033438266245,124.85814956835658,44.85814956835658,False,78.48428085179854,True,False,0.3390653210142325,0.0307085456004414,2.0,False,1.0,8.000:8.000|30.708:14.492|30.500:16.624|47.303:14.609|62.792:11.492|75.326:16.922|73.986:42.248|49.238:50.747|49.028:59.369|43.431:61.009|33.078:39.031|15.111:40.853|26.203:44.577|8.000:8.000,0-3-28-11-7-31-26-16-2-13-9-15-21-0,0.0011674629058688
145,moderate,cluttered,FairRiskAwareGreedy,32,6,0.1875,0.2519685039370078,0.2519685039370078,True,16.0,63.5,631.031275767817,654.3559717772062,568.968724232183,488.96872423218304,False,61.94188550917237,True,False,0.0004746067972375,6.780180913235068e-05,2.0,False,1.0,8.000:8.000|47.303:14.609|73.986:42.248|33.078:39.031|43.431:61.009|15.111:40.853|30.708:14.492|8.000:8.000,0-11-26-9-13-15-3-0,0.000902245985344
145,moderate,cluttered,FairALNSPlanner,32,15,0.46875,0.5433070866141733,0.5433070866141733,True,34.5,63.5,1050.799938286559,1179.6486297602269,149.2000617134408,69.20006171344079,False,112.42977569339548,True,False,0.0004963423058559,3.102241568905123e-05,2.0,False,1.0,8.000:8.000|47.303:14.609|58.066:24.973|64.697:33.709|73.986:42.248|49.028:59.369|81.284:57.715|84.718:70.838|76.362:66.262|55.421:74.519|90.878:52.097|82.384:41.104|45.703:41.215|33.078:39.031|43.431:61.009|15.111:40.853|8.000:8.000,0-11-23-14-26-2-22-1-32-30-10-20-24-9-13-15-0,6.605873537948355
145,moderate,cluttered,RAWA-RHP,32,22,0.6875,0.7559055118110236,0.7559055118110236,True,48.0,63.5,1051.7598100432808,1213.6782680197284,148.2401899567193,68.24018995671929,False,120.08130510649325,True,False,0.1167944856641045,0.0053094621514338,2.0,False,1.0,8.000:8.000|47.303:14.609|64.697:33.709|73.986:42.248|82.384:41.104|81.284:57.715|84.718:70.838|76.362:66.262|55.421:74.519|27.874:73.525|31.100:88.995|44.788:65.666|43.431:61.009|49.028:59.369|49.238:50.747|53.969:42.096|45.703:41.215|33.078:39.031|31.407:51.258|26.203:44.577|15.111:40.853|30.500:16.624|30.708:14.492|8.000:8.000,0-11-14-26-20-22-1-32-30-6-8-25-13-2-16-4-24-9-17-21-15-28-3-0,28.068310283124447
145,calm,cluttered,NearestNeighbor,32,30,0.9375,0.9365079365079364,0.0,False,59.0,63.0,1407.6994364294624,1412.1149570656753,-207.69943642946228,-287.69943642946225,True,165.2454961423677,False,True,0.0228381806034203,0.0007417754742043,2.0,True,1.0,8.000:8.000|14.933:29.478|28.024:35.574|32.774:25.319|30.757:24.299|42.255:25.064|56.867:14.692|59.652:19.853|63.407:18.793|66.859:20.410|68.572:21.900|67.845:15.094|69.557:31.814|62.721:31.639|68.017:48.603|78.264:46.970|80.309:55.418|85.897:63.107|69.002:69.162|62.465:59.199|48.730:52.397|38.530:48.854|31.777:70.252|25.860:76.306|37.257:78.294|39.253:89.518|61.112:88.201|68.113:84.405|81.207:95.730|91.263:42.936|83.396:15.440|8.000:8.000,0-26-27-7-10-31-32-2-24-16-19-8-29-17-12-15-11-14-3-18-20-25-21-1-13-22-6-30-28-9-23-0,0.0027533317916095
145,calm,cluttered,ValuePerDistance,32,26,0.8125,0.8333333333333334,0.0,False,52.5,63.0,1334.4288093310452,1340.572267581656,-134.428809331045,-214.428809331045,True,154.15172012247183,False,True,0.0531494884779554,0.0020126040853717,2.0,True,1.0,8.000:8.000|14.933:29.478|30.757:24.299|32.774:25.319|42.255:25.064|38.530:48.854|48.730:52.397|62.465:59.199|69.002:69.162|68.113:84.405|61.112:88.201|81.207:95.730|80.309:55.418|78.264:46.970|68.017:48.603|62.721:31.639|69.557:31.814|68.572:21.900|66.859:20.410|67.845:15.094|63.407:18.793|59.652:19.853|56.867:14.692|83.396:15.440|91.263:42.936|85.897:63.107|31.777:70.252|8.000:8.000,0-26-10-7-31-25-20-18-3-30-6-28-11-15-12-17-29-19-16-8-24-2-32-23-9-14-21-0,0.0034254810307174
145,calm,cluttered,WindAwareGreedy,32,22,0.6875,0.746031746031746,0.0,False,47.0,63.0,1295.0503771068095,1290.0072992981277,-95.05037710680988,-175.0503771068099,True,142.61851553370087,False,True,0.0533297364857596,0.002372199067118,2.0,True,1.0,8.000:8.000|14.933:29.478|30.757:24.299|32.774:25.319|42.255:25.064|38.530:48.854|12.980:63.994|28.024:35.574|67.845:15.094|83.396:15.440|62.721:31.639|68.017:48.603|69.002:69.162|62.465:59.199|78.264:46.970|80.309:55.418|91.263:42.936|69.557:31.814|68.572:21.900|63.407:18.793|59.652:19.853|56.867:14.692|66.859:20.410|8.000:8.000,0-26-10-7-31-25-4-27-8-23-17-12-3-18-15-11-9-29-19-24-2-32-16-0,0.0016027581878006
145,calm,cluttered,ReserveOnlyPlanner,32,21,0.65625,0.7142857142857143,0.7142857142857143,True,45.0,63.0,1083.97192600494,1113.8909586643333,116.02807399505966,36.02807399505966,False,121.92711129042792,True,False,0.0348992340281577,0.0016088230520683,2.0,False,1.0,8.000:8.000|14.933:29.478|30.757:24.299|32.774:25.319|42.255:25.064|38.530:48.854|28.024:35.574|12.980:63.994|25.860:76.306|31.777:70.252|69.002:69.162|62.465:59.199|68.017:48.603|83.396:15.440|67.845:15.094|63.407:18.793|62.721:31.639|69.557:31.814|68.572:21.900|66.859:20.410|59.652:19.853|56.867:14.692|8.000:8.000,0-26-10-7-31-25-27-4-1-21-3-18-12-23-8-24-17-29-19-16-2-32-0,0.002265078946948
145,calm,cluttered,FairRiskAwareGreedy,32,13,0.40625,0.5317460317460317,0.5317460317460317,True,33.5,63.0,1090.550566426772,1104.032858137192,109.44943357322788,29.44943357322788,False,119.9813216261242,True,False,0.0160726230131479,0.0011551562981597,2.0,False,1.0,8.000:8.000|14.933:29.478|30.757:24.299|32.774:25.319|38.530:48.854|12.980:63.994|42.255:25.064|83.396:15.440|67.845:15.094|28.024:35.574|69.002:69.162|62.465:59.199|62.721:31.639|68.017:48.603|8.000:8.000,0-26-10-7-25-4-31-23-8-27-3-18-17-12-0,0.0024072839878499
145,calm,cluttered,FairALNSPlanner,32,25,0.78125,0.8571428571428571,0.8571428571428571,True,54.0,63.0,1064.2774587243264,1139.3413785539256,135.72254127567373,55.72254127567373,False,134.82306900924735,True,False,0.0141499606442325,0.0005472123393383,2.0,False,1.0,8.000:8.000|14.933:29.478|28.024:35.574|12.980:63.994|25.860:76.306|31.777:70.252|37.257:78.294|61.112:88.201|68.113:84.405|69.002:69.162|62.465:59.199|68.017:48.603|78.264:46.970|80.309:55.418|48.730:52.397|38.530:48.854|62.721:31.639|69.557:31.814|83.396:15.440|67.845:15.094|68.572:21.900|66.859:20.410|63.407:18.793|42.255:25.064|32.774:25.319|30.757:24.299|8.000:8.000,0-26-27-4-1-21-13-6-30-3-18-12-15-11-20-25-17-29-23-8-19-16-24-31-7-10-0,15.178497764049098
145,calm,cluttered,RAWA-RHP,32,27,0.84375,0.8571428571428571,0.8571428571428571,True,54.0,63.0,1061.0018261140028,1139.029119926085,138.9981738859972,58.9981738859972,False,137.73907193435792,True,False,0.0064417196515771,0.0002306298770576,2.0,False,1.0,8.000:8.000|14.933:29.478|28.024:35.574|10.927:55.718|12.980:63.994|25.860:76.306|31.777:70.252|37.257:78.294|61.112:88.201|68.113:84.405|69.002:69.162|62.465:59.199|68.017:48.603|78.264:46.970|80.309:55.418|48.730:52.397|38.530:48.854|32.774:25.319|30.757:24.299|42.255:25.064|62.721:31.639|69.557:31.814|68.572:21.900|66.859:20.410|67.845:15.094|63.407:18.793|59.652:19.853|56.867:14.692|8.000:8.000,0-26-27-5-4-1-21-13-6-30-3-18-12-15-11-20-25-7-10-31-17-29-19-16-8-24-2-32-0,34.49974669283256
142,moderate,sparse,NearestNeighbor,32,27,0.84375,0.8461538461538461,0.0,False,49.5,58.5,1369.395873344438,1358.0141747769371,-169.3958733444378,-249.3958733444378,True,132.87464738755176,False,True,0.0472579137228919,0.0017151435088914,2.0,True,1.0,8.000:8.000|39.968:19.813|44.772:31.672|41.266:41.050|53.392:42.036|52.977:50.704|61.530:61.147|64.139:59.612|69.743:53.819|70.254:48.579|72.748:48.528|84.683:50.594|81.882:40.038|84.219:30.000|68.630:32.034|80.752:63.133|77.063:69.923|75.720:72.474|74.057:69.422|70.285:74.927|68.261:77.349|65.968:77.121|66.390:74.569|62.757:76.849|56.684:66.270|41.727:88.543|33.615:81.416|21.397:87.695|8.000:8.000,0-16-14-22-6-15-2-20-17-3-11-27-19-29-18-21-25-26-5-10-13-12-7-1-24-28-9-32-0,0.0020357589237391
142,moderate,sparse,ValuePerDistance,32,22,0.6875,0.7777777777777778,0.0,False,45.5,58.5,1243.979744363787,1240.9283788888608,-43.979744363786935,-123.97974436378692,True,115.4744700843398,False,True,0.0244895315509703,0.0010700304316378,2.0,True,1.0,8.000:8.000|11.520:45.121|21.397:87.695|41.727:88.543|62.757:76.849|68.261:77.349|70.285:74.927|66.390:74.569|65.968:77.121|74.057:69.422|77.063:69.923|80.752:63.133|87.592:67.096|86.675:69.552|69.743:53.819|70.254:48.579|72.748:48.528|84.683:50.594|81.882:40.038|84.219:30.000|68.630:32.034|44.772:31.672|41.266:41.050|8.000:8.000,0-8-32-28-1-13-10-7-12-5-25-21-23-31-17-3-11-27-19-29-18-14-22-0,0.0015175768639892
142,moderate,sparse,WindAwareGreedy,32,15,0.46875,0.6239316239316239,0.0,False,36.5,58.5,1267.0057142846033,1242.8626580237335,-67.00571428460293,-147.00571428460293,True,102.74939543071407,False,True,0.110083291229977,0.0071673819863815,2.0,True,1.0,8.000:8.000|11.520:45.121|21.397:87.695|56.684:66.270|69.743:53.819|80.752:63.133|74.057:69.422|68.261:77.349|62.757:76.849|66.390:74.569|87.592:67.096|84.683:50.594|81.882:40.038|64.139:59.612|61.530:61.147|41.266:41.050|8.000:8.000,0-8-32-24-17-21-5-13-1-7-23-27-19-20-2-22-0,0.0013168749865144
142,moderate,sparse,ReserveOnlyPlanner,32,14,0.4375,0.5299145299145299,0.5299145299145299,True,31.0,58.5,1096.3149008209218,1179.08890355317,103.68509917907828,23.685099179078293,False,92.8921302093436,True,False,0.1008032457864687,0.0069230921300266,2.0,False,1.0,8.000:8.000|11.520:45.121|21.397:87.695|33.615:81.416|41.727:88.543|56.684:66.270|69.743:53.819|64.139:59.612|61.530:61.147|68.261:77.349|62.757:76.849|74.057:69.422|80.752:63.133|70.254:48.579|41.266:41.050|8.000:8.000,0-8-32-9-28-24-17-20-2-13-1-5-21-3-22-0,0.0013588580768555
142,moderate,sparse,FairRiskAwareGreedy,32,12,0.375,0.5299145299145299,0.5299145299145299,True,31.0,58.5,1081.3791813671785,1126.044798014251,118.6208186328216,38.6208186328216,False,115.7226789888165,True,False,0.0003072016404082,2.363250477968379e-05,2.8284271247461903,False,1.0,8.000:8.000|69.743:53.819|80.752:63.133|74.057:69.422|68.261:77.349|87.592:67.096|62.757:76.849|56.684:66.270|21.397:87.695|11.520:45.121|84.683:50.594|64.139:59.612|41.266:41.050|8.000:8.000,0-17-21-5-13-23-1-24-32-8-27-20-22-0,0.0020230549853295
142,moderate,sparse,FairALNSPlanner,32,25,0.78125,0.8547008547008547,0.8547008547008547,True,50.0,58.5,1039.8690341245888,1170.722230220402,160.13096587541105,80.13096587541105,False,132.69757931494507,True,False,0.0342912238082102,0.0013335713313671,2.0,False,1.0,8.000:8.000|39.968:19.813|44.772:31.672|41.266:41.050|11.520:45.121|21.397:87.695|41.727:88.543|62.757:76.849|65.968:77.121|66.390:74.569|68.261:77.349|70.285:74.927|56.684:66.270|61.530:61.147|64.139:59.612|74.057:69.422|75.720:72.474|77.063:69.923|86.675:69.552|87.592:67.096|80.752:63.133|69.743:53.819|84.683:50.594|72.748:48.528|70.254:48.579|68.630:32.034|8.000:8.000,0-16-14-22-8-32-28-1-12-7-13-10-24-2-20-5-26-25-31-23-21-17-27-11-3-18-0,15.026185560040176
142,moderate,sparse,RAWA-RHP,32,29,0.90625,0.9487179487179488,0.9487179487179488,True,55.5,58.5,1048.7338620393298,1217.706250813611,151.26613796067028,71.26613796067028,False,137.07408038537787,True,False,0.045862300944223,0.0015527697002628,2.0,False,1.0,8.000:8.000|11.520:45.121|21.397:87.695|33.615:81.416|41.727:88.543|62.757:76.849|65.968:77.121|66.390:74.569|68.261:77.349|70.285:74.927|75.720:72.474|74.057:69.422|77.063:69.923|86.675:69.552|87.592:67.096|80.752:63.133|70.254:48.579|72.748:48.528|84.683:50.594|81.882:40.038|84.219:30.000|68.630:32.034|69.743:53.819|64.139:59.612|61.530:61.147|56.684:66.270|52.977:50.704|41.266:41.050|44.772:31.672|39.968:19.813|8.000:8.000,0-8-32-9-28-1-12-7-13-10-26-5-25-31-23-21-3-11-27-19-29-18-17-20-2-24-15-22-14-16-0,155.49308895901777
145,severe,sparse,NearestNeighbor,32,23,0.71875,0.711864406779661,0.0,False,42.0,59.0,2455.005002279256,2480.686296314497,-1255.0050022792557,-1335.0050022792557,True,121.54653306609056,False,True,0.191339925352222,0.0085063160131773,2.0,True,1.0,8.000:8.000|30.874:20.270|34.371:25.769|38.636:34.066|37.575:41.012|34.548:48.807|32.897:52.416|28.427:47.815|30.032:46.268|19.369:41.380|11.089:69.178|17.792:74.693|29.170:73.875|32.368:82.862|37.974:67.329|46.070:86.043|54.671:86.852|65.027:76.821|73.168:65.907|76.635:66.878|78.744:67.628|80.952:68.683|85.219:76.485|79.596:85.909|8.000:8.000,0-20-23-17-25-15-26-18-32-22-31-6-8-2-21-4-5-3-11-7-19-1-28-12-0,0.0019260591361671
145,severe,sparse,ValuePerDistance,32,21,0.65625,0.7033898305084746,0.0,False,41.5,59.0,2246.7595781674945,2302.0852507270674,-1046.759578167495,-1126.759578167495,True,116.28018894556672,False,True,0.3939178759432716,0.0210255891037957,2.0,True,1.0,8.000:8.000|19.369:41.380|28.427:47.815|30.032:46.268|32.897:52.416|34.548:48.807|37.575:41.012|38.636:34.066|45.813:24.113|54.718:30.510|65.462:37.733|75.550:38.921|75.098:30.366|80.843:23.666|78.744:67.628|76.635:66.878|73.168:65.907|66.093:61.373|65.027:76.821|77.476:84.382|79.596:85.909|85.219:76.485|8.000:8.000,0-22-18-32-26-15-25-17-29-24-9-13-14-27-19-7-11-10-3-30-12-28-0,0.0014142249710857
145,severe,sparse,WindAwareGreedy,32,18,0.5625,0.6101694915254238,0.0,False,36.0,59.0,2311.3944089543747,2326.364090820639,-1111.3944089543747,-1191.3944089543747,True,108.57254511136016,False,True,0.279974294611884,0.0164298222860625,2.0,True,1.0,8.000:8.000|19.369:41.380|28.427:47.815|30.032:46.268|32.897:52.416|34.548:48.807|54.718:30.510|45.813:24.113|34.371:25.769|38.636:34.066|37.575:41.012|37.974:67.329|29.170:73.875|32.368:82.862|46.070:86.043|77.476:84.382|79.596:85.909|85.219:76.485|78.744:67.628|8.000:8.000,0-22-18-32-26-15-24-29-23-17-25-21-8-2-4-30-12-28-19-0,0.0014239728916436
145,severe,sparse,ReserveOnlyPlanner,32,8,0.25,0.2627118644067797,0.2627118644067797,True,15.5,59.0,1101.0195563486586,1152.0903994176306,98.98044365134116,18.980443651341147,False,51.28548056176543,True,False,0.0006793900399725,7.54877930925583e-05,4.0,False,1.0,8.000:8.000|19.369:41.380|28.427:47.815|30.032:46.268|32.897:52.416|34.548:48.807|37.974:67.329|29.170:73.875|17.792:74.693|8.000:8.000,0-22-18-32-26-15-21-8-6-0,0.0008367330301553
145,severe,sparse,FairRiskAwareGreedy,32,15,0.46875,0.5084745762711864,0.5084745762711864,True,30.0,59.0,1086.7607507628056,1135.7153461949524,113.23924923719426,33.23924923719426,False,98.42843324167778,True,False,0.0005422813295958,3.3898408196487984e-05,2.8284271247461903,False,1.0,8.000:8.000|28.427:47.815|30.032:46.268|19.369:41.380|32.897:52.416|54.718:30.510|45.813:24.113|34.371:25.769|30.874:20.270|38.636:34.066|65.462:37.733|66.093:61.373|76.635:66.878|78.744:67.628|73.168:65.907|37.974:67.329|8.000:8.000,0-18-32-22-26-24-29-23-20-17-9-10-7-19-11-21-0,0.0020830011926591
145,severe,sparse,FairALNSPlanner,32,16,0.5,0.5423728813559322,0.5423728813559322,True,32.0,59.0,1026.3311784591829,1207.7171275037088,173.66882154081765,93.66882154081765,False,95.45147725059186,True,False,0.0008869232906372,5.218846237255078e-05,2.8284271247461903,False,1.0,8.000:8.000|30.874:20.270|34.371:25.769|45.813:24.113|54.718:30.510|65.462:37.733|66.093:61.373|77.476:84.382|79.596:85.909|65.027:76.821|54.671:86.852|46.070:86.043|29.170:73.875|32.368:82.862|19.369:41.380|28.427:47.815|30.032:46.268|8.000:8.000,0-20-23-29-24-9-10-30-12-3-5-4-8-2-22-18-32-0,8.940040905028582
145,severe,sparse,RAWA-RHP,32,23,0.71875,0.7542372881355932,0.7542372881355932,True,44.5,59.0,1037.8800098094257,1235.485393485878,162.11999019057464,82.11999019057464,False,108.7981882975613,True,False,0.0209474941704154,0.0008759137971543,2.0,False,1.0,8.000:8.000|19.369:41.380|28.427:47.815|30.032:46.268|34.548:48.807|32.897:52.416|37.974:67.329|46.070:86.043|54.671:86.852|79.596:85.909|77.476:84.382|65.027:76.821|66.093:61.373|73.168:65.907|76.635:66.878|78.744:67.628|80.952:68.683|75.550:38.921|65.462:37.733|54.718:30.510|45.813:24.113|38.636:34.066|34.371:25.769|30.874:20.270|8.000:8.000,0-22-18-32-15-26-21-4-5-12-30-3-10-11-7-19-1-13-9-24-29-17-23-20-0,32.94812086992897
142,moderate,cluttered,NearestNeighbor,32,21,0.65625,0.6220472440944882,0.0,False,39.5,63.5,1311.964728312211,1305.9497967431466,-111.9647283122113,-191.9647283122113,True,115.61973539865828,False,True,0.1319728852172688,0.0063272847699411,2.0,True,1.0,8.000:8.000|14.524:35.651|20.803:40.503|16.220:43.942|9.989:74.514|25.226:85.826|36.591:66.500|42.699:66.708|47.718:65.123|56.792:60.364|56.056:53.997|49.806:44.425|45.109:32.296|58.975:22.857|61.342:23.114|77.638:20.717|82.553:17.548|84.340:32.018|78.282:40.738|75.896:42.576|82.854:47.208|78.253:52.972|8.000:8.000,0-13-14-18-27-22-12-5-10-24-30-31-19-15-3-2-7-26-21-23-28-4-0,0.001780112972483
142,moderate,cluttered,ValuePerDistance,32,15,0.46875,0.4803149606299212,0.0,False,30.5,63.5,1357.102221560568,1381.3494826669323,-157.1022215605679,-237.1022215605679,True,108.72673208836956,False,True,0.0254383700502178,0.0015999269210499,2.0,True,1.0,8.000:8.000|14.524:35.651|16.220:43.942|20.803:40.503|56.056:53.997|56.792:60.364|65.328:67.772|68.511:66.599|60.708:69.698|47.718:65.123|42.699:66.708|36.591:66.500|25.226:85.826|9.989:74.514|82.839:67.642|85.204:74.177|8.000:8.000,0-13-18-14-30-24-17-29-25-10-5-12-22-27-9-16-0,0.0011771360877901
142,moderate,cluttered,WindAwareGreedy,32,15,0.46875,0.4960629921259842,0.0,False,31.5,63.5,1282.3775236553467,1271.5785726625736,-82.37752365534664,-162.37752365534664,True,105.58097881891204,False,True,0.0726617190103614,0.0046285515193654,2.0,True,1.0,8.000:8.000|14.524:35.651|16.220:43.942|20.803:40.503|56.056:53.997|56.792:60.364|65.328:67.772|68.511:66.599|60.708:69.698|47.718:65.123|36.591:66.500|25.226:85.826|9.989:74.514|58.975:22.857|77.638:20.717|82.553:17.548|8.000:8.000,0-13-18-14-30-24-17-29-25-10-12-22-27-15-2-7-0,0.00136150396429
142,moderate,cluttered,ReserveOnlyPlanner,32,13,0.40625,0.4015748031496063,0.4015748031496063,True,25.5,63.5,1111.296060470468,1160.4043393562597,88.70393952953174,8.703939529531738,False,87.97129074332412,True,False,0.0265896172968707,0.001911455545754,2.0,False,1.0,8.000:8.000|14.524:35.651|16.220:43.942|20.803:40.503|9.989:74.514|25.226:85.826|36.591:66.500|56.792:60.364|56.056:53.997|47.718:65.123|42.699:66.708|65.328:67.772|68.511:66.599|60.708:69.698|8.000:8.000,0-13-18-14-27-22-12-24-30-10-5-17-29-25-0,0.0012605560477823
142,moderate,cluttered,FairRiskAwareGreedy,32,18,0.5625,0.6614173228346457,0.6614173228346457,True,42.0,63.5,1077.9665166675572,1130.8157010753694,122.0334833324427,42.0334833324427,False,123.48202585279772,True,False,0.0025212014634847,0.0001327171535434,2.0,False,1.0,8.000:8.000|56.056:53.997|56.792:60.364|65.328:67.772|68.511:66.599|82.839:67.642|85.204:74.177|93.480:28.464|84.340:32.018|77.638:20.717|82.553:17.548|58.975:22.857|78.282:40.738|61.342:23.114|78.253:52.972|82.854:47.208|79.842:58.896|79.077:61.637|49.806:44.425|8.000:8.000,0-30-24-17-29-9-16-1-26-2-7-15-21-3-4-28-8-11-31-0,0.0023403340019285
142,moderate,cluttered,FairALNSPlanner,32,26,0.8125,0.8661417322834646,0.8661417322834646,True,55.0,63.5,1031.825054152809,1218.0385686136956,168.17494584719103,88.17494584719103,False,131.30359941449368,True,False,0.0509675108702022,0.0019250582703789,2.0,False,1.0,8.000:8.000|48.955:10.958|58.975:22.857|61.342:23.114|77.638:20.717|82.553:17.548|93.480:28.464|84.340:32.018|91.552:42.294|82.854:47.208|56.056:53.997|56.792:60.364|47.718:65.123|60.708:69.698|65.328:67.772|68.511:66.599|79.950:84.373|85.204:74.177|82.839:67.642|79.077:61.637|79.842:58.896|78.253:52.972|75.896:42.576|78.282:40.738|49.806:44.425|45.109:32.296|14.524:35.651|8.000:8.000,0-6-15-3-2-7-1-26-32-28-30-24-10-25-17-29-20-16-9-11-8-4-23-21-31-19-13-0,17.55295888101682
142,moderate,cluttered,RAWA-RHP,32,29,0.90625,0.937007874015748,0.937007874015748,True,59.5,63.5,1037.5864205162777,1210.749486167449,162.41357948372288,82.41357948372288,False,136.91042774857914,True,False,0.0853776493323962,0.0029465652675417,2.0,False,1.0,8.000:8.000|48.955:10.958|58.975:22.857|61.342:23.114|77.638:20.717|82.553:17.548|93.480:28.464|84.340:32.018|91.552:42.294|82.854:47.208|78.253:52.972|78.282:40.738|75.896:42.576|79.842:58.896|79.077:61.637|82.839:67.642|85.204:74.177|79.950:84.373|68.511:66.599|65.328:67.772|60.708:69.698|42.699:66.708|36.591:66.500|47.718:65.123|56.792:60.364|56.056:53.997|49.806:44.425|16.220:43.942|20.803:40.503|14.524:35.651|8.000:8.000,0-6-15-3-2-7-1-26-32-28-4-21-23-8-11-9-16-20-29-17-25-5-12-10-24-30-31-18-14-13-0,163.59479949087836
145,calm,sparse,NearestNeighbor,32,31,0.96875,0.9785714285714284,0.0,False,68.5,70.0,1346.1952642699266,1333.3958957006423,-146.19526426992618,-226.19526426992616,True,161.4817751340199,False,True,0.0192606804339099,0.0006053237200668,2.0,True,1.0,8.000:8.000|23.826:37.211|21.723:38.358|33.508:42.135|34.212:48.451|39.556:58.087|49.110:65.323|51.186:66.553|52.441:63.326|54.348:47.393|53.255:42.490|43.538:31.992|53.104:19.169|55.044:19.850|54.804:16.049|46.098:9.784|84.537:18.131|86.615:22.043|84.732:34.709|83.986:37.253|76.630:41.204|88.241:45.697|88.998:48.034|67.579:54.937|66.621:74.536|67.487:76.846|85.293:67.689|47.853:87.845|35.158:81.265|31.623:91.303|21.956:93.167|16.320:81.700|8.000:8.000,0-18-6-20-8-17-13-5-26-9-32-29-15-11-25-12-1-31-2-28-30-21-16-14-3-22-4-27-23-24-10-7-0,0.0021822950802743
145,calm,sparse,ValuePerDistance,32,30,0.9375,0.9714285714285714,0.0,False,68.0,70.0,1342.683414616638,1341.2055019725565,-142.6834146166376,-222.6834146166376,True,160.49549767655787,False,True,0.0294285128374421,0.00095880152606,2.0,True,1.0,8.000:8.000|23.826:37.211|21.723:38.358|33.508:42.135|34.212:48.451|39.556:58.087|52.441:63.326|51.186:66.553|49.110:65.323|67.579:54.937|76.630:41.204|83.986:37.253|84.732:34.709|86.615:22.043|84.537:18.131|54.804:16.049|53.104:19.169|55.044:19.850|46.098:9.784|43.538:31.992|54.348:47.393|53.255:42.490|88.241:45.697|88.998:48.034|85.293:67.689|67.487:76.846|66.621:74.536|31.623:91.303|21.956:93.167|16.320:81.700|17.031:78.536|8.000:8.000,0-18-6-20-8-17-26-5-13-14-30-28-2-31-1-25-15-11-12-29-9-32-21-16-4-22-3-24-10-7-19-0,0.0017319349572062
145,calm,sparse,WindAwareGreedy,32,21,0.65625,0.7571428571428571,0.0,False,53.0,70.0,1234.7377014712963,1245.2682215208338,-34.737701471296205,-114.7377014712962,True,136.89145007722755,False,True,0.006772893917862,0.0003085560033101,2.0,True,1.0,8.000:8.000|54.804:16.049|53.104:19.169|55.044:19.850|84.537:18.131|86.615:22.043|84.732:34.709|76.630:41.204|67.579:54.937|52.441:63.326|51.186:66.553|33.508:42.135|23.826:37.211|21.723:38.358|16.320:81.700|31.623:91.303|21.956:93.167|67.487:76.846|88.998:48.034|88.241:45.697|83.986:37.253|46.098:9.784|8.000:8.000,0-25-15-11-1-31-2-30-14-26-5-20-18-6-7-24-10-22-16-21-28-12-0,0.0016662329435348
145,calm,sparse,ReserveOnlyPlanner,32,21,0.65625,0.7142857142857143,0.7142857142857143,True,50.0,70.0,1087.1419495287746,1124.2814014527503,112.8580504712253,32.8580504712253,False,123.6630267796276,True,False,0.024031137773397,0.0011013932611664,2.0,False,1.0,8.000:8.000|54.804:16.049|53.104:19.169|55.044:19.850|84.537:18.131|86.615:22.043|84.732:34.709|76.630:41.204|88.241:45.697|88.998:48.034|67.579:54.937|52.441:63.326|51.186:66.553|67.487:76.846|66.621:74.536|85.293:67.689|83.986:37.253|54.348:47.393|33.508:42.135|23.826:37.211|21.723:38.358|34.212:48.451|8.000:8.000,0-25-15-11-1-31-2-30-21-16-14-26-5-22-3-4-28-9-20-18-6-8-0,0.0017530319746583
145,calm,sparse,FairRiskAwareGreedy,32,18,0.5625,0.6714285714285714,0.6714285714285714,True,47.0,70.0,1053.995666326067,1078.0189562834555,146.004333673933,66.00433367393299,False,126.47500876343229,True,False,0.0015389120056962,8.099558543082554e-05,2.0,False,1.0,8.000:8.000|54.804:16.049|55.044:19.850|53.104:19.169|84.537:18.131|86.615:22.043|84.732:34.709|76.630:41.204|23.826:37.211|33.508:42.135|16.320:81.700|31.623:91.303|21.956:93.167|51.186:66.553|52.441:63.326|67.579:54.937|88.241:45.697|88.998:48.034|46.098:9.784|8.000:8.000,0-25-11-15-1-31-2-30-18-20-7-24-10-5-26-14-21-16-12-0,0.0029243510216474
145,calm,sparse,FairALNSPlanner,32,24,0.75,0.8142857142857143,0.8142857142857143,True,57.0,70.0,1062.6190737978702,1126.4680999822922,137.38092620213,57.38092620213001,False,133.8024575871415,True,False,0.0221333831857688,0.0008902196984045,2.0,False,1.0,8.000:8.000|46.098:9.784|54.804:16.049|84.537:18.131|86.615:22.043|84.732:34.709|83.986:37.253|88.241:45.697|88.998:48.034|85.293:67.689|76.630:41.204|67.579:54.937|67.487:76.846|66.621:74.536|51.186:66.553|49.110:65.323|54.348:47.393|52.441:63.326|31.623:91.303|21.956:93.167|16.320:81.700|17.031:78.536|34.212:48.451|33.508:42.135|23.826:37.211|8.000:8.000,0-12-25-1-31-2-28-21-16-4-30-14-22-3-5-13-9-26-24-10-7-19-8-20-18-0,14.283559213159606
145,calm,sparse,RAWA-RHP,32,29,0.90625,0.9357142857142856,0.9357142857142856,True,65.5,70.0,1038.1444168099113,1108.628500334668,161.85558319008888,81.85558319008888,False,139.99903354123705,True,False,0.0118508223940801,0.0003957236061986,2.0,False,1.0,8.000:8.000|46.098:9.784|54.804:16.049|53.104:19.169|55.044:19.850|84.537:18.131|86.615:22.043|84.732:34.709|83.986:37.253|88.241:45.697|88.998:48.034|76.630:41.204|67.579:54.937|67.487:76.846|66.621:74.536|51.186:66.553|49.110:65.323|54.348:47.393|53.255:42.490|52.441:63.326|35.158:81.265|31.623:91.303|21.956:93.167|16.320:81.700|17.031:78.536|39.556:58.087|34.212:48.451|33.508:42.135|23.826:37.211|21.723:38.358|8.000:8.000,0-12-25-15-11-1-31-2-28-21-16-30-14-22-3-5-13-9-32-26-23-24-10-7-19-17-8-20-18-6-0,68.9983487429563
146,severe,cluttered,NearestNeighbor,32,25,0.78125,0.8174603174603174,0.0,False,51.5,63.0,2035.696231219388,2033.9249579571192,-835.6962312193878,-915.6962312193878,True,133.29863165436106,False,True,0.3166482228098374,0.014034922264218,2.0,True,1.0,8.000:8.000|31.759:39.961|26.019:51.333|32.911:61.266|45.451:55.264|52.743:48.706|60.142:43.946|59.287:42.067|65.135:36.005|50.220:36.220|48.847:26.814|65.854:10.751|78.297:19.479|77.128:28.699|80.226:30.260|84.785:28.184|84.311:38.049|85.057:45.609|78.042:55.280|82.163:59.262|87.770:62.748|75.934:66.405|74.030:74.104|67.421:75.304|83.298:84.220|84.345:87.474|8.000:8.000,0-31-30-24-23-10-28-15-12-1-5-11-22-21-6-13-27-14-3-16-25-8-9-4-26-18-0,0.0020192191004753
146,severe,cluttered,ValuePerDistance,32,18,0.5625,0.6111111111111112,0.0,False,38.5,63.0,1669.7719799037918,1596.1549850909084,-469.7719799037915,-549.7719799037915,True,102.63051930485229,False,True,0.1567845805151759,0.0086037849327708,2.0,True,1.0,8.000:8.000|65.854:10.751|78.297:19.479|80.226:30.260|77.128:28.699|84.785:28.184|84.311:38.049|85.057:45.609|78.042:55.280|82.163:59.262|74.030:74.104|67.421:75.304|83.298:84.220|84.345:87.474|91.609:86.721|88.638:82.488|65.135:36.005|59.287:42.067|60.142:43.946|8.000:8.000,0-11-22-6-21-13-27-14-3-16-9-4-26-18-7-17-12-15-28-0,0.0012783871497958
146,severe,cluttered,WindAwareGreedy,32,16,0.5,0.6190476190476191,0.0,False,39.0,63.0,1954.5916398755064,1942.3873275985848,-754.5916398755066,-834.5916398755066,True,115.64566403883724,False,True,0.3354210718936897,0.022632799923563,2.0,True,1.0,8.000:8.000|65.854:10.751|65.135:36.005|52.743:48.706|45.451:55.264|32.911:61.266|26.019:51.333|31.759:39.961|59.287:42.067|60.142:43.946|78.042:55.280|85.057:45.609|80.226:30.260|78.297:19.479|84.311:38.049|82.163:59.262|87.770:62.748|8.000:8.000,0-11-12-10-23-24-30-31-15-28-3-14-6-22-27-16-25-0,0.0014047070872038
146,severe,cluttered,ReserveOnlyPlanner,32,7,0.21875,0.2777777777777778,0.2777777777777778,True,17.5,63.0,1075.144805230641,1133.574337657132,124.85519476935916,44.85519476935917,False,60.82209025847407,True,False,0.0971614900953152,0.012165003471074,2.0,False,1.0,8.000:8.000|65.854:10.751|78.297:19.479|80.226:30.260|85.057:45.609|78.042:55.280|82.163:59.262|87.770:62.748|8.000:8.000,0-11-22-6-14-3-16-25-0,0.0008261711336672
146,severe,cluttered,FairRiskAwareGreedy,32,12,0.375,0.4523809523809524,0.4523809523809524,True,28.5,63.0,1076.9040296691298,1142.4517590027576,123.09597033087,43.09597033086999,False,104.18856527140304,True,False,0.0017683810643216,0.0001361148993162,2.8284271247461903,False,1.0,8.000:8.000|65.854:10.751|78.297:19.479|91.609:86.721|78.042:55.280|52.743:48.706|65.135:36.005|45.451:55.264|60.142:43.946|59.287:42.067|50.220:36.220|31.759:39.961|32.911:61.266|8.000:8.000,0-11-22-7-3-10-12-23-28-15-1-31-24-0,0.0013520079664885
146,severe,cluttered,FairALNSPlanner,32,19,0.59375,0.6666666666666666,0.6666666666666666,True,42.0,63.0,1064.729637568796,1256.7028100305624,135.27036243120403,55.27036243120404,False,111.9502583140228,True,False,0.0047641088895006,0.0002384951191765,2.8284271247461903,False,1.0,8.000:8.000|65.854:10.751|77.128:28.699|80.226:30.260|84.311:38.049|85.057:45.609|91.609:86.721|84.345:87.474|83.298:84.220|74.030:74.104|67.421:75.304|45.569:72.750|32.911:61.266|26.019:51.333|45.451:55.264|52.743:48.706|60.142:43.946|59.287:42.067|65.135:36.005|31.759:39.961|8.000:8.000,0-11-21-6-27-14-7-18-26-9-4-20-24-30-23-10-28-15-12-31-0,6.552504110848531
146,severe,cluttered,RAWA-RHP,32,22,0.6875,0.7619047619047619,0.7619047619047619,True,48.0,63.0,1037.4412148777203,1249.0758764360653,162.55878512227966,82.55878512227966,False,116.4835482768911,True,False,0.0104676606166635,0.0004561692030372,2.8284271247461903,False,1.0,8.000:8.000|65.854:10.751|78.297:19.479|77.128:28.699|80.226:30.260|84.785:28.184|84.311:38.049|85.057:45.609|91.609:86.721|84.345:87.474|83.298:84.220|88.638:82.488|87.770:62.748|82.163:59.262|78.042:55.280|65.135:36.005|59.287:42.067|60.142:43.946|52.743:48.706|45.451:55.264|26.019:51.333|32.911:61.266|31.759:39.961|8.000:8.000,0-11-22-21-6-13-27-14-7-18-26-17-25-16-3-12-15-28-10-23-30-24-31-0,32.104630403919145
146,moderate,cluttered,NearestNeighbor,32,21,0.65625,0.625,0.0,False,40.0,64.0,1587.6323230558496,1572.6059951585576,-387.63232305585007,-467.63232305585007,True,125.54001184267965,False,True,0.0958296915709049,0.0045338718984545,2.0,True,1.0,8.000:8.000|24.373:12.004|32.143:23.162|38.972:29.843|32.866:37.415|51.308:43.203|59.177:42.985|66.561:40.562|70.457:33.331|81.162:32.648|75.908:20.285|61.891:20.895|58.545:34.079|45.469:53.193|38.340:63.274|29.350:74.418|22.302:59.913|13.263:81.590|51.953:86.729|62.644:90.066|57.177:76.587|47.595:74.919|8.000:8.000,0-27-16-29-22-20-10-18-3-25-13-6-19-7-23-32-15-11-12-17-21-30-0,0.0018093630205839
146,moderate,cluttered,ValuePerDistance,32,21,0.65625,0.7109375,0.0,False,45.5,64.0,1774.0113253100797,1787.3433796849615,-574.0113253100794,-654.0113253100794,True,136.10912098423066,False,True,0.124530042574689,0.0059545539859039,2.0,True,1.0,8.000:8.000|24.373:12.004|17.923:26.486|32.143:23.162|32.866:37.415|38.340:63.274|22.302:59.913|29.350:74.418|13.263:81.590|51.953:86.729|62.644:90.066|62.284:66.251|59.599:64.665|71.026:57.027|77.906:57.902|81.251:57.028|73.375:67.002|75.698:66.359|66.339:73.119|47.595:74.919|57.177:76.587|86.563:86.918|8.000:8.000,0-27-4-16-22-23-15-32-11-12-17-26-14-24-1-9-28-2-8-30-21-5-0,0.0014105460140854
146,moderate,cluttered,WindAwareGreedy,32,19,0.59375,0.6640625,0.0,False,42.5,64.0,1664.3781652650223,1706.019055745516,-464.3781652650226,-544.3781652650225,True,125.52492012805448,False,True,0.1362327314548834,0.0071494398033924,2.0,True,1.0,8.000:8.000|24.373:12.004|17.923:26.486|32.143:23.162|38.340:63.274|22.302:59.913|13.263:81.590|29.350:74.418|51.953:86.729|47.595:74.919|71.026:57.027|77.906:57.902|81.251:57.028|73.375:67.002|62.284:66.251|59.599:64.665|62.644:90.066|57.177:76.587|66.339:73.119|75.698:66.359|8.000:8.000,0-27-4-16-23-15-11-32-12-30-24-1-9-28-26-14-17-21-8-2-0,0.0014951291959732
146,moderate,cluttered,ReserveOnlyPlanner,32,10,0.3125,0.375,0.375,True,24.0,64.0,1088.3213013858535,1142.4831494366535,111.67869861414658,31.678698614146583,False,78.12933476426178,True,False,0.0312160458052364,0.0028648479929083,2.0,False,1.0,8.000:8.000|24.373:12.004|17.923:26.486|32.143:23.162|38.340:63.274|22.302:59.913|13.263:81.590|29.350:74.418|51.953:86.729|47.595:74.919|45.469:53.193|8.000:8.000,0-27-4-16-23-15-11-32-12-30-7-0,0.0010719541460275
146,moderate,cluttered,FairRiskAwareGreedy,32,14,0.4375,0.5390625,0.5390625,True,34.5,64.0,1042.2407222907752,1084.56169138121,157.75927770922453,77.75927770922453,False,111.48889325647238,True,False,0.0073181694437701,0.0004891897335151,2.0,False,1.0,8.000:8.000|24.373:12.004|17.923:26.486|38.340:63.274|22.302:59.913|71.026:57.027|77.906:57.902|81.251:57.028|70.457:33.331|66.561:40.562|32.143:23.162|13.263:81.590|29.350:74.418|32.866:37.415|38.972:29.843|8.000:8.000,0-27-4-23-15-24-1-9-3-18-16-11-32-22-29-0,0.0020682828035205
146,moderate,cluttered,FairALNSPlanner,32,23,0.71875,0.78125,0.78125,True,50.0,64.0,1051.554560747686,1220.8040969268989,148.4454392523141,68.44543925231409,False,125.44972569651122,True,False,0.0850695694165522,0.003670888583943,2.0,False,1.0,8.000:8.000|17.923:26.486|22.302:59.913|13.263:81.590|29.350:74.418|38.340:63.274|47.595:74.919|71.026:57.027|73.375:67.002|75.698:66.359|81.251:57.028|77.906:57.902|81.162:32.648|90.433:24.035|75.908:20.285|61.891:20.895|70.457:33.331|66.561:40.562|58.545:34.079|59.177:42.985|51.308:43.203|32.866:37.415|32.143:23.162|24.373:12.004|8.000:8.000,0-4-15-11-32-23-30-24-28-2-9-1-25-31-13-6-3-18-19-10-20-22-16-27-0,11.32331343414262
146,moderate,cluttered,RAWA-RHP,32,24,0.75,0.7890625,0.7890625,True,50.5,64.0,1031.9063159730297,1184.1555585705423,168.09368402697075,88.09368402697075,False,126.75542543828462,True,False,0.0786294841626502,0.0032437170762104,2.0,False,1.0,8.000:8.000|24.373:12.004|32.143:23.162|32.866:37.415|58.545:34.079|59.177:42.985|66.561:40.562|70.457:33.331|73.375:67.002|75.698:66.359|77.906:57.902|81.251:57.028|71.026:57.027|66.339:73.119|59.599:64.665|62.284:66.251|62.644:90.066|51.953:86.729|47.595:74.919|57.177:76.587|45.469:53.193|38.340:63.274|29.350:74.418|22.302:59.913|17.923:26.486|8.000:8.000,0-27-16-22-19-10-18-3-28-2-1-9-24-8-14-26-17-12-30-21-7-23-32-15-4-0,52.5315109079238
147,severe,cluttered,NearestNeighbor,32,12,0.375,0.3769230769230769,0.0,False,24.5,65.0,2095.3829098904016,2115.8193226930084,-895.3829098904018,-975.3829098904018,True,90.04674956041117,False,True,0.4795118910633338,0.0452928435119998,2.0,True,1.0,8.000:8.000|21.659:21.716|26.858:20.366|31.663:32.643|11.257:29.573|41.903:13.882|48.388:20.116|66.488:27.619|69.397:34.935|74.962:44.430|85.877:35.527|83.056:25.802|87.833:64.603|8.000:8.000,0-9-32-24-1-11-16-28-29-25-20-15-5-0,0.0010405320208519
147,severe,cluttered,ValuePerDistance,32,12,0.375,0.4076923076923077,0.0,False,26.5,65.0,2011.2729766544464,2052.567747305011,-811.2729766544464,-891.2729766544464,True,88.24198654601325,False,True,0.4760893811515977,0.0448121667202945,2.0,True,1.0,8.000:8.000|11.257:29.573|21.659:21.716|26.858:20.366|48.388:20.116|41.903:13.882|66.488:27.619|69.397:34.935|74.962:44.430|85.877:35.527|83.056:25.802|78.649:68.641|87.833:64.603|8.000:8.000,0-1-9-32-16-11-28-29-25-20-15-7-5-0,0.0008542800787836
147,severe,cluttered,WindAwareGreedy,32,12,0.375,0.4153846153846154,0.0,False,27.0,65.0,1899.3183731057009,1899.3461970066376,-699.3183731057009,-779.3183731057009,True,83.0627990631894,False,True,0.3618042868992143,0.0322624061739103,2.0,True,1.0,8.000:8.000|21.659:21.716|26.858:20.366|48.388:20.116|66.488:27.619|69.397:34.935|83.056:25.802|85.877:35.527|74.962:44.430|78.649:68.641|87.833:64.603|65.699:68.154|66.150:61.749|8.000:8.000,0-9-32-16-28-29-15-20-25-7-5-12-6-0,0.0011613860260695
147,severe,cluttered,ReserveOnlyPlanner,32,6,0.1875,0.1923076923076923,0.1923076923076923,True,12.5,65.0,1054.969639456473,1146.545162082472,145.03036054352697,65.03036054352697,False,44.06644167861098,True,False,0.2283728515441273,0.0352954334821339,2.0,False,1.0,8.000:8.000|21.659:21.716|26.858:20.366|48.388:20.116|66.488:27.619|69.397:34.935|41.903:13.882|8.000:8.000,0-9-32-16-28-29-11-0,0.0008049451280385
147,severe,cluttered,FairRiskAwareGreedy,32,10,0.3125,0.2923076923076923,0.2923076923076923,True,19.0,65.0,929.9683579705752,964.0579420177742,270.0316420294248,190.0316420294248,False,78.4130602283169,True,False,0.0064196788324476,0.0005850409847023,2.8284271247461903,False,1.0,8.000:8.000|11.257:29.573|27.518:60.385|24.365:67.329|10.518:76.773|26.858:20.366|21.659:21.716|41.903:13.882|66.488:27.619|48.388:20.116|31.663:32.643|8.000:8.000,0-1-31-26-18-32-9-11-28-16-24-0,0.0011889289598912
147,severe,cluttered,FairALNSPlanner,32,12,0.375,0.3846153846153846,0.3846153846153846,True,25.0,65.0,902.1930799914406,1057.0948001667566,297.8069200085593,217.8069200085593,False,82.02406245840365,True,False,0.0176249266810154,0.001363548500271,2.0,False,1.0,8.000:8.000|21.659:21.716|26.858:20.366|31.663:32.643|66.488:27.619|48.388:20.116|45.322:45.094|55.354:56.938|53.447:75.231|46.008:74.102|59.790:70.561|65.699:68.154|11.257:29.573|8.000:8.000,0-9-32-24-28-16-2-19-17-13-4-12-1-0,5.34944656980224
147,severe,cluttered,RAWA-RHP,32,19,0.59375,0.6076923076923076,0.6076923076923076,True,39.5,65.0,1046.3575181841934,1258.0936823292022,153.6424818158065,73.64248181580649,False,103.72671184848728,True,False,0.0501258636492761,0.0025503262665195,2.0,False,1.0,8.000:8.000|41.903:13.882|48.388:20.116|45.322:45.094|74.962:44.430|87.833:64.603|78.649:68.641|65.066:83.082|65.699:68.154|59.790:70.561|55.354:56.938|53.447:75.231|46.008:74.102|42.835:70.006|33.503:70.057|24.365:67.329|27.518:60.385|31.663:32.643|26.858:20.366|21.659:21.716|8.000:8.000,0-11-16-2-25-5-7-21-12-4-19-17-13-22-3-26-31-24-32-9-0,17.358069779817015
146,severe,sparse,NearestNeighbor,32,25,0.78125,0.768595041322314,0.0,False,46.5,60.5,1831.2519100328232,1810.7249360198143,-631.2519100328233,-711.2519100328233,True,120.7623273978248,False,True,0.2020266542764511,0.0083771180881312,2.0,True,1.0,8.000:8.000|18.387:25.220|14.207:29.388|12.649:34.070|24.682:23.608|27.373:29.476|30.254:35.437|29.207:38.793|32.485:39.391|30.505:49.616|35.078:52.570|46.283:46.645|58.988:57.161|46.560:69.909|42.455:70.919|36.175:80.763|35.952:89.334|44.185:90.392|44.139:92.547|75.509:87.286|79.883:82.808|77.766:80.686|86.012:81.771|91.671:70.070|85.453:64.772|82.653:63.404|8.000:8.000,0-15-3-21-29-9-16-13-25-6-20-8-5-4-28-19-14-11-17-10-27-1-32-31-12-24-0,0.0019182059913873
146,severe,sparse,ValuePerDistance,32,22,0.6875,0.7933884297520661,0.0,False,48.0,60.5,1945.9688023277376,1997.620418079439,-745.9688023277379,-825.9688023277379,True,124.0660938460896,False,True,0.1046007087989731,0.0047392561956454,2.0,True,1.0,8.000:8.000|18.387:25.220|14.207:29.388|12.649:34.070|24.682:23.608|27.373:29.476|29.207:38.793|32.485:39.391|30.505:49.616|35.078:52.570|46.283:46.645|70.688:40.686|73.935:43.462|58.988:57.161|28.813:67.307|36.175:80.763|35.952:89.334|44.139:92.547|44.185:90.392|79.883:82.808|77.766:80.686|86.012:81.771|91.671:70.070|8.000:8.000,0-15-3-21-29-9-13-25-6-20-8-26-7-5-23-19-14-17-11-27-1-32-31-0,0.0013870859984308
146,severe,sparse,WindAwareGreedy,32,17,0.53125,0.6363636363636364,0.0,False,38.5,60.5,1643.356201487141,1688.6915772838147,-443.3562014871418,-523.3562014871418,True,102.01534945581987,False,True,0.20151120618821,0.0120594897606821,2.0,True,1.0,8.000:8.000|18.387:25.220|14.207:29.388|24.682:23.608|27.373:29.476|30.505:49.616|46.283:46.645|70.688:40.686|73.935:43.462|91.671:70.070|79.883:82.808|86.012:81.771|77.766:80.686|75.509:87.286|44.139:92.547|35.952:89.334|36.175:80.763|42.455:70.919|8.000:8.000,0-15-3-29-9-6-8-26-7-31-27-32-1-10-17-14-19-28-0,0.0013711669016629
146,severe,sparse,ReserveOnlyPlanner,32,15,0.46875,0.4958677685950413,0.4958677685950413,True,30.0,60.5,1056.5547596904594,1253.5554094836432,143.44524030954062,63.44524030954062,False,79.08180856967293,True,False,0.0416766632025199,0.0026328651714474,2.0,False,1.0,8.000:8.000|18.387:25.220|14.207:29.388|24.682:23.608|27.373:29.476|30.505:49.616|46.283:46.645|70.688:40.686|73.935:43.462|58.988:57.161|46.560:69.909|42.455:70.919|35.078:52.570|29.207:38.793|32.485:39.391|30.254:35.437|8.000:8.000,0-15-3-29-9-6-8-26-7-5-4-28-20-13-25-16-0,0.0015511440578848
146,severe,sparse,FairRiskAwareGreedy,32,15,0.46875,0.5371900826446281,0.5371900826446281,True,32.5,60.5,1063.430183508042,1146.06734993178,136.56981649195802,56.56981649195802,False,108.40207629160912,True,False,0.0086983885015027,0.0005447467875122,2.0,False,1.0,8.000:8.000|18.387:25.220|14.207:29.388|30.505:49.616|24.682:23.608|70.688:40.686|46.283:46.645|28.813:67.307|16.850:54.910|12.649:34.070|29.207:38.793|35.199:11.384|38.350:14.824|35.078:52.570|32.485:39.391|30.254:35.437|8.000:8.000,0-15-3-6-29-26-8-23-22-21-13-18-30-20-25-16-0,0.0021739951334893
146,severe,sparse,FairALNSPlanner,32,20,0.625,0.71900826446281,0.71900826446281,True,43.5,60.5,1045.1839798907642,1243.282285221476,154.81602010923575,74.81602010923575,False,109.24749910588712,True,False,0.0447728597870916,0.0021580447274805,2.0,False,1.0,8.000:8.000|24.682:23.608|27.373:29.476|29.207:38.793|30.505:49.616|35.078:52.570|46.283:46.645|28.813:67.307|36.175:80.763|35.952:89.334|44.139:92.547|44.185:90.392|91.671:70.070|85.453:64.772|73.935:43.462|70.688:40.686|38.350:14.824|35.199:11.384|18.387:25.220|14.207:29.388|12.649:34.070|8.000:8.000,0-29-9-13-6-20-8-23-19-14-17-11-31-12-7-26-30-18-15-3-21-0,10.86485086614266
146,severe,sparse,RAWA-RHP,32,25,0.78125,0.8429752066115702,0.8429752066115702,True,51.0,60.5,1060.7664015362143,1299.476181077227,139.23359846378577,59.23359846378577,False,119.0681341447888,True,False,0.0730297462178233,0.0028822184540767,2.0,False,1.0,8.000:8.000|24.682:23.608|27.373:29.476|29.207:38.793|32.485:39.391|30.505:49.616|35.078:52.570|46.283:46.645|28.813:67.307|36.175:80.763|35.952:89.334|44.139:92.547|44.185:90.392|75.509:87.286|79.883:82.808|77.766:80.686|86.012:81.771|91.671:70.070|85.453:64.772|82.653:63.404|73.935:43.462|70.688:40.686|45.206:27.556|18.387:25.220|14.207:29.388|12.649:34.070|8.000:8.000,0-29-9-13-25-6-20-8-23-19-14-17-11-10-27-1-32-31-12-24-7-26-2-15-3-21-0,59.79066348611377
145,moderate,sparse,NearestNeighbor,32,17,0.53125,0.5481481481481482,0.0,False,37.0,67.5,1219.848465210238,1203.986788554135,-19.84846521023829,-99.84846521023827,True,87.8258047042037,False,True,0.0630141844828287,0.0035180635083364,2.0,True,1.0,8.000:8.000|8.968:31.838|14.433:41.300|21.413:37.820|24.153:40.356|27.530:46.459|30.209:50.917|29.627:55.626|34.025:60.344|16.967:58.926|14.675:52.513|16.016:69.566|21.451:32.711|39.037:21.175|39.138:16.938|42.385:32.885|38.942:42.498|41.998:46.495|8.000:8.000,0-25-22-10-11-17-14-20-1-2-7-30-4-16-28-32-8-27-0,0.0015649111010134
145,moderate,sparse,ValuePerDistance,32,18,0.5625,0.5925925925925926,0.5925925925925926,True,40.0,67.5,1167.402779557365,1176.4449592802534,32.59722044263502,-47.40277955736498,True,90.30747175608398,True,False,0.1765909706852161,0.0099098549489361,2.0,False,1.0,8.000:8.000|8.968:31.838|14.433:41.300|24.153:40.356|27.530:46.459|30.209:50.917|29.627:55.626|34.025:60.344|41.998:46.495|38.942:42.498|42.385:32.885|55.260:30.429|39.037:21.175|39.138:16.938|21.451:32.711|21.413:37.820|16.967:58.926|16.016:69.566|14.675:52.513|8.000:8.000,0-25-22-11-17-14-20-1-27-8-32-3-16-28-4-10-2-30-7-0,0.001233662944287
145,moderate,sparse,WindAwareGreedy,32,16,0.5,0.5555555555555556,0.0,False,37.5,67.5,1221.960642319621,1207.078449638639,-21.960642319621066,-101.96064231962106,True,87.4284397082059,False,True,0.1331487989339336,0.0080670192648702,2.0,True,1.0,8.000:8.000|8.968:31.838|24.153:40.356|14.433:41.300|21.451:32.711|39.037:21.175|39.138:16.938|55.260:30.429|41.998:46.495|38.942:42.498|42.385:32.885|27.530:46.459|29.627:55.626|34.025:60.344|30.209:50.917|16.967:58.926|14.675:52.513|8.000:8.000,0-25-11-22-4-16-28-3-27-8-32-17-20-1-14-2-7-0,0.0013149860315024
145,moderate,sparse,ReserveOnlyPlanner,32,17,0.53125,0.5703703703703704,0.5703703703703704,True,38.5,67.5,1062.1453746271343,1178.1741370990728,137.8546253728656,57.8546253728656,False,82.81720090472218,True,False,0.1271933619706313,0.0073103488311483,2.0,False,1.0,8.000:8.000|8.968:31.838|14.433:41.300|24.153:40.356|21.451:32.711|39.037:21.175|39.138:16.938|55.260:30.429|42.385:32.885|38.942:42.498|41.998:46.495|27.530:46.459|30.209:50.917|29.627:55.626|34.025:60.344|16.967:58.926|14.675:52.513|21.413:37.820|8.000:8.000,0-25-22-11-4-16-28-3-32-8-27-17-14-20-1-2-7-10-0,0.0014853500761091
145,moderate,sparse,FairRiskAwareGreedy,32,18,0.5625,0.6814814814814815,0.6814814814814815,True,46.0,67.5,952.4079751069188,1003.1421334039502,247.59202489308103,167.59202489308106,False,108.10937542129804,True,False,0.0023964462526191,0.0001262077504594,2.8284271247461903,False,1.0,8.000:8.000|24.153:40.356|8.968:31.838|14.433:41.300|34.025:60.344|29.627:55.626|27.530:46.459|21.451:32.711|39.037:21.175|55.260:30.429|81.192:47.935|85.947:44.264|86.277:42.127|79.466:41.584|84.729:56.007|41.998:46.495|38.942:42.498|42.385:32.885|39.138:16.938|8.000:8.000,0-11-25-22-1-20-17-4-16-3-31-15-23-6-13-27-8-32-28-0,0.0022357669658958
145,moderate,sparse,FairALNSPlanner,32,24,0.75,0.8296296296296296,0.8296296296296296,True,56.0,67.5,1045.763887464132,1188.981009063442,154.23611253586762,74.23611253586762,False,126.4311272920226,True,False,0.0496100668922503,0.0019941213428043,2.0,False,1.0,8.000:8.000|8.968:31.838|14.433:41.300|16.967:58.926|16.016:69.566|34.025:60.344|29.627:55.626|30.209:50.917|27.530:46.459|24.153:40.356|21.413:37.820|21.451:32.711|42.385:32.885|41.998:46.495|38.942:42.498|39.037:21.175|74.747:39.525|79.466:41.584|86.277:42.127|85.947:44.264|81.192:47.935|84.729:56.007|73.386:75.445|55.260:30.429|39.138:16.938|8.000:8.000,0-25-22-2-30-1-20-14-17-11-10-4-32-27-8-16-21-6-23-15-31-13-12-3-28-0,15.100102030904964
145,moderate,sparse,RAWA-RHP,32,27,0.84375,0.8888888888888888,0.8888888888888888,True,60.0,67.5,1031.156194647754,1182.9276774469213,168.8438053522458,88.8438053522458,False,127.5082953048044,True,False,0.0367143774558167,0.00132306244102,2.0,False,1.0,8.000:8.000|39.138:16.938|39.037:21.175|55.260:30.429|74.747:39.525|79.466:41.584|86.277:42.127|85.947:44.264|81.192:47.935|84.729:56.007|73.386:75.445|54.384:90.226|55.090:86.717|56.145:53.793|41.998:46.495|42.385:32.885|38.942:42.498|27.530:46.459|30.209:50.917|34.025:60.344|29.627:55.626|16.967:58.926|14.675:52.513|14.433:41.300|24.153:40.356|21.413:37.820|21.451:32.711|8.968:31.838|8.000:8.000,0-28-16-3-21-6-23-15-31-13-12-29-9-26-27-32-8-17-14-1-20-2-7-22-11-10-4-25-0,98.33554293680936
146,calm,sparse,NearestNeighbor,32,31,0.96875,0.984375,0.984375,True,63.0,64.0,1094.2390390209544,1100.7470870963562,105.76096097904568,25.76096097904569,False,140.003521470075,True,False,0.0077776054574898,0.0002435713371489,2.0,False,1.0,8.000:8.000|26.981:20.113|33.986:25.334|32.309:30.853|24.773:38.128|21.126:32.826|18.911:30.608|30.134:50.565|32.851:58.607|42.861:57.625|51.212:63.267|55.198:69.363|52.147:72.548|49.517:73.469|38.103:73.838|43.625:90.087|49.794:97.203|57.799:88.022|58.539:80.116|62.504:79.890|62.424:70.348|68.271:54.480|80.078:64.027|82.091:42.716|90.608:26.427|87.505:20.344|79.625:19.002|77.833:20.231|69.405:22.972|45.252:18.281|42.002:14.011|37.992:11.091|8.000:8.000,0-12-3-6-8-28-18-26-10-14-2-7-1-22-15-25-29-19-31-30-16-20-27-11-17-13-24-5-32-4-21-23-0,0.0020661358721554
146,calm,sparse,ValuePerDistance,32,30,0.9375,0.96875,0.0,False,62.0,64.0,1345.6700019802126,1337.9979540569072,-145.6700019802126,-225.6700019802126,True,157.70221756681818,False,True,0.0101308707518056,0.0003270721013604,2.0,True,1.0,8.000:8.000|26.981:20.113|33.986:25.334|32.309:30.853|42.002:14.011|37.992:11.091|45.252:18.281|77.833:20.231|79.625:19.002|87.505:20.344|90.608:26.427|69.405:22.972|68.271:54.480|80.078:64.027|62.424:70.348|55.198:69.363|49.517:73.469|52.147:72.548|51.212:63.267|58.539:80.116|62.504:79.890|57.799:88.022|49.794:97.203|43.625:90.087|38.103:73.838|32.851:58.607|30.134:50.565|18.911:30.608|21.126:32.826|24.773:38.128|42.861:57.625|8.000:8.000,0-12-3-6-21-23-4-5-24-13-17-32-20-27-16-7-22-1-2-31-30-19-29-25-15-10-26-18-28-8-14-0,0.001738874008879
146,calm,sparse,WindAwareGreedy,32,22,0.6875,0.8203125,0.0,False,52.5,64.0,1281.937145999584,1276.9646958171606,-81.93714599958419,-161.93714599958415,True,139.08102957772618,False,True,0.033388227303821,0.0014706345378851,2.0,True,1.0,8.000:8.000|26.981:20.113|42.002:14.011|37.992:11.091|77.833:20.231|87.505:20.344|69.405:22.972|68.271:54.480|49.517:73.469|58.539:80.116|43.625:90.087|49.794:97.203|57.799:88.022|55.198:69.363|51.212:63.267|62.424:70.348|80.078:64.027|62.504:79.890|32.851:58.607|30.134:50.565|18.911:30.608|33.986:25.334|32.309:30.853|8.000:8.000,0-12-21-23-5-13-32-20-22-31-25-29-19-7-2-16-27-30-10-26-18-3-6-0,0.0016813408583402
146,calm,sparse,ReserveOnlyPlanner,32,21,0.65625,0.7421875,0.7421875,True,47.5,64.0,1116.1273832841175,1160.2267972155496,83.87261671588308,3.8726167158830833,False,126.12974008565232,True,False,0.026563382095372,0.0012191005838956,2.0,False,1.0,8.000:8.000|26.981:20.113|18.911:30.608|30.134:50.565|32.851:58.607|49.517:73.469|58.539:80.116|57.799:88.022|43.625:90.087|49.794:97.203|55.198:69.363|51.212:63.267|62.424:70.348|68.271:54.480|80.078:64.027|62.504:79.890|52.147:72.548|38.103:73.838|42.861:57.625|42.002:14.011|37.992:11.091|33.986:25.334|8.000:8.000,0-12-18-26-10-22-31-19-25-29-7-2-16-20-27-30-1-15-14-21-23-3-0,0.0017886748537421
146,calm,sparse,FairRiskAwareGreedy,32,18,0.5625,0.6875,0.6875,True,44.0,64.0,1094.3401600171003,1114.4914515610649,105.65983998289954,25.65983998289954,False,126.69015553800622,True,False,0.0125843957483207,0.0006655786676491,2.0,False,1.0,8.000:8.000|26.981:20.113|18.911:30.608|42.002:14.011|77.833:20.231|87.505:20.344|49.517:73.469|58.539:80.116|43.625:90.087|51.212:63.267|55.198:69.363|62.424:70.348|68.271:54.480|80.078:64.027|57.799:88.022|32.851:58.607|30.134:50.565|32.309:30.853|33.986:25.334|8.000:8.000,0-12-18-21-5-13-22-31-25-2-7-16-20-27-19-10-26-6-3-0,0.0028950609266757
146,calm,sparse,FairALNSPlanner,32,31,0.96875,0.984375,0.984375,True,63.0,64.0,1054.4034764655703,1136.703100544849,145.5965235344301,65.5965235344301,False,141.91192283203142,True,False,0.0164103572176829,0.000515339737671,2.0,False,1.0,8.000:8.000|26.981:20.113|33.986:25.334|32.309:30.853|21.126:32.826|18.911:30.608|24.773:38.128|30.134:50.565|32.851:58.607|42.861:57.625|51.212:63.267|58.539:80.116|62.504:79.890|57.799:88.022|49.794:97.203|43.625:90.087|38.103:73.838|49.517:73.469|52.147:72.548|55.198:69.363|62.424:70.348|80.078:64.027|68.271:54.480|82.091:42.716|90.608:26.427|87.505:20.344|79.625:19.002|77.833:20.231|69.405:22.972|45.252:18.281|42.002:14.011|37.992:11.091|8.000:8.000,0-12-3-6-28-18-8-26-10-14-2-31-30-19-29-25-15-22-1-7-16-27-20-11-17-13-24-5-32-4-21-23-0,18.226965486072004
146,calm,sparse,RAWA-RHP,32,31,0.96875,0.984375,0.984375,True,63.0,64.0,1019.4029044032508,1095.8201641937503,180.5970955967494,100.5970955967494,False,138.81541626346092,True,False,0.0168437587574075,0.0005291095022816,2.0,False,1.0,8.000:8.000|26.981:20.113|33.986:25.334|32.309:30.853|21.126:32.826|18.911:30.608|24.773:38.128|30.134:50.565|32.851:58.607|42.861:57.625|51.212:63.267|55.198:69.363|52.147:72.548|49.517:73.469|38.103:73.838|43.625:90.087|49.794:97.203|57.799:88.022|58.539:80.116|62.504:79.890|62.424:70.348|80.078:64.027|68.271:54.480|82.091:42.716|90.608:26.427|87.505:20.344|79.625:19.002|77.833:20.231|69.405:22.972|45.252:18.281|42.002:14.011|37.992:11.091|8.000:8.000,0-12-3-6-28-18-8-26-10-14-2-7-1-22-15-25-29-19-31-30-16-27-20-11-17-13-24-5-32-4-21-23-0,90.86479326011612
147,calm,cluttered,NearestNeighbor,32,27,0.84375,0.7886178861788617,0.0,False,48.5,61.5,1370.438272147274,1363.9004601916413,-170.43827214727392,-250.43827214727392,True,153.1532480715346,False,True,0.0525285272584977,0.0019160155712596,2.0,True,1.0,8.000:8.000|17.345:29.597|21.701:30.313|29.004:39.458|39.292:31.634|44.294:42.732|48.277:55.004|59.982:61.910|53.800:71.642|49.798:72.338|32.873:71.740|27.994:82.810|17.175:85.303|11.621:76.410|62.243:42.622|66.374:50.648|72.821:52.518|79.866:49.079|80.231:47.081|85.128:53.167|89.521:66.777|91.579:75.463|85.853:86.602|78.378:74.807|73.683:35.322|71.291:34.171|83.032:30.161|81.218:16.378|8.000:8.000,0-4-30-25-12-6-23-1-2-5-21-15-14-29-16-24-10-26-7-19-17-8-20-28-13-32-27-22-0,0.0020328231621533
147,calm,cluttered,ValuePerDistance,32,25,0.78125,0.8292682926829268,0.0,False,51.0,61.5,1356.2672286916486,1353.0259224014544,-156.26722869164843,-236.26722869164843,True,149.83660672754408,False,True,0.0450898704065393,0.0017633792295352,2.0,True,1.0,8.000:8.000|30.760:16.819|39.813:10.442|39.292:31.634|44.294:42.732|48.277:55.004|53.800:71.642|49.798:72.338|32.873:71.740|27.994:82.810|11.621:76.410|17.175:85.303|85.853:86.602|91.579:75.463|89.521:66.777|79.866:49.079|80.231:47.081|85.128:53.167|72.821:52.518|66.374:50.648|62.243:42.622|73.683:35.322|71.291:34.171|83.032:30.161|81.218:16.378|93.903:13.979|8.000:8.000,0-3-18-12-6-23-2-5-21-15-29-14-20-8-17-26-7-19-10-24-16-13-32-27-22-11-0,0.0015500918962061
147,calm,cluttered,WindAwareGreedy,32,20,0.625,0.7235772357723578,0.0,False,44.5,61.5,1347.3984174206323,1330.3835702025012,-147.39841742063223,-227.39841742063223,True,141.80528839752373,False,True,0.0275183259033602,0.0013241951634408,2.0,True,1.0,8.000:8.000|30.760:16.819|39.813:10.442|39.292:31.634|44.294:42.732|79.866:49.079|93.903:13.979|81.218:16.378|70.899:9.047|71.566:11.732|73.683:35.322|62.243:42.622|48.277:55.004|53.800:71.642|85.853:86.602|89.521:66.777|72.821:52.518|85.128:53.167|80.231:47.081|71.291:34.171|83.032:30.161|8.000:8.000,0-3-18-12-6-26-11-22-31-9-13-16-23-2-20-17-10-19-7-32-27-0,0.0016304010059684
147,calm,cluttered,ReserveOnlyPlanner,32,19,0.59375,0.6504065040650406,0.6504065040650406,True,40.0,61.5,1117.1943816783892,1159.7051929302197,82.80561832161064,2.8056183216106376,False,121.60840577478132,True,False,0.0308873995770931,0.0015626135431774,2.0,False,1.0,8.000:8.000|30.760:16.819|39.813:10.442|39.292:31.634|44.294:42.732|48.277:55.004|79.866:49.079|72.821:52.518|62.243:42.622|73.683:35.322|93.903:13.979|81.218:16.378|70.899:9.047|71.566:11.732|71.291:34.171|83.032:30.161|85.128:53.167|80.231:47.081|66.374:50.648|29.004:39.458|8.000:8.000,0-3-18-12-6-23-26-10-16-13-11-22-31-9-32-27-19-7-24-25-0,0.0016448379028588
147,calm,cluttered,FairRiskAwareGreedy,32,12,0.375,0.4796747967479675,0.4796747967479675,True,29.5,61.5,1058.3507689471114,1074.238849812007,141.64923105288884,61.64923105288884,False,113.46614182082264,True,False,0.0100985178385202,0.0007795864611903,2.0,False,1.0,8.000:8.000|30.760:16.819|39.813:10.442|44.294:42.732|93.903:13.979|79.866:49.079|85.853:86.602|48.277:55.004|62.243:42.622|73.683:35.322|70.899:9.047|71.566:11.732|81.218:16.378|8.000:8.000,0-3-18-6-11-26-20-23-16-13-31-9-22-0,0.0020640820730477
147,calm,cluttered,FairALNSPlanner,32,25,0.78125,0.8455284552845529,0.8455284552845529,True,52.0,61.5,1054.6123911174925,1124.9802569736062,145.3876088825074,65.38760888250741,False,134.20934112167316,True,False,0.0073182574477771,0.0002819747805426,2.0,False,1.0,8.000:8.000|30.760:16.819|39.813:10.442|70.899:9.047|71.566:11.732|81.218:16.378|93.903:13.979|83.032:30.161|71.291:34.171|73.683:35.322|80.231:47.081|79.866:49.079|85.128:53.167|72.821:52.518|53.800:71.642|49.798:72.338|85.853:86.602|91.579:75.463|89.521:66.777|62.243:42.622|48.277:55.004|44.294:42.732|39.292:31.634|29.004:39.458|21.701:30.313|17.345:29.597|8.000:8.000,0-3-18-31-9-22-11-27-32-13-7-26-19-10-2-5-20-8-17-16-23-6-12-25-30-4-0,16.450678795808926
147,calm,cluttered,RAWA-RHP,32,28,0.875,0.8943089430894309,0.8943089430894309,True,55.0,61.5,1040.719758972101,1116.3129441022218,159.28024102789863,79.28024102789863,False,136.505877680793,True,False,0.0135765580953268,0.0004701790353582,2.0,False,1.0,8.000:8.000|30.760:16.819|39.813:10.442|70.899:9.047|71.566:11.732|81.218:16.378|93.903:13.979|83.032:30.161|73.683:35.322|71.291:34.171|62.243:42.622|72.821:52.518|66.374:50.648|79.866:49.079|80.231:47.081|85.128:53.167|89.521:66.777|91.579:75.463|85.853:86.602|78.378:74.807|59.982:61.910|53.800:71.642|49.798:72.338|48.277:55.004|44.294:42.732|39.292:31.634|29.004:39.458|21.701:30.313|17.345:29.597|8.000:8.000,0-3-18-31-9-22-11-27-13-32-16-10-24-26-7-19-17-8-20-28-1-2-5-23-6-12-25-30-4-0,69.3390477730427
147,severe,sparse,NearestNeighbor,32,16,0.5,0.5163934426229508,0.0,False,31.5,61.0,2081.2018065929565,2024.336723805804,-881.2018065929565,-961.2018065929564,True,97.93369864971068,False,True,0.3002331913113714,0.0188758799853033,2.0,True,1.0,8.000:8.000|20.984:24.027|30.340:20.238|43.713:22.915|37.941:36.388|34.947:33.882|43.022:42.284|48.499:54.364|51.889:55.484|64.305:45.155|74.789:39.277|73.259:32.793|81.424:30.779|63.904:27.750|76.150:68.085|77.274:78.018|80.483:77.057|8.000:8.000,0-26-13-4-25-29-23-22-27-16-31-2-20-9-30-18-15-0,0.0014928651507943
147,severe,sparse,ValuePerDistance,32,14,0.4375,0.4918032786885246,0.0,False,30.0,61.0,1991.0325948344696,1981.1836652788743,-791.0325948344699,-871.0325948344699,True,91.74310895985748,False,True,0.1043523349476123,0.0072161995634125,2.0,True,1.0,8.000:8.000|20.984:24.027|30.340:20.238|43.713:22.915|43.022:42.284|48.499:54.364|51.889:55.484|76.150:68.085|80.483:77.057|77.274:78.018|72.407:87.931|96.305:84.228|81.424:30.779|74.789:39.277|73.259:32.793|8.000:8.000,0-26-13-4-23-22-27-30-15-18-24-14-20-31-2-0,0.0010316940024495
147,severe,sparse,WindAwareGreedy,32,14,0.4375,0.4918032786885246,0.0,False,30.0,61.0,1935.628250212298,1981.1836652788743,-735.6282502122978,-815.6282502122978,True,91.74310895985748,False,True,0.1043523349476123,0.0072161995634125,2.0,True,1.0,8.000:8.000|20.984:24.027|30.340:20.238|43.713:22.915|43.022:42.284|48.499:54.364|51.889:55.484|76.150:68.085|80.483:77.057|77.274:78.018|72.407:87.931|96.305:84.228|81.424:30.779|74.789:39.277|73.259:32.793|8.000:8.000,0-26-13-4-23-22-27-30-15-18-24-14-20-31-2-0,0.0011855608318001
147,severe,sparse,ReserveOnlyPlanner,32,7,0.21875,0.2868852459016393,0.2868852459016393,True,17.5,61.0,1025.3048973928005,1140.446801655623,174.69510260719983,94.69510260719984,False,50.6932162997509,True,False,0.0319645555001005,0.0040138581781559,2.0,False,1.0,8.000:8.000|20.984:24.027|30.340:20.238|43.713:22.915|43.022:42.284|48.499:54.364|51.889:55.484|41.175:72.659|8.000:8.000,0-26-13-4-23-22-27-21-0,0.0007810979150235
147,severe,sparse,FairRiskAwareGreedy,32,13,0.40625,0.5,0.5,True,30.5,61.0,1042.134612782925,1105.7194463013518,157.8653872170751,77.8653872170751,False,94.59336860826852,True,False,0.0115969785977635,0.0008307398819718,2.8284271247461903,False,1.0,8.000:8.000|20.984:24.027|48.499:54.364|51.889:55.484|43.022:42.284|30.966:82.218|34.209:80.011|24.410:67.634|26.511:76.229|21.522:89.602|39.423:77.145|41.175:72.659|76.150:68.085|37.941:36.388|8.000:8.000,0-26-22-27-23-11-7-10-3-28-8-21-30-25-0,0.0017430039588361
147,severe,sparse,FairALNSPlanner,32,21,0.65625,0.7213114754098361,0.7213114754098361,True,44.0,61.0,1025.1530756808445,1177.1632213044977,174.84692431915545,94.84692431915543,False,104.05048036816522,True,False,0.0473283535877436,0.0021834930165869,2.0,False,1.0,8.000:8.000|30.340:20.238|43.713:22.915|34.947:33.882|37.941:36.388|43.022:42.284|48.499:54.364|51.889:55.484|76.150:68.085|80.483:77.057|41.175:72.659|39.423:77.145|40.938:83.156|42.084:87.450|42.155:89.489|34.459:82.636|34.209:80.011|30.966:82.218|24.410:67.634|26.511:76.229|20.992:64.561|20.984:24.027|8.000:8.000,0-13-4-29-25-23-22-27-30-15-21-8-6-17-12-19-7-11-10-3-5-26-0,11.988992545055224
147,severe,sparse,RAWA-RHP,32,23,0.71875,0.7786885245901639,0.7786885245901639,True,47.5,61.0,1034.1636518937182,1217.926721354953,165.83634810628158,85.83634810628158,False,108.5625510942476,True,False,0.038238656673721,0.0016083619684347,2.0,False,1.0,8.000:8.000|20.984:24.027|20.992:64.561|24.410:67.634|26.511:76.229|21.522:89.602|28.641:93.603|34.182:97.392|42.155:89.489|42.084:87.450|40.938:83.156|34.459:82.636|30.966:82.218|34.209:80.011|39.423:77.145|41.175:72.659|76.150:68.085|51.889:55.484|48.499:54.364|43.022:42.284|34.947:33.882|37.941:36.388|43.713:22.915|30.340:20.238|8.000:8.000,0-26-5-10-3-28-32-1-12-17-6-19-11-7-8-21-30-27-22-23-29-25-4-13-0,48.32400400098413
148,calm,sparse,NearestNeighbor,32,32,1.0,1.0,0.0,False,60.5,60.5,1346.969970896679,1345.5363019664871,-146.96997089667929,-226.96997089667929,True,167.58566657454728,False,True,0.0082178304811135,0.0002496715551594,2.0,True,1.0,8.000:8.000|24.593:34.783|26.960:34.572|30.956:34.288|35.296:44.530|38.333:58.490|44.121:64.553|41.636:69.544|50.684:72.502|55.593:77.849|55.140:81.030|64.805:72.711|69.256:68.833|68.938:66.316|70.233:58.404|64.916:56.890|72.386:52.567|67.896:41.739|73.941:33.052|69.035:25.113|63.662:24.922|59.143:29.713|85.464:38.102|90.331:41.651|91.547:33.070|90.117:15.114|18.778:39.405|18.616:46.079|12.329:57.695|32.167:75.962|37.044:78.404|38.390:82.266|9.082:90.320|8.000:8.000,0-10-9-2-18-28-6-27-20-16-23-26-32-8-21-7-24-13-3-17-14-15-11-5-4-25-12-19-31-1-22-30-29-0,0.0023518269881606
148,calm,sparse,ValuePerDistance,32,30,0.9375,0.9586776859504132,0.0,False,58.0,60.5,1251.3585624894122,1256.4759322557538,-51.35856248941195,-131.35856248941195,True,156.15957916434095,False,True,0.0091693294879665,0.0002966266940205,2.0,True,1.0,8.000:8.000|30.956:34.288|26.960:34.572|24.593:34.783|18.778:39.405|18.616:46.079|38.333:58.490|44.121:64.553|41.636:69.544|32.167:75.962|37.044:78.404|38.390:82.266|55.593:77.849|55.140:81.030|69.256:68.833|68.938:66.316|64.916:56.890|70.233:58.404|72.386:52.567|67.896:41.739|85.464:38.102|90.331:41.651|91.547:33.070|90.117:15.114|73.941:33.052|69.035:25.113|63.662:24.922|59.143:29.713|35.296:44.530|9.082:90.320|12.329:57.695|8.000:8.000,0-2-9-10-12-19-28-6-27-1-22-30-16-23-32-8-7-21-24-13-11-5-4-25-3-17-14-15-18-29-31-0,0.0024287290871143
148,calm,sparse,WindAwareGreedy,32,20,0.625,0.768595041322314,0.0,False,46.5,60.5,1393.384571022604,1387.0842430590872,-193.384571022604,-273.384571022604,True,150.529046245975,False,True,0.0118651222382402,0.0005674836162951,2.0,True,1.0,8.000:8.000|30.956:34.288|26.960:34.572|32.167:75.962|55.593:77.849|69.256:68.833|64.916:56.890|38.333:58.490|35.296:44.530|67.896:41.739|90.117:15.114|85.464:38.102|70.233:58.404|68.938:66.316|55.140:81.030|41.636:69.544|37.044:78.404|38.390:82.266|9.082:90.320|44.121:64.553|50.684:72.502|8.000:8.000,0-2-9-1-16-32-7-28-18-13-25-11-21-8-23-27-22-30-29-6-20-0,0.0015475689433515
148,calm,sparse,ReserveOnlyPlanner,32,21,0.65625,0.7355371900826446,0.7355371900826446,True,44.5,60.5,1105.9657609777128,1145.837831883684,94.03423902228712,14.034239022287124,False,129.58901774465068,True,False,0.0138287871351751,0.0006320155147154,2.0,False,1.0,8.000:8.000|30.956:34.288|26.960:34.572|24.593:34.783|35.296:44.530|38.333:58.490|32.167:75.962|55.593:77.849|69.256:68.833|64.916:56.890|70.233:58.404|67.896:41.739|85.464:38.102|90.117:15.114|59.143:29.713|63.662:24.922|69.035:25.113|73.941:33.052|72.386:52.567|68.938:66.316|55.140:81.030|44.121:64.553|8.000:8.000,0-2-9-10-18-28-1-16-32-7-21-13-11-25-15-14-17-3-24-8-23-6-0,0.001459517981857
148,calm,sparse,FairRiskAwareGreedy,32,15,0.46875,0.6198347107438017,0.6198347107438017,True,37.5,60.5,1097.5304766728125,1114.952343099615,102.46952332718742,22.469523327187417,False,122.1745055937794,True,False,0.0110295540348664,0.0006919853092899,2.0,False,1.0,8.000:8.000|30.956:34.288|26.960:34.572|64.916:56.890|69.256:68.833|55.593:77.849|32.167:75.962|38.333:58.490|35.296:44.530|90.117:15.114|67.896:41.739|85.464:38.102|70.233:58.404|41.636:69.544|37.044:78.404|24.593:34.783|8.000:8.000,0-2-9-7-32-16-1-28-18-25-13-11-21-27-22-10-0,0.0026329921092838
148,calm,sparse,FairALNSPlanner,32,28,0.875,0.9338842975206612,0.9338842975206612,True,56.5,60.5,1058.874668160956,1108.0810245881385,141.12533183904412,61.12533183904412,False,137.2087872506337,True,False,0.006137657039715,0.0002120676139838,2.0,False,1.0,8.000:8.000|24.593:34.783|26.960:34.572|59.143:29.713|63.662:24.922|69.035:25.113|90.117:15.114|91.547:33.070|90.331:41.651|85.464:38.102|67.896:41.739|72.386:52.567|64.916:56.890|70.233:58.404|68.938:66.316|69.256:68.833|64.805:72.711|55.140:81.030|55.593:77.849|50.684:72.502|37.044:78.404|38.390:82.266|9.082:90.320|32.167:75.962|41.636:69.544|44.121:64.553|38.333:58.490|35.296:44.530|30.956:34.288|8.000:8.000,0-10-9-15-14-17-25-4-5-11-13-24-7-21-8-32-26-23-16-20-22-30-29-1-27-6-28-18-2-0,17.75100390915759
148,calm,sparse,RAWA-RHP,32,29,0.90625,0.9256198347107438,0.9256198347107438,True,56.0,60.5,1037.0226494469637,1099.7710877056825,162.97735055303636,82.97735055303636,False,137.97870176649667,True,False,0.0031277020739848,0.0001043455991376,2.0,False,1.0,8.000:8.000|24.593:34.783|26.960:34.572|30.956:34.288|35.296:44.530|38.333:58.490|67.896:41.739|59.143:29.713|63.662:24.922|69.035:25.113|90.117:15.114|85.464:38.102|90.331:41.651|72.386:52.567|64.916:56.890|70.233:58.404|68.938:66.316|69.256:68.833|64.805:72.711|55.140:81.030|55.593:77.849|50.684:72.502|44.121:64.553|41.636:69.544|38.390:82.266|37.044:78.404|32.167:75.962|12.329:57.695|18.616:46.079|18.778:39.405|8.000:8.000,0-10-9-2-18-28-13-15-14-17-25-11-5-24-7-21-8-32-26-23-16-20-6-27-30-22-1-31-19-12-0,33.55187588604167
143,moderate,sparse,NearestNeighbor,32,26,0.8125,0.8235294117647058,0.0,False,49.0,59.5,1424.7507890772729,1406.8296269090283,-224.75078907727303,-304.75078907727305,True,139.06448481733975,False,True,0.0569857746914704,0.0021619348441537,2.0,True,1.0,8.000:8.000|34.690:11.086|46.107:16.507|50.867:17.159|44.204:25.088|55.262:33.011|57.723:33.841|60.652:29.038|63.366:22.213|75.162:29.258|75.762:32.470|70.095:37.094|65.458:42.304|73.426:51.379|75.466:47.522|81.561:38.310|58.243:52.964|52.353:40.161|39.504:40.686|28.111:41.277|25.119:46.387|14.867:48.341|18.015:34.213|26.945:29.426|28.139:77.596|23.121:87.502|29.507:91.083|8.000:8.000,0-18-15-10-31-28-8-6-21-3-13-14-2-1-19-24-30-9-22-26-17-5-4-20-7-27-11-0,0.0020209508948028
143,moderate,sparse,ValuePerDistance,32,24,0.75,0.8319327731092437,0.0,False,49.5,59.5,1280.2069670128776,1291.7471858127988,-80.20696701287757,-160.20696701287756,True,128.4784671234748,False,True,0.0520212732297096,0.0020332877510516,2.0,True,1.0,8.000:8.000|34.690:11.086|46.107:16.507|50.867:17.159|60.652:29.038|57.723:33.841|55.262:33.011|52.353:40.161|58.243:52.964|73.426:51.379|75.466:47.522|70.095:37.094|75.162:29.258|75.762:32.470|81.561:38.310|42.888:81.509|46.718:76.043|51.995:76.710|56.392:83.431|57.072:80.446|28.139:77.596|23.121:87.502|29.507:91.083|14.867:48.341|18.015:34.213|8.000:8.000,0-18-15-10-6-8-28-9-30-1-19-14-3-13-24-32-16-12-23-25-7-27-11-5-4-0,0.0015573059208691
143,moderate,sparse,WindAwareGreedy,32,16,0.5,0.5882352941176471,0.0,False,35.0,59.5,1270.556437526758,1279.7067847808778,-70.55643752675799,-150.55643752675795,True,113.51618581783126,False,True,0.0214017064473829,0.001267285927497,2.0,True,1.0,8.000:8.000|34.690:11.086|14.867:48.341|18.015:34.213|28.139:77.596|42.888:81.509|29.507:91.083|23.121:87.502|58.243:52.964|70.095:37.094|60.652:29.038|52.353:40.161|39.504:40.686|26.945:29.426|25.119:46.387|28.111:41.277|44.204:25.088|8.000:8.000,0-18-5-4-7-32-11-27-30-14-6-9-22-20-17-26-31-0,0.0013846759684383
143,moderate,sparse,ReserveOnlyPlanner,32,14,0.4375,0.5294117647058824,0.5294117647058824,True,31.5,59.5,1113.5115340982677,1182.1347496913909,86.48846590173251,6.488465901732511,False,98.74933317152424,True,False,0.0224990175607512,0.001511091778451,2.0,False,1.0,8.000:8.000|34.690:11.086|18.015:34.213|14.867:48.341|28.139:77.596|42.888:81.509|29.507:91.083|23.121:87.502|12.636:83.541|25.119:46.387|39.504:40.686|58.243:52.964|52.353:40.161|70.095:37.094|55.262:33.011|8.000:8.000,0-18-4-5-7-32-11-27-29-17-22-30-9-14-28-0,0.0013565579429268
143,moderate,sparse,FairRiskAwareGreedy,32,15,0.46875,0.5882352941176471,0.5882352941176471,True,35.0,59.5,1078.1588571661075,1130.280895164528,121.84114283389214,41.841142833892135,False,122.76379925594016,True,False,0.0037087433107412,0.000231923093791,2.0,False,1.0,8.000:8.000|34.690:11.086|70.095:37.094|58.243:52.964|28.139:77.596|42.888:81.509|14.867:48.341|18.015:34.213|60.652:29.038|75.466:47.522|73.426:51.379|39.504:40.686|52.353:40.161|26.945:29.426|55.262:33.011|57.723:33.841|8.000:8.000,0-18-14-30-7-32-5-4-6-19-1-22-9-20-28-8-0,0.0022840180899947
143,moderate,sparse,FairALNSPlanner,32,27,0.84375,0.8991596638655462,0.8991596638655462,True,53.5,59.5,1049.108402249809,1203.036824031196,150.89159775019118,70.89159775019118,False,134.29834102385323,True,False,0.026841911175912,0.0009667106929865,2.0,False,1.0,8.000:8.000|26.945:29.426|34.690:11.086|46.107:16.507|50.867:17.159|63.366:22.213|60.652:29.038|57.723:33.841|55.262:33.011|52.353:40.161|39.504:40.686|28.111:41.277|25.119:46.387|14.867:48.341|28.139:77.596|23.121:87.502|29.507:91.083|42.888:81.509|46.718:76.043|51.995:76.710|56.392:83.431|57.072:80.446|58.243:52.964|73.426:51.379|75.466:47.522|70.095:37.094|65.458:42.304|18.015:34.213|8.000:8.000,0-20-18-15-10-21-6-8-28-9-22-26-17-5-7-27-11-32-16-12-23-25-30-1-19-14-2-4-0,17.779109698021784
143,moderate,sparse,RAWA-RHP,32,31,0.96875,0.9831932773109244,0.9831932773109244,True,58.5,59.5,1051.5653120759769,1222.991456242503,148.4346879240233,68.43468792402331,False,142.28802199140304,True,False,0.0623281339769142,0.0019977773365478,2.0,False,1.0,8.000:8.000|34.690:11.086|46.107:16.507|50.867:17.159|63.366:22.213|60.652:29.038|57.723:33.841|55.262:33.011|52.353:40.161|65.458:42.304|70.095:37.094|75.762:32.470|75.162:29.258|81.561:38.310|75.466:47.522|73.426:51.379|58.243:52.964|57.072:80.446|56.392:83.431|51.995:76.710|46.718:76.043|42.888:81.509|29.507:91.083|23.121:87.502|28.139:77.596|12.636:83.541|14.867:48.341|25.119:46.387|28.111:41.277|39.504:40.686|26.945:29.426|18.015:34.213|8.000:8.000,0-18-15-10-21-6-8-28-9-2-14-13-3-24-19-1-30-25-23-12-16-32-11-27-7-29-5-17-26-22-20-4-0,182.6404602609109
146,calm,cluttered,NearestNeighbor,32,28,0.875,0.8421052631578947,0.0,False,56.0,66.5,1408.0497621390136,1392.8854230259094,-208.0497621390137,-288.04976213901364,True,158.2727140837364,False,True,0.047718087313987,0.001680255751608,2.0,True,1.0,8.000:8.000|32.762:24.775|41.510:22.375|37.823:15.827|51.095:15.988|68.831:32.954|71.032:28.007|83.954:35.233|87.390:36.126|80.172:43.809|69.913:54.162|61.262:63.455|54.304:68.092|57.396:81.123|49.570:81.538|40.091:78.474|38.660:73.310|38.390:59.195|23.853:61.036|17.025:65.593|14.029:86.162|17.690:96.043|24.364:95.881|67.885:79.022|75.763:77.564|81.015:71.689|79.332:69.826|86.958:62.156|86.727:78.788|8.000:8.000,0-10-32-9-5-24-11-7-26-19-21-30-6-29-2-22-4-14-3-1-13-20-12-18-25-8-28-16-23-0,0.002042569918558
146,calm,cluttered,ValuePerDistance,32,26,0.8125,0.8345864661654135,0.0,False,55.5,66.5,1237.147318438294,1240.9153050786235,-37.14731843829419,-117.1473184382942,True,142.67792100316208,False,True,0.0470657572482894,0.0017796848990823,2.0,True,1.0,8.000:8.000|32.762:24.775|37.823:15.827|41.510:22.375|35.127:39.954|42.467:43.551|38.390:59.195|23.853:61.036|17.025:65.593|15.964:43.801|26.907:39.702|61.262:63.455|54.304:68.092|49.570:81.538|57.396:81.123|67.885:79.022|75.763:77.564|79.332:69.826|81.015:71.689|86.727:78.788|86.958:62.156|80.172:43.809|83.954:35.233|87.390:36.126|68.831:32.954|71.032:28.007|51.095:15.988|8.000:8.000,0-10-9-32-27-31-14-3-1-15-17-30-6-2-29-18-25-28-8-23-16-19-7-26-24-11-5-0,0.0015831040218472
146,calm,cluttered,WindAwareGreedy,32,19,0.59375,0.6616541353383458,0.0,False,44.0,66.5,1469.8854827285286,1478.2278743136071,-269.8854827285288,-349.8854827285288,True,152.49113532213127,False,True,0.0462893307789262,0.002361851492664,2.0,True,1.0,8.000:8.000|15.964:43.801|35.127:39.954|38.390:59.195|61.262:63.455|79.332:69.826|68.831:32.954|37.823:15.827|32.762:24.775|42.467:43.551|26.907:39.702|41.510:22.375|51.095:15.988|80.172:43.809|83.954:35.233|71.032:28.007|49.570:81.538|40.091:78.474|24.364:95.881|17.690:96.043|8.000:8.000,0-15-27-14-30-28-24-9-10-31-17-32-5-19-7-11-2-22-12-20-0,0.0016672839410603
146,calm,cluttered,ReserveOnlyPlanner,32,17,0.53125,0.631578947368421,0.631578947368421,True,42.0,66.5,1029.2618918190487,1060.2822522247689,170.7381081809512,90.7381081809512,False,110.89607141713168,True,False,0.0333992255612027,0.0018813881568339,2.0,False,1.0,8.000:8.000|15.964:43.801|35.127:39.954|38.390:59.195|61.262:63.455|79.332:69.826|75.763:77.564|67.885:79.022|49.570:81.538|40.091:78.474|24.364:95.881|14.029:86.162|23.853:61.036|42.467:43.551|32.762:24.775|37.823:15.827|41.510:22.375|26.907:39.702|8.000:8.000,0-15-27-14-30-28-25-18-2-22-12-13-3-31-10-9-32-17-0,0.0015771011821925
146,calm,cluttered,FairRiskAwareGreedy,32,13,0.40625,0.5112781954887218,0.5112781954887218,True,34.0,66.5,1100.1382125979385,1115.3080289264335,99.86178740206162,19.861787402061623,False,120.69155863206868,True,False,0.0060728744201223,0.0004345072046873,2.0,False,1.0,8.000:8.000|15.964:43.801|38.390:59.195|35.127:39.954|32.762:24.775|37.823:15.827|42.467:43.551|61.262:63.455|79.332:69.826|68.831:32.954|41.510:22.375|14.029:86.162|24.364:95.881|23.853:61.036|8.000:8.000,0-15-14-27-10-9-31-30-28-24-32-13-12-3-0,0.0020009391009807
146,calm,cluttered,FairALNSPlanner,32,24,0.75,0.8270676691729323,0.8270676691729323,True,55.0,66.5,1059.102650404555,1113.0141897491364,140.897349595445,60.89734959544501,False,131.8123557974338,True,False,0.0424437684598442,0.0017282453954401,2.0,False,1.0,8.000:8.000|15.964:43.801|23.853:61.036|38.390:59.195|38.660:73.310|40.091:78.474|24.364:95.881|14.029:86.162|49.570:81.538|57.396:81.123|67.885:79.022|75.763:77.564|81.015:71.689|79.332:69.826|61.262:63.455|69.913:54.162|80.172:43.809|68.831:32.954|71.032:28.007|42.467:43.551|35.127:39.954|26.907:39.702|32.762:24.775|41.510:22.375|37.823:15.827|8.000:8.000,0-15-3-14-4-22-12-13-2-29-18-25-8-28-30-21-19-24-11-31-27-17-10-32-9-0,14.436737689888105
146,calm,cluttered,RAWA-RHP,32,28,0.875,0.8872180451127819,0.8872180451127819,True,59.0,66.5,1055.4013768584784,1125.063563818646,144.5986231415219,64.5986231415219,False,138.08007137782457,True,False,0.0414605630725511,0.0014552012114327,2.0,False,1.0,8.000:8.000|15.964:43.801|26.907:39.702|35.127:39.954|42.467:43.551|38.390:59.195|23.853:61.036|17.025:65.593|14.029:86.162|17.690:96.043|24.364:95.881|40.091:78.474|49.570:81.538|57.396:81.123|67.885:79.022|75.763:77.564|86.727:78.788|81.015:71.689|79.332:69.826|86.958:62.156|87.390:36.126|83.954:35.233|80.172:43.809|68.831:32.954|71.032:28.007|51.095:15.988|37.823:15.827|41.510:22.375|32.762:24.775|8.000:8.000,0-15-17-27-31-14-3-1-13-20-12-22-2-29-18-25-23-8-28-16-26-7-19-24-11-5-9-32-10-0,115.1957981060259
148,severe,cluttered,NearestNeighbor,32,20,0.625,0.635593220338983,0.0,False,37.5,59.0,1714.8728598819346,1739.7534218121048,-514.8728598819345,-594.8728598819345,True,100.37627102537328,False,True,0.2691369250819317,0.0145556811152506,2.0,True,1.0,8.000:8.000|8.358:57.269|17.459:62.083|23.050:61.040|25.107:68.622|30.367:81.068|28.577:83.896|35.193:90.748|51.451:89.640|57.566:93.211|59.866:95.304|77.663:95.278|80.488:72.087|80.162:66.056|78.925:61.987|74.586:54.455|72.578:57.233|73.233:43.142|65.586:45.171|60.138:35.436|60.232:28.509|8.000:8.000,0-7-4-29-21-28-9-17-24-12-20-27-13-14-15-11-5-8-22-30-6-0,0.0017421569209545
148,severe,cluttered,ValuePerDistance,32,18,0.5625,0.6101694915254238,0.0,False,36.0,59.0,1707.3721317066388,1757.7740407255162,-507.3721317066388,-587.3721317066388,True,96.36072096742916,False,True,0.3457453977857436,0.02115730291386,2.0,True,1.0,8.000:8.000|17.459:62.083|23.050:61.040|25.107:68.622|28.577:83.896|30.367:81.068|40.797:77.534|47.617:82.079|51.451:89.640|57.566:93.211|59.866:95.304|80.162:66.056|78.925:61.987|72.578:57.233|74.586:54.455|73.233:43.142|65.586:45.171|60.232:28.509|60.138:35.436|8.000:8.000,0-4-29-21-9-28-16-25-24-12-20-14-15-5-11-8-22-6-30-0,0.0012265599798411
148,severe,cluttered,WindAwareGreedy,32,14,0.4375,0.4661016949152542,0.0,False,27.5,59.0,1815.438081410728,1769.902985992248,-615.4380814107283,-695.4380814107283,True,104.881049088261,False,True,0.2386953732501753,0.0162381595681938,2.0,True,1.0,8.000:8.000|17.459:62.083|25.107:68.622|28.577:83.896|40.797:77.534|57.566:93.211|51.451:89.640|47.617:82.079|30.367:81.068|12.684:74.706|8.358:57.269|23.050:61.040|34.005:48.722|44.004:59.745|44.315:64.326|8.000:8.000,0-4-21-9-16-12-24-25-28-1-7-29-31-32-18-0,0.0012367628514766
148,severe,cluttered,ReserveOnlyPlanner,32,4,0.125,0.135593220338983,0.135593220338983,True,8.0,59.0,1059.9357958343796,1112.0070709540223,140.06420416562048,60.06420416562048,False,44.90506089367327,True,False,0.1108688621524852,0.0227247224372469,2.0,False,1.0,8.000:8.000|60.232:28.509|60.138:35.436|73.233:43.142|74.586:54.455|8.000:8.000,0-6-30-8-11-0,0.0005626431666314
148,severe,cluttered,FairRiskAwareGreedy,32,13,0.40625,0.4406779661016949,0.4406779661016949,True,26.0,59.0,1081.9972886256717,1148.2402282293356,118.00271137432829,38.00271137432827,False,103.39795038521184,True,False,0.0028635099447105,0.0002045602393189,2.8284271247461903,False,1.0,8.000:8.000|17.459:62.083|28.577:83.896|25.107:68.622|8.358:57.269|23.050:61.040|34.005:48.722|12.684:74.706|40.797:77.534|57.566:93.211|51.451:89.640|47.617:82.079|44.315:64.326|30.367:81.068|8.000:8.000,0-4-9-21-7-29-31-1-16-12-24-25-18-28-0,0.0015104890335351
148,severe,cluttered,FairALNSPlanner,32,17,0.53125,0.5169491525423728,0.5169491525423728,True,30.5,59.0,1013.8800093086118,1225.2611060160448,186.1199906913884,106.11999069138838,False,104.89125665530696,True,False,0.0001330053087428,7.389576349079194e-06,2.8284271247461903,False,1.0,8.000:8.000|8.358:57.269|17.459:62.083|12.684:74.706|14.563:89.028|25.107:68.622|23.050:61.040|44.004:59.745|44.315:64.326|40.797:77.534|47.617:82.079|51.451:89.640|57.566:93.211|59.866:95.304|77.663:95.278|28.577:83.896|30.367:81.068|34.005:48.722|8.000:8.000,0-7-4-1-3-21-29-32-18-16-25-24-12-20-27-9-28-31-0,7.545692129060626
148,severe,cluttered,RAWA-RHP,32,19,0.59375,0.5932203389830508,0.5932203389830508,True,35.0,59.0,1038.6056320612147,1242.7790056400718,161.39436793878525,81.39436793878525,False,109.47252474347756,True,False,0.1048212544709333,0.0053630883309757,2.0,False,1.0,8.000:8.000|60.138:35.436|60.232:28.509|44.004:59.745|44.315:64.326|40.797:77.534|47.617:82.079|51.451:89.640|57.566:93.211|59.866:95.304|35.193:90.748|28.577:83.896|30.367:81.068|25.107:68.622|14.563:89.028|12.684:74.706|8.358:57.269|17.459:62.083|23.050:61.040|34.005:48.722|8.000:8.000,0-30-6-32-18-16-25-24-12-20-17-9-28-21-3-1-7-4-29-31-0,18.41555678891018
144,moderate,sparse,NearestNeighbor,32,29,0.90625,0.9327731092436976,0.0,False,55.5,59.5,1472.6304299862782,1485.246461152472,-272.6304299862784,-352.6304299862784,True,141.67724891212603,False,True,0.0367622190256838,0.0012430294498403,2.0,True,1.0,8.000:8.000|14.423:15.637|15.961:26.177|36.053:20.512|40.502:9.811|44.991:8.404|59.134:23.729|48.684:28.576|54.408:36.745|52.651:47.712|49.043:46.751|46.510:49.550|44.360:49.697|56.929:52.367|53.505:58.795|56.234:79.502|52.631:86.525|60.366:90.748|65.676:85.834|70.360:81.099|73.663:87.622|73.567:89.733|73.419:91.910|66.317:94.839|84.412:89.473|85.798:75.564|81.929:54.591|67.359:33.895|85.566:28.983|69.659:8.175|8.000:8.000,0-28-26-18-6-31-1-27-24-2-10-21-7-8-17-11-15-12-3-32-4-20-14-22-9-19-25-13-16-30-0,0.0021610350813716
144,moderate,sparse,ValuePerDistance,32,24,0.75,0.7983193277310925,0.0,False,47.5,59.5,1532.9027932958436,1538.8522774961398,-332.9027932958437,-412.9027932958437,True,139.1761611290449,False,True,0.1666341753010514,0.0071871418829872,2.0,True,1.0,8.000:8.000|14.423:15.637|15.961:26.177|48.684:28.576|54.408:36.745|56.929:52.367|53.505:58.795|44.360:49.697|46.510:49.550|49.043:46.751|52.651:47.712|67.359:33.895|59.134:23.729|44.991:8.404|40.502:9.811|36.053:20.512|28.995:47.794|14.148:60.175|52.631:86.525|56.234:79.502|65.676:85.834|66.317:94.839|73.567:89.733|73.663:87.622|73.419:91.910|8.000:8.000,0-28-26-27-24-8-17-7-21-10-2-13-1-31-6-18-23-5-15-11-3-22-20-4-14-0,0.0015234861057251
144,moderate,sparse,WindAwareGreedy,32,19,0.59375,0.6218487394957983,0.0,False,37.0,59.5,1595.3817715595485,1609.625134432638,-395.3817715595479,-475.3817715595479,True,132.421074671457,False,True,0.1243930814489558,0.0064984163776164,2.0,True,1.0,8.000:8.000|14.423:15.637|48.684:28.576|44.991:8.404|59.134:23.729|67.359:33.895|53.505:58.795|56.929:52.367|54.408:36.745|44.360:49.697|46.510:49.550|49.043:46.751|52.651:47.712|28.995:47.794|15.961:26.177|36.053:20.512|40.502:9.811|69.659:8.175|81.929:54.591|85.566:28.983|8.000:8.000,0-28-27-31-1-13-17-8-24-7-21-10-2-23-26-18-6-30-25-16-0,0.0015219689812511
144,moderate,sparse,ReserveOnlyPlanner,32,14,0.4375,0.4957983193277311,0.4957983193277311,True,29.5,59.5,1096.875942644679,1175.6176649364588,103.1240573553212,23.124057355321213,False,93.73243131806512,True,False,0.1468323515081312,0.0103758049749646,2.0,False,1.0,8.000:8.000|14.423:15.637|44.991:8.404|48.684:28.576|54.408:36.745|53.505:58.795|56.929:52.367|67.359:33.895|59.134:23.729|69.659:8.175|85.566:28.983|81.929:54.591|44.360:49.697|46.510:49.550|49.043:46.751|8.000:8.000,0-28-31-27-24-17-8-13-1-30-16-25-7-21-10-0,0.0013325600884854
144,moderate,sparse,FairRiskAwareGreedy,32,15,0.46875,0.5630252100840336,0.5630252100840336,True,33.5,59.5,1073.5868953489846,1117.7089579078504,126.41310465101544,46.41310465101543,False,117.48124272835268,True,False,0.0107302511623949,0.0006724773047482,2.0,False,1.0,8.000:8.000|48.684:28.576|14.423:15.637|44.991:8.404|56.929:52.367|53.505:58.795|52.631:86.525|66.317:94.839|84.412:89.473|73.663:87.622|65.676:85.834|54.408:36.745|44.360:49.697|46.510:49.550|59.134:23.729|15.961:26.177|8.000:8.000,0-27-28-31-8-17-15-22-9-4-3-24-7-21-1-26-0,0.0021316711790859
144,moderate,sparse,FairALNSPlanner,32,23,0.71875,0.7983193277310925,0.7983193277310925,True,47.5,59.5,997.7211294584852,1124.9558578180863,202.27887054151495,122.27887054151498,False,123.23131516619708,True,False,0.0399265746572815,0.001690668779823,2.0,False,1.0,8.000:8.000|14.423:15.637|15.961:26.177|28.995:47.794|48.684:28.576|59.134:23.729|54.408:36.745|44.360:49.697|46.510:49.550|56.929:52.367|53.505:58.795|56.234:79.502|52.631:86.525|65.676:85.834|73.663:87.622|73.567:89.733|73.419:91.910|66.317:94.839|84.412:89.473|85.798:75.564|81.929:54.591|36.053:20.512|40.502:9.811|44.991:8.404|8.000:8.000,0-28-26-23-27-1-24-7-21-8-17-11-15-3-4-20-14-22-9-19-25-18-6-31-0,13.504039188846946
144,moderate,sparse,RAWA-RHP,32,29,0.90625,0.9495798319327732,0.9495798319327732,True,56.5,59.5,1037.0696647164357,1190.9954674915375,162.93033528356452,82.93033528356452,False,134.01195674854648,True,False,0.0786747553003089,0.0027048108275488,2.0,False,1.0,8.000:8.000|36.053:20.512|40.502:9.811|44.991:8.404|69.659:8.175|59.134:23.729|48.684:28.576|54.408:36.745|67.359:33.895|81.929:54.591|85.798:75.564|84.412:89.473|73.419:91.910|73.567:89.733|73.663:87.622|70.360:81.099|65.676:85.834|66.317:94.839|60.366:90.748|52.631:86.525|56.234:79.502|53.505:58.795|56.929:52.367|52.651:47.712|49.043:46.751|46.510:49.550|44.360:49.697|28.995:47.794|15.961:26.177|14.423:15.637|8.000:8.000,0-18-6-31-30-1-27-24-13-25-19-9-14-20-4-32-3-22-12-15-11-17-8-2-10-21-7-23-26-28-0,179.61473999498412
146,moderate,sparse,NearestNeighbor,32,22,0.6875,0.6929133858267716,0.0,False,44.0,63.5,1547.989268428701,1548.8623694539192,-347.98926842870054,-427.9892684287005,True,128.2728237685031,False,True,0.0328265548009205,0.0014381070312805,2.0,True,1.0,8.000:8.000|20.388:21.827|22.631:42.020|26.669:47.196|29.215:62.738|34.161:68.653|30.374:74.344|40.523:80.036|40.368:66.214|15.510:60.711|9.891:57.069|12.844:50.219|10.999:48.171|48.489:35.720|49.759:32.470|54.674:38.820|58.273:39.463|61.589:37.673|65.790:29.529|54.218:24.574|63.561:12.411|37.706:10.275|76.855:42.941|8.000:8.000,0-21-29-17-24-6-18-4-15-20-11-3-10-32-22-27-23-5-26-30-19-16-13-0,0.0018665560055524
146,moderate,sparse,ValuePerDistance,32,21,0.65625,0.6771653543307087,0.0,False,43.0,63.5,1281.3565062027487,1266.674157733499,-81.35650620274899,-161.356506202749,True,105.66625973623565,False,True,0.0996698134439398,0.004668150749049,2.0,True,1.0,8.000:8.000|20.388:21.827|22.631:42.020|26.669:47.196|10.999:48.171|12.844:50.219|15.510:60.711|9.891:57.069|29.215:62.738|34.161:68.653|40.368:66.214|40.523:80.036|30.374:74.344|48.489:35.720|49.759:32.470|54.674:38.820|58.273:39.463|61.589:37.673|65.790:29.529|63.561:12.411|54.218:24.574|37.706:10.275|8.000:8.000,0-21-29-17-10-3-20-11-24-6-15-4-18-32-22-27-23-5-26-19-30-16-0,0.001350725069642
146,moderate,sparse,WindAwareGreedy,32,17,0.53125,0.6456692913385826,0.0,False,41.0,63.5,1462.685863719617,1469.8242423096815,-262.6858637196164,-342.6858637196164,True,110.28607817212423,False,True,0.1046875637167005,0.0060219766759124,2.0,True,1.0,8.000:8.000|20.388:21.827|22.631:42.020|10.999:48.171|15.510:60.711|26.669:47.196|48.489:35.720|49.759:32.470|54.674:38.820|58.273:39.463|81.150:59.683|81.170:84.587|72.326:73.131|75.529:68.556|72.645:54.827|84.722:54.656|63.561:12.411|65.790:29.529|8.000:8.000,0-21-29-10-20-17-32-22-27-23-1-7-25-9-12-8-19-26-0,0.0014523570425808
146,moderate,sparse,ReserveOnlyPlanner,32,19,0.59375,0.6377952755905512,0.6377952755905512,True,40.5,63.5,1099.754042956136,1200.8294133443706,100.245957043864,20.245957043864,False,96.0965273382913,True,False,0.0387082667856006,0.0019548355435225,2.0,False,1.0,8.000:8.000|20.388:21.827|22.631:42.020|10.999:48.171|12.844:50.219|15.510:60.711|34.161:68.653|40.368:66.214|40.523:80.036|30.374:74.344|29.215:62.738|26.669:47.196|48.489:35.720|49.759:32.470|54.674:38.820|58.273:39.463|61.589:37.673|65.790:29.529|63.561:12.411|37.706:10.275|8.000:8.000,0-21-29-10-3-20-6-15-4-18-24-17-32-22-27-23-5-26-19-16-0,0.0015993101987987
146,moderate,sparse,FairRiskAwareGreedy,32,14,0.4375,0.5275590551181102,0.5275590551181102,True,33.5,63.5,1075.507359882509,1137.8526521960068,124.49264011749094,44.492640117490936,False,116.43467572034209,True,False,0.0055792414172789,0.0003724302933698,2.0,False,1.0,8.000:8.000|20.388:21.827|49.759:32.470|48.489:35.720|63.561:12.411|37.706:10.275|22.631:42.020|26.669:47.196|54.674:38.820|81.150:59.683|81.170:84.587|10.999:48.171|12.844:50.219|29.215:62.738|9.891:57.069|8.000:8.000,0-21-22-32-19-16-29-17-27-1-7-10-3-24-11-0,0.0020689510274678
146,moderate,sparse,FairALNSPlanner,32,23,0.71875,0.8031496062992126,0.8031496062992126,True,51.0,63.5,1057.1570313610246,1190.2920216736934,142.84296863897515,62.84296863897515,False,127.12149428695356,True,False,0.0355985090936854,0.0015016175892016,2.0,False,1.0,8.000:8.000|10.999:48.171|12.844:50.219|15.510:60.711|29.215:62.738|40.368:66.214|34.161:68.653|26.669:47.196|22.631:42.020|54.674:38.820|58.273:39.463|72.645:54.827|81.150:59.683|84.722:54.656|81.170:84.587|69.289:79.134|72.326:73.131|75.529:68.556|80.418:68.118|48.489:35.720|49.759:32.470|63.561:12.411|37.706:10.275|20.388:21.827|8.000:8.000,0-10-3-20-24-15-6-17-29-27-23-12-1-8-7-28-25-9-2-32-22-19-16-21-0,13.18425489612855
146,moderate,sparse,RAWA-RHP,32,28,0.875,0.905511811023622,0.905511811023622,True,57.5,63.5,1051.9797746449397,1209.2721190831176,148.02022535506003,68.02022535506003,False,134.5245902431771,True,False,0.0240458778502611,0.0008360863551568,2.0,False,1.0,8.000:8.000|37.706:10.275|63.561:12.411|65.790:29.529|84.722:54.656|81.150:59.683|80.418:68.118|81.170:84.587|70.463:88.598|69.297:81.947|69.289:79.134|72.326:73.131|75.529:68.556|72.645:54.827|61.589:37.673|58.273:39.463|54.674:38.820|48.489:35.720|49.759:32.470|22.631:42.020|26.669:47.196|29.215:62.738|34.161:68.653|30.374:74.344|15.510:60.711|9.891:57.069|12.844:50.219|10.999:48.171|20.388:21.827|8.000:8.000,0-16-19-26-8-1-2-7-31-14-28-25-9-12-5-23-27-32-22-29-17-24-6-18-20-11-3-10-21-0,124.63155757077038
147,moderate,cluttered,NearestNeighbor,32,23,0.71875,0.7132352941176471,0.0,False,48.5,68.0,1284.224529142436,1315.9098531407444,-84.22452914243614,-164.22452914243615,True,113.44749144691524,False,True,0.2303525694520726,0.0106083991171757,2.0,True,1.0,8.000:8.000|19.188:18.148|14.949:23.140|31.497:22.427|34.097:21.659|36.439:22.876|36.497:13.062|50.595:26.191|43.727:30.879|35.950:44.574|42.723:47.431|46.668:45.736|47.598:59.915|46.081:69.274|56.393:75.654|60.227:74.586|60.209:79.011|65.328:93.358|73.493:81.512|76.356:66.970|79.275:68.530|71.660:61.590|70.081:56.489|67.063:36.918|8.000:8.000,0-2-27-18-19-10-14-23-20-3-11-7-12-24-21-1-8-5-28-9-15-25-31-29-0,0.0018679429776966
147,moderate,cluttered,ValuePerDistance,32,22,0.6875,0.6838235294117647,0.0,False,46.5,68.0,1294.108832903404,1330.0627620371029,-94.10883290340404,-174.10883290340405,True,111.8868394215473,False,True,0.2024028776067437,0.0095095220125668,2.0,True,1.0,8.000:8.000|19.188:18.148|14.949:23.140|36.439:22.876|34.097:21.659|31.497:22.427|36.497:13.062|50.595:26.191|43.727:30.879|35.950:44.574|42.723:47.431|46.668:45.736|47.598:59.915|46.081:69.274|56.393:75.654|60.209:79.011|60.227:74.586|65.328:93.358|73.493:81.512|79.275:68.530|76.356:66.970|71.660:61.590|70.081:56.489|8.000:8.000,0-2-27-10-19-18-14-23-20-3-11-7-12-24-21-8-1-5-28-15-9-25-31-0,0.0014041801914572
147,moderate,cluttered,WindAwareGreedy,32,16,0.5,0.5882352941176471,0.0,False,40.0,68.0,1335.0120921492812,1347.7404360724042,-135.012092149281,-215.012092149281,True,101.62789502796528,False,True,0.1937252971900451,0.0123037782924935,2.0,True,1.0,8.000:8.000|19.188:18.148|14.949:23.140|36.439:22.876|34.097:21.659|35.950:44.574|46.668:45.736|42.723:47.431|31.337:78.904|32.862:68.627|30.134:68.098|25.729:82.686|56.393:75.654|60.209:79.011|65.328:93.358|73.493:81.512|47.598:59.915|8.000:8.000,0-2-27-10-19-3-7-11-26-16-30-32-21-8-5-28-12-0,0.0013450509868562
147,moderate,cluttered,ReserveOnlyPlanner,32,16,0.5,0.5220588235294118,0.5220588235294118,True,35.5,68.0,1097.1427590182366,1176.2212824323574,102.85724098176352,22.85724098176351,False,93.01405372852622,True,False,0.0739778543426917,0.0044546282889493,2.0,False,1.0,8.000:8.000|19.188:18.148|14.949:23.140|36.439:22.876|34.097:21.659|35.950:44.574|46.668:45.736|42.723:47.431|43.727:30.879|50.595:26.191|36.497:13.062|31.497:22.427|32.862:68.627|31.337:78.904|25.729:82.686|30.134:68.098|25.787:65.071|8.000:8.000,0-2-27-10-19-3-7-11-20-23-14-18-16-26-32-30-17-0,0.0014604870229959
147,moderate,cluttered,FairRiskAwareGreedy,32,17,0.53125,0.5882352941176471,0.5882352941176471,True,40.0,68.0,1100.3626813541232,1137.836329456021,99.63731864587676,19.63731864587677,False,118.92357275986951,True,False,0.0077878356868428,0.0004336725540464,2.0,False,1.0,8.000:8.000|19.188:18.148|36.439:22.876|34.097:21.659|35.950:44.574|46.668:45.736|50.595:26.191|43.727:30.879|14.949:23.140|31.337:78.904|32.862:68.627|56.393:75.654|65.328:93.358|60.209:79.011|30.134:68.098|47.598:59.915|46.081:69.274|31.497:22.427|8.000:8.000,0-2-10-19-3-7-23-20-27-26-16-21-5-8-30-12-24-18-0,0.0022953399457037
147,moderate,cluttered,FairALNSPlanner,32,21,0.65625,0.7352941176470589,0.7352941176470589,True,50.0,68.0,1043.5345739895522,1171.396275933822,156.46542601044763,76.46542601044763,False,120.56715312125026,True,False,0.0412148533492572,0.0018940507720006,2.0,False,1.0,8.000:8.000|14.949:23.140|43.727:30.879|50.595:26.191|42.723:47.431|32.862:68.627|30.134:68.098|31.337:78.904|25.729:82.686|56.393:75.654|60.227:74.586|60.209:79.011|65.328:93.358|93.651:59.976|87.763:40.865|79.618:37.796|46.668:45.736|35.950:44.574|36.439:22.876|34.097:21.659|36.497:13.062|19.188:18.148|8.000:8.000,0-27-20-23-11-16-30-26-32-21-1-8-5-13-6-4-7-3-10-19-14-2-0,11.463141979882494
147,moderate,cluttered,RAWA-RHP,32,26,0.8125,0.8529411764705882,0.8529411764705882,True,58.0,68.0,1045.023732562936,1201.3531173752017,154.97626743706414,74.97626743706414,False,130.92103797000803,True,False,0.0855611059893031,0.0032822572036537,2.0,False,1.0,8.000:8.000|19.188:18.148|14.949:23.140|31.497:22.427|43.727:30.879|50.595:26.191|67.063:36.918|79.618:37.796|87.763:40.865|93.651:59.976|79.275:68.530|76.356:66.970|71.660:61.590|56.393:75.654|60.227:74.586|65.328:93.358|60.209:79.011|25.729:82.686|31.337:78.904|30.134:68.098|32.862:68.627|42.723:47.431|46.668:45.736|35.950:44.574|36.439:22.876|34.097:21.659|36.497:13.062|8.000:8.000,0-2-27-18-20-23-29-4-6-13-15-9-25-21-1-5-8-32-26-30-16-11-7-3-10-19-14-0,105.24600579799151
148,severe,sparse,NearestNeighbor,32,19,0.59375,0.5603448275862069,0.0,False,32.5,58.0,2204.027724783683,2203.5410835163675,-1004.0277247836829,-1084.0277247836827,True,119.85278576557768,False,True,0.254178909129411,0.0142013168593571,2.0,True,1.0,8.000:8.000|19.668:25.608|12.205:36.194|29.364:34.332|39.273:49.305|45.126:41.865|59.413:50.724|61.576:58.308|68.134:64.162|70.336:61.992|78.032:56.800|87.646:54.971|91.286:39.162|81.956:28.152|74.658:29.413|91.806:14.881|78.205:68.516|83.453:77.624|84.766:79.430|85.784:85.814|8.000:8.000,0-1-19-28-21-26-23-31-16-6-13-30-11-5-8-27-2-20-25-22-0,0.0017902050167322
148,severe,sparse,ValuePerDistance,32,22,0.6875,0.7844827586206896,0.0,False,45.5,58.0,2087.8511497142367,2027.259031516971,-887.8511497142367,-967.8511497142368,True,117.76433147837136,False,True,0.1759722938422115,0.0081990457821142,2.0,True,1.0,8.000:8.000|19.668:25.608|45.126:41.865|39.273:49.305|38.308:71.176|27.563:75.550|20.800:67.773|21.787:65.960|53.552:83.307|50.748:81.976|53.169:87.917|57.257:95.195|72.455:88.687|69.825:85.667|69.116:82.727|76.669:83.813|84.766:79.430|83.453:77.624|85.784:85.814|78.205:68.516|70.336:61.992|68.134:64.162|78.032:56.800|8.000:8.000,0-1-26-21-24-18-15-32-29-12-17-7-14-4-9-10-25-20-22-2-6-16-13-0,0.0015143260825425
148,severe,sparse,WindAwareGreedy,32,20,0.625,0.7241379310344828,0.0,False,42.0,58.0,2088.4460168403466,2165.6758002430165,-888.4460168403468,-968.4460168403468,True,120.09292522785664,False,True,0.3195850921174291,0.0177259187361441,2.0,True,1.0,8.000:8.000|19.668:25.608|45.126:41.865|39.273:49.305|38.308:71.176|53.552:83.307|53.169:87.917|72.455:88.687|69.825:85.667|76.669:83.813|84.766:79.430|85.784:85.814|83.453:77.624|78.205:68.516|70.336:61.992|61.576:58.308|78.032:56.800|68.134:64.162|50.748:81.976|57.257:95.195|69.116:82.727|8.000:8.000,0-1-26-21-24-29-17-14-4-10-25-22-20-2-6-31-13-16-12-7-9-0,0.0015497179701924
148,severe,sparse,ReserveOnlyPlanner,32,10,0.3125,0.396551724137931,0.396551724137931,True,23.0,58.0,1024.969939827292,1161.460221922127,175.03006017270803,95.03006017270803,False,62.32023002653614,True,False,0.0052158074296679,0.0004741724008577,2.8284271247461903,False,1.0,8.000:8.000|19.668:25.608|45.126:41.865|39.273:49.305|38.308:71.176|53.552:83.307|50.748:81.976|27.563:75.550|20.800:67.773|21.787:65.960|12.205:36.194|8.000:8.000,0-1-26-21-24-29-12-18-15-32-19-0,0.0009915998671203
148,severe,sparse,FairRiskAwareGreedy,32,15,0.46875,0.5862068965517241,0.5862068965517241,True,34.0,58.0,1037.000887960092,1107.0507802920113,162.99911203990808,82.99911203990808,False,100.95191230871032,True,False,0.0077454418151478,0.000484932413993,2.8284271247461903,False,1.0,8.000:8.000|19.668:25.608|45.126:41.865|39.273:49.305|53.552:83.307|53.169:87.917|38.308:71.176|27.563:75.550|20.800:67.773|21.787:65.960|61.576:58.308|72.455:88.687|69.825:85.667|70.336:61.992|59.413:50.724|29.364:34.332|8.000:8.000,0-1-26-21-29-17-24-18-15-32-31-14-4-6-23-28-0,0.002209787024185
148,severe,sparse,FairALNSPlanner,32,20,0.625,0.7155172413793104,0.7155172413793104,True,41.5,58.0,1031.5154732047076,1282.919167532555,168.48452679529262,88.48452679529262,False,111.65138742611714,True,False,0.0364291304072594,0.001750652853533,2.0,False,1.0,8.000:8.000|45.126:41.865|59.413:50.724|70.336:61.992|78.205:68.516|83.453:77.624|84.766:79.430|68.134:64.162|69.116:82.727|72.455:88.687|69.825:85.667|38.308:71.176|50.748:81.976|53.552:83.307|53.169:87.917|27.563:75.550|20.800:67.773|21.787:65.960|39.273:49.305|29.364:34.332|19.668:25.608|8.000:8.000,0-26-23-6-2-20-25-16-9-14-4-24-12-29-17-18-15-32-21-28-1-0,10.642244222108276
148,severe,sparse,RAWA-RHP,32,24,0.75,0.8275862068965517,0.8275862068965517,True,48.0,58.0,1029.1401982609862,1324.4925291404868,170.85980173901365,90.85980173901363,False,117.20027665188266,True,False,0.0438584516715188,0.0017794843913782,2.0,False,1.0,8.000:8.000|19.668:25.608|29.364:34.332|39.273:49.305|45.126:41.865|59.413:50.724|78.032:56.800|84.766:79.430|83.453:77.624|78.205:68.516|70.336:61.992|61.576:58.308|68.134:64.162|69.116:82.727|69.825:85.667|72.455:88.687|57.257:95.195|53.169:87.917|53.552:83.307|50.748:81.976|38.308:71.176|27.563:75.550|20.800:67.773|21.787:65.960|12.205:36.194|8.000:8.000,0-1-28-21-26-23-13-25-20-2-6-31-16-9-4-14-7-17-29-12-24-18-15-32-19-0,50.65063182404265
149,calm,cluttered,NearestNeighbor,32,31,0.96875,0.9776119402985076,0.0,False,65.5,67.0,1332.5251907649852,1331.4496528639258,-132.5251907649855,-212.5251907649855,True,162.32196957106228,False,True,0.0184480363695334,0.0005793728049206,2.0,True,1.0,8.000:8.000|28.804:19.317|33.730:29.484|24.879:37.107|21.847:37.437|37.894:47.458|42.129:51.340|57.338:48.476|63.318:51.061|74.124:60.221|79.681:77.269|77.935:81.412|62.476:72.540|53.619:77.065|49.919:84.975|40.337:69.286|27.728:69.917|22.611:64.425|22.956:61.624|25.976:80.349|55.136:36.584|52.624:31.511|51.135:23.000|52.327:21.147|50.851:18.296|58.766:18.114|63.243:16.062|69.922:21.458|65.350:30.206|76.602:40.717|80.433:41.154|95.402:13.504|8.000:8.000,0-4-9-17-29-26-31-22-5-23-13-32-25-16-20-6-3-19-12-14-27-18-15-1-2-21-8-10-28-30-11-24-0,0.0021259961649775
149,calm,cluttered,ValuePerDistance,32,27,0.84375,0.8731343283582089,0.0,False,58.5,67.0,1356.4048697868625,1353.8706498166275,-156.40486978686198,-236.404869786862,True,158.31538601743682,False,True,0.0174834289979087,0.0006291619537433,2.0,True,1.0,8.000:8.000|21.847:37.437|24.879:37.107|33.730:29.484|37.894:47.458|42.129:51.340|57.338:48.476|63.318:51.061|76.602:40.717|80.433:41.154|65.350:30.206|52.624:31.511|55.136:36.584|63.243:16.062|58.766:18.114|50.851:18.296|51.135:23.000|52.327:21.147|69.922:21.458|95.402:13.504|62.476:72.540|53.619:77.065|49.919:84.975|27.728:69.917|22.611:64.425|22.956:61.624|40.337:69.286|25.976:80.349|8.000:8.000,0-29-17-9-26-31-22-5-30-11-28-18-27-8-21-2-15-1-10-24-25-16-20-3-19-12-6-14-0,0.0016045668162405
149,calm,cluttered,WindAwareGreedy,32,19,0.59375,0.7014925373134329,0.0,False,47.0,67.0,1293.4291760661272,1292.538955207118,-93.42917606612718,-173.42917606612718,True,139.85346518157598,False,True,0.0306116769595207,0.0015498010510449,2.0,True,1.0,8.000:8.000|21.847:37.437|37.894:47.458|42.129:51.340|57.338:48.476|52.624:31.511|63.243:16.062|95.402:13.504|69.922:21.458|33.730:29.484|24.879:37.107|27.728:69.917|22.611:64.425|62.476:72.540|53.619:77.065|40.337:69.286|55.136:36.584|50.851:18.296|51.135:23.000|65.350:30.206|8.000:8.000,0-29-26-31-22-18-8-24-10-9-17-3-19-25-16-6-27-2-15-28-0,0.0015014540404081
149,calm,cluttered,ReserveOnlyPlanner,32,20,0.625,0.7089552238805971,0.7089552238805971,True,47.5,67.0,1074.2956234254125,1125.776127905642,125.70437657458795,45.70437657458797,False,124.73077706600492,True,False,0.0172876848796939,0.0008282789167383,2.0,False,1.0,8.000:8.000|33.730:29.484|37.894:47.458|42.129:51.340|57.338:48.476|52.624:31.511|63.243:16.062|50.851:18.296|51.135:23.000|21.847:37.437|24.879:37.107|27.728:69.917|22.611:64.425|22.956:61.624|40.337:69.286|62.476:72.540|53.619:77.065|77.935:81.412|79.681:77.269|55.136:36.584|28.804:19.317|8.000:8.000,0-9-26-31-22-18-8-2-15-29-17-3-19-12-6-25-16-32-13-27-4-0,0.0016811620444059
149,calm,cluttered,FairRiskAwareGreedy,32,14,0.4375,0.5373134328358209,0.5373134328358209,True,36.0,67.0,1086.5023256366578,1113.2415347269905,113.49767436334233,33.49767436334233,False,119.61586922717254,True,False,0.0128874940404124,0.0008637592716426,2.0,False,1.0,8.000:8.000|37.894:47.458|42.129:51.340|57.338:48.476|63.243:16.062|33.730:29.484|21.847:37.437|27.728:69.917|22.611:64.425|62.476:72.540|52.624:31.511|95.402:13.504|50.851:18.296|40.637:13.334|28.804:19.317|8.000:8.000,0-26-31-22-8-9-29-3-19-25-18-24-2-7-4-0,0.0023623639717698
149,calm,cluttered,FairALNSPlanner,32,27,0.84375,0.8880597014925373,0.8880597014925373,True,59.5,67.0,1034.9751373585611,1111.5224353585402,165.02486264143886,85.02486264143886,False,135.17541700315405,True,False,0.013174432673252,0.0004727520162332,2.0,False,1.0,8.000:8.000|40.637:13.334|50.851:18.296|52.327:21.147|51.135:23.000|58.766:18.114|63.243:16.062|95.402:13.504|69.922:21.458|65.350:30.206|52.624:31.511|55.136:36.584|57.338:48.476|63.318:51.061|74.124:60.221|79.681:77.269|77.935:81.412|62.476:72.540|53.619:77.065|40.337:69.286|27.728:69.917|22.611:64.425|22.956:61.624|42.129:51.340|37.894:47.458|33.730:29.484|24.879:37.107|21.847:37.437|8.000:8.000,0-7-2-1-15-21-8-24-10-28-18-27-22-5-23-13-32-25-16-6-3-19-12-31-26-9-17-29-0,17.11349961697124
149,calm,cluttered,RAWA-RHP,32,27,0.84375,0.8955223880597015,0.8955223880597015,True,60.0,67.0,1037.7107910178474,1114.0353544658394,162.28920898215245,82.28920898215245,False,135.637751954311,True,False,0.0140328448193397,0.0005038240163427,2.0,False,1.0,8.000:8.000|28.804:19.317|33.730:29.484|51.135:23.000|50.851:18.296|58.766:18.114|63.243:16.062|95.402:13.504|69.922:21.458|65.350:30.206|52.624:31.511|55.136:36.584|57.338:48.476|63.318:51.061|74.124:60.221|79.681:77.269|77.935:81.412|62.476:72.540|53.619:77.065|49.919:84.975|40.337:69.286|27.728:69.917|22.611:64.425|22.956:61.624|42.129:51.340|37.894:47.458|24.879:37.107|21.847:37.437|8.000:8.000,0-4-9-15-2-21-8-24-10-28-18-27-22-5-23-13-32-25-16-20-6-3-19-12-31-26-17-29-0,33.3542033478152
148,moderate,cluttered,NearestNeighbor,32,27,0.84375,0.8306451612903226,0.0,False,51.5,62.0,1414.7940980617975,1423.5684218364934,-214.79409806179788,-294.79409806179785,True,131.2495419021092,False,True,0.2763091557386385,0.0112752635378212,2.0,True,1.0,8.000:8.000|17.237:49.303|21.096:64.439|19.141:69.097|27.417:79.789|28.049:82.142|28.747:84.549|28.399:88.378|33.007:91.942|37.474:72.105|51.540:70.602|51.741:73.497|53.089:80.080|69.289:77.773|75.830:81.178|85.789:91.033|87.458:52.241|87.293:44.879|92.097:42.228|88.438:33.925|77.988:34.614|74.545:37.018|74.913:39.797|76.410:48.335|63.171:43.255|50.418:49.292|41.315:36.115|34.895:40.510|8.000:8.000,0-20-22-14-11-3-8-16-2-25-12-13-15-30-28-18-29-32-5-23-17-4-6-19-10-24-7-9-0,0.00213353196159
148,moderate,cluttered,ValuePerDistance,32,25,0.78125,0.7903225806451613,0.0,False,49.0,62.0,1464.3426385550165,1467.2691652744854,-264.34263855501587,-344.34263855501587,True,130.49392196168685,False,True,0.270731059326186,0.0114110403884112,2.0,True,1.0,8.000:8.000|17.237:49.303|21.096:64.439|19.141:69.097|27.417:79.789|28.049:82.142|28.747:84.549|28.399:88.378|33.007:91.942|37.474:72.105|51.540:70.602|51.741:73.497|53.089:80.080|75.830:81.178|69.289:77.773|76.410:48.335|74.913:39.797|74.545:37.018|77.988:34.614|88.438:33.925|92.097:42.228|87.293:44.879|87.458:52.241|63.171:43.255|62.693:25.213|65.321:20.966|8.000:8.000,0-20-22-14-11-3-8-16-2-25-12-13-15-28-30-19-6-4-17-23-5-32-29-10-27-1-0,0.0015044128522276
148,moderate,cluttered,WindAwareGreedy,32,22,0.6875,0.7580645161290323,0.0,False,47.0,62.0,1811.2349986272736,1801.6851749823168,-611.2349986272739,-691.2349986272739,True,144.35019993926122,False,True,0.2330837913848737,0.0112006930394669,2.0,True,1.0,8.000:8.000|17.237:49.303|21.096:64.439|19.141:69.097|27.417:79.789|28.747:84.549|28.049:82.142|37.474:72.105|51.540:70.602|51.741:73.497|76.410:48.335|88.438:33.925|74.913:39.797|74.545:37.018|72.596:17.817|65.321:20.966|62.693:25.213|63.171:43.255|41.315:36.115|34.895:40.510|50.418:49.292|75.830:81.178|85.789:91.033|8.000:8.000,0-20-22-14-11-8-3-25-12-13-19-23-6-4-26-1-27-10-7-9-24-28-18-0,0.0015545799396932
148,moderate,cluttered,ReserveOnlyPlanner,32,13,0.40625,0.4032258064516129,0.4032258064516129,True,25.0,62.0,1091.9336945489051,1137.063008890243,108.06630545109488,28.06630545109488,False,85.99166049344561,True,False,0.1794719517432762,0.0137131545414723,2.0,False,1.0,8.000:8.000|17.237:49.303|21.096:64.439|19.141:69.097|27.417:79.789|28.747:84.549|28.399:88.378|28.049:82.142|37.474:72.105|51.540:70.602|51.741:73.497|53.089:80.080|75.830:81.178|85.789:91.033|8.000:8.000,0-20-22-14-11-8-16-3-25-12-13-15-28-18-0,0.0011724820360541
148,moderate,cluttered,FairRiskAwareGreedy,32,14,0.4375,0.4919354838709677,0.4919354838709677,True,30.5,62.0,1018.8827276143528,1052.2330523458645,181.1172723856472,101.1172723856472,False,110.29203856097315,True,False,0.0060244246678931,0.0004020279365263,2.0,False,1.0,8.000:8.000|21.096:64.439|17.237:49.303|19.141:69.097|34.895:40.510|76.410:48.335|74.913:39.797|65.321:20.966|72.596:17.817|76.326:22.551|62.693:25.213|63.171:43.255|41.315:36.115|74.545:37.018|50.418:49.292|8.000:8.000,0-22-20-14-9-19-6-1-26-21-27-10-7-4-24-0,0.0016149969305843
148,moderate,cluttered,FairALNSPlanner,32,9,0.28125,0.314516129032258,0.314516129032258,True,19.5,62.0,788.7744794739831,874.5151506351274,411.2255205260169,331.2255205260169,False,86.42826459513506,True,False,0.063236777772305,0.0064145354648021,2.0,False,1.0,8.000:8.000|17.237:49.303|21.096:64.439|19.141:69.097|27.417:79.789|28.049:82.142|28.747:84.549|34.895:40.510|75.830:81.178|88.438:33.925|8.000:8.000,0-20-22-14-11-3-8-9-28-23-0,7.949073980096728
148,moderate,cluttered,RAWA-RHP,32,26,0.8125,0.8548387096774194,0.8548387096774194,True,53.0,62.0,1038.8670821068447,1190.23621069141,161.13291789315582,81.13291789315582,False,129.858076824757,True,False,0.0796779940133759,0.0030501855418604,2.0,False,1.0,8.000:8.000|17.237:49.303|21.096:64.439|19.141:69.097|28.049:82.142|28.747:84.549|27.417:79.789|37.474:72.105|53.089:80.080|51.741:73.497|51.540:70.602|50.418:49.292|63.171:43.255|74.545:37.018|74.913:39.797|76.410:48.335|87.458:52.241|87.293:44.879|92.097:42.228|88.438:33.925|85.923:13.385|76.326:22.551|72.596:17.817|65.321:20.966|62.693:25.213|41.315:36.115|34.895:40.510|8.000:8.000,0-20-22-14-3-8-11-25-15-13-12-24-10-4-6-19-29-32-5-23-31-21-26-1-27-7-9-0,71.70251541794278
149,calm,sparse,NearestNeighbor,32,31,0.96875,0.9682539682539684,0.0,False,61.0,63.0,1281.521483966753,1287.6102157363057,-81.52148396675301,-161.521483966753,True,157.53849221341298,False,True,0.0128494695709485,0.0004036122232884,2.0,True,1.0,8.000:8.000|26.760:21.340|12.376:34.291|20.596:42.838|26.935:41.031|30.209:41.405|26.794:49.067|38.271:55.859|42.459:48.997|48.680:44.167|56.874:48.965|59.216:51.586|59.626:56.931|56.439:55.816|47.065:58.741|51.802:78.246|77.343:75.165|79.265:78.410|82.233:88.092|78.065:66.822|74.948:64.054|83.718:63.764|83.648:61.141|93.391:69.229|72.611:36.634|72.889:32.657|63.321:25.467|57.541:32.251|57.700:39.680|62.180:44.388|86.013:16.944|90.105:8.663|8.000:8.000,0-20-21-9-19-27-11-7-31-4-1-12-23-14-2-32-26-13-8-16-28-29-5-15-17-3-30-6-22-24-10-18-0,0.0021018260158598
149,calm,sparse,ValuePerDistance,32,29,0.90625,0.9365079365079364,0.0,False,59.0,63.0,1315.3946579957064,1305.8791144129605,-115.39465799570657,-195.39465799570652,True,156.78614465959282,False,True,0.0144358211156466,0.0004837524531418,2.0,True,1.0,8.000:8.000|26.760:21.340|12.376:34.291|20.596:42.838|26.935:41.031|30.209:41.405|42.459:48.997|48.680:44.167|56.874:48.965|59.216:51.586|56.439:55.816|59.626:56.931|62.180:44.388|57.541:32.251|57.700:39.680|72.889:32.657|72.611:36.634|86.013:16.944|90.105:8.663|83.718:63.764|83.648:61.141|74.948:64.054|78.065:66.822|77.343:75.165|79.265:78.410|82.233:88.092|93.391:69.229|51.802:78.246|47.065:58.741|38.271:55.859|8.000:8.000,0-20-21-9-19-27-31-4-1-12-14-23-24-6-22-3-17-10-18-29-5-28-16-26-13-8-15-32-2-7-0,0.00161147210747
149,calm,sparse,WindAwareGreedy,32,21,0.65625,0.746031746031746,0.0,False,47.0,63.0,1366.986231375271,1371.1091803497534,-166.98623137527107,-246.98623137527107,True,151.5864222777551,False,True,0.0168014761917326,0.0007689768967463,2.0,True,1.0,8.000:8.000|26.760:21.340|42.459:48.997|57.541:32.251|62.180:44.388|56.874:48.965|59.216:51.586|83.718:63.764|74.948:64.054|79.265:78.410|51.802:78.246|56.439:55.816|48.680:44.167|26.935:41.031|12.376:34.291|20.596:42.838|26.794:49.067|30.209:41.405|90.105:8.663|86.013:16.944|72.889:32.657|78.065:66.822|8.000:8.000,0-20-31-6-24-1-12-29-28-13-32-14-4-19-21-9-11-27-18-10-3-16-0,0.0015784339047968
149,calm,sparse,ReserveOnlyPlanner,32,20,0.625,0.6825396825396826,0.6825396825396826,True,43.0,63.0,1114.561889092895,1148.8801616594644,85.43811090710489,5.438110907104885,False,127.31422707208095,True,False,0.0209138609276935,0.0010045612449011,2.0,False,1.0,8.000:8.000|26.760:21.340|42.459:48.997|57.541:32.251|62.180:44.388|56.874:48.965|59.216:51.586|56.439:55.816|48.680:44.167|26.935:41.031|12.376:34.291|20.596:42.838|26.794:49.067|30.209:41.405|51.802:78.246|83.718:63.764|74.948:64.054|79.265:78.410|77.343:75.165|78.065:66.822|83.648:61.141|8.000:8.000,0-20-31-6-24-1-12-14-4-19-21-9-11-27-32-29-28-13-26-16-5-0,0.0016430059913545
149,calm,sparse,FairRiskAwareGreedy,32,14,0.4375,0.5396825396825397,0.5396825396825397,True,34.0,63.0,1072.9630481268284,1099.931786562222,127.03695187317147,47.03695187317148,False,120.494065383189,True,False,0.0153404342573266,0.0010289760346068,2.0,False,1.0,8.000:8.000|42.459:48.997|57.541:32.251|62.180:44.388|56.874:48.965|83.718:63.764|90.105:8.663|86.013:16.944|26.760:21.340|12.376:34.291|26.935:41.031|48.680:44.167|59.216:51.586|51.802:78.246|20.596:42.838|8.000:8.000,0-31-6-24-1-29-18-10-20-21-19-4-12-32-9-0,0.00247363303788
149,calm,sparse,FairALNSPlanner,32,28,0.875,0.9206349206349206,0.9206349206349206,True,58.0,63.0,1062.0924263612412,1141.6291990718498,137.90757363875883,57.907573638758834,False,139.32927422955416,True,False,0.0217423773462235,0.0007560143068226,2.0,False,1.0,8.000:8.000|26.760:21.340|57.541:32.251|63.321:25.467|90.105:8.663|86.013:16.944|72.889:32.657|72.611:36.634|74.948:64.054|93.391:69.229|83.648:61.141|83.718:63.764|78.065:66.822|77.343:75.165|79.265:78.410|82.233:88.092|51.802:78.246|59.626:56.931|56.439:55.816|59.216:51.586|56.874:48.965|62.180:44.388|57.700:39.680|48.680:44.167|42.459:48.997|30.209:41.405|26.935:41.031|20.596:42.838|12.376:34.291|8.000:8.000,0-20-6-30-18-10-3-17-28-15-5-29-16-26-13-8-32-23-14-12-1-24-22-4-31-27-19-9-21-0,17.945982899982482
149,calm,sparse,RAWA-RHP,32,30,0.9375,0.9365079365079364,0.9365079365079364,True,59.0,63.0,1051.059975527773,1128.519869474466,148.94002447222653,68.94002447222653,False,141.82929252294647,True,False,0.0086327630501389,0.000279312063932,2.0,False,1.0,8.000:8.000|26.760:21.340|42.459:48.997|48.680:44.167|56.874:48.965|56.439:55.816|59.626:56.931|59.216:51.586|62.180:44.388|57.700:39.680|57.541:32.251|63.321:25.467|86.013:16.944|90.105:8.663|72.889:32.657|72.611:36.634|83.648:61.141|83.718:63.764|74.948:64.054|78.065:66.822|77.343:75.165|79.265:78.410|82.233:88.092|51.802:78.246|47.065:58.741|38.271:55.859|26.794:49.067|30.209:41.405|26.935:41.031|20.596:42.838|12.376:34.291|8.000:8.000,0-20-31-4-1-14-23-12-24-22-6-30-10-18-3-17-5-29-28-16-26-13-8-32-2-7-11-27-19-9-21-0,44.94948075618595
149,severe,cluttered,NearestNeighbor,32,20,0.625,0.5859375,0.0,False,37.5,64.0,1822.5464416948032,1855.590899012384,-622.5464416948032,-702.5464416948032,True,111.42628867586272,False,True,0.1825804970945854,0.0093654221578195,2.0,True,1.0,8.000:8.000|24.853:21.057|18.833:29.254|25.447:41.795|31.111:48.680|40.302:45.589|48.583:41.422|54.632:24.921|55.203:13.193|45.367:14.516|68.265:21.143|77.441:39.179|90.539:41.196|91.590:35.489|89.696:33.291|92.864:47.388|87.721:49.278|78.225:57.010|63.936:66.172|57.764:60.452|44.356:72.666|8.000:8.000,0-19-32-23-5-12-15-8-29-24-3-16-9-13-21-11-26-7-27-1-18-0,0.0018171221017837
149,severe,cluttered,ValuePerDistance,32,17,0.53125,0.578125,0.0,False,37.0,64.0,1690.8549383776406,1739.3782264349015,-490.85493837764017,-570.8549383776401,True,101.5744991108729,False,True,0.2853102256130887,0.017814444754386,2.0,True,1.0,8.000:8.000|18.833:29.254|24.853:21.057|25.447:41.795|31.111:48.680|28.579:65.403|35.710:65.601|44.356:72.666|33.744:84.154|36.236:87.107|20.876:84.170|65.478:91.682|59.192:92.146|52.153:85.537|49.718:85.474|66.035:78.647|63.936:66.172|57.764:60.452|8.000:8.000,0-32-19-23-5-22-20-18-10-25-2-28-6-17-14-31-27-1-0,0.0013820310123264
149,severe,cluttered,WindAwareGreedy,32,16,0.5,0.5625,0.0,False,36.0,64.0,1619.1571843782503,1617.6341374868564,-419.15718437825046,-499.15718437825046,True,94.03034234721471,False,True,0.3280906879487807,0.0223069549479435,2.0,True,1.0,8.000:8.000|18.833:29.254|24.853:21.057|25.447:41.795|35.710:65.601|28.579:65.403|33.744:84.154|36.236:87.107|65.478:91.682|59.192:92.146|52.153:85.537|49.718:85.474|66.035:78.647|63.936:66.172|57.764:60.452|48.583:41.422|40.302:45.589|8.000:8.000,0-32-19-23-20-22-10-25-28-6-17-14-31-27-1-15-12-0,0.0013751049991697
149,severe,cluttered,ReserveOnlyPlanner,32,7,0.21875,0.25,0.25,True,16.0,64.0,1069.226404831798,1129.7708602162131,130.7735951682023,50.77359516820229,False,51.85724653647998,True,False,0.1265374477333215,0.0163527358792959,2.0,False,1.0,8.000:8.000|18.833:29.254|25.447:41.795|28.579:65.403|35.710:65.601|33.744:84.154|36.236:87.107|33.262:75.203|8.000:8.000,0-32-23-22-20-10-25-30-0,0.0010100801009684
149,severe,cluttered,FairRiskAwareGreedy,32,13,0.40625,0.4375,0.4375,True,28.0,64.0,1079.9245211598852,1142.290665533371,120.0754788401145,40.0754788401145,False,100.80914113939036,True,False,0.0130055812635209,0.0009335688219767,2.8284271247461903,False,1.0,8.000:8.000|18.833:29.254|24.853:21.057|48.583:41.422|55.203:13.193|45.367:14.516|77.441:39.179|78.225:57.010|90.539:41.196|91.590:35.489|57.764:60.452|63.936:66.172|66.035:78.647|31.111:48.680|8.000:8.000,0-32-19-15-29-24-16-7-9-13-1-27-31-5-0,0.0017710048705339
149,severe,cluttered,FairALNSPlanner,32,20,0.625,0.65625,0.65625,True,42.0,64.0,1038.4141474871474,1222.16683548887,161.58585251285285,81.58585251285285,False,109.7368431257736,True,False,0.0328859044965688,0.001584199091132,2.0,False,1.0,8.000:8.000|18.833:29.254|24.853:21.057|48.583:41.422|49.718:85.474|52.153:85.537|59.192:92.146|65.478:91.682|66.035:78.647|63.936:66.172|57.764:60.452|78.225:57.010|87.721:49.278|89.696:33.291|91.590:35.489|90.539:41.196|92.864:47.388|77.441:39.179|54.632:24.921|55.203:13.193|45.367:14.516|8.000:8.000,0-32-19-15-14-17-6-28-31-27-1-7-26-21-13-9-11-16-8-29-24-0,9.050587129080668
149,severe,cluttered,RAWA-RHP,32,20,0.625,0.6328125,0.6328125,True,40.5,64.0,1057.5417146499915,1258.9878743719655,142.45828535000828,62.45828535000828,False,110.74825868867912,True,False,0.0410068010201729,0.0019782244125887,2.0,False,1.0,8.000:8.000|55.203:13.193|54.632:24.921|48.583:41.422|57.764:60.452|35.710:65.601|36.236:87.107|33.744:84.154|33.262:75.203|44.356:72.666|49.718:85.474|52.153:85.537|59.192:92.146|65.478:91.682|66.035:78.647|63.936:66.172|40.302:45.589|25.447:41.795|31.111:48.680|18.833:29.254|24.853:21.057|8.000:8.000,0-29-8-15-1-20-25-10-30-18-14-17-6-28-31-27-12-23-5-32-19-0,22.41614600108005
143,moderate,cluttered,NearestNeighbor,32,29,0.90625,0.88,0.0,False,55.0,62.5,1426.450780495381,1418.7682181494208,-226.4507804953813,-306.4507804953813,True,146.85648768700187,False,True,0.105285128112635,0.0036594827564975,2.0,True,1.0,8.000:8.000|23.108:11.517|35.867:21.930|32.603:23.015|33.766:26.688|41.759:30.361|47.625:50.939|44.975:55.641|44.823:68.317|41.366:73.298|33.250:73.076|27.421:74.756|22.469:83.523|16.822:86.274|15.926:84.389|10.569:80.138|10.691:75.512|13.435:70.588|17.418:62.944|20.996:39.606|13.197:24.354|55.948:48.655|59.213:51.424|61.353:45.696|63.845:44.499|68.340:46.461|70.672:55.109|63.405:69.888|66.193:76.268|40.991:89.604|8.000:8.000,0-11-24-16-9-30-2-19-1-15-20-28-3-29-17-22-4-13-21-12-32-26-8-31-27-10-6-25-7-23-0,0.0021717699710279
143,moderate,cluttered,ValuePerDistance,32,27,0.84375,0.904,0.0,False,56.5,62.5,1425.365687197321,1411.595466748413,-225.3656871973212,-305.3656871973212,True,139.56392965688966,False,True,0.1427960700393195,0.0054464863820688,2.0,True,1.0,8.000:8.000|23.108:11.517|32.603:23.015|35.867:21.930|33.766:26.688|41.759:30.361|55.948:48.655|59.213:51.424|68.340:46.461|63.845:44.499|61.353:45.696|66.587:27.901|70.393:25.236|77.177:32.846|66.193:76.268|63.405:69.888|44.823:68.317|41.366:73.298|33.250:73.076|27.421:74.756|22.469:83.523|15.926:84.389|16.822:86.274|10.569:80.138|10.691:75.512|13.435:70.588|17.418:62.944|40.991:89.604|8.000:8.000,0-11-16-24-9-30-26-8-10-27-31-5-14-18-7-25-1-15-20-28-3-17-29-22-4-13-21-23-0,0.0016000678297132
143,moderate,cluttered,WindAwareGreedy,32,19,0.59375,0.72,0.0,False,45.0,62.5,1411.029279183883,1416.3139368236066,-211.0292791838833,-291.02927918388326,True,126.9569290051606,False,True,0.1525665722618878,0.0081421509380766,2.0,True,1.0,8.000:8.000|23.108:11.517|32.603:23.015|35.867:21.930|55.948:48.655|68.340:46.461|66.587:27.901|70.393:25.236|59.213:51.424|66.193:76.268|63.405:69.888|10.569:80.138|22.469:83.523|15.926:84.389|13.435:70.588|17.418:62.944|27.421:74.756|40.991:89.604|33.250:73.076|41.366:73.298|8.000:8.000,0-11-16-24-26-10-5-14-8-7-25-22-3-17-13-21-28-23-20-15-0,0.0015299399383366
143,moderate,cluttered,ReserveOnlyPlanner,32,16,0.5,0.616,0.616,True,38.5,62.5,1075.9646526100123,1179.2863449692818,124.03534738998766,44.03534738998766,False,101.42550653318132,True,False,0.1329122751336678,0.0082439199923943,2.0,False,1.0,8.000:8.000|23.108:11.517|32.603:23.015|35.867:21.930|55.948:48.655|59.213:51.424|68.340:46.461|66.587:27.901|70.393:25.236|77.177:32.846|66.193:76.268|63.405:69.888|40.991:89.604|10.569:80.138|15.926:84.389|13.435:70.588|13.197:24.354|8.000:8.000,0-11-16-24-26-8-10-5-14-18-7-25-23-22-17-13-32-0,0.001463945955038
143,moderate,cluttered,FairRiskAwareGreedy,32,14,0.4375,0.488,0.488,True,30.5,62.5,1095.0826632842748,1124.6506010438582,104.91733671572518,24.917336715725185,False,115.6403902084086,True,False,0.0094283258738908,0.0006299834663387,2.0,False,1.0,8.000:8.000|32.603:23.015|55.948:48.655|66.587:27.901|70.393:25.236|59.213:51.424|35.867:21.930|23.108:11.517|68.340:46.461|63.845:44.499|61.353:45.696|33.766:26.688|20.996:39.606|10.569:80.138|10.691:75.512|8.000:8.000,0-16-26-5-14-8-24-11-10-27-31-9-12-22-4-0,0.0015730077866464
143,moderate,cluttered,FairALNSPlanner,32,5,0.15625,0.2,0.2,True,12.5,62.5,534.3477734400774,572.8038684773419,665.6522265599226,585.6522265599226,False,53.20610159515111,True,False,0.0425845861275917,0.0071680468361851,2.0,False,1.0,8.000:8.000|23.108:11.517|70.393:25.236|66.587:27.901|59.213:51.424|63.405:69.888|8.000:8.000,0-11-14-5-8-25-0,7.430918655823916
143,moderate,cluttered,RAWA-RHP,32,32,1.0,1.0,1.0,True,62.5,62.5,1032.7061517971335,1179.134082747401,167.29384820286663,87.29384820286663,False,140.93795526583494,True,False,0.0869247597294686,0.0027248107140967,2.0,False,1.0,8.000:8.000|23.108:11.517|35.867:21.930|32.603:23.015|33.766:26.688|41.759:30.361|66.587:27.901|70.393:25.236|77.177:32.846|70.672:55.109|68.340:46.461|63.845:44.499|61.353:45.696|59.213:51.424|55.948:48.655|47.625:50.939|44.975:55.641|44.823:68.317|63.405:69.888|66.193:76.268|40.991:89.604|41.366:73.298|33.250:73.076|27.421:74.756|22.469:83.523|16.822:86.274|15.926:84.389|10.569:80.138|10.691:75.512|13.435:70.588|17.418:62.944|20.996:39.606|13.197:24.354|8.000:8.000,0-11-24-16-9-30-5-14-18-6-10-27-31-8-26-2-19-1-25-7-23-15-20-28-3-29-17-22-4-13-21-12-32-0,246.1048545569647
147,calm,sparse,NearestNeighbor,32,29,0.90625,0.9133858267716536,0.0,False,58.0,63.5,1343.611332930287,1342.8670457815192,-143.611332930287,-223.611332930287,True,157.34038520022784,False,True,0.0131422775908,0.0004392257231524,2.0,True,1.0,8.000:8.000|24.335:29.038|24.361:31.120|28.461:29.359|33.865:36.682|34.729:39.955|37.138:38.388|29.825:45.794|18.795:37.906|19.972:36.001|33.898:14.514|46.273:17.021|60.078:13.276|81.251:24.773|81.027:31.523|74.676:33.547|83.741:48.165|90.326:43.917|94.634:13.181|50.878:35.766|41.188:51.636|52.582:57.612|47.272:67.480|45.817:70.104|49.593:71.766|57.056:78.993|63.289:87.988|59.814:90.522|50.545:94.804|43.412:84.774|8.000:8.000,0-4-22-30-9-16-31-18-19-14-25-29-21-24-27-20-10-28-7-8-26-6-12-1-23-13-17-11-3-32-0,0.002348749898374
147,calm,sparse,ValuePerDistance,32,27,0.84375,0.8818897637795275,0.0,False,56.0,63.5,1401.9653913964032,1398.167357711423,-201.9653913964036,-281.9653913964036,True,157.48995023707937,False,True,0.022970045668558,0.0008274389067864,2.0,True,1.0,8.000:8.000|28.461:29.359|24.335:29.038|24.361:31.120|18.795:37.906|19.972:36.001|29.825:45.794|33.865:36.682|34.729:39.955|37.138:38.388|41.188:51.636|52.582:57.612|49.593:71.766|45.817:70.104|47.272:67.480|57.056:78.993|59.814:90.522|63.289:87.988|63.972:68.029|43.412:84.774|39.341:87.410|29.311:92.629|50.545:94.804|60.078:13.276|81.251:24.773|81.027:31.523|74.676:33.547|90.326:43.917|8.000:8.000,0-30-4-22-19-14-18-9-16-31-26-6-23-1-12-13-11-17-15-32-2-5-3-21-24-27-20-28-0,0.0019371868111193
147,calm,sparse,WindAwareGreedy,32,20,0.625,0.7007874015748031,0.0,False,44.5,63.5,1342.3015409333043,1356.7758016861246,-142.3015409333043,-222.3015409333043,True,144.05412787876858,False,True,0.0145794446629902,0.0006657610835602,2.0,True,1.0,8.000:8.000|28.461:29.359|33.865:36.682|29.825:45.794|52.582:57.612|60.078:13.276|33.898:14.514|18.795:37.906|19.972:36.001|24.335:29.038|24.361:31.120|34.729:39.955|41.188:51.636|74.676:33.547|81.027:31.523|81.251:24.773|90.326:43.917|59.814:90.522|57.056:78.993|45.817:70.104|49.593:71.766|8.000:8.000,0-30-9-18-6-21-25-19-14-4-22-16-26-20-27-24-28-11-13-1-23-0,0.0019281359855085
147,calm,sparse,ReserveOnlyPlanner,32,20,0.625,0.6377952755905512,0.6377952755905512,True,40.5,63.5,1110.3452414403328,1154.7248532167532,89.6547585596669,9.654758559666902,False,125.45262043342326,True,False,0.0176705921728211,0.0008452117568827,2.0,False,1.0,8.000:8.000|28.461:29.359|33.865:36.682|29.825:45.794|18.795:37.906|19.972:36.001|24.335:29.038|33.898:14.514|60.078:13.276|81.251:24.773|81.027:31.523|74.676:33.547|52.582:57.612|41.188:51.636|34.729:39.955|37.138:38.388|50.878:35.766|46.273:17.021|24.361:31.120|45.817:70.104|47.272:67.480|8.000:8.000,0-30-9-18-19-14-4-25-21-24-27-20-6-26-16-31-8-29-22-1-12-0,0.001991958124563
147,calm,sparse,FairRiskAwareGreedy,32,18,0.5625,0.6062992125984252,0.6062992125984252,True,38.5,63.5,1088.691197666118,1115.963461157347,111.30880233388191,31.308802333881918,False,130.1440605668713,True,False,0.0027609561973609,0.0001454457952727,2.0,False,1.0,8.000:8.000|28.461:29.359|33.865:36.682|52.582:57.612|60.078:13.276|29.825:45.794|18.795:37.906|33.898:14.514|24.335:29.038|41.188:51.636|59.814:90.522|57.056:78.993|29.311:92.629|45.817:70.104|49.593:71.766|47.272:67.480|34.729:39.955|37.138:38.388|24.361:31.120|8.000:8.000,0-30-9-6-21-18-19-25-4-26-11-13-5-1-23-12-16-31-22-0,0.0032185961026698
147,calm,sparse,FairALNSPlanner,32,30,0.9375,0.968503937007874,0.968503937007874,True,61.5,63.5,1061.928066540797,1148.986509564163,138.0719334592024,58.0719334592024,False,143.29016124497423,True,False,0.0124362280062981,0.000401994564824,2.0,False,1.0,8.000:8.000|24.335:29.038|24.361:31.120|28.461:29.359|33.898:14.514|46.273:17.021|60.078:13.276|74.676:33.547|81.027:31.523|81.251:24.773|90.326:43.917|83.741:48.165|63.972:68.029|57.056:78.993|63.289:87.988|59.814:90.522|50.545:94.804|29.311:92.629|39.341:87.410|43.412:84.774|45.817:70.104|49.593:71.766|47.272:67.480|52.582:57.612|41.188:51.636|50.878:35.766|33.865:36.682|34.729:39.955|29.825:45.794|18.795:37.906|19.972:36.001|8.000:8.000,0-4-22-30-25-29-21-20-27-24-28-10-15-13-17-11-3-5-2-32-1-23-12-6-26-8-9-16-18-19-14-0,20.1533972742036
147,calm,sparse,RAWA-RHP,32,31,0.96875,0.984251968503937,0.984251968503937,True,62.5,63.5,1057.2462147695337,1141.3979293114185,142.7537852304663,62.75378523046629,False,143.95248281787784,True,False,0.0170765118473423,0.0005362671775346,2.0,False,1.0,8.000:8.000|33.898:14.514|46.273:17.021|60.078:13.276|50.878:35.766|74.676:33.547|81.027:31.523|81.251:24.773|90.326:43.917|83.741:48.165|63.972:68.029|57.056:78.993|63.289:87.988|59.814:90.522|50.545:94.804|29.311:92.629|39.341:87.410|43.412:84.774|45.817:70.104|49.593:71.766|47.272:67.480|52.582:57.612|41.188:51.636|37.138:38.388|33.865:36.682|34.729:39.955|29.825:45.794|18.795:37.906|19.972:36.001|24.361:31.120|24.335:29.038|28.461:29.359|8.000:8.000,0-25-29-21-8-20-27-24-28-10-15-13-17-11-3-5-2-32-1-23-12-6-26-31-9-16-18-19-14-22-4-30-0,151.7729300481733
148,moderate,sparse,NearestNeighbor,32,28,0.875,0.860655737704918,0.0,False,52.5,61.0,1709.3682080917297,1732.2212637862665,-509.3682080917299,-589.3682080917299,True,152.79401802946848,False,True,0.2419285258520606,0.0093276540589146,2.0,True,1.0,8.000:8.000|19.821:8.842|16.267:18.503|40.689:22.123|39.283:32.838|36.018:34.133|36.477:36.351|26.194:41.780|46.870:49.811|55.110:72.005|61.650:78.063|68.339:70.337|72.583:70.142|82.924:73.860|79.613:77.116|80.032:81.676|82.030:82.937|73.767:88.945|68.913:86.965|43.197:79.603|32.947:74.414|29.289:74.180|23.444:79.257|12.764:83.062|33.684:92.031|75.447:56.166|77.090:54.983|80.584:60.995|91.843:68.185|8.000:8.000,0-11-18-21-17-26-28-12-19-13-1-15-5-25-31-7-23-2-24-8-22-10-29-20-3-30-6-9-16-0,0.0021122279576957
148,moderate,sparse,ValuePerDistance,32,27,0.84375,0.8770491803278688,0.0,False,53.5,61.0,1768.805404175887,1818.7426115330177,-568.8054041758865,-648.8054041758865,True,153.64431205074175,False,True,0.260170508218485,0.0105037103447416,2.0,True,1.0,8.000:8.000|19.821:8.842|16.267:18.503|40.689:22.123|36.477:36.351|36.018:34.133|39.283:32.838|54.737:22.505|75.447:56.166|77.090:54.983|80.584:60.995|79.613:77.116|82.924:73.860|91.843:68.185|95.258:58.784|98.353:58.843|91.671:52.820|72.583:70.142|68.339:70.337|61.650:78.063|55.110:72.005|43.197:79.603|29.289:74.180|32.947:74.414|23.444:79.257|12.764:83.062|33.684:92.031|73.767:88.945|8.000:8.000,0-11-18-21-28-26-17-4-30-6-9-31-25-16-32-27-14-5-15-1-13-8-10-22-29-20-3-2-0,0.0016593979671597
148,moderate,sparse,WindAwareGreedy,32,24,0.75,0.8032786885245902,0.0,False,49.0,61.0,1663.335714740732,1683.8978199061723,-463.3357147407322,-543.3357147407323,True,144.49208930622387,False,True,0.1967264937281322,0.0085919374843958,2.0,True,1.0,8.000:8.000|19.821:8.842|16.267:18.503|36.477:36.351|40.689:22.123|54.737:22.505|26.194:41.780|36.018:34.133|39.283:32.838|46.870:49.811|75.447:56.166|80.584:60.995|79.613:77.116|82.924:73.860|95.258:58.784|98.353:58.843|91.843:68.185|72.583:70.142|68.339:70.337|61.650:78.063|73.767:88.945|68.913:86.965|80.032:81.676|77.090:54.983|91.671:52.820|8.000:8.000,0-11-18-28-21-4-12-26-17-19-30-9-31-25-32-27-16-5-15-1-2-24-7-6-14-0,0.001702383859083
148,moderate,sparse,ReserveOnlyPlanner,32,13,0.40625,0.4426229508196721,0.4426229508196721,True,27.0,61.0,1062.1200715132522,1156.5224849304784,137.87992848674787,57.87992848674787,False,88.3442076336322,True,False,0.0646234987871637,0.0046776640153146,2.0,False,1.0,8.000:8.000|19.821:8.842|16.267:18.503|36.477:36.351|40.689:22.123|54.737:22.505|36.018:34.133|26.194:41.780|29.289:74.180|32.947:74.414|23.444:79.257|12.764:83.062|33.684:92.031|43.197:79.603|8.000:8.000,0-11-18-28-21-4-26-12-10-22-29-20-3-8-0,0.0012316319625824
148,moderate,sparse,FairRiskAwareGreedy,32,14,0.4375,0.5081967213114754,0.5081967213114754,True,31.0,61.0,1060.023349479356,1100.5155997825352,139.97665052064417,59.97665052064417,False,113.3159705321942,True,False,0.0054524327490229,0.0003635048870622,2.0,False,1.0,8.000:8.000|19.821:8.842|16.267:18.503|36.477:36.351|40.689:22.123|54.737:22.505|26.194:41.780|36.018:34.133|75.447:56.166|80.584:60.995|77.090:54.983|29.289:74.180|46.870:49.811|12.764:83.062|23.444:79.257|8.000:8.000,0-11-18-28-21-4-12-26-30-9-6-10-19-20-29-0,0.0019394271075725
148,moderate,sparse,FairALNSPlanner,32,20,0.625,0.6557377049180327,0.6557377049180327,True,40.0,61.0,1000.9543245705324,1123.0827505812936,199.0456754294673,119.04567542946734,False,120.32637942865348,True,False,0.0696971056596998,0.0034047899363143,2.0,False,1.0,8.000:8.000|16.267:18.503|26.194:41.780|36.018:34.133|36.477:36.351|32.947:74.414|29.289:74.180|23.444:79.257|12.764:83.062|46.870:49.811|75.447:56.166|77.090:54.983|80.584:60.995|80.032:81.676|82.030:82.937|73.767:88.945|79.613:77.116|82.924:73.860|91.843:68.185|98.353:58.843|95.258:58.784|8.000:8.000,0-18-12-26-28-22-10-29-20-19-30-6-9-7-23-2-31-25-16-27-32-0,12.901489246170968
148,moderate,sparse,RAWA-RHP,32,25,0.78125,0.8114754098360656,0.8114754098360656,True,49.5,61.0,1043.3501878775824,1204.1203527312025,156.6498121224176,76.64981212241761,False,128.4128960321379,True,False,0.0627780828807023,0.0024684046443612,2.0,False,1.0,8.000:8.000|16.267:18.503|40.689:22.123|54.737:22.505|46.870:49.811|75.447:56.166|77.090:54.983|80.584:60.995|91.843:68.185|82.924:73.860|79.613:77.116|82.030:82.937|80.032:81.676|98.353:58.843|95.258:58.784|73.767:88.945|68.913:86.965|61.650:78.063|55.110:72.005|32.947:74.414|29.289:74.180|26.194:41.780|36.477:36.351|36.018:34.133|39.283:32.838|19.821:8.842|8.000:8.000,0-18-21-4-19-30-6-9-16-25-31-23-7-27-32-2-24-1-13-22-10-12-28-26-17-11-0,89.52921072300524
149,severe,sparse,NearestNeighbor,32,21,0.65625,0.5887096774193549,0.0,False,36.5,62.0,1576.300344400188,1603.563727209454,-376.300344400188,-456.300344400188,True,107.6769984867074,False,True,0.1858576719497734,0.0091571166049152,2.0,True,1.0,8.000:8.000|17.655:13.951|18.584:23.735|16.176:25.615|33.413:31.793|26.405:41.902|34.996:51.694|42.146:56.286|44.069:55.328|52.035:48.763|54.788:49.689|58.539:56.849|60.857:56.149|60.095:61.791|67.465:72.449|82.026:85.125|86.440:84.223|82.799:91.349|73.304:97.266|89.516:61.287|88.812:58.572|56.169:40.134|8.000:8.000,0-23-31-24-5-3-32-21-17-10-9-16-27-18-25-2-15-29-6-30-4-11-0,0.0018305701669305
149,severe,sparse,ValuePerDistance,32,21,0.65625,0.7096774193548387,0.0,False,44.0,62.0,1843.4694975149496,1780.1352280385272,-643.4694975149495,-723.4694975149495,True,106.6715893578116,False,True,0.0737462443492429,0.0034432611203624,2.0,True,1.0,8.000:8.000|17.655:13.951|16.176:25.615|18.584:23.735|43.956:41.508|42.368:45.259|34.996:51.694|42.146:56.286|44.069:55.328|54.788:49.689|52.035:48.763|60.857:56.149|58.539:56.849|60.095:61.791|67.465:72.449|82.026:85.125|82.799:91.349|73.304:97.266|29.129:88.778|25.963:90.870|22.144:83.072|21.191:78.102|8.000:8.000,0-23-24-31-19-13-32-21-17-9-10-27-16-18-25-2-29-6-1-14-12-8-0,0.0015086880885064
149,severe,sparse,WindAwareGreedy,32,15,0.46875,0.5483870967741935,0.0,False,34.0,62.0,1860.302348120028,1841.6754545992355,-660.3023481200279,-740.3023481200279,True,103.2253385416262,False,True,0.2619978773606181,0.018014836206939,2.0,True,1.0,8.000:8.000|16.176:25.615|18.584:23.735|43.956:41.508|42.368:45.259|34.996:51.694|22.144:83.072|29.129:88.778|25.963:90.870|21.191:78.102|36.588:77.140|34.944:83.332|82.026:85.125|73.304:97.266|82.799:91.349|67.465:72.449|8.000:8.000,0-24-31-19-13-32-12-1-14-8-7-28-2-6-29-25-0,0.0013102509547024
149,severe,sparse,ReserveOnlyPlanner,32,10,0.3125,0.3306451612903225,0.3306451612903225,True,20.5,62.0,1066.5238248028445,1170.8749829777078,133.47617519715578,53.47617519715578,False,61.05363881437261,True,False,0.0609958845395544,0.0056503642130624,2.0,False,1.0,8.000:8.000|16.176:25.615|18.584:23.735|17.655:13.951|54.406:14.246|43.956:41.508|42.368:45.259|34.996:51.694|42.146:56.286|44.069:55.328|52.035:48.763|8.000:8.000,0-24-31-23-22-19-13-32-21-17-10-0,0.0010343410540372
149,severe,sparse,FairRiskAwareGreedy,32,12,0.375,0.4112903225806452,0.4112903225806452,True,25.5,62.0,1072.619272533714,1125.3926764112798,127.38072746628598,47.380727466285975,False,96.87809322522558,True,False,0.0110129029263859,0.0008502240622725,2.8284271247461903,False,1.0,8.000:8.000|16.176:25.615|54.406:14.246|40.162:23.131|17.655:13.951|22.144:83.072|21.191:78.102|34.996:51.694|29.129:88.778|25.963:90.870|36.588:77.140|26.405:41.902|18.584:23.735|8.000:8.000,0-24-22-26-23-12-8-32-1-14-7-3-31-0,0.0014808289706707
149,severe,sparse,FairALNSPlanner,32,19,0.59375,0.6290322580645161,0.6290322580645161,True,39.0,62.0,944.604866580744,1138.939015043126,255.39513341925576,175.3951334192558,False,98.56556250296994,True,False,0.0121932794347167,0.0006122046586826,2.8284271247461903,False,1.0,8.000:8.000|16.176:25.615|18.584:23.735|54.406:14.246|44.376:19.852|40.162:23.131|43.956:41.508|42.368:45.259|42.146:56.286|44.069:55.328|60.095:61.791|58.539:56.849|60.857:56.149|36.588:77.140|34.944:83.332|29.129:88.778|25.963:90.870|21.191:78.102|22.144:83.072|17.655:13.951|8.000:8.000,0-24-31-22-20-26-19-13-21-17-18-16-27-7-28-1-14-8-12-23-0,8.460937805939466
149,severe,sparse,RAWA-RHP,32,24,0.75,0.7661290322580645,0.7661290322580645,True,47.5,62.0,1008.025871628136,1265.3464442661757,191.97412837186403,111.97412837186404,False,113.23121217147556,True,False,0.0621342071507799,0.0025409026126575,2.0,False,1.0,8.000:8.000|17.655:13.951|16.176:25.615|21.191:78.102|22.144:83.072|25.963:90.870|29.129:88.778|34.944:83.332|36.588:77.140|60.095:61.791|58.539:56.849|60.857:56.149|54.788:49.689|52.035:48.763|56.169:40.134|54.406:14.246|44.376:19.852|40.162:23.131|43.956:41.508|42.368:45.259|42.146:56.286|44.069:55.328|34.996:51.694|26.405:41.902|18.584:23.735|8.000:8.000,0-23-24-8-12-14-1-28-7-18-16-27-9-10-11-22-20-26-19-13-21-17-32-3-31-0,46.05020493105985
148,calm,cluttered,NearestNeighbor,32,32,1.0,1.0,0.0,False,68.5,68.5,1341.8438987503837,1332.3891431935033,-141.84389875038386,-221.84389875038383,True,163.18625438476792,False,True,0.0180126915170252,0.0005488470818387,2.0,True,1.0,8.000:8.000|9.053:30.576|13.554:37.081|18.872:39.559|20.407:36.182|33.810:33.354|33.961:39.571|29.948:44.136|38.597:44.503|39.091:49.487|49.043:54.323|61.733:41.419|55.929:37.749|56.549:30.660|55.770:28.047|44.741:24.189|30.354:21.043|69.376:26.391|75.449:17.311|90.807:57.931|88.552:74.396|85.537:76.849|82.265:81.569|72.350:71.600|62.467:64.314|59.168:77.934|41.722:78.431|37.852:78.775|26.923:70.976|28.842:65.759|27.681:62.656|19.670:68.400|20.413:81.713|8.000:8.000,0-11-10-24-31-25-13-7-12-19-15-22-16-14-27-26-4-28-2-5-20-1-17-21-23-18-9-32-29-30-6-8-3-0,0.0022035569418221
148,calm,cluttered,ValuePerDistance,32,28,0.875,0.9197080291970804,0.0,False,63.0,68.5,1357.277354245445,1356.2521950277671,-157.27735424544568,-237.27735424544568,True,159.20969765075944,False,True,0.0091568156975599,0.0003167030487905,2.0,True,1.0,8.000:8.000|9.053:30.576|13.554:37.081|18.872:39.559|20.407:36.182|29.948:44.136|33.961:39.571|39.091:49.487|38.597:44.503|49.043:54.323|61.733:41.419|55.929:37.749|56.549:30.660|55.770:28.047|69.376:26.391|75.449:17.311|72.350:71.600|59.168:77.934|82.265:81.569|88.552:74.396|85.537:76.849|90.807:57.931|19.670:68.400|27.681:62.656|28.842:65.759|26.923:70.976|37.852:78.775|41.722:78.431|20.413:81.713|8.000:8.000,0-11-10-24-31-7-13-19-12-15-22-16-14-27-28-2-21-18-17-20-1-5-8-6-30-29-32-9-3-0,0.0016387370415031
148,calm,cluttered,WindAwareGreedy,32,22,0.6875,0.781021897810219,0.0,False,53.5,68.5,1300.1978398307608,1307.2164134283264,-100.1978398307611,-180.1978398307611,True,147.21789396010166,False,True,0.0161157611221518,0.000704962225231,2.0,True,1.0,8.000:8.000|9.053:30.576|39.091:49.487|56.549:30.660|61.733:41.419|69.376:26.391|55.770:28.047|55.929:37.749|33.961:39.571|19.670:68.400|27.681:62.656|59.168:77.934|72.350:71.600|88.552:74.396|82.265:81.569|90.807:57.931|49.043:54.323|29.948:44.136|18.872:39.559|20.407:36.182|13.554:37.081|30.354:21.043|44.741:24.189|8.000:8.000,0-11-19-14-22-28-27-16-13-8-6-18-21-20-17-5-15-7-24-31-10-4-26-0,0.0016467431560158
148,calm,cluttered,ReserveOnlyPlanner,32,22,0.6875,0.7372262773722628,0.7372262773722628,True,50.5,68.5,1108.055769305874,1138.720952158061,91.94423069412566,11.944230694125665,False,129.10096826569816,True,False,0.0072522244449999,0.0003161236668445,2.0,False,1.0,8.000:8.000|9.053:30.576|13.554:37.081|20.407:36.182|18.872:39.559|39.091:49.487|33.961:39.571|29.948:44.136|19.670:68.400|27.681:62.656|28.842:65.759|59.168:77.934|72.350:71.600|61.733:41.419|56.549:30.660|55.770:28.047|55.929:37.749|69.376:26.391|75.449:17.311|30.354:21.043|44.741:24.189|38.597:44.503|33.810:33.354|8.000:8.000,0-11-10-31-24-19-13-7-8-6-30-18-21-22-14-27-16-28-2-4-26-12-25-0,0.0018269980791956
148,calm,cluttered,FairRiskAwareGreedy,32,19,0.59375,0.6642335766423357,0.6642335766423357,True,45.5,68.5,1096.3366316792778,1120.276485147892,103.66336832072214,23.663368320722142,False,127.87016049933072,True,False,0.0074394913740025,0.000372860069564,2.0,False,1.0,8.000:8.000|56.549:30.660|61.733:41.419|39.091:49.487|33.961:39.571|19.670:68.400|27.681:62.656|59.168:77.934|72.350:71.600|69.376:26.391|55.770:28.047|55.929:37.749|30.354:21.043|9.053:30.576|13.554:37.081|20.407:36.182|18.872:39.559|29.948:44.136|38.597:44.503|33.810:33.354|8.000:8.000,0-14-22-19-13-8-6-18-21-28-27-16-4-11-10-31-24-7-12-25-0,0.0029858038760721
148,calm,cluttered,FairALNSPlanner,32,26,0.8125,0.8613138686131386,0.8613138686131386,True,59.0,68.5,1064.2308245052486,1127.450544953648,135.76917549475124,55.76917549475124,False,135.59545720555911,True,False,0.0082457691947923,0.0003063376299256,2.0,False,1.0,8.000:8.000|30.354:21.043|44.741:24.189|69.376:26.391|90.807:57.931|88.552:74.396|82.265:81.569|85.537:76.849|72.350:71.600|59.168:77.934|61.733:41.419|56.549:30.660|55.770:28.047|55.929:37.749|49.043:54.323|39.091:49.487|38.597:44.503|33.961:39.571|29.948:44.136|28.842:65.759|26.923:70.976|19.670:68.400|27.681:62.656|18.872:39.559|20.407:36.182|13.554:37.081|9.053:30.576|8.000:8.000,0-4-26-28-5-20-17-1-21-18-22-14-27-16-15-19-12-13-7-30-29-8-6-24-31-10-11-0,16.041946570854634
148,calm,cluttered,RAWA-RHP,32,28,0.875,0.9051094890510948,0.9051094890510948,True,62.0,68.5,1027.0351574760332,1099.6251463783094,172.96484252396698,92.96484252396698,False,134.8996256918819,True,False,0.0184131273977641,0.0006387085391026,2.0,False,1.0,8.000:8.000|9.053:30.576|13.554:37.081|20.407:36.182|18.872:39.559|29.948:44.136|27.681:62.656|28.842:65.759|19.670:68.400|20.413:81.713|37.852:78.775|41.722:78.431|59.168:77.934|82.265:81.569|85.537:76.849|88.552:74.396|72.350:71.600|62.467:64.314|61.733:41.419|69.376:26.391|55.770:28.047|56.549:30.660|55.929:37.749|49.043:54.323|39.091:49.487|38.597:44.503|33.961:39.571|33.810:33.354|30.354:21.043|8.000:8.000,0-11-10-31-24-7-6-30-8-3-32-9-18-17-1-20-21-23-22-28-27-14-16-15-19-12-13-25-4-0,102.06805351213552
150,severe,cluttered,NearestNeighbor,32,18,0.5625,0.5401459854014599,0.0,False,37.0,68.5,2543.827420078932,2500.5274578133067,-1343.8274200789322,-1423.8274200789322,True,109.97915187913485,False,True,0.1728964422008637,0.0097621655917918,2.0,True,1.0,8.000:8.000|17.052:9.988|20.798:25.432|33.105:23.031|39.162:29.895|41.827:28.951|52.861:20.278|57.148:38.454|55.607:41.595|46.613:46.076|43.713:44.848|58.856:53.354|69.148:59.697|72.107:60.537|71.687:47.799|75.436:38.248|79.327:22.538|86.165:28.745|91.001:78.466|8.000:8.000,0-10-16-30-13-24-4-6-2-28-18-32-27-25-7-26-31-8-15-0,0.0016377689316868
150,severe,cluttered,ValuePerDistance,32,17,0.53125,0.5620437956204379,0.0,False,38.5,68.5,2273.32505434321,2299.7859218115736,-1073.3250543432098,-1153.3250543432098,True,104.11823827517344,False,True,0.1984670068116103,0.011987314851302,2.0,True,1.0,8.000:8.000|17.052:9.988|33.105:23.031|41.827:28.951|39.162:29.895|43.713:44.848|46.613:46.076|58.856:53.354|69.148:59.697|72.107:60.537|75.436:38.248|79.327:22.538|86.165:28.745|91.001:78.466|85.915:85.317|60.448:78.006|60.512:82.142|63.765:71.103|8.000:8.000,0-10-30-24-13-18-28-32-27-25-26-31-8-15-5-14-1-22-0,0.0011945769656449
150,severe,cluttered,WindAwareGreedy,32,14,0.4375,0.5109489051094891,0.0,False,35.0,68.5,2227.403083074886,2185.6179214388394,-1027.4030830748864,-1107.4030830748864,True,94.47624635661552,False,True,0.2468347406918281,0.0183027129029117,2.0,True,1.0,8.000:8.000|17.052:9.988|33.105:23.031|41.827:28.951|43.713:44.848|58.856:53.354|69.148:59.697|72.107:60.537|75.436:38.248|79.327:22.538|86.165:28.745|91.001:78.466|85.915:85.317|60.448:78.006|54.550:73.048|8.000:8.000,0-10-30-24-18-32-27-25-26-31-8-15-5-14-11-0,0.0012052911333739
150,severe,cluttered,ReserveOnlyPlanner,32,8,0.25,0.2262773722627737,0.2262773722627737,True,15.5,68.5,1060.9406115949068,1137.240820796784,139.05938840509327,59.05938840509327,False,46.922551284707474,True,False,0.0862143892997059,0.0095955715461739,2.0,False,1.0,8.000:8.000|17.052:9.988|33.105:23.031|41.827:28.951|43.713:44.848|46.613:46.076|57.148:38.454|55.607:41.595|52.861:20.278|8.000:8.000,0-10-30-24-18-28-6-2-4-0,0.0008378350175917
150,severe,cluttered,FairRiskAwareGreedy,32,11,0.34375,0.4233576642335766,0.4233576642335766,True,29.0,68.5,1072.5292419379773,1124.028958567808,127.47075806202302,47.47075806202302,False,88.5952304156597,True,False,0.002903312695386,0.000242121483563,2.8284271247461903,False,1.0,8.000:8.000|17.052:9.988|33.105:23.031|41.827:28.951|69.148:59.697|43.713:44.848|72.107:60.537|75.436:38.248|33.301:78.150|16.600:70.984|13.472:67.455|20.798:25.432|8.000:8.000,0-10-30-24-27-18-25-26-12-3-29-16-0,0.0013425480574369
150,severe,cluttered,FairALNSPlanner,32,6,0.1875,0.2043795620437956,0.2043795620437956,True,14.0,68.5,661.4312058617426,745.9491402360662,538.5687941382574,458.56879413825743,False,51.25469796501349,True,False,0.0699430989860839,0.0099967518091424,2.0,False,1.0,8.000:8.000|17.052:9.988|33.105:23.031|41.827:28.951|57.148:38.454|60.448:78.006|54.550:73.048|8.000:8.000,0-10-30-24-6-14-11-0,2.8047864187974483
150,severe,cluttered,RAWA-RHP,32,20,0.625,0.6642335766423357,0.6642335766423357,True,45.5,68.5,1028.777814593707,1220.7709173887945,171.22218540629325,91.22218540629324,False,100.3713375524498,True,False,0.0802921390443486,0.0039060149685439,2.0,False,1.0,8.000:8.000|17.052:9.988|33.105:23.031|41.827:28.951|39.162:29.895|43.713:44.848|46.613:46.076|58.856:53.354|63.765:71.103|60.512:82.142|60.448:78.006|54.550:73.048|44.912:74.708|42.370:85.129|33.108:92.373|27.722:84.251|30.452:67.915|33.301:78.150|16.600:70.984|13.472:67.455|20.798:25.432|8.000:8.000,0-10-30-24-13-18-28-32-22-1-14-11-17-23-20-9-19-12-3-29-16-0,14.401810699841008
149,moderate,cluttered,NearestNeighbor,32,25,0.78125,0.7589285714285714,0.0,False,42.5,56.0,1772.2356883228936,1776.151237908885,-572.2356883228935,-652.2356883228935,True,147.1569556280173,False,True,0.1426386552858439,0.0058075771185261,2.0,True,1.0,8.000:8.000|32.814:8.843|31.330:28.583|31.989:40.503|41.658:42.475|56.432:34.023|60.267:34.525|69.361:31.110|69.582:26.461|73.382:32.432|78.096:25.587|61.337:18.168|51.212:19.408|53.758:24.781|42.808:62.460|26.486:58.025|22.812:67.293|10.302:74.768|8.132:88.454|45.601:81.568|52.642:81.190|58.687:85.616|54.348:93.564|49.327:96.072|67.637:92.846|83.927:91.129|8.000:8.000,0-21-31-29-2-12-8-26-3-18-22-10-13-16-7-1-30-19-32-24-27-17-14-23-11-9-0,0.0020742968190461
149,moderate,cluttered,ValuePerDistance,32,24,0.75,0.8303571428571429,0.0,False,46.5,56.0,1822.127631063513,1828.019563588668,-622.1276310635126,-702.1276310635126,True,150.09299845684893,False,True,0.1730159377351898,0.0074711542644517,2.0,True,1.0,8.000:8.000|32.814:8.843|31.330:28.583|56.432:34.023|60.267:34.525|69.361:31.110|73.382:32.432|69.582:26.461|61.337:18.168|51.212:19.408|53.758:24.781|41.658:42.475|31.989:40.503|14.911:33.298|19.109:41.654|10.302:74.768|8.132:88.454|22.812:67.293|26.486:58.025|55.958:73.494|66.416:70.376|72.885:60.035|85.850:62.464|85.226:64.501|83.927:91.129|8.000:8.000,0-21-31-12-8-26-18-3-10-13-16-2-29-5-6-19-32-30-1-4-28-20-25-15-9-0,0.0016075959429144
149,moderate,cluttered,WindAwareGreedy,32,16,0.5,0.6607142857142857,0.0,False,37.0,56.0,1504.6455995011293,1505.163286030136,-304.6455995011293,-384.6455995011293,True,119.92076161939244,False,True,0.2171199006267467,0.0140353731745068,2.0,True,1.0,8.000:8.000|32.814:8.843|56.432:34.023|60.267:34.525|72.885:60.035|55.958:73.494|66.416:70.376|69.361:31.110|73.382:32.432|61.337:18.168|31.330:28.583|14.911:33.298|10.302:74.768|8.132:88.454|22.812:67.293|26.486:58.025|42.808:62.460|8.000:8.000,0-21-12-8-20-4-28-26-18-10-31-5-19-32-30-1-7-0,0.0013701319694519
149,moderate,cluttered,ReserveOnlyPlanner,32,13,0.40625,0.5267857142857143,0.5267857142857143,True,29.5,56.0,1055.938292863023,1117.7736720061398,144.06170713697696,64.06170713697696,False,85.94529979967723,True,False,0.1183281397220732,0.0088097386998389,2.0,False,1.0,8.000:8.000|32.814:8.843|56.432:34.023|60.267:34.525|69.361:31.110|73.382:32.432|72.885:60.035|55.958:73.494|66.416:70.376|85.850:62.464|85.226:64.501|69.582:26.461|61.337:18.168|31.330:28.583|8.000:8.000,0-21-12-8-26-18-20-4-28-25-15-3-10-31-0,0.0012933660764247
149,moderate,cluttered,FairRiskAwareGreedy,32,13,0.40625,0.4821428571428571,0.4821428571428571,True,27.0,56.0,1062.936465551914,1103.8164933133323,137.06353444808573,57.06353444808573,False,115.37332759220833,True,False,0.0004081206966949,2.915183685301256e-05,2.8284271247461903,False,1.0,8.000:8.000|32.814:8.843|56.432:34.023|53.758:24.781|31.330:28.583|10.302:74.768|8.132:88.454|14.911:33.298|72.885:60.035|66.416:70.376|41.658:42.475|31.989:40.503|19.109:41.654|26.486:58.025|8.000:8.000,0-21-12-16-31-19-32-5-20-28-2-29-6-1-0,0.0017178710550069
149,moderate,cluttered,FairALNSPlanner,32,17,0.53125,0.5892857142857143,0.5892857142857143,True,33.0,56.0,1051.6209930201642,1169.5957881331003,148.37900697983574,68.37900697983574,False,118.0882283271488,True,False,0.007593983949435,0.0004224509857687,2.0,False,1.0,8.000:8.000|32.814:8.843|14.911:33.298|19.109:41.654|22.812:67.293|10.302:74.768|8.132:88.454|49.327:96.072|54.348:93.564|67.637:92.846|58.687:85.616|52.642:81.190|45.601:81.568|41.658:42.475|66.416:70.376|55.958:73.494|72.885:60.035|31.330:28.583|8.000:8.000,0-21-5-6-30-19-32-23-14-11-17-27-24-2-28-4-20-31-0,9.578156378818676
149,moderate,cluttered,RAWA-RHP,32,24,0.75,0.8482142857142857,0.8482142857142857,True,47.5,56.0,1044.858866067647,1189.4091261018168,155.1411339323529,75.14113393235289,False,129.0844761138282,True,False,0.0913107820247104,0.0037941569826878,2.0,False,1.0,8.000:8.000|32.814:8.843|51.212:19.408|61.337:18.168|69.582:26.461|73.382:32.432|69.361:31.110|60.267:34.525|56.432:34.023|31.330:28.583|31.989:40.503|41.658:42.475|72.885:60.035|66.416:70.376|55.958:73.494|52.642:81.190|58.687:85.616|67.637:92.846|54.348:93.564|49.327:96.072|8.132:88.454|10.302:74.768|22.812:67.293|19.109:41.654|14.911:33.298|8.000:8.000,0-21-13-10-3-18-26-8-12-31-29-2-20-28-4-27-17-11-14-23-32-19-30-6-5-0,69.10474556591362
150,calm,cluttered,NearestNeighbor,32,29,0.90625,0.946969696969697,0.0,False,62.5,66.0,1339.536213424061,1344.24614045555,-139.53621342406143,-219.53621342406143,True,158.18451013046405,False,True,0.0371797071206744,0.0012601724286427,2.0,True,1.0,8.000:8.000|14.009:25.265|10.947:33.544|20.636:40.317|27.470:30.430|28.513:28.266|34.613:33.444|39.614:37.344|39.532:27.007|53.829:11.566|59.397:34.092|61.941:46.342|65.228:47.671|68.993:52.263|74.753:51.963|79.191:50.314|76.100:60.042|78.352:34.122|78.938:29.577|87.557:35.767|91.687:22.157|41.456:60.941|40.742:65.540|36.188:56.114|27.143:52.819|23.776:59.626|17.520:58.183|8.835:77.186|24.345:78.100|32.344:87.087|8.000:8.000,0-4-19-3-6-21-2-23-30-12-1-24-26-29-32-7-27-5-22-28-18-11-20-16-8-25-10-13-14-17-0,0.0021704731043428
150,calm,cluttered,ValuePerDistance,32,25,0.78125,0.8636363636363636,0.0,False,57.0,66.0,1247.362966214757,1236.9914260380606,-47.36296621475691,-127.36296621475692,True,144.5127642793776,False,True,0.0355642593651545,0.0013900281376232,2.0,True,1.0,8.000:8.000|10.947:33.544|14.009:25.265|34.613:33.444|39.532:27.007|39.614:37.344|36.188:56.114|23.776:59.626|17.520:58.183|27.143:52.819|24.345:78.100|32.344:87.087|40.742:65.540|41.456:60.941|65.228:47.671|68.993:52.263|74.753:51.963|79.191:50.314|76.100:60.042|87.557:35.767|78.938:29.577|78.352:34.122|91.687:22.157|59.397:34.092|61.941:46.342|53.829:11.566|8.000:8.000,0-19-4-2-30-23-16-25-10-8-14-17-20-11-26-29-32-7-27-28-22-5-18-1-24-12-0,0.0016057679895311
150,calm,cluttered,WindAwareGreedy,32,20,0.625,0.75,0.0,False,49.5,66.0,1261.366180513789,1258.9443122984967,-61.36618051378889,-141.3661805137889,True,137.81053091345407,False,True,0.0342912966748997,0.0016579354793692,2.0,True,1.0,8.000:8.000|10.947:33.544|34.613:33.444|23.776:59.626|24.345:78.100|40.742:65.540|65.228:47.671|79.191:50.314|68.993:52.263|59.397:34.092|91.687:22.157|78.938:29.577|87.557:35.767|78.352:34.122|74.753:51.963|76.100:60.042|36.188:56.114|27.143:52.819|17.520:58.183|14.009:25.265|39.532:27.007|8.000:8.000,0-19-2-25-14-20-26-7-29-1-18-22-28-5-32-27-16-8-10-4-30-0,0.0015615459997206
150,calm,cluttered,ReserveOnlyPlanner,32,20,0.625,0.75,0.75,True,49.5,66.0,1106.2747398402978,1140.093644258275,93.72526015970216,13.725260159702144,False,124.36474605603264,True,False,0.0290497010711879,0.0014005716280033,2.0,False,1.0,8.000:8.000|10.947:33.544|34.613:33.444|39.532:27.007|59.397:34.092|65.228:47.671|79.191:50.314|68.993:52.263|74.753:51.963|78.938:29.577|91.687:22.157|87.557:35.767|78.352:34.122|76.100:60.042|40.742:65.540|23.776:59.626|24.345:78.100|17.520:58.183|27.143:52.819|36.188:56.114|14.009:25.265|8.000:8.000,0-19-2-30-1-26-7-29-32-22-18-28-5-27-20-25-14-10-8-16-4-0,0.0016734329983592
150,calm,cluttered,FairRiskAwareGreedy,32,14,0.4375,0.5378787878787878,0.5378787878787878,True,35.5,66.0,1091.077146264682,1104.2630239644427,108.9228537353182,28.922853735318213,False,120.02042663381673,True,False,0.0173863685940741,0.0011678351493723,2.0,False,1.0,8.000:8.000|10.947:33.544|34.613:33.444|65.228:47.671|79.191:50.314|59.397:34.092|23.776:59.626|24.345:78.100|40.742:65.540|36.188:56.114|27.143:52.819|14.009:25.265|39.532:27.007|91.687:22.157|53.829:11.566|8.000:8.000,0-19-2-26-7-1-25-14-20-16-8-4-30-18-12-0,0.0024029028136283
150,calm,cluttered,FairALNSPlanner,32,24,0.75,0.8257575757575758,0.8257575757575758,True,54.5,66.0,1065.328486083479,1133.7479713914788,134.67151391652072,54.67151391652072,False,132.71997353408858,True,False,0.026022620510189,0.00105273386433,2.0,False,1.0,8.000:8.000|10.947:33.544|17.520:58.183|24.345:78.100|32.344:87.087|40.742:65.540|36.188:56.114|59.397:34.092|91.687:22.157|78.938:29.577|78.352:34.122|87.557:35.767|79.191:50.314|74.753:51.963|76.100:60.042|68.993:52.263|65.228:47.671|61.941:46.342|39.614:37.344|34.613:33.444|27.470:30.430|27.143:52.819|23.776:59.626|20.636:40.317|14.009:25.265|8.000:8.000,0-19-10-14-17-20-16-1-18-22-5-28-7-32-27-29-26-24-23-2-6-8-25-3-4-0,15.38368569407612
150,calm,cluttered,RAWA-RHP,32,27,0.84375,0.9090909090909092,0.9090909090909092,True,60.0,66.0,1054.99610301329,1118.648584141675,145.00389698670978,65.00389698670978,False,136.91796940153472,True,False,0.0381743607098571,0.0013874569385295,2.0,False,1.0,8.000:8.000|14.009:25.265|27.470:30.430|28.513:28.266|34.613:33.444|39.614:37.344|39.532:27.007|59.397:34.092|91.687:22.157|78.938:29.577|78.352:34.122|87.557:35.767|79.191:50.314|74.753:51.963|76.100:60.042|68.993:52.263|65.228:47.671|61.941:46.342|41.456:60.941|40.742:65.540|36.188:56.114|27.143:52.819|23.776:59.626|24.345:78.100|32.344:87.087|8.835:77.186|17.520:58.183|10.947:33.544|8.000:8.000,0-4-6-21-2-23-30-1-18-22-5-28-7-32-27-29-26-24-11-20-16-8-25-14-17-13-10-19-0,47.83277074689977
150,calm,sparse,NearestNeighbor,32,32,1.0,1.0,0.0,False,63.0,63.0,1214.0233503513016,1211.5230324763854,-14.023350351302128,-94.02335035130211,True,152.60172616678216,False,True,0.0121166080466822,0.00036902360066,2.0,True,1.0,8.000:8.000|8.046:37.635|11.827:47.556|9.062:66.585|24.463:70.698|25.542:75.382|30.552:62.897|33.681:62.486|30.171:59.885|43.576:62.132|47.492:60.676|50.943:68.601|39.560:73.536|64.919:76.586|80.214:68.206|72.787:45.493|62.368:41.992|58.856:31.992|55.709:32.298|50.069:28.612|49.471:23.974|51.180:22.492|58.221:19.824|51.834:12.371|66.906:22.872|66.632:29.341|80.148:37.223|48.625:36.474|40.628:41.582|32.256:36.048|33.185:28.450|37.430:29.185|40.652:28.015|8.000:8.000,0-4-6-14-25-3-27-22-32-15-9-23-7-24-26-16-1-5-30-13-2-20-19-31-10-21-18-29-17-8-12-11-28-0,0.0021446170285344
150,calm,sparse,ValuePerDistance,32,29,0.90625,0.9523809523809524,0.0,False,60.0,63.0,1264.2520689701098,1253.5926990322837,-64.25206897010976,-144.25206897010975,True,152.06245896920225,False,True,0.0196335176455397,0.0006598454771129,2.0,True,1.0,8.000:8.000|51.834:12.371|58.221:19.824|51.180:22.492|49.471:23.974|50.069:28.612|55.709:32.298|58.856:31.992|66.632:29.341|66.906:22.872|62.368:41.992|72.787:45.493|80.148:37.223|80.214:68.206|43.576:62.132|47.492:60.676|50.943:68.601|30.171:59.885|30.552:62.897|33.681:62.486|24.463:70.698|25.542:75.382|9.062:66.585|32.256:36.048|33.185:28.450|40.652:28.015|37.430:29.185|40.628:41.582|48.625:36.474|11.827:47.556|8.000:8.000,0-31-19-20-2-13-30-5-21-10-1-16-18-26-15-9-23-32-27-22-25-3-14-8-12-28-11-17-29-6-0,0.0016927700489759
150,calm,sparse,WindAwareGreedy,32,24,0.75,0.8412698412698413,0.0,False,53.0,63.0,1303.86180811284,1301.6302658837742,-103.86180811284004,-183.86180811284004,True,148.5927934274821,False,True,0.0180598473870702,0.0007279388545328,2.0,True,1.0,8.000:8.000|51.834:12.371|58.221:19.824|66.906:22.872|58.856:31.992|55.709:32.298|51.180:22.492|43.576:62.132|47.492:60.676|30.171:59.885|25.542:75.382|24.463:70.698|9.062:66.585|33.681:62.486|32.256:36.048|33.185:28.450|40.652:28.015|40.628:41.582|62.368:41.992|66.632:29.341|50.069:28.612|49.471:23.974|37.430:29.185|50.943:68.601|30.552:62.897|8.000:8.000,0-31-19-10-5-30-20-15-9-32-3-25-14-22-8-12-28-17-1-21-13-2-11-23-27-0,0.0017549809999763
150,calm,sparse,ReserveOnlyPlanner,32,24,0.75,0.8412698412698413,0.8412698412698413,True,53.0,63.0,1062.8531010139773,1092.993911532321,137.1468989860229,57.1468989860229,False,127.17788761064377,True,False,0.0125735611588807,0.000505368813953,2.0,False,1.0,8.000:8.000|51.834:12.371|58.221:19.824|66.906:22.872|58.856:31.992|55.709:32.298|51.180:22.492|40.652:28.015|33.185:28.450|32.256:36.048|40.628:41.582|43.576:62.132|47.492:60.676|30.171:59.885|33.681:62.486|25.542:75.382|24.463:70.698|9.062:66.585|30.552:62.897|50.943:68.601|62.368:41.992|66.632:29.341|50.069:28.612|49.471:23.974|37.430:29.185|8.000:8.000,0-31-19-10-5-30-20-28-12-8-17-15-9-32-22-3-25-14-27-23-1-21-13-2-11-0,0.0018825081642717
150,calm,sparse,FairRiskAwareGreedy,32,21,0.65625,0.7619047619047619,0.7619047619047619,True,48.0,63.0,1097.7139148245226,1116.6344824930975,102.28608517547762,22.286085175477623,False,132.88690048360434,True,False,0.00574440430815,0.0002615744922117,2.0,False,1.0,8.000:8.000|51.834:12.371|58.221:19.824|66.906:22.872|58.856:31.992|55.709:32.298|43.576:62.132|47.492:60.676|30.171:59.885|25.542:75.382|24.463:70.698|51.180:22.492|40.652:28.015|33.185:28.450|32.256:36.048|40.628:41.582|62.368:41.992|66.632:29.341|33.681:62.486|9.062:66.585|8.046:37.635|11.827:47.556|8.000:8.000,0-31-19-10-5-30-15-9-32-3-25-20-28-12-8-17-1-21-22-14-4-6-0,0.0032759769819676
150,calm,sparse,FairALNSPlanner,32,32,1.0,1.0,1.0,True,63.0,63.0,1049.8997974024378,1128.7005409859298,150.10020259756203,70.10020259756203,False,144.56550975710903,True,False,0.0085474059316609,0.0002598826507955,2.0,False,1.0,8.000:8.000|8.046:37.635|11.827:47.556|9.062:66.585|25.542:75.382|24.463:70.698|30.171:59.885|30.552:62.897|33.681:62.486|39.560:73.536|43.576:62.132|47.492:60.676|50.943:68.601|64.919:76.586|80.214:68.206|80.148:37.223|72.787:45.493|62.368:41.992|55.709:32.298|58.856:31.992|66.632:29.341|66.906:22.872|58.221:19.824|51.834:12.371|51.180:22.492|49.471:23.974|50.069:28.612|40.652:28.015|37.430:29.185|48.625:36.474|40.628:41.582|32.256:36.048|33.185:28.450|8.000:8.000,0-4-6-14-3-25-32-27-22-7-15-9-23-24-26-18-16-1-30-5-21-10-19-31-20-2-13-28-11-29-17-8-12-0,19.62531973212026
150,calm,sparse,RAWA-RHP,32,29,0.90625,0.9523809523809524,0.9523809523809524,True,60.0,63.0,1053.244839245928,1126.102723268962,146.755160754072,66.755160754072,False,141.1214628379752,True,False,0.0085301845431123,0.0002851408860693,2.0,False,1.0,8.000:8.000|32.256:36.048|33.185:28.450|37.430:29.185|40.652:28.015|50.069:28.612|49.471:23.974|51.180:22.492|51.834:12.371|58.221:19.824|66.906:22.872|66.632:29.341|58.856:31.992|55.709:32.298|62.368:41.992|40.628:41.582|43.576:62.132|47.492:60.676|50.943:68.601|80.214:68.206|80.148:37.223|72.787:45.493|33.681:62.486|30.552:62.897|30.171:59.885|24.463:70.698|25.542:75.382|9.062:66.585|11.827:47.556|8.046:37.635|8.000:8.000,0-8-12-11-28-13-2-20-31-19-10-21-5-30-1-17-15-9-23-26-18-16-22-27-32-25-3-14-6-4-0,61.11105201207101
151,severe,cluttered,NearestNeighbor,32,11,0.34375,0.375,0.0,False,24.0,64.0,1485.5699518887322,1511.9052372726223,-285.5699518887325,-365.5699518887325,True,77.92296774552759,False,True,0.0367751872078216,0.0030955345160274,2.0,True,1.0,8.000:8.000|13.199:38.610|33.773:35.740|51.901:40.082|53.030:33.473|57.002:30.111|56.703:27.043|53.220:16.499|80.861:17.647|94.603:18.129|89.399:41.962|89.891:47.224|8.000:8.000,0-30-17-27-2-19-10-23-9-28-5-13-0,0.001348977908492
151,severe,cluttered,ValuePerDistance,32,14,0.4375,0.5078125,0.0,False,32.5,64.0,1756.5096832883517,1771.4346496757576,-556.5096832883515,-636.5096832883515,True,90.44665517234208,False,True,0.2652880983000895,0.0197806972510964,2.0,True,1.0,8.000:8.000|53.220:16.499|56.703:27.043|57.002:30.111|53.030:33.473|51.901:40.082|59.747:56.443|64.899:59.600|57.490:66.890|49.812:73.894|64.345:78.521|68.644:79.846|76.371:86.804|27.795:92.318|23.757:93.193|8.000:8.000,0-23-10-19-2-27-31-16-20-21-7-29-3-4-18-0,0.0012712629977613
151,severe,cluttered,WindAwareGreedy,32,10,0.3125,0.28125,0.0,False,18.0,64.0,1627.402196518738,1590.608800249459,-427.40219651873815,-507.40219651873815,True,74.32983153210736,False,True,0.3791894068977505,0.0382807167705647,2.0,True,1.0,8.000:8.000|13.199:38.610|18.384:61.151|34.021:55.619|22.614:76.154|13.612:85.832|9.592:87.848|23.757:93.193|27.795:92.318|26.888:79.006|29.094:73.303|8.000:8.000,0-30-25-26-1-6-14-18-4-32-8-0,0.0011627448257058
151,severe,cluttered,ReserveOnlyPlanner,32,6,0.1875,0.1796875,0.1796875,True,11.5,64.0,1081.7188144761776,1132.0955883935148,118.2811855238224,38.28118552382239,False,51.650939776934905,True,False,0.2054004006054094,0.0305939821932949,2.0,False,1.0,8.000:8.000|13.199:38.610|18.384:61.151|13.612:85.832|9.592:87.848|23.757:93.193|22.614:76.154|8.000:8.000,0-30-25-6-14-18-1-0,0.0008227210491895
151,severe,cluttered,FairRiskAwareGreedy,32,7,0.21875,0.2578125,0.2578125,True,16.5,64.0,837.5614165262857,877.6961279386413,362.43858347371423,282.43858347371423,False,74.42008293301794,True,False,0.0003923911830527,4.90533801014853e-05,2.8284271247461903,False,1.0,8.000:8.000|53.220:16.499|56.703:27.043|80.861:17.647|13.199:38.610|18.384:61.151|13.612:85.832|9.592:87.848|8.000:8.000,0-23-10-9-30-25-6-14-0,0.001030707033351
151,severe,cluttered,FairALNSPlanner,32,14,0.4375,0.453125,0.453125,True,29.0,64.0,1035.5252711241017,1192.204009428228,164.47472887589817,84.47472887589817,False,96.41247392430576,True,False,0.0453811818942496,0.0030720141512602,2.0,False,1.0,8.000:8.000|80.861:17.647|94.603:18.129|89.891:47.224|89.399:41.962|53.030:33.473|51.901:40.082|54.524:56.298|59.747:56.443|69.791:39.903|57.002:30.111|56.703:27.043|53.220:16.499|33.773:35.740|13.199:38.610|8.000:8.000,0-9-28-13-5-2-27-24-31-12-19-10-23-17-30-0,3.9978768301662058
151,severe,cluttered,RAWA-RHP,32,17,0.53125,0.53125,0.53125,True,34.0,64.0,1027.5310997689728,1219.5859711004173,172.4689002310271,92.4689002310271,False,100.64085244157728,True,False,0.0691767595813461,0.0039237490901396,2.0,False,1.0,8.000:8.000|13.199:38.610|33.773:35.740|51.901:40.082|53.030:33.473|59.747:56.443|54.524:56.298|64.899:59.600|82.017:72.059|83.631:52.209|89.891:47.224|89.399:41.962|94.603:18.129|80.861:17.647|69.791:39.903|57.002:30.111|56.703:27.043|53.220:16.499|8.000:8.000,0-30-17-27-2-31-24-16-15-22-13-5-28-9-12-19-10-23-0,12.193511618068442
147,moderate,sparse,NearestNeighbor,32,21,0.65625,0.632,0.0,False,39.5,62.5,1365.078537646791,1358.453748031667,-165.07853764679115,-245.07853764679115,True,110.88707238795212,False,True,0.0679576643012299,0.003161645595139,2.0,True,1.0,8.000:8.000|26.402:7.953|35.558:8.985|40.493:12.590|43.405:23.124|29.966:25.974|25.351:24.660|26.686:50.196|28.180:58.272|44.153:58.767|52.989:52.673|44.074:43.049|73.972:39.614|75.235:45.870|77.937:47.877|84.570:51.707|84.127:53.945|80.340:61.281|75.308:59.337|80.678:67.306|82.245:70.102|77.069:74.559|8.000:8.000,0-9-23-5-1-3-12-4-30-29-25-7-24-11-14-22-2-26-32-6-18-28-0,0.0017995820380747
147,moderate,sparse,ValuePerDistance,32,16,0.5,0.608,0.0,False,38.0,62.5,1339.2421153048303,1330.7474810448498,-139.24211530483046,-219.2421153048305,True,100.63854887092812,False,True,0.0236189475867867,0.0013902243771084,2.0,True,1.0,8.000:8.000|25.351:24.660|29.966:25.974|43.405:23.124|44.074:43.049|26.686:50.196|28.180:58.272|44.153:58.767|52.989:52.673|62.681:79.268|65.701:82.215|69.205:90.161|62.092:94.440|56.192:88.848|48.158:81.184|84.127:53.945|84.570:51.707|8.000:8.000,0-12-3-1-7-4-30-29-25-31-21-17-27-19-13-2-22-0,0.001252775080502
147,moderate,sparse,WindAwareGreedy,32,14,0.4375,0.52,0.0,False,32.5,62.5,1433.9042343232834,1463.4989381090932,-233.90423432328333,-313.90423432328333,True,108.29499111792812,False,True,0.0919545279740446,0.0062694575748794,2.0,True,1.0,8.000:8.000|25.351:24.660|43.405:23.124|44.074:43.049|26.686:50.196|29.966:25.974|26.402:7.953|35.558:8.985|40.493:12.590|11.789:52.396|28.180:58.272|44.153:58.767|62.681:79.268|69.205:90.161|62.092:94.440|8.000:8.000,0-12-1-7-4-3-9-23-5-16-30-29-31-17-27-0,0.0012535769492387
147,moderate,sparse,ReserveOnlyPlanner,32,11,0.34375,0.384,0.384,True,24.0,62.5,1071.5733867078286,1166.809050404151,128.42661329217174,48.42661329217174,False,83.30538729526005,True,False,0.0698638264954873,0.0059587105379053,2.0,False,1.0,8.000:8.000|25.351:24.660|29.966:25.974|43.405:23.124|44.074:43.049|26.686:50.196|11.789:52.396|26.402:7.953|35.558:8.985|40.493:12.590|28.180:58.272|44.153:58.767|8.000:8.000,0-12-3-1-7-4-16-9-23-5-30-29-0,0.0012232570443302
147,moderate,sparse,FairRiskAwareGreedy,32,16,0.5,0.592,0.592,True,37.0,62.5,1082.3246397806558,1122.1349968744871,117.67536021934409,37.67536021934407,False,117.88749325779902,True,False,0.0046256769860637,0.0002724528712457,2.0,False,1.0,8.000:8.000|25.351:24.660|43.405:23.124|44.074:43.049|26.686:50.196|29.966:25.974|35.558:8.985|26.402:7.953|40.493:12.590|62.681:79.268|69.205:90.161|65.701:82.215|84.127:53.945|77.937:47.877|44.153:58.767|28.180:58.272|11.789:52.396|8.000:8.000,0-12-1-7-4-3-23-9-5-31-17-21-2-14-29-30-16-0,0.0024046071339398
147,moderate,sparse,FairALNSPlanner,32,27,0.84375,0.88,0.88,True,55.0,62.5,1035.9287023903566,1186.1377536573266,164.07129760964335,84.07129760964335,False,126.72499135092936,True,False,0.0149351838032535,0.0005357882668894,2.0,False,1.0,8.000:8.000|25.351:24.660|29.966:25.974|26.686:50.196|28.180:58.272|44.153:58.767|48.158:81.184|56.192:88.848|62.092:94.440|69.205:90.161|65.701:82.215|62.681:79.268|77.069:74.559|81.562:81.663|85.925:84.153|86.040:81.669|89.912:76.640|82.245:70.102|80.678:67.306|80.340:61.281|84.127:53.945|84.570:51.707|75.308:59.337|52.989:52.673|44.074:43.049|43.405:23.124|26.402:7.953|35.558:8.985|8.000:8.000,0-12-3-4-30-29-13-19-27-17-21-31-28-8-15-20-10-18-6-26-2-22-32-25-7-1-9-23-0,18.079292202135548
147,moderate,sparse,RAWA-RHP,32,30,0.9375,0.96,0.96,True,60.0,62.5,1029.514310030666,1185.1272225822436,170.4856899693342,90.4856899693342,False,132.0876805408015,True,False,0.0627145701379229,0.0020675707487431,2.0,False,1.0,8.000:8.000|26.402:7.953|35.558:8.985|40.493:12.590|43.405:23.124|44.074:43.049|52.989:52.673|73.972:39.614|75.235:45.870|77.937:47.877|84.570:51.707|84.127:53.945|80.340:61.281|80.678:67.306|82.245:70.102|89.912:76.640|86.040:81.669|85.925:84.153|81.562:81.663|77.069:74.559|62.681:79.268|65.701:82.215|69.205:90.161|62.092:94.440|56.192:88.848|48.158:81.184|44.153:58.767|28.180:58.272|26.686:50.196|29.966:25.974|25.351:24.660|8.000:8.000,0-9-23-5-1-7-25-24-11-14-22-2-26-6-18-10-20-15-8-28-31-21-17-27-19-13-29-30-4-3-12-0,172.44620569096878
151,calm,cluttered,NearestNeighbor,32,29,0.90625,0.9206349206349206,0.0,False,58.0,63.0,1439.4270918833963,1442.554591426101,-239.42709188339617,-319.4270918833962,True,166.89981380022184,False,True,0.0292477068825387,0.0009872785532184,2.0,True,1.0,8.000:8.000|44.341:17.297|43.798:24.524|53.260:32.755|58.706:24.249|69.142:26.215|66.448:33.090|64.552:41.305|66.350:45.744|61.864:55.100|57.526:55.393|66.885:63.909|57.494:72.824|70.143:77.271|70.328:79.978|77.148:76.619|85.258:61.371|84.791:45.255|88.422:28.988|86.069:11.594|40.441:41.771|40.122:47.727|37.831:53.074|37.228:62.568|28.174:48.733|35.941:36.989|34.246:82.293|39.257:94.723|41.639:95.105|49.898:89.819|8.000:8.000,0-30-3-14-7-8-32-13-25-28-5-23-26-9-6-31-2-17-20-22-15-1-24-21-19-4-10-12-27-18-0,0.0021180920302867
151,calm,cluttered,ValuePerDistance,32,28,0.875,0.9285714285714286,0.0,False,58.5,63.0,1430.5920521362027,1424.9909470089049,-230.59205213620285,-310.5920521362028,True,164.96389954592897,False,True,0.0186275700916709,0.0006471415838507,2.0,True,1.0,8.000:8.000|44.341:17.297|43.798:24.524|53.260:32.755|58.706:24.249|69.142:26.215|64.552:41.305|66.350:45.744|57.526:55.393|61.864:55.100|66.885:63.909|57.494:72.824|70.143:77.271|70.328:79.978|77.276:94.722|49.898:89.819|39.257:94.723|41.639:95.105|34.246:82.293|37.228:62.568|37.831:53.074|28.174:48.733|40.122:47.727|40.441:41.771|35.941:36.989|86.069:11.594|88.422:28.988|84.791:45.255|85.258:61.371|8.000:8.000,0-30-3-14-7-8-13-25-5-28-23-26-9-6-11-18-12-27-10-21-24-19-1-15-4-22-20-17-2-0,0.0016354070976376
151,calm,cluttered,WindAwareGreedy,32,20,0.625,0.7777777777777778,0.0,False,49.0,63.0,1459.9022221526268,1467.2069787127398,-259.9022221526267,-339.9022221526267,True,157.2502625807313,False,True,0.0241046772321901,0.0011597896224811,2.0,True,1.0,8.000:8.000|44.341:17.297|53.260:32.755|57.526:55.393|57.494:72.824|66.885:63.909|64.552:41.305|86.069:11.594|88.422:28.988|58.706:24.249|37.831:53.074|28.174:48.733|37.228:62.568|39.257:94.723|49.898:89.819|70.328:79.978|70.143:77.271|77.276:94.722|61.864:55.100|84.791:45.255|85.258:61.371|8.000:8.000,0-30-14-5-26-23-13-22-20-7-24-19-21-12-18-6-9-11-28-17-2-0,0.0015908409841358
151,calm,cluttered,ReserveOnlyPlanner,32,14,0.4375,0.5476190476190477,0.5476190476190477,True,34.5,63.0,1106.945268484985,1136.235748649471,93.05473151501492,13.054731515014907,False,117.7353051351542,True,False,0.0207676224581805,0.0013965964292042,2.0,False,1.0,8.000:8.000|44.341:17.297|53.260:32.755|57.526:55.393|57.494:72.824|66.885:63.909|64.552:41.305|86.069:11.594|88.422:28.988|58.706:24.249|69.142:26.215|37.831:53.074|28.174:48.733|37.228:62.568|39.257:94.723|8.000:8.000,0-30-14-5-26-23-13-22-20-7-8-24-19-21-12-0,0.0013941060751676
151,calm,cluttered,FairRiskAwareGreedy,32,14,0.4375,0.5793650793650794,0.5793650793650794,True,36.5,63.0,1095.9262380017176,1116.5975154313917,104.07376199828232,24.07376199828232,False,120.41251964093252,True,False,0.0142756230139879,0.0009571601514279,2.0,False,1.0,8.000:8.000|44.341:17.297|57.526:55.393|57.494:72.824|39.257:94.723|49.898:89.819|37.831:53.074|53.260:32.755|86.069:11.594|64.552:41.305|66.885:63.909|70.143:77.271|70.328:79.978|61.864:55.100|28.174:48.733|8.000:8.000,0-30-5-26-12-18-24-14-22-13-23-9-6-28-19-0,0.0027898270636796
151,calm,cluttered,FairALNSPlanner,32,25,0.78125,0.8650793650793651,0.8650793650793651,True,54.5,63.0,1059.3457806359588,1128.05901817829,140.65421936404118,60.65421936404118,False,133.214956981826,True,False,0.0194408186093555,0.0007534017974008,2.0,False,1.0,8.000:8.000|28.174:48.733|37.831:53.074|37.228:62.568|34.246:82.293|39.257:94.723|41.639:95.105|49.898:89.819|77.276:94.722|70.328:79.978|70.143:77.271|57.494:72.824|66.885:63.909|57.526:55.393|61.864:55.100|64.552:41.305|66.350:45.744|84.791:45.255|88.422:28.988|86.069:11.594|69.142:26.215|66.448:33.090|58.706:24.249|53.260:32.755|43.798:24.524|44.341:17.297|8.000:8.000,0-19-24-21-10-12-27-18-11-6-9-26-23-5-28-13-25-17-20-22-8-32-7-14-3-30-0,16.08501771884039
151,calm,cluttered,RAWA-RHP,32,25,0.78125,0.8650793650793651,0.8650793650793651,True,54.5,63.0,1064.8103501751414,1128.05901817829,135.18964982485858,55.18964982485858,False,133.214956981826,True,False,0.0194408186093555,0.0007534017974008,2.0,False,1.0,8.000:8.000|28.174:48.733|37.831:53.074|37.228:62.568|34.246:82.293|39.257:94.723|41.639:95.105|49.898:89.819|77.276:94.722|70.328:79.978|70.143:77.271|57.494:72.824|66.885:63.909|57.526:55.393|61.864:55.100|64.552:41.305|66.350:45.744|84.791:45.255|88.422:28.988|86.069:11.594|69.142:26.215|66.448:33.090|58.706:24.249|53.260:32.755|43.798:24.524|44.341:17.297|8.000:8.000,0-19-24-21-10-12-27-18-11-6-9-26-23-5-28-13-25-17-20-22-8-32-7-14-3-30-0,27.989442422054708
151,calm,sparse,NearestNeighbor,32,30,0.9375,0.9407407407407408,0.0,False,63.5,67.5,1347.3611710569278,1353.717220296368,-147.36117105692782,-227.36117105692784,True,164.6809113794898,False,True,0.0100417061555703,0.0003251288053973,2.0,True,1.0,8.000:8.000|18.487:28.803|21.367:43.986|15.707:46.380|13.179:49.591|21.876:59.584|27.244:80.656|30.923:79.464|36.325:83.802|42.608:87.028|50.881:79.507|59.802:93.175|29.277:97.477|21.229:89.583|21.200:86.007|52.199:57.671|64.550:59.480|71.169:48.228|75.805:41.669|71.606:38.757|70.654:30.524|71.823:28.467|66.631:28.423|76.881:19.631|72.237:9.401|68.792:8.526|45.045:8.126|46.884:28.614|81.435:36.214|90.354:33.598|92.554:25.170|8.000:8.000,0-12-26-8-28-5-4-20-2-14-11-3-6-1-9-22-25-27-10-16-17-24-23-29-32-13-30-18-21-31-15-0,0.0021139271557331
151,calm,sparse,ValuePerDistance,32,27,0.84375,0.9037037037037036,0.0,False,61.0,67.5,1366.0183511716916,1365.7431077133338,-166.01835117169173,-246.01835117169173,True,160.38888101367127,False,True,0.0046937800745225,0.0001679272604466,2.0,True,1.0,8.000:8.000|18.487:28.803|21.367:43.986|15.707:46.380|13.179:49.591|21.876:59.584|21.229:89.583|21.200:86.007|29.277:97.477|50.881:79.507|59.802:93.175|91.313:86.348|93.380:68.874|71.169:48.228|75.805:41.669|71.606:38.757|70.654:30.524|71.823:28.467|66.631:28.423|76.881:19.631|68.792:8.526|72.237:9.401|90.354:33.598|92.554:25.170|81.435:36.214|64.550:59.480|52.199:57.671|30.923:79.464|8.000:8.000,0-12-26-8-28-5-1-9-6-11-3-19-7-27-10-16-17-24-23-29-13-32-31-15-21-25-22-20-0,0.0015957381110638
151,calm,sparse,WindAwareGreedy,32,21,0.65625,0.7555555555555555,0.0,False,51.0,67.5,1356.7992883784138,1346.5529827892592,-156.79928837841408,-236.79928837841408,True,149.69639075474814,False,True,0.0279253627721492,0.0012845050420826,2.0,True,1.0,8.000:8.000|18.487:28.803|21.367:43.986|15.707:46.380|21.229:89.583|29.277:97.477|50.881:79.507|59.802:93.175|70.654:30.524|71.823:28.467|68.792:8.526|66.631:28.423|71.606:38.757|75.805:41.669|71.169:48.228|52.199:57.671|21.200:86.007|21.876:59.584|30.923:79.464|36.325:83.802|42.608:87.028|27.244:80.656|8.000:8.000,0-12-26-8-1-6-11-3-17-24-13-23-16-10-27-22-9-5-20-2-14-4-0,0.0015896689146757
151,calm,sparse,ReserveOnlyPlanner,32,19,0.59375,0.7185185185185186,0.7185185185185186,True,48.5,67.5,1066.96551042764,1099.4474792569888,133.03448957236026,53.03448957236026,False,122.28266352635453,True,False,0.0126172519772459,0.0006338665685845,2.0,False,1.0,8.000:8.000|18.487:28.803|21.367:43.986|15.707:46.380|21.876:59.584|21.229:89.583|29.277:97.477|50.881:79.507|59.802:93.175|91.313:86.348|71.169:48.228|70.654:30.524|71.823:28.467|66.631:28.423|68.792:8.526|72.237:9.401|76.881:19.631|71.606:38.757|75.805:41.669|45.045:8.126|8.000:8.000,0-12-26-8-5-1-6-11-3-19-27-17-24-23-13-32-29-16-10-30-0,0.0016136108897626
151,calm,sparse,FairRiskAwareGreedy,32,17,0.53125,0.6592592592592592,0.6592592592592592,True,44.5,67.5,1077.140740901474,1094.3269841904073,122.85925909852556,42.85925909852557,False,124.66526181033792,True,False,0.0061558032626516,0.0003424363706425,2.0,False,1.0,8.000:8.000|18.487:28.803|21.367:43.986|15.707:46.380|68.792:8.526|71.823:28.467|70.654:30.524|66.631:28.423|71.606:38.757|75.805:41.669|50.881:79.507|59.802:93.175|21.229:89.583|29.277:97.477|21.200:86.007|21.876:59.584|52.199:57.671|64.550:59.480|8.000:8.000,0-12-26-8-13-24-17-23-16-10-11-3-1-6-9-5-22-25-0,0.0028897549491375
151,calm,sparse,FairALNSPlanner,32,23,0.71875,0.8222222222222222,0.8222222222222222,True,55.5,67.5,1056.0531059192815,1134.1231449249954,143.94689408071815,63.94689408071815,False,132.38637291021445,True,False,0.0083347651582601,0.000348117434125,2.0,False,1.0,8.000:8.000|18.487:28.803|21.367:43.986|15.707:46.380|13.179:49.591|21.876:59.584|30.923:79.464|50.881:79.507|91.313:86.348|59.802:93.175|29.277:97.477|21.229:89.583|21.200:86.007|52.199:57.671|71.169:48.228|75.805:41.669|71.606:38.757|70.654:30.524|66.631:28.423|71.823:28.467|76.881:19.631|72.237:9.401|68.792:8.526|45.045:8.126|8.000:8.000,0-12-26-8-28-5-20-11-19-3-6-1-9-22-27-10-16-17-23-24-29-32-13-30-0,14.790909325005488
151,calm,sparse,RAWA-RHP,32,25,0.78125,0.8666666666666667,0.8666666666666667,True,58.5,67.5,1065.01556952714,1142.2710298389816,134.98443047286042,54.98443047286042,False,134.72016219456273,True,False,0.0063935661345431,0.00024641894166,2.0,False,1.0,8.000:8.000|18.487:28.803|21.367:43.986|15.707:46.380|21.876:59.584|21.200:86.007|21.229:89.583|29.277:97.477|36.325:83.802|42.608:87.028|59.802:93.175|50.881:79.507|91.313:86.348|93.380:68.874|71.169:48.228|75.805:41.669|71.606:38.757|70.654:30.524|66.631:28.423|71.823:28.467|81.435:36.214|90.354:33.598|76.881:19.631|72.237:9.401|68.792:8.526|45.045:8.126|8.000:8.000,0-12-26-8-5-9-1-6-2-14-3-11-19-7-27-10-16-17-23-24-21-31-29-32-13-30-0,33.61723149404861
152,calm,sparse,NearestNeighbor,32,32,1.0,1.0,0.0,False,59.5,59.5,1443.803796800802,1452.1672369783798,-243.803796800802,-323.803796800802,True,171.72533264730652,False,True,0.0161450743830972,0.0004925015689118,2.0,True,1.0,8.000:8.000|19.239:22.678|15.841:50.358|26.074:53.385|24.911:63.067|23.601:67.454|20.854:68.887|38.276:74.034|50.003:80.556|55.934:73.887|56.752:69.209|54.826:67.017|60.628:63.205|61.892:61.160|57.549:45.291|50.034:46.129|43.831:42.125|46.952:32.263|59.868:37.311|70.620:32.541|72.458:40.486|78.989:39.154|79.100:42.167|89.680:34.917|94.072:41.519|91.412:26.398|83.059:18.114|75.500:14.116|58.761:12.446|87.526:52.421|65.560:84.451|66.361:86.911|54.836:94.051|8.000:8.000,0-8-30-17-25-4-16-3-10-15-13-23-21-12-32-22-2-18-5-1-20-19-31-6-24-26-27-29-9-14-7-28-11-0,0.0021430910564959
152,calm,sparse,ValuePerDistance,32,29,0.90625,0.9327731092436976,0.0,False,55.5,59.5,1468.1295578892154,1461.943327074708,-268.1295578892154,-348.1295578892154,True,169.60999054837276,False,True,0.0183136881141894,0.000615194771825,2.0,True,1.0,8.000:8.000|19.239:22.678|26.074:53.385|15.841:50.358|20.854:68.887|23.601:67.454|24.911:63.067|50.003:80.556|55.934:73.887|56.752:69.209|54.826:67.017|61.892:61.160|60.628:63.205|57.549:45.291|50.034:46.129|43.831:42.125|59.868:37.311|72.458:40.486|78.989:39.154|79.100:42.167|87.526:52.421|94.072:41.519|89.680:34.917|91.412:26.398|83.059:18.114|75.500:14.116|58.761:12.446|70.620:32.541|46.952:32.263|54.836:94.051|8.000:8.000,0-8-17-30-16-4-25-10-15-13-23-12-21-32-22-2-5-20-19-31-14-24-6-26-27-29-9-1-18-11-0,0.0016439280007034
152,calm,sparse,WindAwareGreedy,32,22,0.6875,0.773109243697479,0.0,False,46.0,59.5,1392.4791457396736,1401.7525405650915,-192.4791457396731,-272.4791457396731,True,154.29676630638278,False,True,0.0087432655098844,0.0003810921253093,2.0,True,1.0,8.000:8.000|26.074:53.385|50.034:46.129|57.549:45.291|43.831:42.125|50.003:80.556|54.836:94.051|87.526:52.421|94.072:41.519|83.059:18.114|75.500:14.116|58.761:12.446|59.868:37.311|72.458:40.486|70.620:32.541|78.989:39.154|55.934:73.887|65.560:84.451|56.752:69.209|61.892:61.160|60.628:63.205|54.826:67.017|38.276:74.034|8.000:8.000,0-17-22-32-2-10-11-14-24-27-29-9-5-20-1-19-15-7-13-12-21-23-3-0,0.0021831220947206
152,calm,sparse,ReserveOnlyPlanner,32,18,0.5625,0.6890756302521008,0.6890756302521008,True,41.0,59.5,1088.5959396438593,1118.435377549528,111.40406035614065,31.404060356140647,False,122.23440798827278,True,False,0.0105456097910605,0.0005569221464179,2.0,False,1.0,8.000:8.000|26.074:53.385|50.034:46.129|57.549:45.291|43.831:42.125|50.003:80.556|54.836:94.051|65.560:84.451|55.934:73.887|87.526:52.421|94.072:41.519|83.059:18.114|75.500:14.116|58.761:12.446|59.868:37.311|72.458:40.486|70.620:32.541|46.952:32.263|19.239:22.678|8.000:8.000,0-17-22-32-2-10-11-7-15-14-24-27-29-9-5-20-1-18-8-0,0.0016170600429177
152,calm,sparse,FairRiskAwareGreedy,32,16,0.5,0.6302521008403361,0.6302521008403361,True,37.5,59.5,1084.697445293335,1105.740609370188,115.30255470666476,35.30255470666475,False,124.10693718192334,True,False,0.0076454387454565,0.0004506592713034,2.0,False,1.0,8.000:8.000|26.074:53.385|50.034:46.129|57.549:45.291|43.831:42.125|50.003:80.556|87.526:52.421|94.072:41.519|83.059:18.114|75.500:14.116|58.761:12.446|59.868:37.311|72.458:40.486|15.841:50.358|20.854:68.887|24.911:63.067|19.239:22.678|8.000:8.000,0-17-22-32-2-10-14-24-27-29-9-5-20-30-16-25-8-0,0.0027603527996689
152,calm,sparse,FairALNSPlanner,32,24,0.75,0.8571428571428571,0.8571428571428571,True,51.0,59.5,1064.5033587595,1127.1248275758703,135.49664124050028,55.49664124050028,False,132.27490214991718,True,False,0.0138547111542602,0.0005569735453819,2.0,False,1.0,8.000:8.000|15.841:50.358|26.074:53.385|24.911:63.067|20.854:68.887|23.601:67.454|50.003:80.556|54.836:94.051|65.560:84.451|55.934:73.887|56.752:69.209|61.892:61.160|72.458:40.486|70.620:32.541|58.761:12.446|75.500:14.116|83.059:18.114|91.412:26.398|94.072:41.519|87.526:52.421|59.868:37.311|57.549:45.291|50.034:46.129|43.831:42.125|19.239:22.678|8.000:8.000,0-30-17-25-16-4-10-11-7-15-13-12-20-1-9-29-27-26-24-14-5-32-22-2-8-0,15.62520485697314
152,calm,sparse,RAWA-RHP,32,28,0.875,0.8907563025210085,0.8907563025210085,True,53.0,59.5,1055.8404208489362,1130.610049703717,144.15957915106372,64.15957915106372,False,138.0362724492169,True,False,0.00614520874618,0.000212437402085,2.0,False,1.0,8.000:8.000|19.239:22.678|15.841:50.358|20.854:68.887|23.601:67.454|24.911:63.067|26.074:53.385|43.831:42.125|50.034:46.129|61.892:61.160|60.628:63.205|54.826:67.017|50.003:80.556|55.934:73.887|56.752:69.209|57.549:45.291|59.868:37.311|70.620:32.541|72.458:40.486|78.989:39.154|79.100:42.167|87.526:52.421|94.072:41.519|89.680:34.917|91.412:26.398|83.059:18.114|75.500:14.116|58.761:12.446|46.952:32.263|8.000:8.000,0-8-30-16-4-25-17-2-22-12-21-23-10-15-13-32-5-1-20-19-31-14-24-6-26-27-29-9-18-0,31.05920547200367
150,severe,sparse,NearestNeighbor,32,24,0.75,0.7647058823529411,0.0,False,45.5,59.5,2214.9803146968934,2229.5074345015587,-1014.980314696894,-1094.980314696894,True,112.35918247740584,False,True,0.252401959527459,0.0111660861288329,2.0,True,1.0,8.000:8.000|18.541:21.985|24.351:28.929|18.902:37.137|15.284:37.570|10.534:42.414|9.692:47.710|22.853:39.738|26.759:49.319|28.803:52.937|32.660:65.054|24.090:72.932|23.936:75.305|23.009:79.378|29.897:82.469|29.800:84.543|37.236:90.562|51.418:87.320|58.299:89.238|47.260:76.781|49.867:70.449|58.523:60.935|60.307:64.086|62.779:55.109|73.572:59.857|8.000:8.000,0-16-14-3-6-25-9-7-11-31-4-26-19-10-27-32-12-23-18-22-5-24-1-21-28-0,0.0019105409737676
150,severe,sparse,ValuePerDistance,32,22,0.6875,0.7478991596638656,0.0,False,44.5,59.5,2198.0807168148326,2199.198533905577,-998.0807168148326,-1078.0807168148326,True,112.65329663412123,False,True,0.0981261400796168,0.0043189821231402,2.0,True,1.0,8.000:8.000|18.541:21.985|24.351:28.929|18.902:37.137|15.284:37.570|9.692:47.710|10.534:42.414|24.090:72.932|23.936:75.305|23.009:79.378|29.897:82.469|29.800:84.543|37.236:90.562|51.418:87.320|47.260:76.781|49.867:70.449|58.523:60.935|60.307:64.086|62.779:55.109|58.070:49.989|88.684:41.868|87.509:44.398|95.959:34.965|8.000:8.000,0-16-14-3-6-9-25-26-19-10-27-32-12-23-22-5-24-1-21-2-20-29-17-0,0.00147151411511
150,severe,sparse,WindAwareGreedy,32,17,0.53125,0.6470588235294118,0.0,False,38.5,59.5,2193.030853451632,2153.3158719827024,-993.030853451632,-1073.030853451632,True,102.35095076154282,False,True,0.2583029618892768,0.0160830026676937,2.0,True,1.0,8.000:8.000|18.541:21.985|9.692:47.710|15.284:37.570|18.902:37.137|10.534:42.414|24.090:72.932|23.936:75.305|23.009:79.378|29.897:82.469|37.236:90.562|51.418:87.320|47.260:76.781|58.523:60.935|60.307:64.086|88.684:41.868|95.959:34.965|94.195:36.267|8.000:8.000,0-16-9-6-3-25-26-19-10-27-12-23-22-24-1-20-17-13-0,0.0014349319972097
150,severe,sparse,ReserveOnlyPlanner,32,9,0.28125,0.2689075630252101,0.2689075630252101,True,16.0,59.5,1054.220695461364,1136.42072599822,145.77930453863587,65.77930453863587,False,47.04379524624122,True,False,0.1420382311985748,0.0145069356809474,2.0,False,1.0,8.000:8.000|18.541:21.985|24.351:28.929|18.902:37.137|15.284:37.570|9.692:47.710|10.534:42.414|26.759:49.319|28.803:52.937|22.853:39.738|8.000:8.000,0-16-14-3-6-9-25-11-31-7-0,0.0009247160051018
150,severe,sparse,FairRiskAwareGreedy,32,11,0.34375,0.453781512605042,0.453781512605042,True,27.0,59.5,1084.851544208758,1139.159083160149,115.14845579124196,35.14845579124197,False,88.1673463426685,True,False,0.0002155111751304,1.796041606320446e-05,2.8284271247461903,False,1.0,8.000:8.000|9.692:47.710|24.090:72.932|23.936:75.305|23.009:79.378|51.418:87.320|47.260:76.781|26.759:49.319|18.541:21.985|58.523:60.935|48.880:35.137|24.351:28.929|8.000:8.000,0-9-26-19-10-23-22-11-16-24-15-14-0,0.0015850609634071
150,severe,sparse,FairALNSPlanner,32,20,0.625,0.6722689075630253,0.6722689075630253,True,40.0,59.5,1019.4703344013394,1194.6464676799733,180.52966559866096,100.52966559866098,False,100.83779833077014,True,False,0.0115100206639618,0.0005484702546531,2.0,False,1.0,8.000:8.000|15.284:37.570|18.902:37.137|22.853:39.738|26.759:49.319|28.803:52.937|32.660:65.054|47.260:76.781|51.418:87.320|58.299:89.238|37.236:90.562|49.867:70.449|60.307:64.086|58.523:60.935|29.897:82.469|29.800:84.543|23.009:79.378|23.936:75.305|24.090:72.932|9.692:47.710|10.534:42.414|8.000:8.000,0-6-3-7-11-31-4-22-23-18-12-5-1-24-27-32-10-19-26-9-25-0,8.295384619152173
150,severe,sparse,RAWA-RHP,32,23,0.71875,0.7647058823529411,0.7647058823529411,True,45.5,59.5,1018.5648464963492,1210.5281281626253,181.43515350365064,101.43515350365064,False,105.59221512711416,True,False,0.0232827672867182,0.0009762776217692,2.0,False,1.0,8.000:8.000|18.541:21.985|24.351:28.929|18.902:37.137|22.853:39.738|26.759:49.319|28.803:52.937|32.660:65.054|48.880:35.137|58.070:49.989|58.523:60.935|60.307:64.086|49.867:70.449|47.260:76.781|51.418:87.320|37.236:90.562|29.800:84.543|29.897:82.469|23.009:79.378|23.936:75.305|24.090:72.932|9.692:47.710|10.534:42.414|15.284:37.570|8.000:8.000,0-16-14-3-7-11-31-4-15-2-24-1-5-22-23-12-32-27-10-19-26-9-25-6-0,57.17623273795471
152,calm,cluttered,NearestNeighbor,32,31,0.96875,0.9609375,0.0,False,61.5,64.0,1279.4963657942717,1281.297173403109,-79.49636579427131,-159.4963657942713,True,155.39093270089828,False,True,0.0158699859776346,0.0004992905145762,2.0,True,1.0,8.000:8.000|22.960:15.118|50.069:19.327|53.857:17.202|59.946:24.621|70.448:19.634|81.293:23.574|83.776:29.623|77.001:32.825|74.677:34.406|90.684:32.574|90.557:35.285|83.549:48.421|71.865:57.407|68.909:54.116|69.914:66.322|72.480:66.436|76.371:67.089|57.550:67.598|63.070:76.918|75.017:82.755|50.939:89.644|44.725:95.973|40.713:95.799|38.178:91.329|12.635:72.689|31.684:42.464|41.077:40.483|43.518:36.328|50.156:38.458|40.051:48.493|49.362:51.216|8.000:8.000,0-20-32-15-11-10-27-26-1-21-13-29-7-17-12-6-9-23-24-5-28-3-31-19-14-2-25-16-18-4-22-8-0,0.0022088871337473
152,calm,cluttered,ValuePerDistance,32,30,0.9375,0.96875,0.0,False,62.0,64.0,1308.5389683486117,1310.264423713215,-108.5389683486116,-188.5389683486116,True,156.29922122724173,False,True,0.0081897260287067,0.0002649299382145,2.0,True,1.0,8.000:8.000|22.960:15.118|50.069:19.327|53.857:17.202|59.946:24.621|70.448:19.634|77.001:32.825|74.677:34.406|83.776:29.623|81.293:23.574|84.506:14.807|90.684:32.574|90.557:35.285|83.549:48.421|69.914:66.322|72.480:66.436|76.371:67.089|57.550:67.598|63.070:76.918|75.017:82.755|50.939:89.644|44.725:95.973|40.713:95.799|38.178:91.329|12.635:72.689|49.362:51.216|31.684:42.464|50.156:38.458|43.518:36.328|41.077:40.483|40.051:48.493|8.000:8.000,0-20-32-15-11-10-1-21-26-27-30-13-29-7-6-9-23-24-5-28-3-31-19-14-2-8-25-4-18-16-22-0,0.001656220993027
152,calm,cluttered,WindAwareGreedy,32,21,0.65625,0.78125,0.0,False,50.0,64.0,1472.4648780942523,1477.1276878472868,-272.4648780942525,-352.4648780942525,True,156.5736754963691,False,True,0.0252388919734237,0.001159105457306,2.0,True,1.0,8.000:8.000|22.960:15.118|50.069:19.327|59.946:24.621|70.448:19.634|50.156:38.458|49.362:51.216|57.550:67.598|63.070:76.918|69.914:66.322|12.635:72.689|31.684:42.464|43.518:36.328|53.857:17.202|84.506:14.807|83.776:29.623|77.001:32.825|74.677:34.406|81.293:23.574|90.684:32.574|83.549:48.421|75.017:82.755|8.000:8.000,0-20-32-11-10-4-8-24-5-6-2-25-18-15-30-26-1-21-27-13-7-28-0,0.001654400024563
152,calm,cluttered,ReserveOnlyPlanner,32,17,0.53125,0.671875,0.671875,True,43.0,64.0,1082.2423431491986,1118.2206553487836,117.7576568508013,37.7576568508013,False,117.25601559676424,True,False,0.012339079528398,0.0006889336102637,2.0,False,1.0,8.000:8.000|22.960:15.118|50.069:19.327|59.946:24.621|70.448:19.634|50.156:38.458|49.362:51.216|57.550:67.598|63.070:76.918|69.914:66.322|72.480:66.436|75.017:82.755|50.939:89.644|44.725:95.973|12.635:72.689|31.684:42.464|43.518:36.328|53.857:17.202|8.000:8.000,0-20-32-11-10-4-8-24-5-6-9-28-3-31-2-25-18-15-0,0.0015451540239155
152,calm,cluttered,FairRiskAwareGreedy,32,14,0.4375,0.578125,0.578125,True,37.0,64.0,1100.2805673772714,1122.7840317282637,99.71943262272868,19.71943262272869,False,121.82817847374125,True,False,0.0181473925438787,0.0012191189530805,2.0,False,1.0,8.000:8.000|22.960:15.118|50.069:19.327|59.946:24.621|70.448:19.634|50.156:38.458|49.362:51.216|57.550:67.598|31.684:42.464|12.635:72.689|63.070:76.918|69.914:66.322|84.506:14.807|53.857:17.202|43.518:36.328|8.000:8.000,0-20-32-11-10-4-8-24-25-2-5-6-30-15-18-0,0.0024872878566384
152,calm,cluttered,FairALNSPlanner,32,26,0.8125,0.890625,0.890625,True,57.0,64.0,1049.672800636166,1118.5021049779743,150.327199363834,70.32719936383401,False,133.84924727281089,True,False,0.0145338701627458,0.0005411750962371,2.0,False,1.0,8.000:8.000|12.635:72.689|38.178:91.329|40.713:95.799|44.725:95.973|50.939:89.644|75.017:82.755|63.070:76.918|69.914:66.322|72.480:66.436|57.550:67.598|49.362:51.216|40.051:48.493|31.684:42.464|41.077:40.483|43.518:36.328|50.156:38.458|74.677:34.406|77.001:32.825|83.776:29.623|81.293:23.574|84.506:14.807|70.448:19.634|59.946:24.621|53.857:17.202|50.069:19.327|22.960:15.118|8.000:8.000,0-2-14-19-31-3-28-5-6-9-24-8-22-25-16-18-4-21-1-26-27-30-10-11-15-32-20-0,16.126617840956897
152,calm,cluttered,RAWA-RHP,32,26,0.8125,0.875,0.875,True,56.0,64.0,1056.549615079367,1121.0386848444944,143.45038492063284,63.45038492063284,False,135.25961761786337,True,False,0.0082978397335332,0.0003080166188686,2.0,False,1.0,8.000:8.000|12.635:72.689|40.713:95.799|44.725:95.973|50.939:89.644|75.017:82.755|63.070:76.918|69.914:66.322|72.480:66.436|57.550:67.598|49.362:51.216|40.051:48.493|31.684:42.464|41.077:40.483|43.518:36.328|50.156:38.458|59.946:24.621|74.677:34.406|77.001:32.825|83.776:29.623|90.684:32.574|90.557:35.285|81.293:23.574|70.448:19.634|53.857:17.202|50.069:19.327|22.960:15.118|8.000:8.000,0-2-19-31-3-28-5-6-9-24-8-22-25-16-18-4-11-21-1-26-13-29-27-10-15-32-20-0,26.13368354202248
151,severe,sparse,NearestNeighbor,32,16,0.5,0.504,0.0,False,31.5,62.5,1690.0558974097946,1680.3780279449406,-490.0558974097946,-570.0558974097946,True,90.2414023378391,False,True,0.1093352956471336,0.006654853126606,2.0,True,1.0,8.000:8.000|24.791:31.907|33.213:40.084|38.836:37.608|41.584:31.184|36.106:24.920|55.435:26.899|39.726:49.271|43.443:52.319|29.143:55.234|22.585:52.184|34.911:65.251|35.987:71.571|39.311:71.232|40.783:79.895|41.931:84.112|42.277:89.799|8.000:8.000,0-23-8-3-28-18-1-14-6-24-15-17-16-10-9-26-30-0,0.0014824129175394
151,severe,sparse,ValuePerDistance,32,11,0.34375,0.416,0.0,False,26.0,62.5,1417.336745451053,1393.376284856259,-217.33674545105288,-297.3367454510529,True,69.93172758598817,False,True,0.0292512389928136,0.002462260068479,2.8284271247461903,True,1.0,8.000:8.000|29.143:55.234|34.911:65.251|39.311:71.232|40.783:79.895|41.931:84.112|42.277:89.799|30.401:72.665|17.497:75.810|22.662:79.342|24.814:80.036|39.726:49.271|8.000:8.000,0-24-17-10-9-26-30-4-13-25-19-14-0,0.0009898780845105
151,severe,sparse,WindAwareGreedy,32,12,0.375,0.456,0.0,False,28.5,62.5,1430.9444380483424,1456.351027736093,-230.94443804834265,-310.9444380483426,True,73.95470133816798,False,True,0.2536393966624771,0.0208446397344943,2.0,True,1.0,8.000:8.000|24.791:31.907|29.143:55.234|34.911:65.251|30.401:72.665|17.497:75.810|22.662:79.342|39.311:71.232|40.783:79.895|41.931:84.112|42.277:89.799|39.726:49.271|43.443:52.319|8.000:8.000,0-23-24-17-4-13-25-10-9-26-30-14-6-0,0.0010873118881136
151,severe,sparse,ReserveOnlyPlanner,32,8,0.25,0.296,0.296,True,18.5,62.5,1067.6258098691785,1169.867884736067,132.37419013082177,52.37419013082177,False,55.330116406114485,True,False,0.0856036932453836,0.0097296574970708,2.0,False,1.0,8.000:8.000|24.791:31.907|29.143:55.234|34.911:65.251|30.401:72.665|17.497:75.810|22.662:79.342|24.814:80.036|39.311:71.232|8.000:8.000,0-23-24-17-4-13-25-19-10-0,0.0008472360204905
151,severe,sparse,FairRiskAwareGreedy,32,11,0.34375,0.432,0.432,True,27.0,62.5,1025.994786722222,1068.710490934532,174.0052132777778,94.0052132777778,False,88.64503112628547,True,False,0.0004873963767676,4.062311691064672e-05,2.8284271247461903,False,1.0,8.000:8.000|29.143:55.234|34.911:65.251|30.401:72.665|39.726:49.271|67.879:57.481|65.028:71.732|17.497:75.810|33.213:40.084|55.435:26.899|41.584:31.184|36.106:24.920|8.000:8.000,0-24-17-4-14-7-29-13-8-1-28-18-0,0.0014907480217516
151,severe,sparse,FairALNSPlanner,32,22,0.6875,0.776,0.776,True,48.5,62.5,1063.0995465843257,1227.8415748335656,136.9004534156742,56.90045341567421,False,109.408034917527,True,False,0.0467275144272466,0.002066965534615,2.0,False,1.0,8.000:8.000|41.584:31.184|55.435:26.899|67.879:57.481|66.787:59.949|65.028:71.732|57.420:70.604|59.958:78.518|51.200:77.377|40.783:79.895|41.931:84.112|39.311:71.232|34.911:65.251|30.401:72.665|24.814:80.036|22.662:79.342|17.497:75.810|22.585:52.184|29.143:55.234|39.726:49.271|43.443:52.319|33.213:40.084|38.836:37.608|8.000:8.000,0-28-1-7-11-29-2-22-5-9-26-10-17-4-19-25-13-15-24-14-6-8-3-0,9.172493780963125
151,severe,sparse,RAWA-RHP,32,23,0.71875,0.8,0.8,True,50.0,62.5,1018.715565704148,1188.3424729030987,181.2844342958521,101.28443429585208,False,106.86041792718495,True,False,0.085751241125876,0.0036918987314371,2.0,False,1.0,8.000:8.000|33.213:40.084|39.726:49.271|43.443:52.319|72.475:52.961|67.879:57.481|66.787:59.949|65.028:71.732|57.420:70.604|59.958:78.518|51.200:77.377|41.931:84.112|42.277:89.799|40.783:79.895|39.311:71.232|35.987:71.571|34.911:65.251|30.401:72.665|24.814:80.036|22.662:79.342|17.497:75.810|29.143:55.234|22.585:52.184|24.791:31.907|8.000:8.000,0-8-14-6-27-7-11-29-2-22-5-26-30-9-10-16-17-4-19-25-13-24-15-23-0,42.26757896016352
152,severe,cluttered,NearestNeighbor,32,18,0.5625,0.5434782608695652,0.0,False,37.5,69.0,1643.0544414009023,1684.5842930973158,-443.0544414009021,-523.0544414009021,True,100.83136115739872,False,True,0.0850785760688687,0.0046278213704517,2.0,True,1.0,8.000:8.000|22.100:21.025|29.357:39.748|40.376:49.414|45.801:55.199|56.016:49.490|60.916:47.325|55.247:43.427|65.704:41.450|70.598:37.990|83.081:29.886|77.794:25.081|75.277:18.851|69.705:13.800|61.170:22.018|56.557:30.749|68.853:59.824|76.214:55.231|85.436:54.167|8.000:8.000,0-19-6-22-17-30-4-18-20-13-23-9-7-32-24-3-28-29-11-0,0.0016525399405509
152,severe,cluttered,ValuePerDistance,32,18,0.5625,0.6376811594202898,0.0,False,44.0,69.0,1668.206803541454,1680.3152501195975,-468.206803541454,-548.206803541454,True,96.76242224012798,False,True,0.1829344717289988,0.0104512300184002,2.0,True,1.0,8.000:8.000|22.100:21.025|29.357:39.748|40.376:49.414|45.801:55.199|56.016:49.490|55.247:43.427|65.704:41.450|70.598:37.990|76.214:55.231|68.853:59.824|61.393:66.795|63.011:68.763|54.247:67.202|31.529:62.379|26.403:59.412|12.467:61.190|10.199:69.264|22.930:74.241|8.000:8.000,0-19-6-22-17-30-18-20-13-29-28-12-31-2-27-25-1-10-15-0,0.0012416969984769
152,severe,cluttered,WindAwareGreedy,32,13,0.40625,0.4710144927536231,0.0,False,32.5,69.0,1671.5691838726038,1711.75431570769,-471.569183872604,-551.5691838726041,True,85.06260806356711,False,True,0.3102884473166789,0.0256876287568311,2.0,True,1.0,8.000:8.000|22.100:21.025|29.357:39.748|26.403:59.412|31.529:62.379|22.930:74.241|12.467:61.190|10.199:69.264|40.376:49.414|56.016:49.490|55.247:43.427|61.393:66.795|63.011:68.763|54.247:67.202|8.000:8.000,0-19-6-25-27-15-1-10-22-30-18-12-31-2-0,0.0011594220995903
152,severe,cluttered,ReserveOnlyPlanner,32,7,0.21875,0.2318840579710145,0.2318840579710145,True,16.0,69.0,925.34363927536,983.658610118962,274.65636072464,194.65636072464,False,46.69895293526928,True,False,0.1388040965136303,0.0181494788169967,2.0,False,1.0,8.000:8.000|22.100:21.025|29.357:39.748|26.403:59.412|31.529:62.379|22.930:74.241|10.199:69.264|12.467:61.190|8.000:8.000,0-19-6-25-27-15-10-1-0,0.0007945268880575
152,severe,cluttered,FairRiskAwareGreedy,32,1,0.03125,0.0289855072463768,0.0289855072463768,True,2.0,69.0,118.81387693545238,125.28631592438342,1081.1861230645477,1001.1861230645476,False,9.944338310430016,True,False,3.8327292966822135e-05,1.9163830109580893e-05,4.0,False,1.0,8.000:8.000|22.100:21.025|8.000:8.000,0-19-0,0.0003051061648875
152,severe,cluttered,FairALNSPlanner,32,1,0.03125,0.0289855072463768,0.0289855072463768,True,2.0,69.0,116.29718030581276,139.62287689610872,1083.7028196941874,1003.7028196941874,False,9.944338310430016,True,False,3.8327292966822135e-05,1.9163830109580893e-05,4.0,False,1.0,8.000:8.000|22.100:21.025|8.000:8.000,0-19-0,0.0134526549372822
152,severe,cluttered,RAWA-RHP,32,19,0.59375,0.6376811594202898,0.6376811594202898,True,44.0,69.0,995.4224322985822,1185.4086151459055,204.577567701418,124.57756770141796,False,100.85716102912568,True,False,0.0833464490415898,0.0042951381753944,2.0,False,1.0,8.000:8.000|61.170:22.018|56.557:30.749|70.598:37.990|65.704:41.450|55.247:43.427|56.016:49.490|60.916:47.325|61.393:66.795|63.011:68.763|54.247:67.202|45.801:55.199|31.529:62.379|22.930:74.241|10.199:69.264|12.467:61.190|26.403:59.412|40.376:49.414|29.357:39.748|22.100:21.025|8.000:8.000,0-24-3-13-20-18-30-4-12-31-2-17-27-15-10-1-25-22-6-19-0,23.248549008043483
152,severe,sparse,NearestNeighbor,32,20,0.625,0.6446280991735537,0.0,False,39.0,60.5,1558.0081975566875,1577.2207855468291,-358.0081975566875,-438.0081975566875,True,99.77407198200284,False,True,0.0420689282748751,0.0020293788541773,2.0,True,1.0,8.000:8.000|41.647:39.200|56.525:29.411|58.203:27.721|65.957:17.894|69.218:18.781|76.992:22.404|86.959:38.602|89.727:50.163|86.577:52.450|83.132:51.530|81.897:58.839|89.058:62.515|81.457:70.074|77.474:69.543|71.134:59.106|63.722:65.449|61.164:64.361|59.418:54.962|57.469:55.823|67.183:46.831|8.000:8.000,0-19-25-9-26-17-11-2-7-10-21-24-13-32-12-28-20-8-27-18-3-0,0.0017631270457059
152,severe,sparse,ValuePerDistance,32,12,0.375,0.3636363636363636,0.0,False,22.0,60.5,1426.237799972842,1458.1955085692366,-226.23779997284169,-306.2377999728417,True,75.32434306124676,False,True,0.134478113598861,0.0108279136003427,2.0,True,1.0,8.000:8.000|41.647:39.200|34.282:67.596|36.499:70.358|33.317:72.351|40.542:84.560|54.511:94.523|47.718:96.165|23.742:95.456|15.042:92.592|16.872:87.717|22.307:80.455|19.336:71.993|8.000:8.000,0-19-16-5-29-1-6-15-31-4-23-14-30-0,0.0010252250358462
152,severe,sparse,WindAwareGreedy,32,12,0.375,0.3636363636363636,0.0,False,22.0,60.5,1777.0471594345995,1751.4447645293938,-577.0471594345998,-657.0471594345998,True,86.61727419667253,False,True,0.1349730718267886,0.0108731028975087,2.0,True,1.0,8.000:8.000|41.647:39.200|34.282:67.596|36.499:70.358|33.317:72.351|40.542:84.560|23.742:95.456|15.042:92.592|16.872:87.717|22.307:80.455|19.336:71.993|54.511:94.523|47.718:96.165|8.000:8.000,0-19-16-5-29-1-31-4-23-14-30-6-15-0,0.0011075700167566
152,severe,sparse,ReserveOnlyPlanner,32,7,0.21875,0.2066115702479339,0.2066115702479339,True,12.5,60.5,1040.214569604898,1142.263184204558,159.78543039510214,79.78543039510214,False,53.68132834769941,True,False,0.0112129110632228,0.0014021116622899,2.8284271247461903,False,1.0,8.000:8.000|41.647:39.200|34.282:67.596|36.499:70.358|33.317:72.351|40.542:84.560|22.307:80.455|19.336:71.993|8.000:8.000,0-19-16-5-29-1-14-30-0,0.0007664961740374
152,severe,sparse,FairRiskAwareGreedy,32,13,0.40625,0.4876033057851239,0.4876033057851239,True,29.5,60.5,1080.86111742795,1140.459319818371,119.13888257205002,39.13888257205002,False,100.58172958014644,True,False,0.0037099329791169,0.0002651380042087,2.8284271247461903,False,1.0,8.000:8.000|34.282:67.596|36.499:70.358|33.317:72.351|41.647:39.200|86.959:38.602|86.577:52.450|67.183:46.831|77.474:69.543|71.134:59.106|58.203:27.721|56.525:29.411|57.469:55.823|59.418:54.962|8.000:8.000,0-16-5-29-19-2-10-3-12-28-9-25-18-27-0,0.001653173007071
152,severe,sparse,FairALNSPlanner,32,16,0.5,0.5867768595041323,0.5867768595041323,True,35.5,60.5,1017.7858726322436,1186.241057418369,182.21412736775648,102.21412736775648,False,99.95258543063638,True,False,0.0279142142754076,0.0016572935669541,2.0,False,1.0,8.000:8.000|41.647:39.200|86.959:38.602|89.727:50.163|86.577:52.450|83.132:51.530|81.897:58.839|77.474:69.543|54.511:94.523|47.718:96.165|40.542:84.560|33.317:72.351|36.499:70.358|34.282:67.596|67.183:46.831|58.203:27.721|56.525:29.411|8.000:8.000,0-19-2-7-10-21-24-12-6-15-1-29-5-16-3-9-25-0,5.038752593100071
152,severe,sparse,RAWA-RHP,32,20,0.625,0.6942148760330579,0.6942148760330579,True,42.0,60.5,1041.0556861845444,1229.9593171834922,158.9443138154553,78.9443138154553,False,107.61108593980724,True,False,0.0427447416263316,0.0020680633216915,2.0,False,1.0,8.000:8.000|41.647:39.200|34.282:67.596|36.499:70.358|33.317:72.351|40.542:84.560|47.718:96.165|54.511:94.523|77.474:69.543|81.457:70.074|71.134:59.106|67.183:46.831|83.132:51.530|86.577:52.450|89.727:50.163|86.959:38.602|76.992:22.404|69.218:18.781|65.957:17.894|58.203:27.721|56.525:29.411|8.000:8.000,0-19-16-5-29-1-15-6-12-32-28-3-21-10-7-2-11-17-26-9-25-0,31.55788270290941
150,moderate,sparse,NearestNeighbor,32,27,0.84375,0.8682170542635659,0.0,False,56.0,64.5,1301.0109876396152,1289.6717035015963,-101.01098763961528,-181.01098763961528,True,135.61068303416366,False,True,0.027545964356534,0.0009906873476542,2.0,True,1.0,8.000:8.000|14.543:24.690|23.073:35.767|32.304:55.996|24.785:65.954|25.112:73.626|34.047:69.180|45.604:74.409|48.957:74.991|53.896:72.966|53.669:83.500|43.342:93.579|31.265:98.277|25.652:92.259|26.780:89.588|27.869:86.987|49.726:59.058|53.376:59.602|66.531:68.568|82.484:65.491|83.290:51.919|76.599:46.811|79.424:40.897|81.683:35.398|86.635:37.206|92.880:43.849|83.935:26.017|85.861:22.144|8.000:8.000,0-23-13-16-9-25-15-10-17-3-7-19-2-22-28-21-31-27-32-6-1-20-24-4-12-11-5-14-0,0.002014028141275
150,moderate,sparse,ValuePerDistance,32,21,0.65625,0.7286821705426356,0.0,False,47.0,64.5,1330.069294856676,1318.957636885016,-130.0692948566759,-210.0692948566759,True,119.19045198385912,False,True,0.0197674670316289,0.000902452644461,2.0,True,1.0,8.000:8.000|14.543:24.690|23.073:35.767|35.104:10.673|37.125:12.240|52.713:11.631|85.861:22.144|83.935:26.017|81.683:35.398|79.424:40.897|86.635:37.206|92.880:43.849|83.290:51.919|76.599:46.811|53.376:59.602|49.726:59.058|34.047:69.180|24.785:65.954|25.112:73.626|27.869:86.987|25.652:92.259|31.265:98.277|8.000:8.000,0-23-13-8-30-26-14-5-4-24-12-11-1-20-27-31-15-9-25-21-22-2-0,0.0014320099726319
150,moderate,sparse,WindAwareGreedy,32,18,0.5625,0.6666666666666666,0.0,False,43.0,64.5,1257.3599448932318,1276.114822667106,-57.35994489323192,-137.35994489323193,True,112.37133480533228,False,True,0.0490788796517993,0.0026202260436395,2.0,True,1.0,8.000:8.000|14.543:24.690|23.073:35.767|35.104:10.673|37.125:12.240|85.861:22.144|83.935:26.017|79.424:40.897|81.683:35.398|86.635:37.206|53.376:59.602|49.726:59.058|24.785:65.954|34.047:69.180|27.869:86.987|31.265:98.277|25.652:92.259|25.112:73.626|32.304:55.996|8.000:8.000,0-23-13-8-30-14-5-24-4-12-27-31-9-15-21-2-22-25-16-0,0.0014345361851155
150,moderate,sparse,ReserveOnlyPlanner,32,16,0.5,0.5503875968992248,0.5503875968992248,True,35.5,64.5,1075.7278113975613,1169.4931557437887,124.2721886024385,44.2721886024385,False,94.82414735727345,True,False,0.0619724137198539,0.0037261334651368,2.0,False,1.0,8.000:8.000|14.543:24.690|23.073:35.767|35.104:10.673|37.125:12.240|52.713:11.631|85.861:22.144|83.935:26.017|81.683:35.398|79.424:40.897|86.635:37.206|92.880:43.849|83.290:51.919|53.376:59.602|49.726:59.058|24.785:65.954|32.304:55.996|8.000:8.000,0-23-13-8-30-26-14-5-4-24-12-11-1-27-31-9-16-0,0.0014370610006153
150,moderate,sparse,FairRiskAwareGreedy,32,13,0.40625,0.5348837209302325,0.5348837209302325,True,34.5,64.5,1079.583017763499,1125.5223153532334,120.41698223650116,40.41698223650116,False,120.05425019048872,True,False,0.0004749926140358,3.3932423486355514e-05,2.8284271247461903,False,1.0,8.000:8.000|14.543:24.690|23.073:35.767|53.376:59.602|35.104:10.673|85.861:22.144|79.424:40.897|81.683:35.398|31.265:98.277|25.652:92.259|24.785:65.954|27.869:86.987|34.047:69.180|49.726:59.058|8.000:8.000,0-23-13-27-8-14-24-4-2-22-9-21-15-31-0,0.0020804540254175
150,moderate,sparse,FairALNSPlanner,32,30,0.9375,0.9612403100775194,0.9612403100775194,True,62.0,64.5,1048.1825914935416,1206.6451511971736,151.8174085064583,71.81740850645829,False,138.26691924746447,True,False,0.0209044567753039,0.0006778720182211,2.0,False,1.0,8.000:8.000|35.104:10.673|37.125:12.240|52.713:11.631|85.861:22.144|83.935:26.017|81.683:35.398|86.635:37.206|79.424:40.897|76.599:46.811|83.290:51.919|82.484:65.491|66.265:89.715|65.834:92.162|53.669:83.500|43.342:93.579|31.265:98.277|25.652:92.259|26.780:89.588|27.869:86.987|25.112:73.626|24.785:65.954|34.047:69.180|45.604:74.409|48.957:74.991|53.896:72.966|53.376:59.602|49.726:59.058|32.304:55.996|23.073:35.767|14.543:24.690|8.000:8.000,0-8-30-26-14-5-4-12-24-20-1-6-29-18-7-19-2-22-28-21-25-9-15-10-17-3-27-31-16-13-23-0,18.06885889009573
150,moderate,sparse,RAWA-RHP,32,29,0.90625,0.9457364341085271,0.9457364341085271,True,61.0,64.5,1030.1357555955915,1183.8885895528406,169.86424440440828,89.86424440440828,False,135.40978863506487,True,False,0.0209048096769397,0.0007004797664546,2.0,False,1.0,8.000:8.000|35.104:10.673|37.125:12.240|52.713:11.631|85.861:22.144|83.935:26.017|81.683:35.398|86.635:37.206|79.424:40.897|76.599:46.811|83.290:51.919|82.484:65.491|66.265:89.715|53.669:83.500|43.342:93.579|31.265:98.277|25.652:92.259|26.780:89.588|27.869:86.987|25.112:73.626|24.785:65.954|34.047:69.180|45.604:74.409|48.957:74.991|53.896:72.966|53.376:59.602|49.726:59.058|32.304:55.996|23.073:35.767|14.543:24.690|8.000:8.000,0-8-30-26-14-5-4-12-24-20-1-6-29-7-19-2-22-28-21-25-9-15-10-17-3-27-31-16-13-23-0,100.51653190888464
150,moderate,cluttered,NearestNeighbor,32,22,0.6875,0.6904761904761905,0.0,False,43.5,63.0,1323.40727521726,1333.323564050122,-123.40727521725988,-203.4072752172599,True,122.07339877216272,False,True,0.1784164855303233,0.008350624639435,2.0,True,1.0,8.000:8.000|13.377:27.242|16.409:33.673|21.806:31.993|23.681:29.037|28.093:36.687|28.078:39.870|23.457:51.729|39.225:54.037|43.402:38.269|61.064:49.560|59.871:51.601|61.738:54.219|64.437:41.417|63.414:26.094|76.102:17.770|78.958:12.168|88.572:41.917|79.491:50.670|79.868:54.097|97.466:55.423|67.956:69.025|61.089:74.533|8.000:8.000,0-4-28-7-18-1-11-12-9-6-8-2-30-17-25-27-3-29-14-13-22-10-26-0,0.0019384699407964
150,moderate,cluttered,ValuePerDistance,32,25,0.78125,0.8253968253968254,0.0,False,52.0,63.0,1346.4450080798035,1330.6116805160127,-146.4450080798038,-226.4450080798038,True,131.45460899317635,False,True,0.1099414874920052,0.0044280522579608,2.0,True,1.0,8.000:8.000|13.377:27.242|16.409:33.673|21.806:31.993|23.681:29.037|28.093:36.687|28.078:39.870|23.457:51.729|33.029:65.406|31.954:76.491|45.686:91.160|50.910:80.439|54.740:80.306|61.715:87.447|75.624:82.672|67.956:69.025|61.089:74.533|59.871:51.601|61.064:49.560|61.738:54.219|79.868:54.097|79.491:50.670|88.572:41.917|97.466:55.423|78.958:12.168|76.102:17.770|8.000:8.000,0-4-28-7-18-1-11-12-31-19-20-21-16-15-5-10-26-2-8-30-13-14-29-22-3-27-0,0.0016640189569443
150,moderate,cluttered,WindAwareGreedy,32,21,0.65625,0.7222222222222222,0.0,False,45.5,63.0,1286.4917253177578,1282.404887479001,-86.49172531775783,-166.4917253177578,True,117.46794413091104,False,True,0.1047998789610805,0.0049622094929647,2.0,True,1.0,8.000:8.000|13.377:27.242|16.409:33.673|21.806:31.993|23.681:29.037|33.209:12.679|78.958:12.168|76.102:17.770|63.414:26.094|59.871:51.601|61.738:54.219|61.064:49.560|64.437:41.417|88.572:41.917|79.491:50.670|79.868:54.097|67.956:69.025|50.910:80.439|45.686:91.160|31.954:76.491|33.029:65.406|23.457:51.729|8.000:8.000,0-4-28-7-18-23-3-27-25-2-30-8-17-29-14-13-10-21-20-19-31-12-0,0.0016524901147931
150,moderate,cluttered,ReserveOnlyPlanner,32,18,0.5625,0.5873015873015873,0.5873015873015873,True,37.0,63.0,1111.4052923213158,1173.2127942914046,88.59470767868433,8.59470767868433,False,99.32060099730252,True,False,0.1396719003473262,0.0077027365492233,2.0,False,1.0,8.000:8.000|13.377:27.242|16.409:33.673|21.806:31.993|23.681:29.037|33.209:12.679|78.958:12.168|76.102:17.770|63.414:26.094|59.871:51.601|61.738:54.219|61.064:49.560|64.437:41.417|88.572:41.917|79.491:50.670|79.868:54.097|43.402:38.269|28.078:39.870|28.093:36.687|8.000:8.000,0-4-28-7-18-23-3-27-25-2-30-8-17-29-14-13-6-11-1-0,0.0015876439865678
150,moderate,cluttered,FairRiskAwareGreedy,32,12,0.375,0.4206349206349206,0.4206349206349206,True,26.5,63.0,1076.171290880614,1113.403460282698,123.82870911938588,43.82870911938588,False,118.95430161696088,True,False,0.0043860277155228,0.0003378834590873,2.0,False,1.0,8.000:8.000|13.377:27.242|16.409:33.673|21.806:31.993|23.681:29.037|76.102:17.770|78.958:12.168|33.209:12.679|45.686:91.160|31.954:76.491|19.860:90.778|28.093:36.687|12.315:89.343|8.000:8.000,0-4-28-7-18-27-3-23-20-19-24-1-32-0,0.0015007851179689
150,moderate,cluttered,FairALNSPlanner,32,23,0.71875,0.7619047619047619,0.7619047619047619,True,48.0,63.0,1058.3415498910415,1211.3861850036046,141.65845010895868,61.65845010895868,False,132.69745951961133,True,False,0.038718908951725,0.001627623118273,2.0,False,1.0,8.000:8.000|28.093:36.687|28.078:39.870|39.225:54.037|45.686:91.160|50.910:80.439|79.491:50.670|79.868:54.097|67.956:69.025|75.624:82.672|61.715:87.447|54.740:80.306|61.089:74.533|61.738:54.219|59.871:51.601|61.064:49.560|64.437:41.417|88.572:41.917|78.958:12.168|76.102:17.770|23.681:29.037|21.806:31.993|16.409:33.673|13.377:27.242|8.000:8.000,0-1-11-9-20-21-14-13-10-5-15-16-26-30-2-8-17-29-3-27-18-7-28-4-0,12.775479596108198
150,moderate,cluttered,RAWA-RHP,32,27,0.84375,0.8809523809523809,0.8809523809523809,True,55.5,63.0,1031.605881037672,1204.0647945401329,168.39411896232764,88.39411896232764,False,134.5999544555309,True,False,0.102219905379001,0.0038104077147666,2.0,False,1.0,8.000:8.000|13.377:27.242|16.409:33.673|21.806:31.993|23.681:29.037|28.093:36.687|28.078:39.870|33.029:65.406|31.954:76.491|45.686:91.160|50.910:80.439|54.740:80.306|61.089:74.533|61.715:87.447|75.624:82.672|67.956:69.025|61.738:54.219|59.871:51.601|61.064:49.560|64.437:41.417|79.868:54.097|79.491:50.670|88.572:41.917|78.958:12.168|76.102:17.770|63.414:26.094|43.402:38.269|33.209:12.679|8.000:8.000,0-4-28-7-18-1-11-31-19-20-21-16-26-15-5-10-30-2-8-17-13-14-29-3-27-25-6-23-0,106.7398532149382
153,severe,sparse,NearestNeighbor,32,18,0.5625,0.549618320610687,0.0,False,36.0,65.5,1338.5803982331774,1323.2386714707227,-138.58039823317756,-218.5803982331776,True,90.13771339148232,False,True,0.0303437016423442,0.001601623581001,2.0,True,1.0,8.000:8.000|26.106:35.041|28.644:36.087|37.509:44.675|43.207:40.133|45.567:53.983|47.722:64.190|49.912:64.682|52.538:63.210|59.127:66.454|57.249:69.480|67.086:65.935|77.658:72.819|82.484:77.880|78.946:87.306|72.890:83.221|68.821:84.054|49.637:78.166|42.360:68.571|8.000:8.000,0-21-16-23-27-31-12-5-29-4-9-26-18-15-3-17-19-6-13-0,0.0016259709373116
153,severe,sparse,ValuePerDistance,32,13,0.40625,0.4351145038167939,0.0,False,28.5,65.5,1261.2388237416708,1262.164843731256,-61.23882374167077,-141.2388237416708,True,79.08814645708513,False,True,0.0023184351432858,0.0001657142899452,2.8284271247461903,True,1.0,8.000:8.000|26.106:35.041|28.644:36.087|37.509:44.675|45.567:53.983|47.722:64.190|49.912:64.682|52.538:63.210|59.127:66.454|57.249:69.480|49.637:78.166|42.360:68.571|20.046:92.972|43.207:40.133|8.000:8.000,0-21-16-23-31-12-5-29-4-9-6-13-28-27-0,0.0010050688870251
153,severe,sparse,WindAwareGreedy,32,11,0.34375,0.3893129770992366,0.0,False,25.5,65.5,1239.5756035195614,1231.696981272628,-39.575603519561184,-119.57560351956118,True,73.01328461578555,False,True,0.025492975190776,0.0021289370869923,2.0,True,1.0,8.000:8.000|26.106:35.041|28.644:36.087|45.567:53.983|47.722:64.190|52.538:63.210|49.912:64.682|42.360:68.571|49.637:78.166|20.046:92.972|37.509:44.675|43.207:40.133|8.000:8.000,0-21-16-31-12-29-5-13-6-28-23-27-0,0.0010333398822695
153,severe,sparse,ReserveOnlyPlanner,32,13,0.40625,0.4198473282442748,0.4198473282442748,True,27.5,65.5,1076.2831352773014,1239.725006917916,123.71686472269845,43.716864722698446,False,70.83950783236912,True,False,0.0254940825294258,0.0018248834152985,2.0,False,1.0,8.000:8.000|26.106:35.041|28.644:36.087|37.509:44.675|45.567:53.983|47.722:64.190|52.538:63.210|49.912:64.682|42.360:68.571|49.637:78.166|59.127:66.454|57.249:69.480|67.086:65.935|43.207:40.133|8.000:8.000,0-21-16-23-31-12-29-5-13-6-4-9-26-27-0,0.0012088210787624
153,severe,sparse,FairRiskAwareGreedy,32,11,0.34375,0.4503816793893129,0.4503816793893129,True,29.5,65.5,1084.748534673015,1138.1173476222252,115.25146532698513,35.25146532698511,False,100.08986770769954,True,False,0.0037658288046781,0.0003142559448488,2.8284271247461903,False,1.0,8.000:8.000|26.106:35.041|28.644:36.087|47.722:64.190|52.538:63.210|73.871:39.043|45.567:53.983|89.258:62.435|78.515:52.415|49.637:78.166|20.046:92.972|37.509:44.675|8.000:8.000,0-21-16-12-29-8-31-11-2-6-28-23-0,0.0018099930603057
153,severe,sparse,FairALNSPlanner,32,20,0.625,0.6870229007633588,0.6870229007633588,True,45.0,65.5,1035.1670527499216,1275.8697545416687,164.83294725007846,84.83294725007846,False,113.9268658359004,True,False,0.0124627235304927,0.0005964033941473,2.0,False,1.0,8.000:8.000|26.106:35.041|28.644:36.087|37.509:44.675|45.567:53.983|78.515:52.415|87.326:60.093|89.258:62.435|84.312:60.918|59.127:66.454|68.821:84.054|84.191:95.324|85.622:98.091|83.267:97.580|78.946:87.306|77.658:72.819|67.086:65.935|52.538:63.210|49.912:64.682|47.722:64.190|73.871:39.043|8.000:8.000,0-21-16-23-31-2-10-11-32-4-19-24-1-22-3-18-26-29-5-12-8-0,10.550722205080092
153,severe,sparse,RAWA-RHP,32,23,0.71875,0.7557251908396947,0.7557251908396947,True,49.5,65.5,1054.2277317474895,1304.8474243418266,145.7722682525102,65.7722682525102,False,119.08126328837466,True,False,0.0202534647552484,0.0008502532981153,2.0,False,1.0,8.000:8.000|26.106:35.041|28.644:36.087|37.509:44.675|45.567:53.983|68.821:84.054|83.267:97.580|85.622:98.091|84.191:95.324|78.946:87.306|72.890:83.221|77.658:72.819|59.127:66.454|49.912:64.682|47.722:64.190|52.538:63.210|67.086:65.935|78.515:52.415|89.258:62.435|87.326:60.093|84.312:60.918|78.640:39.486|77.154:36.499|73.871:39.043|8.000:8.000,0-21-16-23-31-19-22-1-24-3-17-18-4-5-12-29-26-2-11-10-32-25-14-8-0,22.377811869140714
151,moderate,cluttered,NearestNeighbor,32,21,0.65625,0.6456692913385826,0.0,False,41.0,63.5,1388.940825758888,1363.4386270132363,-188.9408257588881,-268.94082575888814,True,115.71870353314809,False,True,0.107567168832183,0.0051157246770938,2.0,True,1.0,8.000:8.000|18.840:14.825|26.378:21.006|31.048:27.842|35.606:30.455|40.374:34.432|44.912:21.554|63.125:35.730|64.988:48.727|63.883:56.491|58.275:61.250|58.515:65.621|50.933:59.429|46.461:52.822|32.338:46.964|25.240:48.654|26.753:42.867|13.552:28.685|18.152:77.862|29.550:72.653|40.447:75.361|40.852:81.648|8.000:8.000,0-19-12-25-3-30-8-20-21-9-2-17-6-11-22-28-26-16-14-27-13-5-0,0.0018663059454411
151,moderate,cluttered,ValuePerDistance,32,18,0.5625,0.6456692913385826,0.0,False,41.0,63.5,1403.8691031137412,1407.9222231394692,-203.86910311374103,-283.86910311374106,True,110.26731544779996,False,True,0.070421346898189,0.0038047831821213,2.0,True,1.0,8.000:8.000|13.552:28.685|25.240:48.654|26.753:42.867|32.338:46.964|46.461:52.822|58.275:61.250|58.515:65.621|63.883:56.491|71.709:52.630|71.345:61.578|80.213:70.142|73.197:83.123|54.091:90.624|40.852:81.648|40.447:75.361|18.152:77.862|12.901:93.704|35.695:90.335|8.000:8.000,0-16-28-26-22-11-2-17-9-4-24-10-18-7-5-13-14-32-15-0,0.0013716160319745
151,moderate,cluttered,WindAwareGreedy,32,15,0.46875,0.5118110236220472,0.0,False,32.5,63.5,1420.8617977826443,1437.0686531806484,-220.86179778264443,-300.86179778264443,True,109.72988361103772,False,True,0.1092411253417622,0.0070224310366167,2.0,True,1.0,8.000:8.000|13.552:28.685|25.240:48.654|32.338:46.964|26.753:42.867|26.378:21.006|31.048:27.842|40.374:34.432|44.912:21.554|18.152:77.862|12.901:93.704|40.852:81.648|40.447:75.361|29.550:72.653|35.695:90.335|43.071:97.023|8.000:8.000,0-16-28-22-26-12-25-30-8-14-32-5-13-27-15-23-0,0.0013451490085572
151,moderate,cluttered,ReserveOnlyPlanner,32,12,0.375,0.3700787401574803,0.3700787401574803,True,23.5,63.5,1093.1480923844244,1186.6718700731146,106.85190761557544,26.85190761557544,False,87.90507872692679,True,False,0.1305716550507901,0.0104764375602496,2.0,False,1.0,8.000:8.000|13.552:28.685|25.240:48.654|32.338:46.964|26.753:42.867|26.378:21.006|31.048:27.842|40.374:34.432|44.912:21.554|35.606:30.455|18.840:14.825|18.152:77.862|29.550:72.653|8.000:8.000,0-16-28-22-26-12-25-30-8-3-19-14-27-0,0.001236415002495
151,moderate,cluttered,FairRiskAwareGreedy,32,7,0.21875,0.2834645669291338,0.2834645669291338,True,18.0,63.5,695.760884348407,730.071947414187,504.239115651593,424.239115651593,False,70.91235501917284,True,False,0.0047289925214625,0.0005919728119175,2.0,False,1.0,8.000:8.000|25.240:48.654|32.338:46.964|18.152:77.862|40.852:81.648|12.901:93.704|13.552:28.685|26.753:42.867|8.000:8.000,0-28-22-14-5-32-16-26-0,0.0011118710972368
151,moderate,cluttered,FairALNSPlanner,32,9,0.28125,0.3464566929133858,0.3464566929133858,True,22.0,63.5,764.8953298162355,850.906641001764,435.1046701837647,355.10467018376465,False,76.12508190197815,True,False,0.1060634131612079,0.0108911428189364,2.0,False,1.0,8.000:8.000|18.152:77.862|12.901:93.704|35.695:90.335|40.852:81.648|40.447:75.361|46.461:52.822|71.709:52.630|71.345:61.578|63.883:56.491|8.000:8.000,0-14-32-15-5-13-11-4-24-9-0,7.531272907042876
151,moderate,cluttered,RAWA-RHP,32,26,0.8125,0.84251968503937,0.84251968503937,True,53.5,63.5,1027.9152806225447,1191.9181370860704,172.08471937745497,92.08471937745496,False,127.14803253429592,True,False,0.0557767302176981,0.0021086815207708,2.0,False,1.0,8.000:8.000|18.840:14.825|26.378:21.006|31.048:27.842|35.606:30.455|44.912:21.554|40.374:34.432|63.125:35.730|64.988:48.727|71.709:52.630|71.345:61.578|63.883:56.491|58.275:61.250|58.515:65.621|54.091:90.624|43.071:97.023|35.695:90.335|12.901:93.704|18.152:77.862|29.550:72.653|40.852:81.648|40.447:75.361|46.461:52.822|32.338:46.964|25.240:48.654|26.753:42.867|13.552:28.685|8.000:8.000,0-19-12-25-3-8-30-20-21-4-24-9-2-17-7-23-15-32-14-27-5-13-11-22-28-26-16-0,90.68800176214428
153,severe,cluttered,NearestNeighbor,32,17,0.53125,0.5434782608695652,0.0,False,37.5,69.0,1310.953854985667,1365.161883637422,-110.95385498566696,-190.95385498566696,True,85.81586963817146,False,True,0.1413841311497898,0.0080302979895817,2.0,True,1.0,8.000:8.000|21.151:10.552|41.761:13.002|53.626:17.206|61.036:17.528|65.543:20.948|64.422:24.483|60.762:31.008|58.573:30.380|56.533:31.823|49.399:23.468|48.802:45.964|44.744:69.856|46.889:73.991|35.904:73.564|21.159:60.426|25.530:44.775|11.474:48.574|8.000:8.000,0-24-21-20-16-13-1-2-27-3-17-29-5-15-14-25-22-18-0,0.0015771929174661
153,severe,cluttered,ValuePerDistance,32,14,0.4375,0.4710144927536231,0.0,False,32.5,69.0,1312.5098905054729,1313.6376609595782,-112.50989050547275,-192.50989050547275,True,77.99559547692851,False,True,0.1717279212745364,0.011800784484689,2.0,True,1.0,8.000:8.000|21.151:10.552|41.761:13.002|53.626:17.206|61.036:17.528|65.543:20.948|64.422:24.483|58.573:30.380|60.762:31.008|56.533:31.823|48.802:45.964|35.904:73.564|46.889:73.991|44.744:69.856|59.248:68.739|8.000:8.000,0-24-21-20-16-13-1-27-2-3-29-14-15-5-12-0,0.0010310630314052
153,severe,cluttered,WindAwareGreedy,32,10,0.3125,0.3695652173913043,0.0,False,25.5,69.0,1223.3879992940203,1197.882582761497,-23.387999294020304,-103.3879992940203,True,70.53941788210727,False,True,0.2932739995790135,0.0299842747418118,2.0,True,1.0,8.000:8.000|21.151:10.552|41.761:13.002|25.530:44.775|21.159:60.426|35.904:73.564|48.802:45.964|58.573:30.380|61.036:17.528|53.626:17.206|49.399:23.468|8.000:8.000,0-24-21-22-25-14-29-27-16-20-17-0,0.0009703009855002
153,severe,cluttered,ReserveOnlyPlanner,32,8,0.25,0.3115942028985507,0.3115942028985507,True,21.5,69.0,1093.9354756844757,1209.3474785553278,106.06452431552444,26.06452431552445,False,63.04474230926553,True,False,0.2106997149021355,0.0243118949587108,2.0,False,1.0,8.000:8.000|21.151:10.552|41.761:13.002|25.530:44.775|21.159:60.426|35.904:73.564|46.889:73.991|48.802:45.964|53.626:17.206|8.000:8.000,0-24-21-22-25-14-15-29-20-0,0.0008777661714702
153,severe,cluttered,FairRiskAwareGreedy,32,13,0.40625,0.4492753623188406,0.4492753623188406,True,31.0,69.0,1103.0070262884765,1141.3465721282234,96.99297371152386,16.99297371152386,False,102.30512791786929,True,False,0.0044097492240419,0.0003153229457825,2.0,False,1.0,8.000:8.000|21.151:10.552|41.761:13.002|61.036:17.528|65.543:20.948|58.573:30.380|60.762:31.008|78.792:21.890|53.626:17.206|95.729:17.308|91.235:31.539|56.533:31.823|88.326:44.873|25.530:44.775|8.000:8.000,0-24-21-16-13-27-2-9-20-19-28-3-30-22-0,0.0021024448797106
153,severe,cluttered,FairALNSPlanner,32,20,0.625,0.6304347826086957,0.6304347826086957,True,43.5,69.0,1048.5893369235357,1237.8279407384932,151.41066307646454,71.41066307646454,False,110.36881070664838,True,False,0.0321203492286309,0.0015337353377133,2.0,False,1.0,8.000:8.000|21.151:10.552|53.626:17.206|61.036:17.528|65.543:20.948|64.422:24.483|78.792:21.890|95.729:17.308|91.235:31.539|60.762:31.008|88.326:44.873|91.644:46.339|85.493:55.577|89.742:68.746|80.961:76.057|70.233:51.192|67.203:51.118|58.573:30.380|56.533:31.823|49.399:23.468|41.761:13.002|8.000:8.000,0-24-20-16-13-1-9-19-28-2-30-11-26-6-4-8-10-27-3-17-21-0,8.823042433941737
153,severe,cluttered,RAWA-RHP,32,26,0.8125,0.8115942028985508,0.8115942028985508,True,56.0,69.0,1042.380034383606,1306.1475411569554,157.6199656163942,77.61996561639421,False,123.49286026221267,True,False,0.0784331431221915,0.0029662990974008,2.0,False,1.0,8.000:8.000|25.530:44.775|21.159:60.426|35.904:73.564|46.889:73.991|44.744:69.856|59.248:68.739|70.233:51.192|67.203:51.118|81.776:65.743|80.961:76.057|89.742:68.746|85.493:55.577|91.644:46.339|88.326:44.873|81.752:38.616|91.235:31.539|78.792:21.890|60.762:31.008|56.533:31.823|58.573:30.380|64.422:24.483|65.543:20.948|61.036:17.528|53.626:17.206|41.761:13.002|21.151:10.552|8.000:8.000,0-22-25-14-15-5-12-8-10-32-4-6-26-11-30-23-28-9-2-3-27-1-13-16-20-21-24-0,28.955958353122696
151,moderate,sparse,NearestNeighbor,32,24,0.75,0.6962962962962963,0.0,False,47.0,67.5,1338.059924146198,1346.0219444093757,-138.0599241461982,-218.0599241461982,True,118.251329609109,False,True,0.0623139403061742,0.0025481408204159,2.0,True,1.0,8.000:8.000|30.948:21.803|32.510:27.771|25.872:29.898|24.248:32.494|26.170:33.545|30.786:37.920|37.644:35.889|45.921:27.403|61.419:31.174|62.213:36.787|55.970:44.515|56.201:48.888|55.058:51.160|62.462:55.310|59.474:65.875|54.292:65.969|49.655:60.578|48.248:58.409|41.022:71.461|58.042:78.707|67.992:69.501|72.284:86.219|74.315:91.534|79.916:91.665|8.000:8.000,0-18-11-30-24-31-6-20-8-12-32-22-7-13-9-29-26-17-10-19-2-1-23-3-21-0,0.0018877200782299
151,moderate,sparse,ValuePerDistance,32,25,0.78125,0.7555555555555555,0.0,False,51.0,67.5,1350.0952540196647,1376.5516846536273,-150.09525401966505,-230.09525401966505,True,123.69517729735873,False,True,0.0605841575313421,0.0023797370802452,2.0,True,1.0,8.000:8.000|25.872:29.898|24.248:32.494|26.170:33.545|30.786:37.920|37.644:35.889|45.921:27.403|32.510:27.771|30.948:21.803|46.610:7.231|52.220:8.911|61.419:31.174|62.213:36.787|55.970:44.515|55.058:51.160|56.201:48.888|48.248:58.409|49.655:60.578|54.292:65.969|59.474:65.875|67.992:69.501|58.042:78.707|74.315:91.534|79.916:91.665|72.284:86.219|41.022:71.461|8.000:8.000,0-30-24-31-6-20-8-11-18-28-16-12-32-22-13-7-10-17-26-29-1-2-3-21-23-19-0,0.0014825288672
151,moderate,sparse,WindAwareGreedy,32,16,0.5,0.562962962962963,0.0,False,38.0,67.5,1293.527569623227,1309.239687931642,-93.52756962322697,-173.52756962322695,True,108.18473480894204,False,True,0.1253304735048173,0.0076518015388193,2.0,True,1.0,8.000:8.000|25.872:29.898|24.248:32.494|30.948:21.803|46.610:7.231|52.220:8.911|45.921:27.403|32.510:27.771|26.170:33.545|48.248:58.409|49.655:60.578|55.970:44.515|62.213:36.787|61.419:31.174|37.644:35.889|30.786:37.920|8.010:93.308|8.000:8.000,0-30-24-18-28-16-8-11-31-10-17-22-32-12-20-6-15-0,0.0013277360703796
151,moderate,sparse,ReserveOnlyPlanner,32,14,0.4375,0.5037037037037037,0.5037037037037037,True,34.0,67.5,1078.3338975617537,1191.6891668550684,121.66610243824633,41.66610243824633,False,92.93984011565162,True,False,0.1499758627663818,0.0105248549386827,2.0,False,1.0,8.000:8.000|25.872:29.898|24.248:32.494|26.170:33.545|30.948:21.803|32.510:27.771|45.921:27.403|46.610:7.231|52.220:8.911|55.970:44.515|48.248:58.409|49.655:60.578|8.010:93.308|30.786:37.920|37.644:35.889|8.000:8.000,0-30-24-31-18-11-8-28-16-22-10-17-15-6-20-0,0.0013107920531183
151,moderate,sparse,FairRiskAwareGreedy,32,15,0.46875,0.5777777777777777,0.5777777777777777,True,39.0,67.5,1089.06731535197,1132.3600482257957,110.9326846480301,30.932684648030104,False,120.80830758358172,True,False,0.000486368069047,3.040284935723614e-05,2.8284271247461903,False,1.0,8.000:8.000|25.872:29.898|24.248:32.494|46.610:7.231|52.220:8.911|30.948:21.803|45.921:27.403|48.248:58.409|55.970:44.515|90.495:12.907|92.553:11.197|32.510:27.771|82.055:21.713|89.171:32.751|61.419:31.174|62.213:36.787|8.000:8.000,0-30-24-28-16-18-8-10-22-14-25-11-5-27-12-32-0,0.0021664791274815
151,moderate,sparse,FairALNSPlanner,32,27,0.84375,0.8740740740740741,0.8740740740740741,True,59.0,67.5,1019.6249563004584,1185.026429959923,180.3750436995415,100.3750436995415,False,130.7666526490766,True,False,0.088088250732725,0.0032549397368332,2.0,False,1.0,8.000:8.000|25.872:29.898|24.248:32.494|26.170:33.545|30.786:37.920|37.644:35.889|55.970:44.515|56.201:48.888|55.058:51.160|62.462:55.310|48.248:58.409|49.655:60.578|54.292:65.969|59.474:65.875|58.042:78.707|67.992:69.501|62.213:36.787|61.419:31.174|89.171:32.751|82.055:21.713|84.804:19.041|90.495:12.907|92.553:11.197|52.220:8.911|46.610:7.231|30.948:21.803|45.921:27.403|32.510:27.771|8.000:8.000,0-30-24-31-6-20-22-7-13-9-10-17-26-29-2-1-32-12-27-5-4-14-25-16-28-18-8-11-0,16.857012568973005
151,moderate,sparse,RAWA-RHP,32,28,0.875,0.8962962962962963,0.8962962962962963,True,60.5,67.5,1013.461443042298,1143.6108422201085,186.53855695770176,106.53855695770176,False,131.41199066155312,True,False,0.0934662462677855,0.0033418491305062,2.0,False,1.0,8.000:8.000|25.872:29.898|24.248:32.494|26.170:33.545|30.948:21.803|32.510:27.771|45.921:27.403|61.419:31.174|62.213:36.787|55.970:44.515|56.201:48.888|55.058:51.160|48.248:58.409|49.655:60.578|54.292:65.969|59.474:65.875|58.042:78.707|79.916:91.665|74.315:91.534|72.284:86.219|67.992:69.501|62.462:55.310|89.171:32.751|82.055:21.713|84.804:19.041|90.495:12.907|92.553:11.197|52.220:8.911|46.610:7.231|8.000:8.000,0-30-24-31-18-11-8-12-32-22-7-13-10-17-26-29-2-21-3-23-1-9-27-5-4-14-25-16-28-0,98.77567343600094
153,calm,sparse,NearestNeighbor,32,32,1.0,1.0,0.0,False,61.0,61.0,1373.7632140330445,1385.3785165372806,-173.76321403304445,-253.76321403304445,True,161.36390541141174,False,True,0.0194844765105903,0.0005934699886928,2.0,True,1.0,8.000:8.000|23.877:21.533|25.640:19.223|28.013:25.533|28.574:30.609|30.424:34.549|36.800:37.934|40.658:29.309|42.477:23.964|50.783:33.156|56.354:29.773|59.209:26.943|64.054:23.197|57.021:20.823|67.935:9.386|87.735:35.860|91.792:35.406|80.199:46.129|73.568:46.447|73.212:64.614|67.287:81.207|55.329:79.399|45.889:90.144|32.047:83.598|32.263:72.803|26.098:71.275|19.649:67.154|26.850:56.128|32.896:54.359|18.927:44.689|10.535:53.296|12.121:31.293|50.805:49.977|8.000:8.000,0-15-20-2-29-4-3-30-26-17-18-21-16-27-22-19-5-14-25-8-32-13-10-31-23-6-11-1-12-24-7-28-9-0,0.0021349010057747
153,calm,sparse,ValuePerDistance,32,30,0.9375,0.9672131147540984,0.0,False,59.0,61.0,1277.1254633301996,1286.140965976881,-77.12546333019964,-157.12546333019964,True,150.30466311315436,False,True,0.0162355161927365,0.0005271221150234,2.0,True,1.0,8.000:8.000|25.640:19.223|23.877:21.533|28.013:25.533|28.574:30.609|30.424:34.549|36.800:37.934|50.805:49.977|50.783:33.156|56.354:29.773|59.209:26.943|64.054:23.197|57.021:20.823|73.568:46.447|80.199:46.129|91.792:35.406|87.735:35.860|73.212:64.614|67.287:81.207|55.329:79.399|32.047:83.598|32.263:72.803|26.098:71.275|19.649:67.154|26.850:56.128|32.896:54.359|10.535:53.296|18.927:44.689|12.121:31.293|40.658:29.309|42.477:23.964|8.000:8.000,0-20-15-2-29-4-3-9-17-18-21-16-27-25-14-5-19-8-32-13-31-23-6-11-1-12-7-24-28-30-26-0,0.0017429068684577
153,calm,sparse,WindAwareGreedy,32,23,0.71875,0.819672131147541,0.0,False,50.0,61.0,1297.9994298084266,1300.1720499233516,-97.99942980842698,-177.99942980842698,True,142.1440631671626,False,True,0.0174199008689055,0.0007302781270668,2.0,True,1.0,8.000:8.000|10.535:53.296|26.850:56.128|50.805:49.977|59.209:26.943|56.354:29.773|50.783:33.156|32.896:54.359|32.047:83.598|19.649:67.154|32.263:72.803|55.329:79.399|67.287:81.207|73.212:64.614|73.568:46.447|91.792:35.406|87.735:35.860|64.054:23.197|57.021:20.823|25.640:19.223|28.574:30.609|28.013:25.533|23.877:21.533|30.424:34.549|8.000:8.000,0-7-1-9-21-18-17-12-31-11-23-13-32-8-25-5-19-16-27-20-29-2-15-4-0,0.0016989100258797
153,calm,sparse,ReserveOnlyPlanner,32,20,0.625,0.7295081967213115,0.7295081967213115,True,44.5,61.0,1101.4266349858117,1132.6847026841017,98.57336501418834,18.57336501418834,False,120.7783673578656,True,False,0.005075338774566,0.0002420343486138,2.0,False,1.0,8.000:8.000|25.640:19.223|59.209:26.943|56.354:29.773|50.783:33.156|50.805:49.977|32.896:54.359|26.850:56.128|10.535:53.296|19.649:67.154|32.047:83.598|32.263:72.803|55.329:79.399|67.287:81.207|73.212:64.614|73.568:46.447|91.792:35.406|87.735:35.860|64.054:23.197|57.021:20.823|67.935:9.386|8.000:8.000,0-20-21-18-17-9-12-1-7-11-31-23-13-32-8-25-5-19-16-27-22-0,0.0017026520799845
153,calm,sparse,FairRiskAwareGreedy,32,19,0.59375,0.6721311475409836,0.6721311475409836,True,41.0,61.0,1035.1634592746077,1052.6332650605884,164.83654072539233,84.83654072539233,False,122.4838984689626,True,False,0.0042411612632764,0.0002121367159181,2.0,False,1.0,8.000:8.000|10.535:53.296|50.805:49.977|59.209:26.943|56.354:29.773|50.783:33.156|32.896:54.359|26.850:56.128|19.649:67.154|32.047:83.598|55.329:79.399|28.574:30.609|25.640:19.223|23.877:21.533|30.424:34.549|28.013:25.533|36.800:37.934|40.658:29.309|18.927:44.689|12.121:31.293|8.000:8.000,0-7-9-21-18-17-12-1-11-31-13-29-20-15-4-2-3-30-24-28-0,0.0028926350641995
153,calm,sparse,FairALNSPlanner,32,29,0.90625,0.9426229508196722,0.9426229508196722,True,57.5,61.0,1061.5630527013452,1142.6059954568357,138.43694729865467,58.43694729865467,False,141.47351721562688,True,False,0.0127572143273194,0.0004270361986801,2.0,False,1.0,8.000:8.000|12.121:31.293|18.927:44.689|10.535:53.296|32.896:54.359|26.850:56.128|19.649:67.154|26.098:71.275|32.263:72.803|32.047:83.598|45.889:90.144|55.329:79.399|67.287:81.207|73.212:64.614|87.735:35.860|91.792:35.406|80.199:46.129|73.568:46.447|50.805:49.977|50.783:33.156|56.354:29.773|59.209:26.943|64.054:23.197|57.021:20.823|28.013:25.533|28.574:30.609|36.800:37.934|30.424:34.549|25.640:19.223|23.877:21.533|8.000:8.000,0-28-24-7-12-1-11-6-23-31-10-13-32-8-19-5-14-25-9-17-18-21-16-27-2-29-3-4-20-15-0,18.45448954915628
153,calm,sparse,RAWA-RHP,32,31,0.96875,0.9836065573770492,0.9836065573770492,True,60.0,61.0,1046.8288404538148,1135.3869898130288,153.17115954618467,73.17115954618467,False,142.84429673533188,True,False,0.0204814779454455,0.0006447202969188,2.0,False,1.0,8.000:8.000|25.640:19.223|23.877:21.533|28.013:25.533|28.574:30.609|30.424:34.549|36.800:37.934|40.658:29.309|42.477:23.964|57.021:20.823|64.054:23.197|59.209:26.943|56.354:29.773|50.783:33.156|50.805:49.977|73.568:46.447|80.199:46.129|91.792:35.406|87.735:35.860|73.212:64.614|67.287:81.207|55.329:79.399|45.889:90.144|32.047:83.598|32.263:72.803|26.098:71.275|19.649:67.154|26.850:56.128|32.896:54.359|10.535:53.296|18.927:44.689|12.121:31.293|8.000:8.000,0-20-15-2-29-4-3-30-26-27-16-21-18-17-9-25-14-5-19-8-32-13-10-31-23-6-11-1-12-7-24-28-0,63.23723998805508
149,moderate,sparse,NearestNeighbor,32,30,0.9375,0.931297709923664,0.0,False,61.0,65.5,1430.1410706503543,1456.822960386919,-230.1410706503542,-310.1410706503542,True,135.45285813065442,False,True,0.0633899719679568,0.0020899738431588,2.0,True,1.0,8.000:8.000|21.945:22.591|24.070:28.249|19.630:29.597|14.897:36.579|16.927:41.879|18.969:47.234|22.810:45.658|28.925:39.848|34.243:43.657|33.876:46.368|40.782:56.516|36.519:64.699|27.941:59.030|15.562:65.730|20.245:82.230|26.945:91.481|37.142:87.631|35.308:82.800|44.139:86.680|44.919:90.259|52.817:95.047|62.625:86.601|78.460:79.907|81.136:74.396|81.539:64.080|78.680:64.673|60.856:49.055|59.850:45.709|65.079:41.277|67.032:42.371|8.000:8.000,0-9-3-22-5-25-2-11-17-29-21-27-13-18-15-6-26-32-16-14-20-24-23-1-12-8-10-28-31-19-4-0,0.001689574914053
149,moderate,sparse,ValuePerDistance,32,29,0.90625,0.931297709923664,0.0,False,61.0,65.5,1447.0796414634833,1473.807003245646,-247.07964146348323,-327.0796414634832,True,140.2472683116787,False,True,0.1061177626116355,0.0036604993487726,2.0,True,1.0,8.000:8.000|19.630:29.597|24.070:28.249|21.945:22.591|16.927:41.879|18.969:47.234|22.810:45.658|28.925:39.848|34.243:43.657|33.876:46.368|45.263:31.188|53.371:23.669|65.079:41.277|67.032:42.371|59.850:45.709|60.856:49.055|81.136:74.396|78.460:79.907|62.625:86.601|52.817:95.047|44.919:90.259|44.139:86.680|37.142:87.631|35.308:82.800|26.945:91.481|20.245:82.230|15.562:65.730|27.941:59.030|36.519:64.699|40.782:56.516|8.000:8.000,0-22-3-9-25-2-11-17-29-21-30-7-19-4-31-28-12-1-23-24-20-14-32-16-26-6-15-18-13-27-0,0.0011934970971196
149,moderate,sparse,WindAwareGreedy,32,20,0.625,0.7251908396946565,0.0,False,47.5,65.5,1517.7819263374586,1537.2542991302903,-317.78192633745886,-397.78192633745886,True,130.40239566759934,False,True,0.2178039746079603,0.011390289191162,2.0,True,1.0,8.000:8.000|19.630:29.597|16.927:41.879|18.969:47.234|28.925:39.848|45.263:31.188|24.070:28.249|27.941:59.030|33.876:46.368|34.243:43.657|65.079:41.277|67.032:42.371|59.850:45.709|81.136:74.396|52.817:95.047|62.625:86.601|44.919:90.259|37.142:87.631|36.519:64.699|40.782:56.516|60.856:49.055|8.000:8.000,0-22-25-2-17-30-3-18-21-29-19-4-31-12-24-23-20-32-13-27-28-0,0.0013017382007092
149,moderate,sparse,ReserveOnlyPlanner,32,18,0.5625,0.6106870229007634,0.6106870229007634,True,40.0,65.5,1104.607966523235,1185.8335165216206,95.39203347676492,15.392033476764922,False,98.57800189796176,True,False,0.0622010857657288,0.0033407435237202,2.0,False,1.0,8.000:8.000|19.630:29.597|24.070:28.249|45.263:31.188|65.079:41.277|67.032:42.371|59.850:45.709|60.856:49.055|81.136:74.396|78.460:79.907|52.817:95.047|62.625:86.601|44.919:90.259|37.142:87.631|35.308:82.800|36.519:64.699|40.782:56.516|28.925:39.848|21.945:22.591|8.000:8.000,0-22-3-30-19-4-31-28-12-1-24-23-20-32-16-13-27-17-9-0,0.0011810520663857
149,moderate,sparse,FairRiskAwareGreedy,32,17,0.53125,0.6335877862595419,0.6335877862595419,True,41.5,65.5,1031.7248345411992,1078.5802683394909,168.27516545880084,88.27516545880084,False,116.63928580504384,True,False,0.013105987003896,0.0007308415412597,2.0,False,1.0,8.000:8.000|19.630:29.597|24.070:28.249|45.263:31.188|28.925:39.848|18.969:47.234|16.927:41.879|27.941:59.030|52.817:95.047|62.625:86.601|81.136:74.396|59.850:45.709|65.079:41.277|67.032:42.371|21.945:22.591|34.243:43.657|33.876:46.368|40.782:56.516|8.000:8.000,0-22-3-30-17-2-25-18-24-23-12-31-19-4-9-29-21-27-0,0.0025942500215023
149,moderate,sparse,FairALNSPlanner,32,29,0.90625,0.931297709923664,0.931297709923664,True,61.0,65.5,1025.8339767024745,1197.3690065345804,174.1660232975262,94.1660232975262,False,131.88246258078212,True,False,0.0361476812660735,0.0012175068863935,2.0,False,1.0,8.000:8.000|19.630:29.597|24.070:28.249|28.925:39.848|33.876:46.368|40.782:56.516|36.519:64.699|27.941:59.030|15.562:65.730|35.308:82.800|37.142:87.631|44.139:86.680|44.919:90.259|52.817:95.047|62.625:86.601|78.460:79.907|81.136:74.396|81.539:64.080|78.680:64.673|60.856:49.055|59.850:45.709|65.079:41.277|67.032:42.371|45.263:31.188|34.243:43.657|22.810:45.658|18.969:47.234|16.927:41.879|14.897:36.579|21.945:22.591|8.000:8.000,0-22-3-17-21-27-13-18-15-16-32-14-20-24-23-1-12-8-10-28-31-19-4-30-29-11-2-25-5-9-0,19.2524400241673
149,moderate,sparse,RAWA-RHP,32,31,0.96875,0.9694656488549618,0.9694656488549618,True,63.5,65.5,1027.225051607936,1205.5112671870372,172.77494839206378,92.77494839206378,False,138.82390168761756,True,False,0.0742164031611615,0.0023855794389935,2.0,False,1.0,8.000:8.000|21.945:22.591|24.070:28.249|45.263:31.188|53.371:23.669|65.079:41.277|67.032:42.371|59.850:45.709|60.856:49.055|78.680:64.673|81.539:64.080|81.136:74.396|78.460:79.907|62.625:86.601|52.817:95.047|44.919:90.259|44.139:86.680|37.142:87.631|35.308:82.800|26.945:91.481|20.245:82.230|15.562:65.730|36.519:64.699|27.941:59.030|28.925:39.848|34.243:43.657|33.876:46.368|22.810:45.658|18.969:47.234|16.927:41.879|14.897:36.579|19.630:29.597|8.000:8.000,0-9-3-30-7-19-4-31-28-10-8-12-1-23-24-20-14-32-16-26-6-15-13-18-17-29-21-11-2-25-5-22-0,173.82507051411085
152,moderate,cluttered,NearestNeighbor,32,20,0.625,0.625,0.0,False,40.0,64.0,1313.2514992021866,1298.4868343158505,-113.2514992021867,-193.2514992021867,True,107.76873515771956,False,True,0.1977525585866589,0.0102478687349543,2.0,True,1.0,8.000:8.000|30.653:16.416|36.311:11.665|28.707:25.645|35.171:28.909|39.624:27.275|42.197:35.325|42.874:40.256|43.763:44.835|48.568:44.965|41.573:56.598|28.756:60.604|27.034:62.662|29.421:68.800|31.248:78.243|17.071:75.370|10.863:66.002|24.675:53.612|49.250:70.419|57.288:74.954|66.489:64.641|8.000:8.000,0-3-16-27-8-17-20-24-22-5-14-4-28-19-6-7-29-23-15-26-31-0,0.0017683589830994
152,moderate,cluttered,ValuePerDistance,32,20,0.625,0.6640625,0.6640625,True,42.5,64.0,1167.917579806919,1204.3292096573498,32.08242019308079,-47.91757980691921,True,101.28719421598736,True,False,0.1633692100074676,0.0082911795143843,2.0,False,1.0,8.000:8.000|28.707:25.645|35.171:28.909|39.624:27.275|42.197:35.325|42.874:40.256|48.568:44.965|43.763:44.835|57.352:59.355|60.427:59.934|66.489:64.641|57.288:74.954|49.250:70.419|27.034:62.662|28.756:60.604|29.421:68.800|31.248:78.243|17.071:75.370|10.863:66.002|36.311:11.665|30.653:16.416|8.000:8.000,0-27-8-17-20-24-5-22-9-18-31-26-15-28-4-19-6-7-29-16-3-0,0.0014333168510347
152,moderate,cluttered,WindAwareGreedy,32,17,0.53125,0.578125,0.578125,True,37.0,64.0,1199.0202530029455,1171.0729589344676,0.979746997054491,-79.02025300294551,True,94.84137257712428,True,False,0.2095617514586373,0.0127539117999889,2.0,False,1.0,8.000:8.000|36.311:11.665|28.707:25.645|30.653:16.416|35.171:28.909|39.624:27.275|42.197:35.325|48.568:44.965|57.352:59.355|57.288:74.954|49.250:70.419|27.034:62.662|28.756:60.604|29.421:68.800|31.248:78.243|17.071:75.370|10.863:66.002|24.675:53.612|8.000:8.000,0-16-27-3-8-17-20-5-9-26-15-28-4-19-6-7-29-23-0,0.0014078319072723
152,moderate,cluttered,ReserveOnlyPlanner,32,16,0.5,0.5859375,0.5859375,True,37.5,64.0,1111.954718255789,1185.3171403236006,88.0452817442108,8.045281744210797,False,88.49643474288241,True,False,0.0872707483351302,0.0052567676997946,2.0,False,1.0,8.000:8.000|36.311:11.665|28.707:25.645|30.653:16.416|35.171:28.909|39.624:27.275|42.197:35.325|48.568:44.965|57.352:59.355|60.427:59.934|66.489:64.641|57.288:74.954|49.250:70.419|27.034:62.662|28.756:60.604|29.421:68.800|31.248:78.243|8.000:8.000,0-16-27-3-8-17-20-5-9-18-31-26-15-28-4-19-6-0,0.0014588509220629
152,moderate,cluttered,FairRiskAwareGreedy,32,16,0.5,0.5546875,0.5546875,True,35.5,64.0,1102.7341429330097,1137.7232886668496,97.26585706699042,17.26585706699042,False,120.6191057979842,True,False,0.0020590417804811,0.00012117859616,2.0,False,1.0,8.000:8.000|28.707:25.645|30.653:16.416|57.352:59.355|36.311:11.665|48.568:44.965|39.624:27.275|35.171:28.909|42.197:35.325|27.034:62.662|28.756:60.604|57.288:74.954|49.250:70.419|31.248:78.243|29.421:68.800|24.675:53.612|41.573:56.598|8.000:8.000,0-27-3-9-16-5-17-8-20-28-4-26-15-6-19-23-14-0,0.0020764160435646
152,moderate,cluttered,FairALNSPlanner,32,24,0.75,0.8046875,0.8046875,True,51.5,64.0,1031.0511067022185,1170.339007258364,168.94889329778113,88.94889329778113,False,126.8232490270498,True,False,0.0955905923603854,0.0039535102559912,2.0,False,1.0,8.000:8.000|36.311:11.665|30.653:16.416|24.675:53.612|27.034:62.662|31.248:78.243|29.421:68.800|28.756:60.604|57.352:59.355|60.427:59.934|49.250:70.419|57.288:74.954|71.284:79.132|66.489:64.641|87.222:53.197|95.104:44.562|90.142:59.765|71.440:37.583|48.568:44.965|43.763:44.835|42.874:40.256|42.197:35.325|39.624:27.275|35.171:28.909|28.707:25.645|8.000:8.000,0-16-3-23-28-6-19-4-9-18-15-26-25-31-10-12-13-2-5-22-24-20-17-8-27-0,12.7838554950431
152,moderate,cluttered,RAWA-RHP,32,24,0.75,0.7890625,0.7890625,True,50.5,64.0,1005.9547611620496,1141.911237075838,194.0452388379504,114.04523883795036,False,124.64830787683697,True,False,0.0529795720448414,0.002151566580711,2.0,False,1.0,8.000:8.000|36.311:11.665|30.653:16.416|24.675:53.612|28.756:60.604|27.034:62.662|29.421:68.800|31.248:78.243|49.250:70.419|57.288:74.954|71.284:79.132|66.489:64.641|60.427:59.934|57.352:59.355|87.222:53.197|71.440:37.583|48.568:44.965|43.763:44.835|42.874:40.256|42.197:35.325|61.065:17.221|67.573:27.341|39.624:27.275|35.171:28.909|28.707:25.645|8.000:8.000,0-16-3-23-4-28-19-6-15-26-25-31-18-9-10-2-5-22-24-20-30-21-17-8-27-0,90.46886605303736
154,calm,sparse,NearestNeighbor,32,31,0.96875,0.9523809523809524,0.0,False,60.0,63.0,1347.339476626311,1349.178471449805,-147.33947662631033,-227.33947662631036,True,163.54392539101366,False,True,0.0065364785072857,0.0002046379529631,2.0,True,1.0,8.000:8.000|30.137:22.446|37.764:30.562|53.787:32.885|55.640:33.684|59.224:29.812|53.934:20.439|58.361:9.387|67.433:13.186|69.933:22.914|75.480:34.872|78.652:42.091|75.928:47.072|73.588:45.886|69.094:45.539|60.485:44.641|55.623:49.773|51.374:50.267|43.303:57.403|39.437:64.194|53.109:67.647|55.343:67.482|64.599:52.346|79.633:58.412|82.566:50.759|84.971:50.926|86.424:52.606|91.852:41.747|82.796:31.835|91.969:88.313|23.635:78.428|18.831:83.136|8.000:8.000,0-15-16-9-29-28-26-8-3-11-31-30-1-23-6-22-14-25-32-20-27-2-17-24-10-13-12-4-7-21-5-18-0,0.0021679901983588
154,calm,sparse,ValuePerDistance,32,28,0.875,0.9206349206349206,0.0,False,58.0,63.0,1338.554174094279,1339.869520830051,-138.55417409427912,-218.55417409427912,True,155.90236782020713,False,True,0.0093089667756823,0.0003218441568774,2.0,True,1.0,8.000:8.000|30.137:22.446|37.764:30.562|53.787:32.885|55.640:33.684|59.224:29.812|53.934:20.439|67.433:13.186|69.933:22.914|82.796:31.835|78.652:42.091|75.928:47.072|73.588:45.886|69.094:45.539|60.485:44.641|51.374:50.267|55.623:49.773|64.599:52.346|53.109:67.647|55.343:67.482|39.437:64.194|26.396:53.686|23.635:78.428|18.831:83.136|91.852:41.747|84.971:50.926|82.566:50.759|86.424:52.606|79.633:58.412|8.000:8.000,0-15-16-9-29-28-26-3-11-7-30-1-23-6-22-25-14-17-27-2-20-19-5-18-4-13-10-12-24-0,0.0016493790317326
154,calm,sparse,WindAwareGreedy,32,19,0.59375,0.7142857142857143,0.0,False,45.0,63.0,1344.8554208400074,1340.732380504206,-144.8554208400076,-224.8554208400076,True,143.5272701550996,False,True,0.0172671598782873,0.0008693633661643,2.0,True,1.0,8.000:8.000|53.934:20.439|67.433:13.186|69.933:22.914|53.787:32.885|26.396:53.686|23.635:78.428|18.831:83.136|39.437:64.194|51.374:50.267|53.109:67.647|78.652:42.091|75.928:47.072|69.094:45.539|55.640:33.684|30.137:22.446|37.764:30.562|59.224:29.812|91.852:41.747|82.796:31.835|8.000:8.000,0-26-3-11-9-19-5-18-20-25-27-30-1-6-29-15-16-28-4-7-0,0.0015399190597236
154,calm,sparse,ReserveOnlyPlanner,32,20,0.625,0.7142857142857143,0.7142857142857143,True,45.0,63.0,1028.9323520529904,1080.0956786520337,171.06764794700945,91.06764794700943,False,120.61892262111068,True,False,0.0153700796178036,0.0007359314367181,2.0,False,1.0,8.000:8.000|30.137:22.446|26.396:53.686|23.635:78.428|18.831:83.136|39.437:64.194|51.374:50.267|53.934:20.439|53.787:32.885|55.640:33.684|67.433:13.186|69.933:22.914|78.652:42.091|75.928:47.072|69.094:45.539|53.109:67.647|55.343:67.482|64.599:52.346|60.485:44.641|59.224:29.812|37.764:30.562|8.000:8.000,0-15-19-5-18-20-25-26-9-29-3-11-30-1-6-27-2-17-22-28-16-0,0.0017331119161099
154,calm,sparse,FairRiskAwareGreedy,32,16,0.5,0.6190476190476191,0.6190476190476191,True,39.0,63.0,1099.245069337852,1117.680751043188,100.75493066214804,20.75493066214804,False,124.88109092295208,True,False,0.0130212281878443,0.0007695270583033,2.0,False,1.0,8.000:8.000|53.934:20.439|67.433:13.186|69.933:22.914|26.396:53.686|23.635:78.428|18.831:83.136|39.437:64.194|51.374:50.267|53.787:32.885|55.640:33.684|30.137:22.446|53.109:67.647|78.652:42.091|75.928:47.072|69.094:45.539|60.485:44.641|8.000:8.000,0-26-3-11-19-5-18-20-25-9-29-15-27-30-1-6-22-0,0.0027469480410218
154,calm,sparse,FairALNSPlanner,32,30,0.9375,0.9682539682539684,0.9682539682539684,True,61.0,63.0,1052.818822128741,1127.1287001765338,147.18117787125885,67.18117787125883,False,142.67000199249318,True,False,0.0259477534845591,0.0008462661269694,2.0,False,1.0,8.000:8.000|30.137:22.446|37.764:30.562|26.396:53.686|18.831:83.136|23.635:78.428|39.437:64.194|53.109:67.647|55.343:67.482|51.374:50.267|55.623:49.773|55.640:33.684|53.787:32.885|59.224:29.812|60.485:44.641|64.599:52.346|69.094:45.539|73.588:45.886|75.928:47.072|78.652:42.091|79.633:58.412|82.566:50.759|84.971:50.926|86.424:52.606|91.852:41.747|82.796:31.835|75.480:34.872|69.933:22.914|67.433:13.186|58.361:9.387|53.934:20.439|8.000:8.000,0-15-16-19-18-5-20-27-2-25-14-29-9-28-22-17-6-23-1-30-24-10-13-12-4-7-31-11-3-8-26-0,18.399566226871684
154,calm,sparse,RAWA-RHP,32,29,0.90625,0.9444444444444444,0.9444444444444444,True,59.5,63.0,1045.017510191855,1106.2910777130155,154.9824898081451,74.98248980814509,False,138.187554960135,True,False,0.0222259868423199,0.0007475961015309,2.0,False,1.0,8.000:8.000|26.396:53.686|18.831:83.136|23.635:78.428|39.437:64.194|53.109:67.647|55.343:67.482|51.374:50.267|55.623:49.773|55.640:33.684|53.787:32.885|53.934:20.439|58.361:9.387|67.433:13.186|69.933:22.914|75.480:34.872|82.796:31.835|91.852:41.747|86.424:52.606|84.971:50.926|82.566:50.759|78.652:42.091|75.928:47.072|73.588:45.886|69.094:45.539|64.599:52.346|60.485:44.641|59.224:29.812|37.764:30.562|30.137:22.446|8.000:8.000,0-19-18-5-20-27-2-25-14-29-9-26-8-3-11-31-7-4-12-13-10-30-1-23-6-17-22-28-16-15-0,45.14763401192613
154,severe,sparse,NearestNeighbor,32,19,0.59375,0.5954198473282443,0.0,False,39.0,65.5,1695.9831652777711,1656.1705454961766,-495.98316527777126,-575.9831652777713,True,92.96769175967358,False,True,0.0887138653226397,0.0045803381313843,2.0,True,1.0,8.000:8.000|9.507:19.277|34.779:15.717|61.900:25.302|69.320:31.050|75.703:34.329|82.152:26.930|86.151:26.212|89.638:27.184|93.840:31.851|94.087:35.401|83.002:40.075|89.067:52.038|94.920:59.923|88.492:65.859|80.294:66.884|79.215:61.404|73.280:54.609|56.982:40.633|56.891:38.215|8.000:8.000,0-10-5-28-11-24-9-30-16-22-14-29-15-4-8-6-19-17-13-26-0,0.0017157178372144
154,severe,sparse,ValuePerDistance,32,19,0.59375,0.6412213740458015,0.0,False,42.0,65.5,2285.2653484789766,2302.326151779398,-1085.2653484789764,-1165.2653484789764,True,121.16905850100434,False,True,0.1895745209883323,0.0101623632463404,2.0,True,1.0,8.000:8.000|9.507:19.277|34.779:15.717|23.303:42.638|25.362:44.673|23.733:62.745|24.469:59.254|21.146:58.562|12.717:55.636|34.878:71.144|34.494:66.619|38.819:63.080|29.937:56.009|28.618:86.934|30.323:85.856|20.644:78.645|73.280:54.609|79.215:61.404|88.492:65.859|94.920:59.923|8.000:8.000,0-10-5-20-12-23-1-3-2-21-25-31-18-7-32-27-17-19-8-4-0,0.0013858841266483
154,severe,sparse,WindAwareGreedy,32,18,0.5625,0.5877862595419847,0.0,False,38.5,65.5,2013.4061280470096,2041.712531486622,-813.4061280470099,-893.4061280470099,True,111.49686303217952,False,True,0.1784566596979693,0.0100375972410297,2.0,True,1.0,8.000:8.000|9.507:19.277|34.779:15.717|23.303:42.638|25.362:44.673|23.733:62.745|34.878:71.144|28.618:86.934|20.644:78.645|34.494:66.619|38.819:63.080|29.937:56.009|24.469:59.254|21.146:58.562|12.717:55.636|56.982:40.633|56.891:38.215|75.703:34.329|83.002:40.075|8.000:8.000,0-10-5-20-12-23-21-7-27-25-31-18-1-3-2-13-26-24-29-0,0.0014917319640517
154,severe,sparse,ReserveOnlyPlanner,32,9,0.28125,0.3282442748091603,0.3282442748091603,True,21.5,65.5,1063.559137319815,1165.033786991215,136.4408626801851,56.44086268018509,False,57.14997041952057,True,False,0.0660580287746122,0.0066114975544979,2.0,False,1.0,8.000:8.000|9.507:19.277|34.779:15.717|23.303:42.638|25.362:44.673|23.733:62.745|34.878:71.144|34.494:66.619|38.819:63.080|21.146:58.562|8.000:8.000,0-10-5-20-12-23-21-25-31-3-0,0.0009193380828946
154,severe,sparse,FairRiskAwareGreedy,32,11,0.34375,0.4351145038167939,0.4351145038167939,True,28.5,65.5,1094.54835827049,1140.5659005822165,105.45164172950956,25.45164172950956,False,94.7468978906054,True,False,0.0088427922108288,0.0007385393822179,2.8284271247461903,False,1.0,8.000:8.000|9.507:19.277|34.779:15.717|23.303:42.638|34.878:71.144|23.733:62.745|34.494:66.619|25.362:44.673|75.703:34.329|73.280:54.609|94.087:35.401|56.891:38.215|8.000:8.000,0-10-5-20-21-23-25-12-24-17-14-26-0,0.0017405811231583
154,severe,sparse,FairALNSPlanner,32,20,0.625,0.7175572519083969,0.7175572519083969,True,47.0,65.5,1039.8184586634304,1274.6897049856486,160.1815413365693,80.1815413365693,False,107.98830051019168,True,False,0.0439225687130608,0.0021039738990581,2.0,False,1.0,8.000:8.000|34.779:15.717|56.982:40.633|56.891:38.215|69.320:31.050|75.703:34.329|94.087:35.401|94.920:59.923|88.492:65.859|79.215:61.404|73.280:54.609|30.323:85.856|28.618:86.934|34.878:71.144|34.494:66.619|23.733:62.745|21.146:58.562|12.717:55.636|23.303:42.638|25.362:44.673|9.507:19.277|8.000:8.000,0-5-13-26-11-24-14-4-8-19-17-32-7-21-25-23-3-2-20-12-10-0,9.91788361221552
154,severe,sparse,RAWA-RHP,32,21,0.65625,0.732824427480916,0.732824427480916,True,48.0,65.5,1043.5764689852997,1260.6358452061866,156.42353101470002,76.42353101470002,False,108.3447718958704,True,False,0.0509884636618078,0.0023188880065677,2.0,False,1.0,8.000:8.000|34.779:15.717|56.982:40.633|56.891:38.215|69.320:31.050|75.703:34.329|73.280:54.609|93.840:31.851|94.087:35.401|89.067:52.038|94.920:59.923|88.492:65.859|79.215:61.404|38.819:63.080|34.494:66.619|34.878:71.144|23.733:62.745|24.469:59.254|29.937:56.009|25.362:44.673|23.303:42.638|9.507:19.277|8.000:8.000,0-5-13-26-11-24-17-22-14-15-4-8-19-31-25-21-23-1-18-12-20-10-0,26.29235623497516
154,calm,cluttered,NearestNeighbor,32,29,0.90625,0.8828828828828829,0.0,False,49.0,55.5,1383.2951834361652,1389.831314554119,-183.2951834361654,-263.2951834361654,True,162.53097078402536,False,True,0.014546437094034,0.0004877188218284,2.0,True,1.0,8.000:8.000|34.009:28.506|36.873:30.270|41.755:34.323|47.211:24.198|60.674:31.184|56.890:42.818|76.198:47.108|79.717:57.631|78.726:64.952|66.117:63.183|69.497:81.040|61.658:93.234|48.577:92.071|32.991:91.515|27.107:86.457|26.212:79.698|18.838:74.798|25.055:63.563|17.275:60.076|16.253:57.908|26.002:45.990|28.073:46.951|32.301:53.298|34.499:64.000|39.891:65.436|33.661:72.086|37.976:79.830|88.361:74.646|96.478:48.437|8.000:8.000,0-10-27-28-5-8-20-3-11-13-18-12-14-26-9-7-15-2-4-32-24-30-21-17-23-6-1-25-22-31-0,0.0020699279848486
154,calm,cluttered,ValuePerDistance,32,24,0.75,0.8288288288288288,0.0,False,46.0,55.5,1260.4211635080394,1255.620674433823,-60.421163508039896,-140.4211635080399,True,142.46377705070654,False,True,0.0319777436987797,0.0012962741925846,2.0,True,1.0,8.000:8.000|36.873:30.270|34.009:28.506|41.755:34.323|47.211:24.198|60.674:31.184|56.890:42.818|76.198:47.108|96.478:48.437|90.838:41.634|88.020:11.377|75.573:17.388|66.117:63.183|78.726:64.952|79.717:57.631|69.497:81.040|61.658:93.234|48.577:92.071|37.976:79.830|27.107:86.457|26.212:79.698|18.838:74.798|25.055:63.563|17.275:60.076|16.253:57.908|8.000:8.000,0-27-10-28-5-8-20-3-31-19-16-29-18-13-11-12-14-26-25-7-15-2-4-32-24-0,0.0016857888549566
154,calm,cluttered,WindAwareGreedy,32,19,0.59375,0.6846846846846847,0.0,False,38.0,55.5,1274.73350696691,1274.0412558962378,-74.7335069669099,-154.73350696690989,True,135.08444352846388,False,True,0.0230630138245671,0.0011634876300414,2.0,True,1.0,8.000:8.000|36.873:30.270|47.211:24.198|88.020:11.377|75.573:17.388|96.478:48.437|76.198:47.108|66.117:63.183|37.976:79.830|27.107:86.457|18.838:74.798|17.275:60.076|25.055:63.563|32.301:53.298|28.073:46.951|41.755:34.323|34.009:28.506|56.890:42.818|60.674:31.184|26.002:45.990|8.000:8.000,0-27-5-16-29-31-3-18-25-7-2-32-4-17-21-28-10-20-8-30-0,0.0015611809212714
154,calm,cluttered,ReserveOnlyPlanner,32,17,0.53125,0.6126126126126126,0.6126126126126126,True,34.0,55.5,1091.3199763792372,1124.0986331413496,108.68002362076292,28.68002362076291,False,119.67664193131228,True,False,0.0266229826103683,0.0014951452501998,2.0,False,1.0,8.000:8.000|36.873:30.270|47.211:24.198|41.755:34.323|37.976:79.830|27.107:86.457|18.838:74.798|17.275:60.076|25.055:63.563|32.301:53.298|28.073:46.951|26.002:45.990|34.009:28.506|56.890:42.818|76.198:47.108|96.478:48.437|88.020:11.377|75.573:17.388|8.000:8.000,0-27-5-28-25-7-2-32-4-17-21-30-10-20-3-31-16-29-0,0.0015545999631285
154,calm,cluttered,FairRiskAwareGreedy,32,13,0.40625,0.5315315315315315,0.5315315315315315,True,29.5,55.5,1093.3900581299836,1113.3379653617533,106.60994187001636,26.60994187001637,False,119.1013432101537,True,False,0.0141705635276448,0.0010178428486166,2.0,False,1.0,8.000:8.000|36.873:30.270|88.020:11.377|75.573:17.388|96.478:48.437|76.198:47.108|47.211:24.198|37.976:79.830|66.117:63.183|27.107:86.457|18.838:74.798|17.275:60.076|28.073:46.951|26.002:45.990|8.000:8.000,0-27-16-29-31-3-5-25-18-7-2-32-21-30-0,0.0022246169392019
154,calm,cluttered,FairALNSPlanner,32,18,0.5625,0.6216216216216216,0.6216216216216216,True,34.5,55.5,1037.4457883636198,1106.4436490382543,162.55421163638027,82.55421163638027,False,122.31291760423396,True,False,0.0181209204928215,0.0009599845247448,2.0,False,1.0,8.000:8.000|26.002:45.990|28.073:46.951|41.755:34.323|36.873:30.270|32.301:53.298|25.055:63.563|66.117:63.183|78.726:64.952|69.497:81.040|96.478:48.437|90.838:41.634|88.020:11.377|75.573:17.388|76.198:47.108|56.890:42.818|60.674:31.184|47.211:24.198|34.009:28.506|8.000:8.000,0-30-21-28-27-17-4-18-13-12-31-19-16-29-3-20-8-5-10-0,11.08996944501996
154,calm,cluttered,RAWA-RHP,32,25,0.78125,0.8468468468468469,0.8468468468468469,True,47.0,55.5,1044.6176655423044,1124.5210163861943,155.38233445769572,75.38233445769572,False,133.2212473522435,True,False,0.0243214769026138,0.0009447700811989,2.0,False,1.0,8.000:8.000|26.002:45.990|28.073:46.951|32.301:53.298|25.055:63.563|17.275:60.076|18.838:74.798|26.212:79.698|27.107:86.457|32.991:91.515|37.976:79.830|48.577:92.071|61.658:93.234|69.497:81.040|66.117:63.183|78.726:64.952|79.717:57.631|76.198:47.108|90.838:41.634|96.478:48.437|88.020:11.377|75.573:17.388|47.211:24.198|41.755:34.323|36.873:30.270|34.009:28.506|8.000:8.000,0-30-21-17-4-32-2-15-7-9-25-26-14-12-18-13-11-3-19-31-16-29-5-28-27-10-0,68.74752720608376
153,moderate,cluttered,NearestNeighbor,32,18,0.5625,0.5864661654135338,0.0,False,39.0,66.5,1435.139953082872,1419.412480676575,-235.139953082872,-315.139953082872,True,109.28731411208756,False,True,0.0870196503237361,0.0047083779244982,2.0,True,1.0,8.000:8.000|18.980:31.703|10.201:45.100|18.404:51.715|30.011:48.413|35.980:43.771|42.854:55.549|38.023:61.652|30.948:67.312|23.785:63.207|10.886:62.385|43.695:75.006|49.220:70.908|59.487:59.225|71.503:48.809|68.845:43.328|84.253:45.594|89.144:40.368|83.864:60.184|8.000:8.000,0-1-19-20-23-16-17-29-2-8-15-32-5-22-30-25-14-28-3-0,0.0016032268758863
153,moderate,cluttered,ValuePerDistance,32,22,0.6875,0.6992481203007519,0.0,False,46.5,66.5,1396.7045513507433,1426.4649824090577,-196.7045513507435,-276.7045513507435,True,119.10913750523136,False,True,0.1283830808777085,0.005878922235182,2.0,True,1.0,8.000:8.000|18.980:31.703|35.980:43.771|30.011:48.413|18.404:51.715|10.201:45.100|10.886:62.385|23.785:63.207|30.948:67.312|42.854:55.549|38.023:61.652|49.220:70.908|43.695:75.006|52.482:87.247|59.335:85.609|73.892:88.407|68.438:89.577|77.726:73.845|72.350:67.761|78.407:62.089|80.362:60.465|83.864:60.184|59.487:59.225|8.000:8.000,0-1-16-23-20-19-15-8-2-17-29-5-32-27-13-6-10-9-26-18-21-3-22-0,0.0013739131391048
153,moderate,cluttered,WindAwareGreedy,32,16,0.5,0.5939849624060151,0.0,False,39.5,66.5,1372.7127001271267,1375.2989953344954,-172.71270012712654,-252.7127001271265,True,113.2551581535796,False,True,0.1119335143272589,0.0068602432155058,2.0,True,1.0,8.000:8.000|18.404:51.715|35.980:43.771|42.854:55.549|30.011:48.413|10.201:45.100|18.980:31.703|51.534:33.607|62.555:25.174|84.253:45.594|77.726:73.845|72.350:67.761|52.482:87.247|49.220:70.908|30.948:67.312|23.785:63.207|10.886:62.385|8.000:8.000,0-20-16-17-23-19-1-24-31-14-9-26-27-5-2-8-15-0,0.0013105198740959
153,moderate,cluttered,ReserveOnlyPlanner,32,13,0.40625,0.4360902255639097,0.4360902255639097,True,29.0,66.5,1085.126809670212,1158.9098788210094,114.87319032978805,34.87319032978803,False,86.74454803191281,True,False,0.075549536372078,0.0054455411415594,2.0,False,1.0,8.000:8.000|18.980:31.703|18.404:51.715|10.201:45.100|10.886:62.385|23.785:63.207|30.948:67.312|42.854:55.549|35.980:43.771|30.011:48.413|38.023:61.652|52.482:87.247|49.220:70.908|43.695:75.006|8.000:8.000,0-1-20-19-15-8-2-17-16-23-29-27-5-32-0,0.0012209899723529
153,moderate,cluttered,FairRiskAwareGreedy,32,15,0.46875,0.5413533834586466,0.5413533834586466,True,36.0,66.5,1048.6303734961618,1080.8744467590775,151.36962650383805,71.36962650383805,False,112.89434696081716,True,False,0.0206957481425115,0.0013042583376898,2.0,False,1.0,8.000:8.000|35.980:43.771|18.404:51.715|10.201:45.100|18.980:31.703|42.854:55.549|51.534:33.607|62.555:25.174|84.253:45.594|68.845:43.328|52.482:87.247|49.220:70.908|30.948:67.312|23.785:63.207|10.886:62.385|30.011:48.413|8.000:8.000,0-16-20-19-1-17-24-31-14-25-27-5-2-8-15-23-0,0.0019015071447938
153,moderate,cluttered,FairALNSPlanner,32,21,0.65625,0.7368421052631579,0.7368421052631579,True,49.0,66.5,1064.5860756459165,1204.578991566664,135.41392435408358,55.413924354083576,False,125.867161109096,True,False,0.0371122336100158,0.0016950900708566,2.0,False,1.0,8.000:8.000|18.980:31.703|51.534:33.607|62.555:25.174|49.220:70.908|52.482:87.247|72.350:67.761|77.726:73.845|83.864:60.184|80.362:60.465|78.407:62.089|71.503:48.809|84.253:45.594|89.144:40.368|68.845:43.328|42.854:55.549|35.980:43.771|30.011:48.413|18.404:51.715|23.785:63.207|10.886:62.385|10.201:45.100|8.000:8.000,0-1-24-31-5-27-26-9-3-21-18-30-14-28-25-17-16-23-20-8-15-19-0,9.646231699967757
153,moderate,cluttered,RAWA-RHP,32,24,0.75,0.8120300751879699,0.8120300751879699,True,54.0,66.5,1034.064019069746,1186.2374736465213,165.93598093025412,85.93598093025412,False,125.66274131217736,True,False,0.0345295773063195,0.0013848876320199,2.0,False,1.0,8.000:8.000|18.980:31.703|35.980:43.771|30.011:48.413|42.854:55.549|51.534:33.607|62.555:25.174|68.845:43.328|89.144:40.368|84.253:45.594|71.503:48.809|78.407:62.089|80.362:60.465|83.864:60.184|77.726:73.845|72.350:67.761|59.335:85.609|52.482:87.247|49.220:70.908|43.695:75.006|30.948:67.312|23.785:63.207|10.886:62.385|18.404:51.715|10.201:45.100|8.000:8.000,0-1-16-23-17-24-31-25-28-14-30-18-21-3-9-26-13-27-5-32-2-8-15-20-19-0,77.77911875606515
154,moderate,cluttered,NearestNeighbor,32,20,0.625,0.6065573770491803,0.0,False,37.0,61.0,1661.13300380031,1642.846896802982,-461.1330038003102,-541.1330038003102,True,126.45877653142732,False,True,0.1152144071178431,0.0057635221573003,2.0,True,1.0,8.000:8.000|29.212:28.400|35.178:34.697|43.981:24.744|51.012:19.010|52.613:8.856|61.437:11.496|60.834:21.567|69.472:17.670|76.181:10.614|93.861:26.901|85.730:41.958|63.744:34.198|55.957:34.597|53.894:30.443|42.387:11.125|20.185:34.818|27.327:66.112|32.071:67.949|37.824:63.007|35.931:85.583|8.000:8.000,0-32-8-18-21-15-23-1-10-30-14-2-26-24-22-9-28-3-29-6-20-0,0.0017264671623706
154,moderate,cluttered,ValuePerDistance,32,19,0.59375,0.6311475409836066,0.0,False,38.5,61.0,1732.7888186310688,1735.5234743307851,-532.7888186310687,-612.7888186310687,True,136.7829726120627,False,True,0.1791701132185792,0.0096699966592885,2.0,True,1.0,8.000:8.000|29.212:28.400|20.185:34.818|51.012:19.010|52.613:8.856|61.437:11.496|60.834:21.567|55.957:34.597|53.894:30.443|63.744:34.198|93.861:26.901|76.181:10.614|69.472:17.670|43.981:24.744|35.178:34.697|37.824:63.007|32.071:67.949|27.327:66.112|11.486:66.735|50.133:94.401|8.000:8.000,0-32-28-21-15-23-1-24-22-26-14-30-10-18-8-6-29-3-19-12-0,0.0012903460301458
154,moderate,cluttered,WindAwareGreedy,32,16,0.5,0.6475409836065574,0.0,False,39.5,61.0,1719.4210456631251,1750.288209854477,-519.421045663125,-599.421045663125,True,128.90032659572427,False,True,0.2985102540872858,0.020222839449791,2.0,True,1.0,8.000:8.000|29.212:28.400|20.185:34.818|55.957:34.597|51.012:19.010|52.613:8.856|61.437:11.496|53.894:30.443|37.824:63.007|32.071:67.949|11.486:66.735|50.133:94.401|78.062:81.439|80.635:83.965|89.683:91.785|67.703:83.123|77.755:88.713|8.000:8.000,0-32-28-24-21-15-23-22-6-29-19-12-5-17-25-4-11-0,0.001329876948148
154,moderate,cluttered,ReserveOnlyPlanner,32,9,0.28125,0.2950819672131147,0.2950819672131147,True,18.0,61.0,1073.4281900006608,1155.3994265338356,126.57180999933928,46.57180999933928,False,79.07145736503817,True,False,0.178713686677796,0.0191520040162713,2.0,False,1.0,8.000:8.000|29.212:28.400|20.185:34.818|37.824:63.007|32.071:67.949|11.486:66.735|50.133:94.401|67.703:83.123|50.938:80.823|27.327:66.112|8.000:8.000,0-32-28-6-29-19-12-4-7-3-0,0.0009699540678411
154,moderate,cluttered,FairRiskAwareGreedy,32,11,0.34375,0.4426229508196721,0.4426229508196721,True,27.0,61.0,1076.1194805570929,1113.337529139461,123.8805194429071,43.8805194429071,False,108.49129766384983,True,False,0.004292069551632,0.0003578604473045,2.0,False,1.0,8.000:8.000|52.613:8.856|55.957:34.597|37.824:63.007|20.185:34.818|11.486:66.735|50.133:94.401|80.635:83.965|67.703:83.123|53.894:30.443|61.437:11.496|29.212:28.400|8.000:8.000,0-15-24-6-28-19-12-17-4-22-23-32-0,0.001581534044817
154,moderate,cluttered,FairALNSPlanner,32,14,0.4375,0.4754098360655737,0.4754098360655737,True,29.0,61.0,897.6805391310161,1011.7078054419126,302.3194608689839,222.31946086898392,False,96.78479254279657,True,False,0.0376949631406061,0.002535180382351,2.0,False,1.0,8.000:8.000|29.212:28.400|43.981:24.744|55.957:34.597|63.744:34.198|53.894:30.443|35.178:34.697|37.824:63.007|50.938:80.823|50.133:94.401|67.703:83.123|77.755:88.713|80.635:83.965|78.062:81.439|81.031:75.402|8.000:8.000,0-32-18-24-26-22-8-6-7-12-4-11-17-5-16-0,9.055725070182234
154,moderate,cluttered,RAWA-RHP,32,23,0.71875,0.7622950819672131,0.7622950819672131,True,46.5,61.0,1012.872100336046,1151.9629776226277,187.12789966395425,107.12789966395424,False,121.74795191066502,True,False,0.0183532462059756,0.0007699504848691,2.0,False,1.0,8.000:8.000|29.212:28.400|43.981:24.744|51.012:19.010|42.387:11.125|52.613:8.856|61.437:11.496|53.894:30.443|55.957:34.597|63.744:34.198|66.671:60.728|63.032:61.102|63.424:70.715|67.703:83.123|78.062:81.439|81.031:75.402|80.635:83.965|77.755:88.713|50.133:94.401|35.931:85.583|32.071:67.949|27.327:66.112|37.824:63.007|20.185:34.818|8.000:8.000,0-32-18-21-9-15-23-22-24-26-27-31-13-4-5-16-17-11-12-20-29-3-6-28-0,49.66979591501877
152,moderate,sparse,NearestNeighbor,32,19,0.59375,0.6111111111111112,0.0,False,38.5,63.0,1285.9892078900596,1292.5480842661682,-85.98920789005984,-165.98920789005984,True,101.93308474207409,False,True,0.0466990060236625,0.0023639706659734,2.0,True,1.0,8.000:8.000|16.869:16.528|22.827:21.773|19.269:33.035|15.071:31.533|11.636:28.881|9.549:23.208|22.622:54.955|26.381:58.659|33.530:66.115|32.763:68.488|28.489:73.426|19.411:72.774|16.940:72.984|22.512:83.937|27.453:94.414|56.401:92.245|78.446:93.491|78.907:87.633|78.881:81.787|8.000:8.000,0-4-22-7-2-17-10-14-28-11-19-15-27-25-29-21-18-13-20-3-0,0.0016745610628277
152,moderate,sparse,ValuePerDistance,32,17,0.53125,0.5555555555555556,0.0,False,35.0,63.0,1256.5708308546768,1277.814950077742,-56.570830854676814,-136.5708308546768,True,97.69954339968923,False,True,0.0824867329643183,0.004648186983745,2.0,True,1.0,8.000:8.000|16.869:16.528|22.827:21.773|15.071:31.533|11.636:28.881|9.549:23.208|19.269:33.035|22.622:54.955|26.381:58.659|33.530:66.115|32.763:68.488|28.489:73.426|19.411:72.774|16.940:72.984|11.959:60.766|22.512:83.937|27.453:94.414|56.401:92.245|8.000:8.000,0-4-22-2-17-10-7-14-28-11-19-15-27-25-26-29-21-18-0,0.0011769731063395
152,moderate,sparse,WindAwareGreedy,32,16,0.5,0.5317460317460317,0.0,False,33.5,63.0,1281.5503712366055,1263.9762222926154,-81.55037123660526,-161.55037123660526,True,97.25853964896388,False,True,0.2579563067632463,0.0171372719864766,2.0,True,1.0,8.000:8.000|15.071:31.533|11.636:28.881|16.869:16.528|22.827:21.773|19.269:33.035|9.549:23.208|47.369:20.934|54.604:23.748|22.622:54.955|11.959:60.766|33.530:66.115|32.763:68.488|28.489:73.426|19.411:72.774|16.940:72.984|26.381:58.659|8.000:8.000,0-2-17-4-22-7-10-6-16-14-26-11-19-15-27-25-28-0,0.0013050760608166
152,moderate,sparse,ReserveOnlyPlanner,32,15,0.46875,0.5,0.5,True,31.5,63.0,1110.759503851721,1213.284991471641,89.24049614827925,9.240496148279249,False,87.59258017603311,True,False,0.2673283086628736,0.0189253783554251,2.0,False,1.0,8.000:8.000|16.869:16.528|15.071:31.533|11.636:28.881|9.549:23.208|22.827:21.773|19.269:33.035|47.369:20.934|54.604:23.748|45.685:36.852|22.622:54.955|11.959:60.766|33.530:66.115|32.763:68.488|28.489:73.426|26.381:58.659|8.000:8.000,0-4-2-17-10-22-7-6-16-30-14-26-11-19-15-28-0,0.0013556240592151
152,moderate,sparse,FairRiskAwareGreedy,32,15,0.46875,0.5238095238095238,0.5238095238095238,True,33.0,63.0,1097.6802725745174,1145.1196029650107,102.31972742548234,22.31972742548234,False,119.82729811370947,True,False,0.0061830123696782,0.0003871099020438,2.0,False,1.0,8.000:8.000|11.636:28.881|33.530:66.115|22.622:54.955|19.269:33.035|47.369:20.934|16.869:16.528|22.827:21.773|64.516:41.003|94.154:82.441|97.050:86.077|85.148:92.088|78.907:87.633|78.881:81.787|78.446:93.491|9.549:23.208|8.000:8.000,0-17-11-14-7-6-4-22-32-23-8-1-20-3-13-10-0,0.0021976449061185
152,moderate,sparse,FairALNSPlanner,32,20,0.625,0.6904761904761905,0.6904761904761905,True,43.5,63.0,1067.170405339777,1241.069629399192,132.82959466022282,52.82959466022282,False,122.02262536047768,True,False,0.0081543474460221,0.0003892159782122,2.0,False,1.0,8.000:8.000|16.869:16.528|22.827:21.773|47.369:20.934|54.604:23.748|64.516:41.003|93.694:79.435|94.154:82.441|97.050:86.077|85.148:92.088|78.446:93.491|78.907:87.633|78.881:81.787|56.401:92.245|27.453:94.414|22.512:83.937|11.959:60.766|15.071:31.533|33.530:66.115|22.622:54.955|11.636:28.881|8.000:8.000,0-4-22-6-16-32-9-23-8-1-13-20-3-18-21-29-26-2-11-14-17-0,15.846871114801615
152,moderate,sparse,RAWA-RHP,32,29,0.90625,0.9285714285714286,0.9285714285714286,True,58.5,63.0,1041.0418973024553,1219.2635566477418,158.95810269754477,78.95810269754475,False,135.29839087802313,True,False,0.0180239249194293,0.0006041413678949,2.0,False,1.0,8.000:8.000|9.549:23.208|11.636:28.881|15.071:31.533|19.269:33.035|22.622:54.955|26.381:58.659|33.530:66.115|32.763:68.488|28.489:73.426|19.411:72.774|16.940:72.984|11.959:60.766|22.512:83.937|27.453:94.414|56.401:92.245|78.446:93.491|78.881:81.787|78.907:87.633|85.148:92.088|97.050:86.077|94.154:82.441|93.694:79.435|81.796:40.965|78.015:30.973|75.414:31.421|54.604:23.748|47.369:20.934|22.827:21.773|16.869:16.528|8.000:8.000,0-10-17-2-7-14-28-11-19-15-27-25-26-29-21-18-13-3-20-1-8-23-9-5-12-31-16-6-22-4-0,119.11971627292225
154,severe,cluttered,NearestNeighbor,32,23,0.71875,0.7063492063492064,0.0,False,44.5,63.0,1644.1927011377363,1738.9538488593748,-444.1927011377367,-524.1927011377367,True,109.51802145459898,False,True,0.3922455046900968,0.020080314514591,2.0,True,1.0,8.000:8.000|25.988:11.260|31.829:14.081|45.018:11.806|36.199:25.835|37.885:35.117|46.598:38.073|49.677:38.634|48.474:33.538|51.117:33.409|55.161:28.917|59.495:35.681|69.224:47.331|59.171:53.400|59.330:63.198|65.785:58.838|66.625:78.744|62.437:82.783|44.822:80.934|28.397:80.545|28.828:76.156|22.673:66.377|19.872:66.749|13.203:70.808|8.000:8.000,0-14-19-20-11-28-31-26-17-32-2-6-25-21-9-4-7-30-24-15-5-10-13-18-0,0.0012528749648481
154,severe,cluttered,ValuePerDistance,32,16,0.5,0.5476190476190477,0.0,False,34.5,63.0,1519.19591309632,1565.480867640725,-319.1959130963201,-399.1959130963201,True,86.03428840202524,False,True,0.294120817192391,0.0196893295657051,2.0,True,1.0,8.000:8.000|12.249:26.976|20.784:29.251|23.298:30.844|37.885:35.117|48.474:33.538|51.117:33.409|59.495:35.681|55.161:28.917|46.598:38.073|49.677:38.634|65.785:58.838|59.330:63.198|59.171:53.400|69.224:47.331|45.018:11.806|36.199:25.835|8.000:8.000,0-23-16-27-28-17-32-6-2-31-26-4-9-21-25-20-11-0,0.0009180270135402
154,severe,cluttered,WindAwareGreedy,32,16,0.5,0.5714285714285714,0.0,False,36.0,63.0,2180.081725613192,2191.0202334951,-980.0817256131918,-1060.0817256131918,True,111.59681601210268,False,True,0.2967926692477579,0.0195646398567721,2.0,True,1.0,8.000:8.000|12.249:26.976|20.784:29.251|37.885:35.117|48.474:33.538|59.495:35.681|55.161:28.917|45.018:11.806|25.988:11.260|23.298:30.844|36.199:25.835|46.598:38.073|65.785:58.838|59.330:63.198|66.625:78.744|62.437:82.783|91.330:71.375|8.000:8.000,0-23-16-28-17-6-2-20-14-27-11-31-4-9-7-30-12-0,0.0010641629341989
154,severe,cluttered,ReserveOnlyPlanner,32,12,0.375,0.4206349206349206,0.4206349206349206,True,26.5,63.0,1088.7854500876026,1145.6816073646278,111.2145499123977,31.2145499123977,False,58.39061542323222,True,False,0.2789938175112896,0.0228058604140786,2.0,False,1.0,8.000:8.000|12.249:26.976|20.784:29.251|23.298:30.844|37.885:35.117|48.474:33.538|59.495:35.681|55.161:28.917|51.117:33.409|46.598:38.073|49.677:38.634|45.018:11.806|31.829:14.081|8.000:8.000,0-23-16-27-28-17-6-2-32-31-26-20-19-0,0.0008555159438401
154,severe,cluttered,FairRiskAwareGreedy,32,10,0.3125,0.3492063492063492,0.3492063492063492,True,22.0,63.0,816.1803682981626,866.2008363114242,383.8196317018371,303.8196317018371,False,75.74760195512286,True,False,0.0006668558003264,6.063337916788077e-05,2.8284271247461903,False,1.0,8.000:8.000|12.249:26.976|23.298:30.844|13.203:70.808|19.216:93.117|16.913:90.317|8.207:56.393|55.161:28.917|45.018:11.806|25.988:11.260|31.829:14.081|8.000:8.000,0-23-27-18-8-1-3-2-20-14-19-0,0.0006497509311884
154,severe,cluttered,FairALNSPlanner,32,16,0.5,0.5396825396825397,0.5396825396825397,True,34.0,63.0,1005.024058332838,1160.481106611467,194.9759416671621,114.97594166716206,False,98.64885260390604,True,False,0.0007334284163408,4.31567220467411e-05,2.8284271247461903,False,1.0,8.000:8.000|12.249:26.976|65.785:58.838|66.625:78.744|59.330:63.198|59.171:53.400|59.495:35.681|49.677:38.634|46.598:38.073|51.117:33.409|55.161:28.917|48.474:33.538|36.199:25.835|23.298:30.844|20.784:29.251|13.203:70.808|8.207:56.393|8.000:8.000,0-23-4-7-9-21-6-26-31-32-2-17-11-27-16-18-3-0,7.2770482008345425
154,severe,cluttered,RAWA-RHP,32,22,0.6875,0.7380952380952381,0.7380952380952381,True,46.5,63.0,1027.862829877328,1217.8142841731403,172.1371701226721,92.1371701226721,False,108.41367019639338,True,False,0.0433531622444395,0.0019135682900391,2.0,False,1.0,8.000:8.000|25.988:11.260|31.829:14.081|45.018:11.806|55.161:28.917|59.495:35.681|51.117:33.409|48.474:33.538|49.677:38.634|46.598:38.073|31.657:62.792|22.673:66.377|28.828:76.156|28.397:80.545|19.216:93.117|16.913:90.317|13.203:70.808|8.207:56.393|20.784:29.251|37.885:35.117|36.199:25.835|23.298:30.844|12.249:26.976|8.000:8.000,0-14-19-20-2-6-32-17-26-31-29-10-5-15-8-1-18-3-16-28-11-27-23-0,40.62840644619428
153,moderate,sparse,NearestNeighbor,32,25,0.78125,0.7938931297709924,0.0,False,52.0,65.5,1374.5481272110917,1372.4377619767542,-174.54812721109178,-254.54812721109175,True,128.05529826934196,False,True,0.1511418031905609,0.006242385969879,2.0,True,1.0,8.000:8.000|27.675:24.885|33.447:30.879|35.857:30.062|44.514:20.916|37.320:10.646|35.474:12.025|64.455:24.916|63.986:28.717|67.591:36.225|63.964:42.991|60.523:43.617|61.029:46.363|56.432:38.450|71.635:51.095|83.087:47.843|90.293:52.523|84.562:66.917|78.903:72.496|72.140:65.717|65.763:66.556|48.465:73.444|44.415:67.544|35.750:82.187|39.277:84.177|18.164:84.854|8.000:8.000,0-28-25-23-26-1-4-16-3-10-8-9-27-14-22-6-2-19-17-13-24-30-15-12-20-31-0,0.0020234319381415
153,moderate,sparse,ValuePerDistance,32,24,0.75,0.7862595419847328,0.0,False,51.5,65.5,1436.829751578803,1457.7132087786906,-236.82975157880355,-316.82975157880355,True,133.6288606264505,False,True,0.1877534394621175,0.0081602196515886,2.0,True,1.0,8.000:8.000|27.675:24.885|33.447:30.879|35.857:30.062|35.474:12.025|37.320:10.646|44.514:20.916|63.986:28.717|64.455:24.916|67.591:36.225|78.123:38.472|87.672:33.952|84.815:31.680|96.288:25.842|86.640:16.415|90.727:15.157|90.293:52.523|83.087:47.843|71.635:51.095|65.763:66.556|44.415:67.544|48.465:73.444|35.750:82.187|39.277:84.177|18.164:84.854|8.000:8.000,0-28-25-23-4-1-26-3-16-10-32-18-7-29-5-11-2-6-22-24-15-30-12-20-31-0,0.0015444119926542
153,moderate,sparse,WindAwareGreedy,32,16,0.5,0.6106870229007634,0.0,False,40.0,65.5,1393.1906235791282,1363.9753118035142,-193.1906235791282,-273.1906235791282,True,109.07169725298856,False,True,0.1066966425134691,0.0064527031881824,2.0,True,1.0,8.000:8.000|27.675:24.885|35.474:12.025|37.320:10.646|33.447:30.879|35.857:30.062|63.986:28.717|78.123:38.472|44.415:67.544|35.750:82.187|39.277:84.177|48.465:73.444|65.763:66.556|75.489:82.254|84.562:66.917|78.903:72.496|72.140:65.717|8.000:8.000,0-28-4-1-25-23-3-32-15-12-20-30-24-21-19-17-13-0,0.0014017149806022
153,moderate,sparse,ReserveOnlyPlanner,32,13,0.40625,0.5114503816793893,0.5114503816793893,True,33.5,65.5,1050.203860543897,1157.1814517037765,149.79613945610328,69.79613945610328,False,89.44097457330413,True,False,0.0987503823833034,0.0072524038991181,2.0,False,1.0,8.000:8.000|27.675:24.885|33.447:30.879|35.857:30.062|35.474:12.025|37.320:10.646|63.986:28.717|64.455:24.916|78.123:38.472|44.415:67.544|35.750:82.187|39.277:84.177|48.465:73.444|65.763:66.556|8.000:8.000,0-28-25-23-4-1-3-16-32-15-12-20-30-24-0,0.001320119947195
153,moderate,sparse,FairRiskAwareGreedy,32,12,0.375,0.4885496183206106,0.4885496183206106,True,32.0,65.5,1062.4612414048706,1099.5357659043743,137.53875859512948,57.53875859512948,False,111.94056540068938,True,False,0.0037941241536627,0.000292155455737,2.0,False,1.0,8.000:8.000|27.675:24.885|44.415:67.544|63.986:28.717|33.447:30.879|35.857:30.062|78.123:38.472|96.288:25.842|65.763:66.556|75.489:82.254|48.465:73.444|37.320:10.646|35.474:12.025|8.000:8.000,0-28-15-3-25-23-32-29-24-21-30-1-4-0,0.0019252591300755
153,moderate,sparse,FairALNSPlanner,32,20,0.625,0.7175572519083969,0.7175572519083969,True,47.0,65.5,1053.1089330220325,1194.5274565405298,146.8910669779678,66.8910669779678,False,120.80968500068045,True,False,0.0172096699650547,0.0008236075561802,2.0,False,1.0,8.000:8.000|35.750:82.187|44.415:67.544|48.465:73.444|75.489:82.254|78.903:72.496|72.140:65.717|65.763:66.556|71.635:51.095|84.562:66.917|90.293:52.523|96.288:25.842|87.672:33.952|84.815:31.680|78.123:38.472|64.455:24.916|63.986:28.717|35.857:30.062|27.675:24.885|35.474:12.025|37.320:10.646|8.000:8.000,0-12-15-30-21-17-13-24-22-19-2-29-18-7-32-16-3-23-28-4-1-0,10.10071368003264
153,moderate,sparse,RAWA-RHP,32,25,0.78125,0.8778625954198473,0.8778625954198473,True,57.5,65.5,1052.4515072004558,1203.3383574003365,147.54849279954416,67.54849279954416,False,126.58904392988944,True,False,0.0587283014188106,0.0023082234820909,2.0,False,1.0,8.000:8.000|35.474:12.025|37.320:10.646|44.514:20.916|64.455:24.916|63.986:28.717|67.591:36.225|78.123:38.472|87.672:33.952|96.288:25.842|90.293:52.523|84.562:66.917|78.903:72.496|75.489:82.254|39.277:84.177|35.750:82.187|44.415:67.544|48.465:73.444|65.763:66.556|71.635:51.095|60.523:43.617|61.029:46.363|56.432:38.450|35.857:30.062|33.447:30.879|27.675:24.885|8.000:8.000,0-4-1-26-16-3-10-32-18-29-2-19-17-21-20-12-15-30-24-22-9-27-14-23-25-28-0,102.83247441193087
155,calm,sparse,NearestNeighbor,32,32,1.0,1.0,0.0,False,66.5,66.5,1308.9326176937109,1315.5162739908717,-108.93261769371058,-188.9326176937106,True,164.18031900489714,False,True,0.007274429375233,0.0002208016219144,2.0,True,1.0,8.000:8.000|11.284:36.952|14.455:42.964|12.559:53.942|19.899:59.721|25.262:49.457|34.513:43.897|37.106:49.644|53.500:63.042|53.415:79.346|49.669:78.785|59.025:83.874|61.714:83.852|61.895:90.350|55.729:94.468|52.657:94.363|36.222:83.146|23.972:88.916|73.470:81.463|80.366:73.818|79.875:61.718|85.003:60.054|80.565:50.937|81.103:47.000|83.307:43.241|73.415:31.395|70.590:22.429|61.257:31.599|59.073:27.693|62.269:44.955|67.197:49.181|72.837:62.952|61.103:13.700|8.000:8.000,0-10-3-15-7-24-5-9-19-6-14-26-17-31-29-16-20-1-28-27-2-32-12-23-18-21-13-30-25-8-22-11-4-0,0.0021769900340586
155,calm,sparse,ValuePerDistance,32,29,0.90625,0.9473684210526316,0.0,False,63.0,66.5,1381.0825450203483,1390.5749822840494,-181.08254502034828,-261.0825450203483,True,164.90555977346833,False,True,0.0035075780695715,0.0001170448797711,2.0,True,1.0,8.000:8.000|11.284:36.952|14.455:42.964|25.262:49.457|34.513:43.897|37.106:49.644|59.073:27.693|61.257:31.599|70.590:22.429|61.103:13.700|83.307:43.241|81.103:47.000|80.565:50.937|79.875:61.718|85.003:60.054|80.366:73.818|73.470:81.463|61.895:90.350|59.025:83.874|61.714:83.852|53.415:79.346|49.669:78.785|36.222:83.146|23.972:88.916|52.657:94.363|55.729:94.468|67.197:49.181|62.269:44.955|73.415:31.395|72.837:62.952|8.000:8.000,0-10-3-24-5-9-25-30-13-4-18-23-12-2-32-27-28-31-26-17-6-14-20-1-16-29-22-8-21-11-0,0.0017193369567394
155,calm,sparse,WindAwareGreedy,32,23,0.71875,0.7894736842105263,0.0,False,52.5,66.5,1415.8664887111106,1406.8384128319713,-215.86648871111063,-295.8664887111106,True,156.39774725098513,False,True,0.0087331860978338,0.000364874438723,2.0,True,1.0,8.000:8.000|11.284:36.952|14.455:42.964|34.513:43.897|59.073:27.693|61.257:31.599|61.103:13.700|70.590:22.429|83.307:43.241|81.103:47.000|80.565:50.937|53.415:79.346|61.895:90.350|59.025:83.874|23.972:88.916|36.222:83.146|49.669:78.785|37.106:49.644|25.262:49.457|19.899:59.721|12.559:53.942|67.197:49.181|79.875:61.718|85.003:60.054|8.000:8.000,0-10-3-5-25-30-4-13-18-23-12-6-31-26-1-20-14-9-24-7-15-22-2-32-0,0.0017552049830555
155,calm,sparse,ReserveOnlyPlanner,32,21,0.65625,0.7368421052631579,0.7368421052631579,True,49.0,66.5,1080.3221514314384,1124.3617237239855,119.67784856856152,39.67784856856152,False,125.16208167372044,True,False,0.0093108785204738,0.0004245558899093,2.0,False,1.0,8.000:8.000|11.284:36.952|14.455:42.964|34.513:43.897|59.073:27.693|61.257:31.599|61.103:13.700|70.590:22.429|83.307:43.241|81.103:47.000|80.565:50.937|67.197:49.181|53.415:79.346|61.895:90.350|59.025:83.874|49.669:78.785|36.222:83.146|23.972:88.916|25.262:49.457|37.106:49.644|19.899:59.721|12.559:53.942|8.000:8.000,0-10-3-5-25-30-4-13-18-23-12-22-6-31-26-14-20-1-24-9-7-15-0,0.0018013529479503
155,calm,sparse,FairRiskAwareGreedy,32,14,0.4375,0.5413533834586466,0.5413533834586466,True,36.0,66.5,1090.2774900080676,1110.0797762499064,109.72250999193272,29.722509991932725,False,120.98098391510676,True,False,0.010715965285769,0.0007171365399611,2.0,False,1.0,8.000:8.000|11.284:36.952|14.455:42.964|59.073:27.693|61.257:31.599|34.513:43.897|53.415:79.346|61.895:90.350|23.972:88.916|36.222:83.146|59.025:83.874|61.103:13.700|70.590:22.429|37.106:49.644|25.262:49.457|8.000:8.000,0-10-3-25-30-5-6-31-1-20-26-4-13-9-24-0,0.003656443208456
155,calm,sparse,FairALNSPlanner,32,29,0.90625,0.9473684210526316,0.9473684210526316,True,63.0,66.5,1040.2059759177869,1110.2961614776516,159.79402408221313,79.79402408221313,False,137.222805523332,True,False,0.0030669330144967,0.000102231148125,2.0,False,1.0,8.000:8.000|61.103:13.700|70.590:22.429|59.073:27.693|61.257:31.599|62.269:44.955|67.197:49.181|83.307:43.241|81.103:47.000|80.565:50.937|85.003:60.054|79.875:61.718|72.837:62.952|80.366:73.818|73.470:81.463|61.895:90.350|55.729:94.468|52.657:94.363|61.714:83.852|59.025:83.874|53.415:79.346|49.669:78.785|36.222:83.146|23.972:88.916|19.899:59.721|25.262:49.457|37.106:49.644|34.513:43.897|14.455:42.964|11.284:36.952|8.000:8.000,0-4-13-25-30-8-22-18-23-12-32-2-11-27-28-31-29-16-17-26-6-14-20-1-7-24-9-5-3-10-0,18.349312241887677
155,calm,sparse,RAWA-RHP,32,29,0.90625,0.9548872180451128,0.9548872180451128,True,63.5,66.5,1063.8862374366806,1142.0904614869155,136.11376256331937,56.11376256331937,False,141.04091995275837,True,False,0.0030670308195277,0.0001022344183222,2.0,False,1.0,8.000:8.000|11.284:36.952|14.455:42.964|34.513:43.897|37.106:49.644|25.262:49.457|19.899:59.721|23.972:88.916|36.222:83.146|52.657:94.363|55.729:94.468|61.895:90.350|61.714:83.852|59.025:83.874|49.669:78.785|53.415:79.346|73.470:81.463|80.366:73.818|72.837:62.952|79.875:61.718|85.003:60.054|80.565:50.937|81.103:47.000|83.307:43.241|67.197:49.181|61.257:31.599|59.073:27.693|73.415:31.395|70.590:22.429|61.103:13.700|8.000:8.000,0-10-3-5-9-24-7-1-20-16-29-31-17-26-14-6-28-27-11-2-32-12-23-18-22-30-25-21-13-4-0,39.39597130403854
155,calm,cluttered,NearestNeighbor,32,27,0.84375,0.8660714285714286,0.8660714285714286,True,48.5,56.0,1158.009864220821,1158.6000357292064,41.9901357791789,-38.0098642208211,True,141.68881198250912,True,False,0.0160979112350853,0.0005784657074739,2.0,False,1.0,8.000:8.000|22.950:10.173|27.496:34.293|36.444:38.431|24.025:46.401|20.126:51.796|8.916:48.845|30.031:65.850|34.974:71.316|42.494:69.125|44.439:72.236|48.394:59.892|48.170:56.254|62.559:61.579|65.140:57.261|70.997:48.907|64.205:39.292|68.686:29.790|76.713:26.458|82.732:38.612|92.950:38.742|93.644:44.890|90.290:55.278|89.453:31.049|60.984:25.978|51.775:28.482|47.565:20.090|63.167:9.693|8.000:8.000,0-14-26-4-9-1-30-7-3-25-17-29-24-2-18-8-10-21-19-13-12-15-28-5-6-22-32-16-0,0.0020318771712481
155,calm,cluttered,ValuePerDistance,32,27,0.84375,0.9017857142857144,0.0,False,50.5,56.0,1282.986767057167,1275.5508403967424,-82.98676705716717,-162.9867670571672,True,149.84903734058474,False,True,0.0139206287356383,0.0005001162445027,2.0,True,1.0,8.000:8.000|22.950:10.173|51.775:28.482|47.565:20.090|63.167:9.693|60.984:25.978|64.205:39.292|82.732:38.612|92.950:38.742|93.644:44.890|90.290:55.278|70.997:48.907|62.559:61.579|65.140:57.261|48.170:56.254|48.394:59.892|42.494:69.125|44.439:72.236|34.974:71.316|30.031:65.850|24.025:46.401|20.126:51.796|8.916:48.845|17.059:85.384|20.386:85.233|22.440:89.962|30.454:98.258|11.959:81.366|8.000:8.000,0-14-22-32-16-6-10-13-12-15-28-8-2-18-24-29-25-17-3-7-9-1-30-20-23-11-27-31-0,0.0016641169786453
155,calm,cluttered,WindAwareGreedy,32,20,0.625,0.7053571428571429,0.0,False,39.5,56.0,1281.6447563459842,1282.1111092060648,-81.64475634598398,-161.64475634598398,True,139.94211271011844,False,True,0.0211457278287481,0.0010158511336272,2.0,True,1.0,8.000:8.000|22.950:10.173|51.775:28.482|82.732:38.612|92.950:38.742|64.205:39.292|48.170:56.254|42.494:69.125|34.974:71.316|44.439:72.236|48.394:59.892|62.559:61.579|70.997:48.907|47.565:20.090|63.167:9.693|60.984:25.978|24.025:46.401|27.496:34.293|36.444:38.431|30.031:65.850|20.126:51.796|8.000:8.000,0-14-22-13-12-10-24-25-3-17-29-2-8-32-16-6-9-26-4-7-1-0,0.0015595140866935
155,calm,cluttered,ReserveOnlyPlanner,32,22,0.6875,0.7410714285714286,0.7410714285714286,True,41.5,56.0,1106.550042232165,1157.356134522434,93.4499577678349,13.449957767834904,False,129.1263334803925,True,False,0.0068897228556534,0.0003003555465824,2.0,False,1.0,8.000:8.000|22.950:10.173|51.775:28.482|47.565:20.090|63.167:9.693|82.732:38.612|92.950:38.742|93.644:44.890|90.290:55.278|70.997:48.907|64.205:39.292|48.170:56.254|48.394:59.892|42.494:69.125|34.974:71.316|44.439:72.236|62.559:61.579|65.140:57.261|60.984:25.978|68.686:29.790|76.713:26.458|36.444:38.431|27.496:34.293|8.000:8.000,0-14-22-32-16-13-12-15-28-8-10-24-29-25-3-17-2-18-6-21-19-4-26-0,0.0017798619810491
155,calm,cluttered,FairRiskAwareGreedy,32,14,0.4375,0.5535714285714286,0.5535714285714286,True,31.0,56.0,1060.0556177551907,1073.8996599694292,139.94438224480916,59.94438224480916,False,116.64204170995362,True,False,0.0115563521104269,0.0007736097722998,2.0,False,1.0,8.000:8.000|51.775:28.482|82.732:38.612|48.170:56.254|34.974:71.316|42.494:69.125|44.439:72.236|48.394:59.892|24.025:46.401|22.950:10.173|47.565:20.090|63.167:9.693|64.205:39.292|70.997:48.907|60.984:25.978|8.000:8.000,0-22-13-24-3-25-17-29-9-14-32-16-10-8-6-0,0.0024727371055632
155,calm,cluttered,FairALNSPlanner,32,27,0.84375,0.9107142857142856,0.9107142857142856,True,51.0,56.0,1034.797616467357,1105.6015069645748,165.20238353264256,85.20238353264256,False,134.77091535047512,True,False,0.0076409424483041,0.0002737311588023,2.0,False,1.0,8.000:8.000|24.025:46.401|20.126:51.796|11.959:81.366|17.059:85.384|20.386:85.233|22.440:89.962|30.031:65.850|34.974:71.316|42.494:69.125|44.439:72.236|48.394:59.892|48.170:56.254|62.559:61.579|65.140:57.261|70.997:48.907|90.290:55.278|93.644:44.890|92.950:38.742|89.453:31.049|82.732:38.612|64.205:39.292|68.686:29.790|63.167:9.693|60.984:25.978|51.775:28.482|47.565:20.090|22.950:10.173|8.000:8.000,0-9-1-31-20-23-11-7-3-25-17-29-24-2-18-8-28-15-12-5-13-10-21-16-6-22-32-14-0,18.052497460041195
155,calm,cluttered,RAWA-RHP,32,27,0.84375,0.9107142857142856,0.9107142857142856,True,51.0,56.0,1060.8067160741386,1133.1643970751493,139.19328392586107,59.19328392586107,False,135.72614069234768,True,False,0.0072660799131942,0.0002602462897238,2.0,False,1.0,8.000:8.000|22.950:10.173|47.565:20.090|51.775:28.482|60.984:25.978|63.167:9.693|76.713:26.458|82.732:38.612|89.453:31.049|92.950:38.742|93.644:44.890|90.290:55.278|70.997:48.907|64.205:39.292|65.140:57.261|62.559:61.579|48.170:56.254|48.394:59.892|44.439:72.236|42.494:69.125|34.974:71.316|22.440:89.962|17.059:85.384|20.386:85.233|30.031:65.850|20.126:51.796|24.025:46.401|27.496:34.293|8.000:8.000,0-14-32-22-6-16-19-13-5-12-15-28-8-10-18-2-24-29-17-25-3-11-20-23-7-1-9-26-0,36.19702286017127
155,severe,sparse,NearestNeighbor,32,21,0.65625,0.6666666666666666,0.0,False,46.0,69.0,2074.8784264440155,2012.055488704874,-874.878426444016,-954.878426444016,True,110.90071140194962,False,True,0.190921762835629,0.0092154282915154,2.0,True,1.0,8.000:8.000|26.089:12.331|31.655:8.502|51.858:18.058|53.101:29.315|57.690:31.549|45.260:35.264|50.127:42.920|47.085:57.659|43.003:63.535|39.566:62.551|28.687:62.796|26.445:64.238|29.828:72.687|20.856:75.117|27.943:91.383|56.701:89.583|59.327:93.678|59.072:72.095|55.960:72.037|64.402:75.300|66.835:66.381|8.000:8.000,0-6-23-24-10-18-28-31-1-13-19-11-32-29-4-25-27-21-22-2-3-5-0,0.0017739830072969
155,severe,sparse,ValuePerDistance,32,22,0.6875,0.7318840579710145,0.0,False,50.5,69.0,2034.993555043077,2044.2579686662132,-834.9935550430775,-914.9935550430775,True,113.65392080509612,False,True,0.2218564842819088,0.0104867767654306,2.0,True,1.0,8.000:8.000|26.089:12.331|31.655:8.502|51.858:18.058|53.101:29.315|57.690:31.549|45.260:35.264|50.127:42.920|47.085:57.659|43.003:63.535|39.566:62.551|31.200:56.382|28.687:62.796|26.445:64.238|29.828:72.687|20.856:75.117|27.943:91.383|56.701:89.583|59.327:93.678|71.845:80.443|64.402:75.300|59.072:72.095|55.960:72.037|8.000:8.000,0-6-23-24-10-18-28-31-1-13-19-16-11-32-29-4-25-27-21-20-3-22-2-0,0.0013525050599128
155,severe,sparse,WindAwareGreedy,32,16,0.5,0.5652173913043478,0.0,False,39.0,69.0,1863.0193564852657,1845.0660244400076,-663.0193564852659,-743.0193564852659,True,98.23662295882356,False,True,0.1952576952187432,0.0119647791493716,2.0,True,1.0,8.000:8.000|26.089:12.331|45.260:35.264|50.127:42.920|43.003:63.535|31.200:56.382|28.687:62.796|26.445:64.238|20.856:75.117|27.943:91.383|56.701:89.583|71.845:80.443|64.402:75.300|59.072:72.095|55.960:72.037|39.566:62.551|29.828:72.687|8.000:8.000,0-6-28-31-13-16-11-32-4-25-27-20-3-22-2-19-29-0,0.0013321209698915
155,severe,sparse,ReserveOnlyPlanner,32,9,0.28125,0.3115942028985507,0.3115942028985507,True,21.5,69.0,1056.034701587928,1142.1577926146765,143.96529841207212,63.96529841207212,False,56.721109452714494,True,False,0.1514476471653174,0.0156297301765408,2.0,False,1.0,8.000:8.000|26.089:12.331|45.260:35.264|50.127:42.920|43.003:63.535|39.566:62.551|28.687:62.796|31.200:56.382|26.445:64.238|13.689:59.283|8.000:8.000,0-6-28-31-13-19-11-16-32-7-0,0.0009205690585076
155,severe,sparse,FairRiskAwareGreedy,32,12,0.375,0.4130434782608695,0.4130434782608695,True,28.5,69.0,1077.05401050263,1126.056449390494,122.94598949737028,42.94598949737028,False,96.32719252027871,True,False,0.0015465783446095,0.0001190430516853,2.8284271247461903,False,1.0,8.000:8.000|45.260:35.264|31.200:56.382|43.003:63.535|28.687:62.796|26.445:64.238|51.858:18.058|26.089:12.331|31.655:8.502|77.696:16.101|85.677:24.075|53.101:29.315|57.690:31.549|8.000:8.000,0-28-16-13-11-32-24-6-23-17-15-10-18-0,0.0016763750463724
155,severe,sparse,FairALNSPlanner,32,16,0.5,0.5434782608695652,0.5434782608695652,True,37.5,69.0,1033.1414564413978,1219.8545327429597,166.85854355860238,86.85854355860238,False,100.96385086002512,True,False,0.0195688236469084,0.0011586789727051,2.0,False,1.0,8.000:8.000|31.200:56.382|39.566:62.551|43.003:63.535|47.085:57.659|50.127:42.920|56.701:89.583|27.943:91.383|20.856:75.117|26.445:64.238|28.687:62.796|45.260:35.264|51.858:18.058|57.690:31.549|53.101:29.315|31.655:8.502|26.089:12.331|8.000:8.000,0-16-19-13-1-31-27-25-4-32-11-28-24-18-10-23-6-0,7.022115763975307
155,severe,sparse,RAWA-RHP,32,21,0.65625,0.717391304347826,0.717391304347826,True,49.5,69.0,1056.6474207566357,1243.2381665619905,143.35257924336452,63.35257924336452,False,108.72274669779831,True,False,0.0817756434907037,0.0038297856214687,2.0,False,1.0,8.000:8.000|31.655:8.502|51.858:18.058|53.101:29.315|57.690:31.549|65.003:64.035|71.845:80.443|64.402:75.300|59.072:72.095|55.960:72.037|56.701:89.583|27.943:91.383|20.856:75.117|26.445:64.238|28.687:62.796|31.200:56.382|39.566:62.551|43.003:63.535|47.085:57.659|50.127:42.920|45.260:35.264|26.089:12.331|8.000:8.000,0-23-24-10-18-12-20-3-22-2-27-25-4-32-11-16-19-13-1-31-28-6-0,31.397026838967577
155,severe,cluttered,NearestNeighbor,32,22,0.6875,0.7,0.0,False,45.5,65.0,2138.812236679581,2223.3246194561007,-938.8122366795805,-1018.8122366795805,True,122.07808076284108,False,True,0.4677011376768007,0.0258604967744635,2.0,True,1.0,8.000:8.000|25.439:13.294|31.815:8.668|33.447:10.133|43.793:14.303|45.303:17.779|35.401:21.272|33.274:22.011|33.418:38.559|29.708:42.666|20.891:41.798|14.233:54.815|30.416:57.785|32.559:66.273|50.208:52.163|40.857:45.908|66.525:53.146|67.387:57.349|80.626:58.651|83.298:59.127|82.860:67.634|82.669:73.897|95.758:77.158|8.000:8.000,0-16-32-15-23-24-6-20-17-27-2-26-22-29-28-3-21-31-9-14-7-18-12-0,0.0018288239371031
155,severe,cluttered,ValuePerDistance,32,13,0.40625,0.4846153846153846,0.0,False,31.5,65.0,1978.531439012683,1968.71324070431,-778.531439012683,-858.531439012683,True,94.33719073909322,False,True,0.2263102734091688,0.0171898140537191,2.0,True,1.0,8.000:8.000|43.793:14.303|45.303:17.779|35.401:21.272|33.274:22.011|33.418:38.559|40.857:45.908|20.891:41.798|14.233:54.815|30.416:57.785|32.559:66.273|47.558:83.572|30.864:90.116|67.387:57.349|8.000:8.000,0-23-24-6-20-17-3-2-26-22-29-13-19-31-0,0.0010247961618006
155,severe,cluttered,WindAwareGreedy,32,11,0.34375,0.4461538461538462,0.0,False,29.0,65.0,1547.9169588118666,1509.4657934949264,-347.91695881186666,-427.91695881186666,True,83.27621154021114,False,True,0.1805559817212674,0.0159575489811227,2.0,True,1.0,8.000:8.000|20.891:41.798|33.418:38.559|40.857:45.908|67.387:57.349|66.525:53.146|83.298:59.127|93.671:58.617|82.860:67.634|47.558:83.572|30.864:90.116|14.233:54.815|8.000:8.000,0-2-17-3-31-21-14-30-7-13-19-26-0,0.0010626651346683
155,severe,cluttered,ReserveOnlyPlanner,32,8,0.25,0.3230769230769231,0.3230769230769231,True,21.0,65.0,1108.3601377483742,1206.5966449612354,91.63986225162546,11.63986225162546,False,58.04123684780236,True,False,0.2927846663316304,0.0361697427952538,2.0,False,1.0,8.000:8.000|20.891:41.798|33.418:38.559|40.857:45.908|67.387:57.349|66.525:53.146|72.443:40.119|73.571:15.532|43.793:14.303|8.000:8.000,0-2-17-3-31-21-25-11-23-0,0.0008812278974801
155,severe,cluttered,FairRiskAwareGreedy,32,15,0.46875,0.4846153846153846,0.4846153846153846,True,31.5,65.0,982.629100202363,1037.515563482823,217.3708997976371,137.3708997976371,False,95.96289854544116,True,False,0.0081007431439366,0.0005073428314557,2.8284271247461903,False,1.0,8.000:8.000|20.891:41.798|40.857:45.908|33.418:38.559|43.793:14.303|45.303:17.779|35.401:21.272|33.274:22.011|25.439:13.294|31.815:8.668|33.447:10.133|60.775:9.064|58.548:10.920|72.443:40.119|73.571:15.532|85.396:18.073|8.000:8.000,0-2-3-17-23-24-6-20-16-32-15-8-5-25-11-4-0,0.002021657070145
155,severe,cluttered,FairALNSPlanner,32,20,0.625,0.6615384615384615,0.6615384615384615,True,43.0,65.0,1036.3567851580087,1232.8279146667558,163.64321484199127,83.64321484199127,False,106.29366744280402,True,False,0.0476260484252423,0.0022800580388491,2.0,False,1.0,8.000:8.000|31.815:8.668|43.793:14.303|45.303:17.779|66.525:53.146|68.275:82.931|67.910:80.383|82.669:73.897|82.860:67.634|83.298:59.127|93.671:58.617|80.626:58.651|67.387:57.349|50.208:52.163|29.708:42.666|20.891:41.798|40.857:45.908|33.418:38.559|33.274:22.011|35.401:21.272|25.439:13.294|8.000:8.000,0-32-23-24-21-10-1-18-7-14-30-9-31-28-27-2-3-17-20-6-16-0,8.033970680087805
155,severe,cluttered,RAWA-RHP,32,24,0.75,0.7846153846153846,0.7846153846153846,True,51.0,65.0,1038.1582373121998,1257.5450132668575,161.84176268780018,81.84176268780018,False,115.09956704667523,True,False,0.0968466940207869,0.0039500179167377,2.0,False,1.0,8.000:8.000|20.891:41.798|29.708:42.666|33.418:38.559|40.857:45.908|50.208:52.163|47.558:83.572|68.275:82.931|67.910:80.383|82.669:73.897|82.860:67.634|83.298:59.127|93.671:58.617|80.626:58.651|67.387:57.349|66.525:53.146|72.443:40.119|73.571:15.532|60.775:9.064|58.548:10.920|43.793:14.303|45.303:17.779|35.401:21.272|33.274:22.011|25.439:13.294|8.000:8.000,0-2-27-17-3-28-13-10-1-18-7-14-30-9-31-21-25-11-8-5-23-24-6-20-16-0,30.66558109596372
153,calm,cluttered,NearestNeighbor,32,28,0.875,0.8880597014925373,0.0,False,59.5,67.0,1228.1968417531805,1232.11081329869,-28.19684175318062,-108.19684175318062,True,143.39050129482598,False,True,0.042427827004248,0.0014872205359133,2.0,True,1.0,8.000:8.000|25.099:15.304|24.071:23.109|30.932:30.292|31.704:35.885|43.889:41.780|52.528:37.394|62.827:41.174|67.440:40.590|68.136:34.483|71.190:46.699|76.411:45.764|71.465:55.160|77.285:64.682|65.206:68.689|67.416:81.676|80.804:90.299|84.807:84.440|85.581:55.204|59.343:49.965|56.660:49.497|50.134:50.088|50.051:52.101|39.439:62.063|51.459:69.422|42.873:84.906|27.659:78.218|24.055:54.329|8.667:58.602|8.000:8.000,0-9-23-25-1-16-5-10-27-31-12-30-6-8-18-20-21-7-13-17-2-11-29-24-22-28-4-26-32-0,0.0028927288949489
153,calm,cluttered,ValuePerDistance,32,27,0.84375,0.8880597014925373,0.0,False,59.5,67.0,1425.34180938244,1424.440583684432,-225.34180938244032,-305.3418093824403,True,158.4110197644355,False,True,0.0539855353015726,0.0019723511293565,2.0,True,1.0,8.000:8.000|24.071:23.109|25.099:15.304|30.932:30.292|31.704:35.885|43.889:41.780|52.528:37.394|62.827:41.174|67.440:40.590|68.136:34.483|71.190:46.699|76.411:45.764|71.465:55.160|65.206:68.689|67.416:81.676|51.459:69.422|39.439:62.063|50.051:52.101|50.134:50.088|56.660:49.497|59.343:49.965|56.094:12.232|43.305:25.581|48.999:22.990|41.347:18.053|8.667:58.602|24.055:54.329|42.873:84.906|8.000:8.000,0-23-9-25-1-16-5-10-27-31-12-30-6-18-20-22-24-29-11-2-17-15-14-19-3-32-26-28-0,0.0017164507880806
153,calm,cluttered,WindAwareGreedy,32,24,0.75,0.8283582089552238,0.0,False,55.5,67.0,1410.4219918517526,1411.2052882234093,-210.42199185175235,-290.42199185175235,True,151.7033495449899,False,True,0.0358632045137402,0.0014548553431635,2.0,True,1.0,8.000:8.000|24.071:23.109|31.704:35.885|43.889:41.780|52.528:37.394|56.094:12.232|43.305:25.581|30.932:30.292|25.099:15.304|68.136:34.483|62.827:41.174|65.206:68.689|51.459:69.422|42.873:84.906|67.416:81.676|80.804:90.299|84.807:84.440|71.190:46.699|67.440:40.590|76.411:45.764|71.465:55.160|56.660:49.497|50.134:50.088|50.051:52.101|59.343:49.965|8.000:8.000,0-23-1-16-5-15-14-25-9-31-10-18-22-28-20-21-7-12-27-30-6-2-11-29-17-0,0.0016789471264928
153,calm,cluttered,ReserveOnlyPlanner,32,17,0.53125,0.6716417910447762,0.6716417910447762,True,45.0,67.0,1102.9799010290951,1131.9726342871868,97.02009897090456,17.02009897090457,False,115.77872515824336,True,False,0.035246009092087,0.0019843780337197,2.0,False,1.0,8.000:8.000|24.071:23.109|31.704:35.885|30.932:30.292|43.889:41.780|52.528:37.394|56.094:12.232|43.305:25.581|25.099:15.304|68.136:34.483|62.827:41.174|67.440:40.590|71.190:46.699|65.206:68.689|51.459:69.422|42.873:84.906|39.439:62.063|8.667:58.602|8.000:8.000,0-23-1-25-16-5-15-14-9-31-10-27-12-18-22-28-24-32-0,0.0016110928263515
153,calm,cluttered,FairRiskAwareGreedy,32,15,0.46875,0.582089552238806,0.582089552238806,True,39.0,67.0,1091.5836647115766,1108.05826414638,108.41633528842344,28.41633528842345,False,123.18389294153948,True,False,0.0012523298018194,7.827077789861886e-05,2.0,False,1.0,8.000:8.000|24.071:23.109|31.704:35.885|43.889:41.780|52.528:37.394|56.094:12.232|25.099:15.304|30.932:30.292|51.459:69.422|8.667:58.602|62.827:41.174|68.136:34.483|67.440:40.590|71.190:46.699|67.416:81.676|39.439:62.063|8.000:8.000,0-23-1-16-5-15-9-25-22-32-10-31-27-12-20-24-0,0.0023380671627819
153,calm,cluttered,FairALNSPlanner,32,25,0.78125,0.8656716417910447,0.8656716417910447,True,58.0,67.0,1051.039802515309,1129.2826384627297,148.9601974846911,68.9601974846911,False,133.92843386913688,True,False,0.0136462697129183,0.0005269625494286,2.0,False,1.0,8.000:8.000|25.099:15.304|24.071:23.109|8.667:58.602|24.055:54.329|39.439:62.063|51.459:69.422|42.873:84.906|67.416:81.676|80.804:90.299|84.807:84.440|77.285:64.682|65.206:68.689|71.465:55.160|71.190:46.699|76.411:45.764|67.440:40.590|62.827:41.174|68.136:34.483|56.094:12.232|48.999:22.990|43.305:25.581|52.528:37.394|43.889:41.780|31.704:35.885|30.932:30.292|8.000:8.000,0-9-23-32-26-24-22-28-20-21-7-8-18-6-12-30-27-10-31-15-19-14-5-16-1-25-0,15.647405507043004
153,calm,cluttered,RAWA-RHP,32,28,0.875,0.9029850746268656,0.9029850746268656,True,60.5,67.0,1037.1538442070366,1107.2465820741122,162.84615579296312,82.84615579296312,False,138.25638683210346,True,False,0.0103328142485888,0.000357158517878,2.0,False,1.0,8.000:8.000|24.071:23.109|30.932:30.292|31.704:35.885|24.055:54.329|8.667:58.602|39.439:62.063|50.134:50.088|50.051:52.101|51.459:69.422|42.873:84.906|67.416:81.676|65.206:68.689|77.285:64.682|71.465:55.160|76.411:45.764|71.190:46.699|67.440:40.590|68.136:34.483|62.827:41.174|59.343:49.965|56.660:49.497|43.889:41.780|52.528:37.394|43.305:25.581|48.999:22.990|56.094:12.232|41.347:18.053|25.099:15.304|8.000:8.000,0-23-25-1-26-32-24-11-29-22-28-20-18-8-6-30-12-27-31-10-17-2-16-5-14-19-15-3-9-0,127.00027125515044
156,calm,cluttered,NearestNeighbor,32,32,1.0,1.0,0.0,False,60.5,60.5,1471.5917111355,1463.7301604534523,-271.59171113549974,-351.59171113549974,True,174.1399739493613,False,True,0.0154515835293441,0.0004711374429869,2.0,True,1.0,8.000:8.000|11.421:21.379|14.101:32.648|29.962:31.303|29.104:23.919|30.804:40.895|35.935:44.821|46.728:42.066|59.707:42.029|63.758:48.958|60.548:28.117|72.998:20.749|55.271:13.040|93.212:14.857|97.844:21.647|72.817:71.894|78.118:78.980|50.922:81.576|50.475:71.278|48.630:69.454|46.274:61.554|40.722:66.432|37.585:65.784|33.108:58.408|24.725:61.183|23.237:63.373|15.988:58.143|9.984:55.963|22.557:82.517|31.544:81.247|36.819:80.518|36.350:87.872|41.808:92.402|8.000:8.000,0-28-26-29-2-23-4-24-16-5-32-1-6-19-7-11-20-31-18-12-15-25-8-10-9-17-30-27-22-21-13-3-14-0,0.0021738409996032
156,calm,cluttered,ValuePerDistance,32,28,0.875,0.9090909090909092,0.0,False,55.0,60.5,1383.223322346431,1379.4811321680434,-183.2233223464306,-263.22332234643056,True,162.55092804881025,False,True,0.0196579089804835,0.0006598963160684,2.0,True,1.0,8.000:8.000|29.104:23.919|29.962:31.303|14.101:32.648|9.984:55.963|15.988:58.143|23.237:63.373|24.725:61.183|46.274:61.554|48.630:69.454|50.475:71.278|50.922:81.576|41.808:92.402|36.350:87.872|31.544:81.247|36.819:80.518|37.585:65.784|40.722:66.432|46.728:42.066|59.707:42.029|63.758:48.958|60.548:28.117|72.998:20.749|93.212:14.857|97.844:21.647|55.271:13.040|30.804:40.895|35.935:44.821|33.108:58.408|8.000:8.000,0-2-29-26-27-30-17-9-15-12-18-31-14-3-21-13-8-25-24-16-5-32-1-19-7-6-23-4-10-0,0.001572640845552
156,calm,cluttered,WindAwareGreedy,32,21,0.65625,0.7603305785123967,0.0,False,46.0,60.5,1277.0205737171557,1266.2461066288006,-77.02057371715551,-157.02057371715551,True,138.27687797675227,False,True,0.030098987210043,0.0013853295104818,2.0,True,1.0,8.000:8.000|29.104:23.919|29.962:31.303|14.101:32.648|46.728:42.066|46.274:61.554|50.475:71.278|23.237:63.373|9.984:55.963|15.988:58.143|31.544:81.247|36.350:87.872|48.630:69.454|50.922:81.576|37.585:65.784|40.722:66.432|59.707:42.029|93.212:14.857|97.844:21.647|72.998:20.749|60.548:28.117|55.271:13.040|8.000:8.000,0-2-29-26-24-15-18-17-27-30-21-3-12-31-8-25-16-19-7-1-32-6-0,0.0016188079025596
156,calm,cluttered,ReserveOnlyPlanner,32,20,0.625,0.7272727272727273,0.7272727272727273,True,44.0,60.5,1114.4137061288395,1154.483927417181,85.58629387115988,5.5862938711598815,False,125.18853072248572,True,False,0.0155468545352568,0.0007446032824231,2.0,False,1.0,8.000:8.000|29.104:23.919|29.962:31.303|14.101:32.648|9.984:55.963|23.237:63.373|15.988:58.143|46.728:42.066|46.274:61.554|50.475:71.278|48.630:69.454|50.922:81.576|31.544:81.247|36.350:87.872|36.819:80.518|37.585:65.784|40.722:66.432|59.707:42.029|60.548:28.117|93.212:14.857|55.271:13.040|8.000:8.000,0-2-29-26-27-17-30-24-15-18-12-31-21-3-13-8-25-16-32-19-6-0,0.0016633660998195
156,calm,cluttered,FairRiskAwareGreedy,32,17,0.53125,0.6528925619834711,0.6528925619834711,True,39.5,60.5,1086.9637147751068,1105.6543167005532,113.0362852248932,33.03628522489319,False,125.09491940915906,True,False,0.0237184044914949,0.0013302368392101,2.0,False,1.0,8.000:8.000|29.104:23.919|29.962:31.303|14.101:32.648|9.984:55.963|46.728:42.066|46.274:61.554|23.237:63.373|15.988:58.143|50.475:71.278|48.630:69.454|50.922:81.576|31.544:81.247|36.350:87.872|36.819:80.518|59.707:42.029|93.212:14.857|55.271:13.040|8.000:8.000,0-2-29-26-27-24-15-17-30-18-12-31-21-3-13-16-19-6-0,0.0026720468886196
156,calm,cluttered,FairALNSPlanner,32,27,0.84375,0.8925619834710744,0.8925619834710744,True,54.0,60.5,1039.492575015901,1118.6614016095969,160.50742498409886,80.50742498409886,False,135.8790078692045,True,False,0.0106764572053178,0.0003827305604512,2.0,False,1.0,8.000:8.000|11.421:21.379|14.101:32.648|29.962:31.303|30.804:40.895|35.935:44.821|9.984:55.963|15.988:58.143|23.237:63.373|24.725:61.183|31.544:81.247|36.819:80.518|36.350:87.872|41.808:92.402|50.922:81.576|50.475:71.278|48.630:69.454|37.585:65.784|40.722:66.432|46.274:61.554|46.728:42.066|59.707:42.029|60.548:28.117|72.998:20.749|97.844:21.647|93.212:14.857|55.271:13.040|29.104:23.919|8.000:8.000,0-28-26-29-23-4-27-30-17-9-21-13-3-14-31-18-12-8-25-15-24-16-32-1-7-19-6-2-0,17.168359166011214
156,calm,cluttered,RAWA-RHP,32,27,0.84375,0.8925619834710744,0.8925619834710744,True,54.0,60.5,1064.000000972528,1142.6152750773626,135.99999902747197,55.99999902747197,False,138.3247888203517,True,False,0.0080914929696588,0.0002899005729105,2.0,False,1.0,8.000:8.000|29.104:23.919|29.962:31.303|30.804:40.895|35.935:44.821|46.728:42.066|59.707:42.029|97.844:21.647|93.212:14.857|72.998:20.749|60.548:28.117|50.475:71.278|50.922:81.576|48.630:69.454|46.274:61.554|40.722:66.432|37.585:65.784|36.819:80.518|41.808:92.402|36.350:87.872|31.544:81.247|22.557:82.517|24.725:61.183|23.237:63.373|15.988:58.143|9.984:55.963|14.101:32.648|11.421:21.379|8.000:8.000,0-2-29-23-4-24-16-7-19-1-32-18-31-12-15-25-8-13-14-3-21-22-9-17-30-27-26-28-0,43.05845538293943
156,severe,cluttered,NearestNeighbor,32,18,0.5625,0.5984251968503937,0.0,False,38.0,63.5,1576.6432657828536,1564.4064095648846,-376.6432657828536,-456.6432657828536,True,94.76187348852146,False,True,0.1605570243149033,0.0086194146470531,2.0,True,1.0,8.000:8.000|27.051:20.899|40.413:34.837|47.199:31.155|45.247:28.491|31.099:40.012|31.870:44.274|31.166:49.567|33.274:49.792|25.980:53.682|22.746:60.461|22.771:69.404|26.706:79.640|48.192:82.949|50.227:78.866|69.951:73.726|75.149:60.991|79.645:60.991|72.940:56.795|8.000:8.000,0-30-31-26-24-13-8-25-29-14-19-32-22-23-15-9-27-4-28-0,0.0017291300464421
156,severe,cluttered,ValuePerDistance,32,20,0.625,0.6692913385826772,0.0,False,42.5,63.5,1587.909275215657,1580.2609059690735,-387.909275215657,-467.909275215657,True,100.65609668004956,False,True,0.0900098580996464,0.0044274615034543,2.0,True,1.0,8.000:8.000|27.051:20.899|31.099:40.012|31.870:44.274|31.166:49.567|33.274:49.792|22.746:60.461|25.980:53.682|46.232:50.866|60.584:48.480|72.940:56.795|79.645:60.991|86.107:56.516|85.545:50.382|82.975:41.171|76.738:33.740|87.801:32.575|89.065:35.738|80.068:23.450|82.779:9.213|71.943:15.411|8.000:8.000,0-30-13-8-25-29-19-14-6-21-28-4-17-1-11-12-5-16-18-3-2-0,0.0013766849879175
156,severe,cluttered,WindAwareGreedy,32,15,0.46875,0.4960629921259842,0.0,False,31.5,63.5,1630.3066905359692,1648.176061287283,-430.30669053596927,-510.30669053596927,True,98.55942022622162,False,True,0.0898355763469974,0.0058163607483947,2.0,True,1.0,8.000:8.000|27.051:20.899|47.199:31.155|60.584:48.480|72.940:56.795|79.645:60.991|86.107:56.516|85.545:50.382|87.801:32.575|80.068:23.450|82.779:9.213|52.994:13.305|71.943:15.411|76.738:33.740|82.975:41.171|89.065:35.738|8.000:8.000,0-30-26-21-28-4-17-1-5-18-3-20-2-12-11-16-0,0.0012713640462607
156,severe,cluttered,ReserveOnlyPlanner,32,7,0.21875,0.2204724409448819,0.2204724409448819,True,14.0,63.5,994.9849313153934,1079.386235366984,205.0150686846068,125.01506868460676,False,54.92851365909861,True,False,0.1046651955326649,0.0131607746846247,2.0,False,1.0,8.000:8.000|27.051:20.899|47.199:31.155|45.247:28.491|52.994:13.305|71.943:15.411|82.779:9.213|80.068:23.450|8.000:8.000,0-30-26-24-20-2-3-18-0,0.0008253050036728
156,severe,cluttered,FairRiskAwareGreedy,32,11,0.34375,0.4488188976377952,0.4488188976377952,True,28.5,63.5,1092.0948006925396,1136.845556124618,107.90519930746046,27.905199307460464,False,99.5088533921108,True,False,0.0086421203619033,0.000721619195882,2.0,False,1.0,8.000:8.000|31.870:44.274|47.199:31.155|60.584:48.480|72.940:56.795|31.099:40.012|22.746:60.461|31.166:49.567|27.051:20.899|48.192:82.949|50.227:78.866|33.274:49.792|8.000:8.000,0-8-26-21-28-13-19-25-30-23-15-29-0,0.0015179761685431
156,severe,cluttered,FairALNSPlanner,32,22,0.6875,0.7244094488188977,0.7244094488188977,True,46.0,63.5,1023.926919724064,1242.6984960045088,176.0730802759361,96.07308027593608,False,110.40269570743732,True,False,0.0288976531465728,0.0012717839206607,2.0,False,1.0,8.000:8.000|31.099:40.012|31.870:44.274|33.274:49.792|31.166:49.567|25.980:53.682|22.746:60.461|22.771:69.404|26.706:79.640|50.227:78.866|48.192:82.949|75.149:60.991|79.645:60.991|86.107:56.516|87.206:62.873|69.951:73.726|72.940:56.795|60.584:48.480|46.232:50.866|47.199:31.155|45.247:28.491|40.413:34.837|27.051:20.899|8.000:8.000,0-13-8-29-25-14-19-32-22-15-23-27-4-17-10-9-28-21-6-26-24-31-30-0,10.957748559070753
156,severe,cluttered,RAWA-RHP,32,20,0.625,0.6929133858267716,0.6929133858267716,True,44.0,63.5,1010.1481940109694,1226.1762187239824,189.85180598903028,109.85180598903028,False,109.57384145890408,True,False,0.0338171632605637,0.0016332615272323,2.0,False,1.0,8.000:8.000|27.051:20.899|45.247:28.491|47.199:31.155|46.232:50.866|60.584:48.480|69.951:73.726|75.149:60.991|79.645:60.991|72.940:56.795|48.192:82.949|50.227:78.866|26.706:79.640|22.771:69.404|22.746:60.461|25.980:53.682|31.166:49.567|33.274:49.792|31.870:44.274|31.099:40.012|52.994:13.305|8.000:8.000,0-30-24-26-6-21-9-27-4-28-23-15-22-32-19-14-25-29-8-13-20-0,39.942987157963216
156,severe,sparse,NearestNeighbor,32,17,0.53125,0.5354330708661418,0.0,False,34.0,63.5,1549.8569609177823,1541.4706679301971,-349.85696091778294,-429.8569609177829,True,90.8410115340542,False,True,0.143009687272162,0.008357572947883,2.0,True,1.0,8.000:8.000|19.653:21.471|25.262:18.748|26.413:13.737|31.012:23.921|29.017:27.057|24.087:38.575|21.472:35.960|13.929:26.342|26.137:50.205|17.076:62.219|17.285:66.357|24.693:72.858|31.199:66.731|45.652:76.055|56.324:74.134|58.417:74.177|63.010:77.283|8.000:8.000,0-24-4-12-27-2-3-25-9-16-1-21-17-15-26-20-10-19-0,0.0016359749715775
156,severe,sparse,ValuePerDistance,32,14,0.4375,0.5039370078740157,0.0,False,32.0,63.5,1407.56297625999,1438.958665292476,-207.5629762599901,-287.56297625999014,True,83.57692032739115,False,True,0.2003981534748133,0.0144912899095523,2.0,True,1.0,8.000:8.000|13.929:26.342|19.653:21.471|26.413:13.737|31.012:23.921|29.017:27.057|24.087:38.575|21.472:35.960|54.855:32.164|60.917:30.392|61.355:12.108|53.534:42.854|57.629:48.832|58.472:59.583|51.071:64.933|8.000:8.000,0-9-24-12-27-2-3-25-11-7-5-6-14-28-13-0,0.0011186269111931
156,severe,sparse,WindAwareGreedy,32,14,0.4375,0.5039370078740157,0.0,False,32.0,63.5,1543.4836339823246,1593.655223586716,-343.48363398232425,-423.48363398232425,True,93.40043674534417,False,True,0.1394477812347895,0.0097683885476797,2.0,True,1.0,8.000:8.000|13.929:26.342|19.653:21.471|31.012:23.921|26.413:13.737|54.855:32.164|60.917:30.392|61.355:12.108|29.017:27.057|24.087:38.575|21.472:35.960|53.534:42.854|57.629:48.832|58.472:59.583|67.720:64.092|8.000:8.000,0-9-24-27-12-11-7-5-2-3-25-6-14-28-32-0,0.0012707079295068
156,severe,sparse,ReserveOnlyPlanner,32,13,0.40625,0.4645669291338583,0.4645669291338583,True,29.5,63.5,1098.37364394318,1232.8901682469696,101.6263560568197,21.626356056819706,False,69.50970786810646,True,False,0.2468079269148567,0.0195809752503025,2.0,False,1.0,8.000:8.000|26.413:13.737|31.012:23.921|29.017:27.057|54.855:32.164|60.917:30.392|61.355:12.108|53.534:42.854|57.629:48.832|44.132:40.289|24.087:38.575|21.472:35.960|13.929:26.342|19.653:21.471|8.000:8.000,0-12-27-2-11-7-5-6-14-23-3-25-9-24-0,0.0012063551694154
156,severe,sparse,FairRiskAwareGreedy,32,8,0.25,0.2913385826771653,0.2913385826771653,True,18.5,63.5,468.0796928325081,487.6929376665492,731.9203071674921,651.9203071674921,False,47.2284089352253,True,False,0.0004904610191065,5.450157242559151e-05,2.8284271247461903,False,1.0,8.000:8.000|13.929:26.342|19.653:21.471|31.012:23.921|54.855:32.164|60.917:30.392|61.355:12.108|26.413:13.737|25.262:18.748|8.000:8.000,0-9-24-27-11-7-5-12-4-0,0.0010793339461088
156,severe,sparse,FairALNSPlanner,32,18,0.5625,0.6377952755905512,0.6377952755905512,True,40.5,63.5,1061.25114074652,1271.4717372861662,138.74885925348002,58.74885925348002,False,111.28490811756232,True,False,0.0213988425819032,0.0011351637918817,2.8284271247461903,False,1.0,8.000:8.000|24.087:38.575|21.472:35.960|51.071:64.933|56.324:74.134|58.417:74.177|63.010:77.283|67.242:70.540|76.345:87.581|45.652:76.055|21.941:84.288|31.199:66.731|24.693:72.858|53.534:42.854|54.855:32.164|60.917:30.392|61.355:12.108|31.012:23.921|19.653:21.471|8.000:8.000,0-3-25-13-20-10-19-8-29-26-31-15-17-6-11-7-5-27-24-0,9.33192158001475
156,severe,sparse,RAWA-RHP,32,21,0.65625,0.7086614173228346,0.7086614173228346,True,45.0,63.5,1054.1130069773135,1261.3612129165151,145.88699302268657,65.88699302268657,False,114.02182168822053,True,False,0.0503917131976311,0.0023232981158182,2.0,False,1.0,8.000:8.000|26.413:13.737|31.012:23.921|29.017:27.057|61.355:12.108|60.917:30.392|54.855:32.164|44.132:40.289|53.534:42.854|24.087:38.575|21.472:35.960|51.071:64.933|56.324:74.134|58.417:74.177|63.010:77.283|45.652:76.055|21.941:84.288|24.693:72.858|17.285:66.357|17.076:62.219|13.929:26.342|19.653:21.471|8.000:8.000,0-12-27-2-5-7-11-23-6-3-25-13-20-10-19-26-31-17-21-1-9-24-0,44.781317164888605
157,severe,cluttered,NearestNeighbor,32,20,0.625,0.631578947368421,0.0,False,42.0,66.5,1741.4809254763463,1786.1423331702335,-541.4809254763463,-621.4809254763463,True,102.41156252022004,False,True,0.2991284833783432,0.0162826597729685,2.0,True,1.0,8.000:8.000|21.279:25.365|20.806:47.530|29.283:52.803|33.274:50.178|31.010:69.451|32.667:70.814|30.211:73.270|31.894:75.706|35.070:78.200|40.829:78.134|42.465:81.799|43.938:75.180|43.570:72.642|59.610:67.827|64.479:67.331|59.078:75.366|64.566:84.872|70.264:87.127|76.587:74.991|88.000:60.094|8.000:8.000,0-32-24-7-27-2-19-26-1-15-23-10-13-21-3-5-20-11-8-29-30-0,0.0019199261441826
157,severe,cluttered,ValuePerDistance,32,19,0.59375,0.6090225563909775,0.0,False,40.5,66.5,1945.7542016698308,1912.230791932502,-745.7542016698308,-825.7542016698308,True,104.76036937802832,False,True,0.4109861219483152,0.0250378420696696,2.0,True,1.0,8.000:8.000|21.279:25.365|40.223:29.423|44.741:25.639|44.854:28.101|64.162:38.291|67.382:37.155|72.527:42.262|84.929:45.706|88.000:60.094|76.587:74.991|59.610:67.827|59.078:75.366|64.566:84.872|70.264:87.127|40.829:78.134|43.938:75.180|43.570:72.642|42.465:81.799|35.070:78.200|8.000:8.000,0-32-18-16-22-4-17-6-25-30-29-3-20-11-8-23-13-21-10-15-0,0.0014045399148017
157,severe,cluttered,WindAwareGreedy,32,16,0.5,0.5263157894736842,0.0,False,35.0,66.5,1684.6760560281605,1672.230536536978,-484.6760560281609,-564.6760560281609,True,90.96519305839436,False,True,0.208427953237376,0.0134948453254792,2.0,True,1.0,8.000:8.000|21.279:25.365|20.806:47.530|29.283:52.803|33.274:50.178|31.894:75.706|40.829:78.134|43.938:75.180|59.610:67.827|59.078:75.366|64.566:84.872|42.465:81.799|31.010:69.451|32.667:70.814|30.211:73.270|35.070:78.200|43.570:72.642|8.000:8.000,0-32-24-7-27-1-23-13-3-20-11-10-2-19-26-15-21-0,0.0013218561653047
157,severe,cluttered,ReserveOnlyPlanner,32,9,0.28125,0.3157894736842105,0.3157894736842105,True,21.0,66.5,1025.793999840981,1168.200263412168,174.20600015901857,94.20600015901856,False,55.17050881281891,True,False,0.1014834386012845,0.010487906845369,2.0,False,1.0,8.000:8.000|21.279:25.365|20.806:47.530|29.283:52.803|33.274:50.178|31.010:69.451|31.894:75.706|40.829:78.134|43.938:75.180|43.570:72.642|8.000:8.000,0-32-24-7-27-2-1-23-13-21-0,0.0022233868949115
157,severe,cluttered,FairRiskAwareGreedy,32,7,0.21875,0.2406015037593984,0.2406015037593984,True,16.0,66.5,679.1992749274946,710.7563753624746,520.8007250725054,440.80072507250543,False,59.55156732795818,True,False,0.0007227177862989,9.036090681247e-05,2.8284271247461903,False,1.0,8.000:8.000|21.279:25.365|20.806:47.530|31.894:75.706|31.010:69.451|32.667:70.814|30.211:73.270|69.348:15.374|8.000:8.000,0-32-24-1-2-19-26-14-0,0.0008299809414893
157,severe,cluttered,FairALNSPlanner,32,2,0.0625,0.0451127819548872,0.0451127819548872,True,3.0,66.5,467.467704054944,519.9845911155824,732.532295945056,652.532295945056,False,37.23621968664493,True,False,0.0344255676230557,0.0116008715309959,2.8284271247461903,False,1.0,8.000:8.000|67.382:37.155|72.527:42.262|8.000:8.000,0-17-6-0,1.936865127179772
157,severe,cluttered,RAWA-RHP,32,20,0.625,0.6766917293233082,0.6766917293233082,True,45.0,66.5,1017.750017359902,1186.4065791896649,182.24998264009807,102.24998264009808,False,106.30769618652388,True,False,0.0557010708360163,0.002715055731396,2.0,False,1.0,8.000:8.000|21.279:25.365|20.806:47.530|31.010:69.451|32.667:70.814|31.894:75.706|40.829:78.134|42.465:81.799|43.938:75.180|43.570:72.642|59.610:67.827|52.498:47.849|44.854:28.101|44.741:25.639|40.223:29.423|64.162:38.291|67.382:37.155|72.527:42.262|84.929:45.706|80.554:30.172|69.348:15.374|8.000:8.000,0-32-24-2-19-1-23-10-13-21-3-12-22-16-18-4-17-6-25-28-14-0,32.60692207305692
157,calm,sparse,NearestNeighbor,32,31,0.96875,0.9745762711864406,0.0,False,57.5,59.0,1364.891871186358,1375.0676967105164,-164.89187118635812,-244.8918711863581,True,161.4544564579286,False,True,0.0223064975741087,0.0007035427451136,2.0,True,1.0,8.000:8.000|22.769:41.290|31.312:42.866|38.325:33.805|44.582:37.467|46.935:39.923|46.288:46.250|42.058:55.215|54.972:54.863|56.522:58.939|57.348:48.928|65.325:44.613|62.450:38.836|52.528:36.161|50.627:25.941|64.219:15.484|73.425:9.507|88.219:10.203|89.170:40.833|73.465:60.111|75.106:67.304|71.992:76.136|69.561:78.437|71.394:88.592|88.260:92.812|86.366:78.440|56.942:76.610|55.369:79.063|52.332:83.285|48.796:84.369|36.184:91.878|41.217:74.022|8.000:8.000,0-20-7-15-23-32-3-10-31-6-11-13-21-17-12-14-19-25-16-22-8-29-1-30-5-2-26-24-4-9-18-28-0,0.0022107339464128
157,calm,sparse,ValuePerDistance,32,27,0.84375,0.8983050847457628,0.0,False,53.0,59.0,1228.5946891478295,1228.4800948938432,-28.594689147830024,-108.59468914783002,True,143.33588702086746,False,True,0.0150778760828241,0.0005415997189603,2.0,True,1.0,8.000:8.000|38.325:33.805|44.582:37.467|46.935:39.923|46.288:46.250|57.348:48.928|65.325:44.613|62.450:38.836|52.528:36.161|50.627:25.941|64.219:15.484|73.425:9.507|88.219:10.203|71.992:76.136|69.561:78.437|71.394:88.592|88.260:92.812|86.366:78.440|75.106:67.304|73.465:60.111|56.942:76.610|55.369:79.063|52.332:83.285|48.796:84.369|41.217:74.022|42.058:55.215|31.312:42.866|22.769:41.290|8.000:8.000,0-15-23-32-3-11-13-21-17-12-14-19-25-29-1-30-5-2-8-22-26-24-4-9-28-10-7-20-0,0.001699250889942
157,calm,sparse,WindAwareGreedy,32,23,0.71875,0.7627118644067796,0.0,False,45.0,59.0,1427.4688578771686,1435.3233931431323,-227.46885787716872,-307.4688578771687,True,154.68694207477364,False,True,0.0274172502868338,0.0011555510823931,2.0,True,1.0,8.000:8.000|38.325:33.805|44.582:37.467|57.348:48.928|71.992:76.136|69.561:78.437|75.106:67.304|73.465:60.111|73.425:9.507|64.219:15.484|50.627:25.941|46.288:46.250|46.935:39.923|62.450:38.836|65.325:44.613|56.942:76.610|52.332:83.285|48.796:84.369|41.217:74.022|42.058:55.215|31.312:42.866|22.769:41.290|52.528:36.161|88.219:10.203|8.000:8.000,0-15-23-11-29-1-8-22-19-14-12-3-32-21-13-26-4-9-28-10-7-20-17-25-0,0.0016991549637168
157,calm,sparse,ReserveOnlyPlanner,32,19,0.59375,0.6186440677966102,0.6186440677966102,True,36.5,59.0,1092.1290427847937,1134.3252662678287,107.87095721520656,27.870957215206573,False,120.2399384148825,True,False,0.0307030566479648,0.0015550724952911,2.0,False,1.0,8.000:8.000|38.325:33.805|44.582:37.467|46.288:46.250|57.348:48.928|71.992:76.136|69.561:78.437|75.106:67.304|73.465:60.111|65.325:44.613|73.425:9.507|64.219:15.484|50.627:25.941|46.935:39.923|62.450:38.836|52.528:36.161|31.312:42.866|22.769:41.290|42.058:55.215|54.972:54.863|8.000:8.000,0-15-23-3-11-29-1-8-22-13-19-14-12-32-21-17-7-20-10-31-0,0.0016440970357507
157,calm,sparse,FairRiskAwareGreedy,32,16,0.5,0.5677966101694916,0.5677966101694916,True,33.5,59.0,1105.6615049012062,1118.4793812693129,94.33849509879386,14.338495098793857,False,123.46251421932509,True,False,0.0111593906743059,0.000659085542375,2.0,False,1.0,8.000:8.000|38.325:33.805|44.582:37.467|57.348:48.928|69.561:78.437|71.992:76.136|56.942:76.610|46.288:46.250|73.425:9.507|64.219:15.484|50.627:25.941|46.935:39.923|42.058:55.215|31.312:42.866|22.769:41.290|41.217:74.022|48.796:84.369|8.000:8.000,0-15-23-11-1-29-26-3-19-14-12-32-10-7-20-28-9-0,0.0026248111389577
157,calm,sparse,FairALNSPlanner,32,27,0.84375,0.8983050847457628,0.8983050847457628,True,53.0,59.0,1044.3117729277772,1121.3494240160944,155.68822707222304,75.68822707222304,False,135.88710126379033,True,False,0.0160105204871262,0.0005752599973227,2.0,False,1.0,8.000:8.000|22.769:41.290|31.312:42.866|42.058:55.215|41.217:74.022|48.796:84.369|52.332:83.285|55.369:79.063|56.942:76.610|56.315:73.640|71.394:88.592|88.260:92.812|86.366:78.440|69.561:78.437|71.992:76.136|75.106:67.304|73.465:60.111|65.325:44.613|62.450:38.836|57.348:48.928|54.972:54.863|46.288:46.250|46.935:39.923|44.582:37.467|38.325:33.805|50.627:25.941|64.219:15.484|73.425:9.507|8.000:8.000,0-20-7-10-28-9-4-24-26-27-30-5-2-1-29-8-22-13-21-11-31-3-32-23-15-12-14-19-0,17.26062296400778
157,calm,sparse,RAWA-RHP,32,25,0.78125,0.8559322033898306,0.8559322033898306,True,50.5,59.0,1037.4426740417225,1121.163845781205,162.55732595827763,82.55732595827763,False,132.71028071092314,True,False,0.0084055823694558,0.000324207391551,2.0,False,1.0,8.000:8.000|22.769:41.290|31.312:42.866|38.325:33.805|50.627:25.941|64.219:15.484|73.425:9.507|44.582:37.467|46.935:39.923|46.288:46.250|57.348:48.928|65.325:44.613|73.465:60.111|75.106:67.304|86.366:78.440|88.260:92.812|71.394:88.592|71.992:76.136|69.561:78.437|56.315:73.640|56.942:76.610|55.369:79.063|52.332:83.285|48.796:84.369|41.217:74.022|42.058:55.215|8.000:8.000,0-20-7-15-12-14-19-23-32-3-11-13-22-8-2-5-30-29-1-27-26-24-4-9-28-10-0,42.69716948294081
155,moderate,cluttered,NearestNeighbor,32,26,0.8125,0.7983870967741935,0.0,False,49.5,62.0,1588.9586932580455,1597.1563163219969,-388.9586932580452,-468.9586932580452,True,133.0738325959802,False,True,0.0438678491285997,0.0016423558814243,2.0,True,1.0,8.000:8.000|32.659:21.948|38.229:25.093|40.770:25.120|51.863:28.524|50.364:33.820|48.096:45.100|46.458:54.375|35.268:61.398|29.156:62.885|29.936:44.553|32.847:37.735|34.704:36.955|44.310:10.657|75.259:16.589|72.674:38.866|69.773:38.300|59.044:42.891|63.797:51.025|64.314:54.167|60.934:56.442|60.097:77.830|59.419:82.483|52.183:90.290|46.675:93.883|32.760:85.942|28.024:81.793|8.000:8.000,0-28-21-15-16-29-32-24-6-27-9-20-13-18-10-11-5-22-31-19-12-25-3-14-1-23-30-0,0.0015305511187762
155,moderate,cluttered,ValuePerDistance,32,25,0.78125,0.8467741935483871,0.0,False,52.5,62.0,1488.827248854676,1498.3376745949283,-288.82724885467604,-368.827248854676,True,124.22978383350956,False,True,0.1426923437737264,0.0056830707454556,2.0,True,1.0,8.000:8.000|40.770:25.120|38.229:25.093|32.659:21.948|32.847:37.735|34.704:36.955|46.458:54.375|48.096:45.100|50.364:33.820|51.863:28.524|59.044:42.891|69.773:38.300|72.674:38.866|83.606:43.996|77.680:67.968|78.972:70.190|76.474:71.937|77.932:79.507|60.097:77.830|59.419:82.483|52.183:90.290|46.675:93.883|32.760:85.942|28.024:81.793|29.156:62.885|35.268:61.398|8.000:8.000,0-15-21-28-20-13-24-32-29-16-22-5-11-4-2-8-7-17-25-3-14-1-23-30-27-6-0,0.0011058999225497
155,moderate,cluttered,WindAwareGreedy,32,17,0.53125,0.6693548387096774,0.0,False,41.5,62.0,1413.638360252045,1386.5348431748496,-213.6383602520454,-293.6383602520454,True,104.75455627475044,False,True,0.239584570023103,0.0147563810586031,2.0,True,1.0,8.000:8.000|40.770:25.120|50.364:33.820|69.773:38.300|83.606:43.996|77.680:67.968|60.097:77.830|59.419:82.483|52.183:90.290|32.760:85.942|29.156:62.885|46.458:54.375|59.044:42.891|48.096:45.100|32.847:37.735|34.704:36.955|32.659:21.948|38.229:25.093|8.000:8.000,0-15-29-5-4-2-25-3-14-23-27-24-22-32-20-13-28-21-0,0.0009660308714956
155,moderate,cluttered,ReserveOnlyPlanner,32,13,0.40625,0.5241935483870968,0.5241935483870968,True,32.5,62.0,1074.4975025762342,1165.9300068880198,125.50249742376585,45.502497423765845,False,84.60849584668071,True,False,0.1201885614104526,0.0089491535412992,2.0,False,1.0,8.000:8.000|40.770:25.120|50.364:33.820|69.773:38.300|83.606:43.996|77.680:67.968|78.972:70.190|77.932:79.507|60.097:77.830|59.419:82.483|64.314:54.167|59.044:42.891|46.458:54.375|29.936:44.553|8.000:8.000,0-15-29-5-4-2-8-17-25-3-19-22-24-9-0,0.0007318130228668
155,moderate,cluttered,FairRiskAwareGreedy,32,16,0.5,0.6290322580645161,0.6290322580645161,True,39.0,62.0,1095.2839259741845,1127.446251352875,104.71607402581552,24.71607402581552,False,117.14443447887564,True,False,2.7229456290411846e-05,1.6017486337152443e-06,2.8284271247461903,False,1.0,8.000:8.000|40.770:25.120|50.364:33.820|59.044:42.891|69.773:38.300|83.606:43.996|77.680:67.968|46.458:54.375|60.097:77.830|59.419:82.483|29.156:62.885|52.183:90.290|32.847:37.735|34.704:36.955|32.659:21.948|38.229:25.093|44.310:10.657|8.000:8.000,0-15-29-22-5-4-2-24-25-3-27-14-20-13-28-21-18-0,0.001142414053902
155,moderate,cluttered,FairALNSPlanner,32,23,0.71875,0.7741935483870968,0.7741935483870968,True,48.0,62.0,1035.227163547738,1192.5321786031416,164.77283645226197,84.77283645226197,False,123.99536674512451,True,False,0.000524149873603,2.184003283442944e-05,2.8284271247461903,False,1.0,8.000:8.000|32.659:21.948|38.229:25.093|40.770:25.120|59.044:42.891|60.097:77.830|59.419:82.483|29.156:62.885|35.268:61.398|46.458:54.375|48.096:45.100|69.773:38.300|72.674:38.866|83.606:43.996|78.972:70.190|77.932:79.507|76.474:71.937|77.680:67.968|64.314:54.167|60.934:56.442|63.797:51.025|50.364:33.820|51.863:28.524|44.310:10.657|8.000:8.000,0-28-21-15-22-25-3-27-6-24-32-5-11-4-8-17-7-2-19-12-31-29-16-18-0,12.864535034168512
155,moderate,cluttered,RAWA-RHP,32,27,0.84375,0.9112903225806452,0.9112903225806452,True,56.5,62.0,1044.7286127651664,1184.3327326604349,155.27138723483324,75.27138723483324,False,133.38546620723685,True,False,0.0845826847921914,0.0030258855920892,2.0,False,1.0,8.000:8.000|32.659:21.948|32.847:37.735|34.704:36.955|46.458:54.375|35.268:61.398|29.156:62.885|32.760:85.942|28.024:81.793|52.183:90.290|59.419:82.483|60.097:77.830|60.934:56.442|64.314:54.167|77.680:67.968|76.474:71.937|77.932:79.507|78.972:70.190|83.606:43.996|72.674:38.866|69.773:38.300|59.044:42.891|48.096:45.100|50.364:33.820|51.863:28.524|40.770:25.120|38.229:25.093|44.310:10.657|8.000:8.000,0-28-20-13-24-6-27-23-30-14-3-25-12-19-2-7-17-8-4-11-5-22-32-29-16-15-21-18-0,87.35787626402453
157,moderate,sparse,NearestNeighbor,32,24,0.75,0.753731343283582,0.0,False,50.5,67.0,1303.93715732475,1325.6345945803575,-103.93715732474992,-183.93715732474996,True,113.9211138959084,False,True,0.0902555700661698,0.0036330545126846,2.0,True,1.0,8.000:8.000|17.789:10.119|33.425:21.860|45.455:24.389|53.970:22.820|62.951:21.121|67.811:16.796|66.423:15.349|79.414:20.231|83.436:35.320|89.014:34.291|90.370:36.055|96.907:39.843|80.814:48.179|85.699:57.769|65.245:58.402|59.452:66.522|49.966:62.890|43.665:69.790|46.112:70.968|42.331:73.447|50.862:79.946|54.305:54.503|54.118:50.626|44.819:51.790|8.000:8.000,0-23-4-14-11-8-19-17-30-10-6-21-26-7-20-24-12-9-16-18-15-27-31-3-2-0,0.0019337409175932
157,moderate,sparse,ValuePerDistance,32,22,0.6875,0.7686567164179104,0.0,False,51.5,67.0,1275.5167700973095,1287.5859549853117,-75.5167700973093,-155.5167700973093,True,109.69815059082826,False,True,0.0049583864426836,0.0002158373600192,2.0,True,1.0,8.000:8.000|17.789:10.119|33.425:21.860|45.455:24.389|53.970:22.820|49.711:12.238|66.423:15.349|67.811:16.796|79.414:20.231|89.014:34.291|90.370:36.055|83.436:35.320|80.814:48.179|65.245:58.402|59.452:66.522|49.966:62.890|54.305:54.503|54.118:50.626|44.819:51.790|40.610:44.140|21.025:45.324|27.924:54.356|15.712:64.617|8.000:8.000,0-23-4-14-11-25-17-19-30-6-21-10-7-24-12-9-31-3-2-28-22-1-5-0,0.0014006600249558
157,moderate,sparse,WindAwareGreedy,32,18,0.5625,0.664179104477612,0.0,False,44.5,67.0,1239.022295067765,1226.7149249437664,-39.022295067765,-119.022295067765,True,99.28874370013496,False,True,0.0570751842698324,0.0030084955385253,2.0,True,1.0,8.000:8.000|17.789:10.119|33.425:21.860|45.455:24.389|49.711:12.238|53.970:22.820|66.423:15.349|79.414:20.231|89.014:34.291|90.370:36.055|83.436:35.320|80.814:48.179|65.245:58.402|49.966:62.890|40.610:44.140|21.025:45.324|27.924:54.356|15.712:64.617|10.569:52.846|8.000:8.000,0-23-4-14-25-11-17-30-6-21-10-7-24-9-28-22-1-5-32-0,0.0014089760370552
157,moderate,sparse,ReserveOnlyPlanner,32,15,0.46875,0.582089552238806,0.582089552238806,True,39.0,67.0,1065.8055406854928,1180.0683633588735,134.19445931450744,54.19445931450744,False,85.54673511499897,True,False,0.0563604104034447,0.0035252468536793,2.0,False,1.0,8.000:8.000|17.789:10.119|33.425:21.860|49.711:12.238|53.970:22.820|45.455:24.389|66.423:15.349|79.414:20.231|89.014:34.291|90.370:36.055|83.436:35.320|80.814:48.179|65.245:58.402|49.966:62.890|40.610:44.140|21.025:45.324|8.000:8.000,0-23-4-25-11-14-17-30-6-21-10-7-24-9-28-22-0,0.0013728269841521
157,moderate,sparse,FairRiskAwareGreedy,32,17,0.53125,0.6417910447761194,0.6417910447761194,True,43.0,67.0,1098.912815631921,1137.5428514284629,101.08718436807918,21.08718436807918,False,120.81203139675128,True,False,0.0042022959086112,0.0002336098913148,2.0,False,1.0,8.000:8.000|17.789:10.119|33.425:21.860|45.455:24.389|49.711:12.238|53.970:22.820|66.423:15.349|79.414:20.231|89.014:34.291|21.025:45.324|40.610:44.140|49.966:62.890|54.305:54.503|80.814:48.179|65.245:58.402|59.452:66.522|13.081:80.690|15.712:64.617|8.000:8.000,0-23-4-14-25-11-17-30-6-22-28-9-31-7-24-12-29-5-0,0.0025549170095473
157,moderate,sparse,FairALNSPlanner,32,22,0.6875,0.746268656716418,0.746268656716418,True,50.0,67.0,1035.6663454158308,1163.0147338485565,164.33365458416938,84.33365458416938,False,124.17645076421228,True,False,0.0041755598381959,0.000181658675268,2.0,False,1.0,8.000:8.000|21.025:45.324|27.924:54.356|40.610:44.140|44.819:51.790|56.674:37.864|79.414:20.231|89.014:34.291|90.370:36.055|83.436:35.320|80.814:48.179|65.245:58.402|62.951:21.121|67.811:16.796|66.423:15.349|49.711:12.238|53.970:22.820|54.118:50.626|54.305:54.503|49.966:62.890|45.455:24.389|33.425:21.860|17.789:10.119|8.000:8.000,0-22-1-28-2-13-30-6-21-10-7-24-8-19-17-25-11-3-31-9-14-4-23-0,14.775241298833862
157,moderate,sparse,RAWA-RHP,32,26,0.8125,0.8656716417910447,0.8656716417910447,True,58.0,67.0,1052.655304470199,1188.8649780763328,147.34469552980087,67.34469552980087,False,130.62108550981597,True,False,0.0049575049510146,0.0001838286443338,2.0,False,1.0,8.000:8.000|21.025:45.324|27.924:54.356|15.712:64.617|13.081:80.690|40.610:44.140|44.819:51.790|54.118:50.626|54.305:54.503|49.966:62.890|50.862:79.946|46.112:70.968|43.665:69.790|59.452:66.522|65.245:58.402|80.814:48.179|83.436:35.320|90.370:36.055|89.014:34.291|79.414:20.231|67.811:16.796|66.423:15.349|49.711:12.238|53.970:22.820|45.455:24.389|33.425:21.860|17.789:10.119|8.000:8.000,0-22-1-5-29-28-2-3-31-9-27-18-16-12-24-7-10-21-6-30-19-17-25-11-14-4-23-0,46.93297986197285
157,severe,sparse,NearestNeighbor,32,15,0.46875,0.5041322314049587,0.0,False,30.5,60.5,1430.6645146057,1495.669280475406,-230.66451460570013,-310.6645146057001,True,80.12205444273097,False,True,0.0452892791728324,0.0028577296377547,2.0,True,1.0,8.000:8.000|20.761:9.071|32.773:25.773|21.740:26.202|18.291:25.881|24.640:39.176|19.194:54.861|11.331:61.647|8.808:58.314|10.392:66.129|10.076:78.939|28.725:66.224|25.800:62.928|44.243:38.045|49.303:34.024|53.703:30.749|8.000:8.000,0-31-1-20-5-6-18-25-32-14-30-8-28-27-23-12-0,0.0015269150026142
157,severe,sparse,ValuePerDistance,32,20,0.625,0.6776859504132231,0.0,False,41.0,60.5,1926.4057627505665,1948.276668147159,-726.4057627505662,-806.4057627505662,True,104.08711089855888,False,True,0.1823696766371895,0.0093891338910206,2.0,True,1.0,8.000:8.000|20.761:9.071|49.303:34.024|53.703:30.749|58.579:22.916|56.598:22.046|63.889:34.049|63.891:29.500|65.995:29.169|73.054:38.339|62.270:50.490|63.792:52.388|66.060:63.855|59.215:74.002|28.725:66.224|25.800:62.928|19.194:54.861|11.331:61.647|10.392:66.129|8.808:58.314|10.076:78.939|8.000:8.000,0-31-23-12-21-11-29-13-26-7-10-3-17-16-8-28-18-25-14-32-30-0,0.0014158959966152
157,severe,sparse,WindAwareGreedy,32,12,0.375,0.4958677685950413,0.0,False,30.0,60.5,1476.4564956347224,1473.5304152155177,-276.4564956347223,-356.4564956347223,True,76.32117257185001,False,True,0.2185493399629212,0.0182098345258716,2.0,True,1.0,8.000:8.000|18.291:25.881|24.640:39.176|11.331:61.647|10.392:66.129|28.725:66.224|25.800:62.928|19.194:54.861|49.303:34.024|53.703:30.749|62.270:50.490|63.792:52.388|44.243:38.045|8.000:8.000,0-5-6-25-14-8-28-18-23-12-10-3-27-0,0.0010864271316677
157,severe,sparse,ReserveOnlyPlanner,32,8,0.25,0.2892561983471074,0.2892561983471074,True,17.5,60.5,1106.4926580130125,1172.7960470041091,93.50734198698764,13.507341986987656,False,49.75493998970466,True,False,0.2122873246768603,0.0254276861426846,2.0,False,1.0,8.000:8.000|18.291:25.881|24.640:39.176|11.331:61.647|10.392:66.129|28.725:66.224|25.800:62.928|19.194:54.861|21.740:26.202|8.000:8.000,0-5-6-25-14-8-28-18-20-0,0.0008461941033601
157,severe,sparse,FairRiskAwareGreedy,32,11,0.34375,0.396694214876033,0.396694214876033,True,24.0,60.5,947.0629551220176,1001.9565116271328,252.9370448779823,172.9370448779823,False,86.54274027387285,True,False,0.0061224773444952,0.000510999727006,2.8284271247461903,False,1.0,8.000:8.000|53.703:30.749|28.725:66.224|24.640:39.176|11.331:61.647|10.392:66.129|8.808:58.314|19.194:54.861|73.054:38.339|58.579:22.916|56.598:22.046|20.761:9.071|8.000:8.000,0-12-8-6-25-14-32-18-7-21-11-31-0,0.00125003606081
157,severe,sparse,FairALNSPlanner,32,20,0.625,0.6942148760330579,0.6942148760330579,True,42.0,60.5,1042.440962111595,1255.05662953534,157.55903788840516,77.55903788840516,False,107.08309686701696,True,False,0.0300526019993773,0.0014373767357738,2.0,False,1.0,8.000:8.000|20.761:9.071|56.598:22.046|58.579:22.916|65.995:29.169|63.889:34.049|63.891:29.500|73.054:38.339|62.270:50.490|63.792:52.388|53.703:30.749|49.303:34.024|44.243:38.045|25.800:62.928|28.725:66.224|24.640:39.176|21.740:26.202|18.291:25.881|8.808:58.314|11.331:61.647|10.392:66.129|8.000:8.000,0-31-11-21-26-29-13-7-10-3-12-23-27-28-8-6-20-5-32-25-14-0,8.436176725896075
157,severe,sparse,RAWA-RHP,32,22,0.6875,0.7520661157024794,0.7520661157024794,True,45.5,60.5,983.7744913076576,1163.4054164570057,216.22550869234212,136.22550869234215,False,104.89809836521788,True,False,0.0437042531399505,0.0019356782927834,2.0,False,1.0,8.000:8.000|21.740:26.202|18.291:25.881|24.640:39.176|11.331:61.647|10.392:66.129|8.808:58.314|19.194:54.861|28.725:66.224|25.800:62.928|62.270:50.490|63.792:52.388|63.889:34.049|73.054:38.339|63.891:29.500|65.995:29.169|58.579:22.916|56.598:22.046|53.703:30.749|49.303:34.024|44.243:38.045|32.773:25.773|20.761:9.071|8.000:8.000,0-20-5-6-25-14-32-18-8-28-10-3-29-7-13-26-21-11-12-23-27-1-31-0,47.47498328099027
156,moderate,sparse,NearestNeighbor,32,27,0.84375,0.8389830508474576,0.0,False,49.5,59.0,1730.3431029289045,1716.524880249637,-530.3431029289043,-610.3431029289043,True,147.47610645742884,False,True,0.0989772366274166,0.0036526791665949,2.0,True,1.0,8.000:8.000|19.856:16.226|39.855:16.979|42.452:19.076|48.970:25.808|49.020:29.549|47.980:32.978|57.533:17.385|58.389:13.944|51.244:9.520|48.995:8.499|49.178:11.074|75.669:16.602|72.569:18.245|83.529:20.686|88.833:22.230|92.606:11.743|66.514:33.728|65.656:30.545|63.493:46.853|49.694:62.454|49.216:70.896|66.562:74.164|76.504:71.862|83.280:67.179|89.478:58.463|89.421:42.052|93.147:76.008|8.000:8.000,0-24-10-7-26-9-19-5-20-16-18-21-8-30-27-32-23-3-4-6-11-22-14-15-28-29-2-17-0,0.0015037590637803
156,moderate,sparse,ValuePerDistance,32,22,0.6875,0.7372881355932204,0.0,False,43.5,59.0,1446.8636369796095,1493.694451920769,-246.86363697960945,-326.86363697960945,True,125.1136460360176,False,True,0.0601648668687435,0.0026702240706718,2.0,True,1.0,8.000:8.000|19.856:16.226|49.178:11.074|48.995:8.499|51.244:9.520|58.389:13.944|57.533:17.385|48.970:25.808|49.020:29.549|47.980:32.978|66.514:33.728|65.656:30.545|63.493:46.853|89.478:58.463|83.280:67.179|76.504:71.862|81.719:81.073|91.080:80.424|93.147:76.008|66.562:74.164|32.814:89.161|49.694:62.454|49.216:70.896|8.000:8.000,0-24-21-18-16-20-5-26-9-19-3-4-6-29-28-15-25-31-17-14-1-11-22-0,0.0015873908996582
156,moderate,sparse,WindAwareGreedy,32,19,0.59375,0.6949152542372882,0.0,False,41.0,59.0,1434.797540356738,1450.8546252274054,-234.797540356738,-314.797540356738,True,113.97541299477471,False,True,0.0651966077134472,0.0033167430079109,2.0,True,1.0,8.000:8.000|58.389:13.944|49.178:11.074|48.995:8.499|57.533:17.385|66.514:33.728|89.478:58.463|83.280:67.179|76.504:71.862|91.080:80.424|93.147:76.008|63.493:46.853|65.656:30.545|83.529:20.686|88.833:22.230|75.669:16.602|72.569:18.245|48.970:25.808|49.020:29.549|47.980:32.978|8.000:8.000,0-20-21-18-5-3-29-28-15-31-17-6-4-27-32-8-30-26-9-19-0,0.0013187557924538
156,moderate,sparse,ReserveOnlyPlanner,32,13,0.40625,0.4830508474576271,0.4830508474576271,True,28.5,59.0,1070.0002863253594,1198.5737709831424,129.9997136746407,49.9997136746407,False,85.76158011967303,True,False,0.0025414722960612,0.0001816936211622,2.0,False,1.0,8.000:8.000|19.856:16.226|49.178:11.074|58.389:13.944|57.533:17.385|66.514:33.728|65.656:30.545|83.529:20.686|88.833:22.230|92.606:11.743|75.669:16.602|72.569:18.245|89.478:58.463|63.493:46.853|8.000:8.000,0-24-21-20-5-3-4-27-32-23-8-30-29-6-0,0.0010290779173374
156,moderate,sparse,FairRiskAwareGreedy,32,15,0.46875,0.5932203389830508,0.5932203389830508,True,35.0,59.0,1093.2370588100323,1145.5866697341082,106.76294118996714,26.762941189967137,False,118.15380403058415,True,False,0.0053698172999828,0.0003360289810538,2.0,False,1.0,8.000:8.000|58.389:13.944|48.995:8.499|57.533:17.385|66.514:33.728|89.478:58.463|83.280:67.179|76.504:71.862|32.814:89.161|48.970:25.808|83.529:20.686|88.833:22.230|75.669:16.602|65.656:30.545|63.493:46.853|19.856:16.226|8.000:8.000,0-20-18-5-3-29-28-15-1-26-27-32-8-4-6-24-0,0.003112053964287
156,moderate,sparse,FairALNSPlanner,32,11,0.34375,0.3474576271186441,0.3474576271186441,True,20.5,59.0,866.8120617435559,975.3977773959116,333.1879382564438,253.18793825644377,False,96.40500553728994,True,False,0.0931430032532967,0.0080307368453835,2.0,False,1.0,8.000:8.000|51.244:9.520|75.669:16.602|72.569:18.245|83.529:20.686|88.833:22.230|63.493:46.853|49.694:62.454|49.216:70.896|32.814:89.161|81.719:81.073|93.147:76.008|8.000:8.000,0-16-8-30-27-32-6-11-22-1-25-17-0,9.85082878707908
156,moderate,sparse,RAWA-RHP,32,25,0.78125,0.8559322033898306,0.8559322033898306,True,50.5,59.0,1033.9417091611454,1197.2719606293394,166.05829083885484,86.05829083885484,False,129.91318029917662,True,False,0.0731881261268941,0.002879353908808,2.0,False,1.0,8.000:8.000|19.856:16.226|39.855:16.979|48.970:25.808|49.020:29.549|49.694:62.454|49.216:70.896|32.814:89.161|81.719:81.073|91.080:80.424|93.147:76.008|89.478:58.463|83.280:67.179|76.504:71.862|63.493:46.853|66.514:33.728|65.656:30.545|88.833:22.230|83.529:20.686|75.669:16.602|72.569:18.245|58.389:13.944|57.533:17.385|51.244:9.520|49.178:11.074|48.995:8.499|8.000:8.000,0-24-10-26-9-11-22-1-25-31-17-29-28-15-6-3-4-32-27-8-30-20-5-16-21-18-0,76.8947953961324
156,moderate,cluttered,NearestNeighbor,32,26,0.8125,0.8076923076923077,0.0,False,52.5,65.0,1517.4894971441738,1534.0031014885897,-317.4894971441738,-397.4894971441738,True,131.253511964757,False,True,0.2632682612148067,0.0108426994515508,2.0,True,1.0,8.000:8.000|21.976:15.664|36.952:20.456|34.301:24.401|28.421:36.054|10.145:34.405|12.510:56.221|29.928:59.122|32.717:58.488|44.349:51.528|43.984:48.145|46.745:62.786|56.095:67.867|62.761:60.789|76.619:71.317|79.416:61.543|80.346:56.844|83.118:46.796|85.924:44.102|80.887:35.099|76.545:31.700|86.221:33.748|86.171:24.032|91.599:19.061|69.228:21.522|56.217:17.335|56.246:39.052|8.000:8.000,0-8-4-11-29-18-3-31-32-21-26-16-9-7-13-30-12-20-25-1-6-10-24-14-15-23-28-0,0.0020088718738406
156,moderate,cluttered,ValuePerDistance,32,22,0.6875,0.7846153846153846,0.0,False,51.0,65.0,1356.9775709697587,1382.4581955419042,-156.9775709697587,-236.9775709697587,True,119.83753672732882,False,True,0.2290438153021281,0.0109778357969931,2.0,True,1.0,8.000:8.000|21.976:15.664|34.301:24.401|36.952:20.456|56.217:17.335|76.545:31.700|80.887:35.099|86.221:33.748|85.924:44.102|83.118:46.796|80.346:56.844|79.416:61.543|76.619:71.317|85.189:66.471|85.168:82.562|63.937:83.164|52.238:82.609|52.459:76.276|46.745:62.786|38.646:90.854|29.928:59.122|32.717:58.488|12.510:56.221|8.000:8.000,0-8-11-4-23-6-1-10-25-20-12-30-13-2-5-17-22-27-16-19-31-32-3-0,0.0014460980892181
156,moderate,cluttered,WindAwareGreedy,32,17,0.53125,0.6923076923076923,0.0,False,45.0,65.0,1402.5831464093128,1418.4687661234557,-202.58314640931297,-282.583146409313,True,109.46920397175688,False,True,0.1663013618897457,0.0097381234660217,2.0,True,1.0,8.000:8.000|21.976:15.664|34.301:24.401|56.217:17.335|76.545:31.700|80.887:35.099|86.221:33.748|91.599:19.061|86.171:24.032|85.924:44.102|83.118:46.796|76.619:71.317|52.238:82.609|38.646:90.854|12.510:56.221|29.928:59.122|28.421:36.054|36.952:20.456|8.000:8.000,0-8-11-23-6-1-10-14-24-25-20-13-22-19-3-31-29-4-0,0.0013845032081007
156,moderate,cluttered,ReserveOnlyPlanner,32,16,0.5,0.5692307692307692,0.5692307692307692,True,37.0,65.0,1068.7447012314983,1204.5818342888922,131.25529876850135,51.25529876850135,False,93.9289901236153,True,False,0.0439254332909684,0.0026239368105437,2.0,False,1.0,8.000:8.000|21.976:15.664|34.301:24.401|56.217:17.335|91.599:19.061|86.221:33.748|80.887:35.099|76.545:31.700|85.924:44.102|83.118:46.796|76.619:71.317|79.416:61.543|80.346:56.844|46.745:62.786|44.349:51.528|43.984:48.145|28.421:36.054|8.000:8.000,0-8-11-23-14-10-1-6-25-20-13-30-12-16-21-26-29-0,0.0014582930598407
156,moderate,cluttered,FairRiskAwareGreedy,32,12,0.375,0.4923076923076923,0.4923076923076923,True,32.0,65.0,1081.8654868195622,1118.6997353681577,118.13451318043772,38.13451318043772,False,111.73642409367692,True,False,0.0055774400367066,0.00042974586457,2.0,False,1.0,8.000:8.000|21.976:15.664|34.301:24.401|56.217:17.335|36.952:20.456|28.421:36.054|80.887:35.099|76.545:31.700|86.221:33.748|91.599:19.061|12.510:56.221|38.646:90.854|32.717:58.488|8.000:8.000,0-8-11-23-4-29-1-6-10-14-3-19-32-0,0.0018177300225943
156,moderate,cluttered,FairALNSPlanner,32,21,0.65625,0.7769230769230769,0.7769230769230769,True,50.5,65.0,1053.891755376822,1171.1984535766471,146.10824462317828,66.10824462317828,False,120.87439224535636,True,False,0.0280326211976849,0.0012873610158522,2.0,False,1.0,8.000:8.000|12.510:56.221|29.928:59.122|32.717:58.488|38.646:90.854|52.238:82.609|63.937:83.164|76.619:71.317|79.416:61.543|83.118:46.796|85.924:44.102|80.887:35.099|86.221:33.748|86.171:24.032|91.599:19.061|76.545:31.700|56.246:39.052|28.421:36.054|34.301:24.401|36.952:20.456|56.217:17.335|21.976:15.664|8.000:8.000,0-3-31-32-19-22-17-13-30-20-25-1-10-24-14-6-28-29-11-4-23-8-0,11.149721232941374
156,moderate,cluttered,RAWA-RHP,32,25,0.78125,0.8769230769230769,0.8769230769230769,True,57.0,65.0,1054.9085340201514,1208.990886050613,145.09146597984878,65.09146597984878,False,129.1741575941192,True,False,0.1020641324835041,0.0040718775441562,2.0,False,1.0,8.000:8.000|21.976:15.664|36.952:20.456|34.301:24.401|28.421:36.054|56.217:17.335|91.599:19.061|86.171:24.032|86.221:33.748|76.545:31.700|80.887:35.099|85.924:44.102|83.118:46.796|80.346:56.844|79.416:61.543|76.619:71.317|63.937:83.164|38.646:90.854|52.238:82.609|52.459:76.276|46.745:62.786|44.349:51.528|43.984:48.145|29.928:59.122|12.510:56.221|10.145:34.405|8.000:8.000,0-8-4-11-29-23-14-24-10-6-1-25-20-12-30-13-17-19-22-27-16-21-26-31-3-18-0,81.55013505509123
158,calm,sparse,NearestNeighbor,32,31,0.96875,0.9642857142857144,0.0,False,67.5,70.0,1240.8963331647165,1246.2784289822887,-40.89633316471684,-120.89633316471684,True,153.54493723503435,False,True,0.0065301291981003,0.0002042790577088,2.0,True,1.0,8.000:8.000|11.715:21.802|19.227:30.055|29.090:37.481|16.334:45.528|34.365:55.883|40.507:51.910|58.699:58.701|62.810:52.560|72.800:55.637|82.880:60.904|89.357:61.102|88.663:52.785|77.555:66.744|70.217:71.973|66.905:69.175|51.435:78.007|46.340:81.177|43.934:81.611|41.119:71.626|38.393:71.407|51.243:96.892|58.463:96.428|69.095:93.307|74.488:87.081|87.448:76.463|95.370:71.233|76.998:38.720|69.059:33.512|64.208:36.488|69.894:25.141|59.161:19.230|8.000:8.000,0-24-32-23-25-27-16-15-18-5-20-19-26-1-31-13-30-10-14-12-17-28-7-2-21-6-4-11-8-3-9-22-0,0.0021609528921544
158,calm,sparse,ValuePerDistance,32,28,0.875,0.9,0.0,False,63.0,70.0,1386.161454048857,1398.506133278396,-186.16145404885663,-266.1614540488566,True,160.73413252047578,False,True,0.0242290745965771,0.0008418757912592,2.0,True,1.0,8.000:8.000|11.715:21.802|19.227:30.055|29.090:37.481|40.507:51.910|34.365:55.883|38.393:71.407|41.119:71.626|46.340:81.177|43.934:81.611|51.435:78.007|66.905:69.175|70.217:71.973|77.555:66.744|82.880:60.904|89.357:61.102|95.370:71.233|87.448:76.463|72.800:55.637|62.810:52.560|58.699:58.701|64.208:36.488|69.059:33.512|69.894:25.141|59.161:19.230|76.998:38.720|91.691:31.810|88.663:52.785|58.463:96.428|8.000:8.000,0-24-32-23-16-27-17-12-10-14-30-13-31-1-20-19-4-6-5-18-15-3-8-9-22-11-29-26-7-0,0.0018572069238871
158,calm,sparse,WindAwareGreedy,32,21,0.65625,0.7571428571428571,0.0,False,53.0,70.0,1298.7890696441568,1293.304045463196,-98.78906964415674,-178.78906964415674,True,142.25314547992474,False,True,0.0290105434843876,0.0013331589778775,2.0,True,1.0,8.000:8.000|19.227:30.055|40.507:51.910|64.208:36.488|59.161:19.230|69.894:25.141|72.800:55.637|66.905:69.175|82.880:60.904|77.555:66.744|62.810:52.560|58.699:58.701|38.393:71.407|46.340:81.177|51.435:78.007|58.463:96.428|51.243:96.892|69.095:93.307|70.217:71.973|91.691:31.810|76.998:38.720|69.059:33.512|8.000:8.000,0-32-16-3-22-9-5-13-20-1-18-15-17-10-30-7-28-2-31-29-11-8-0,0.0016721021384
158,calm,sparse,ReserveOnlyPlanner,32,19,0.59375,0.6785714285714286,0.6785714285714286,True,47.5,70.0,1051.7186323574929,1077.6755519040014,148.28136764250746,68.28136764250746,False,117.4627061631502,True,False,0.0077992814538633,0.000390638257697,2.0,False,1.0,8.000:8.000|19.227:30.055|11.715:21.802|40.507:51.910|64.208:36.488|59.161:19.230|69.894:25.141|69.059:33.512|72.800:55.637|82.880:60.904|66.905:69.175|58.699:58.701|62.810:52.560|77.555:66.744|70.217:71.973|51.435:78.007|46.340:81.177|38.393:71.407|29.090:37.481|16.334:45.528|8.000:8.000,0-32-24-16-3-22-9-8-5-20-13-15-18-1-31-30-10-17-23-25-0,0.0016461168415844
158,calm,sparse,FairRiskAwareGreedy,32,17,0.53125,0.6071428571428571,0.6071428571428571,True,42.5,70.0,1076.4834460027955,1090.902950475553,123.51655399720408,43.516553997204085,False,125.022404700083,True,False,0.0078011146284167,0.000434145152176,2.0,False,1.0,8.000:8.000|19.227:30.055|40.507:51.910|59.161:19.230|64.208:36.488|72.800:55.637|66.905:69.175|82.880:60.904|77.555:66.744|62.810:52.560|58.699:58.701|38.393:71.407|46.340:81.177|51.435:78.007|11.715:21.802|29.090:37.481|16.334:45.528|34.365:55.883|8.000:8.000,0-32-16-22-3-5-13-20-1-18-15-17-10-30-24-23-25-27-0,0.0027042930014431
158,calm,sparse,FairALNSPlanner,32,27,0.84375,0.8928571428571429,0.8928571428571429,True,62.5,70.0,1048.8797163211816,1125.582151545726,151.12028367881834,71.12028367881834,False,136.39280665143158,True,False,0.0052399937489019,0.0001871428026174,2.0,False,1.0,8.000:8.000|59.161:19.230|69.894:25.141|91.691:31.810|76.998:38.720|69.059:33.512|64.208:36.488|62.810:52.560|58.699:58.701|38.393:71.407|41.119:71.626|51.435:78.007|46.340:81.177|43.934:81.611|51.243:96.892|58.463:96.428|69.095:93.307|74.488:87.081|70.217:71.973|66.905:69.175|77.555:66.744|82.880:60.904|89.357:61.102|72.800:55.637|40.507:51.910|29.090:37.481|19.227:30.055|11.715:21.802|8.000:8.000,0-22-9-29-11-8-3-18-15-17-12-30-10-14-28-7-2-21-31-13-1-20-19-5-16-23-32-24-0,17.553888465976343
158,calm,sparse,RAWA-RHP,32,29,0.90625,0.9357142857142856,0.9357142857142856,True,65.5,70.0,1050.026951754422,1131.5271428963674,149.97304824557804,69.97304824557804,False,140.41384911723082,True,False,0.0133283367879029,0.0004463507885558,2.0,False,1.0,8.000:8.000|11.715:21.802|19.227:30.055|29.090:37.481|40.507:51.910|34.365:55.883|38.393:71.407|41.119:71.626|51.435:78.007|46.340:81.177|51.243:96.892|58.463:96.428|69.095:93.307|74.488:87.081|87.448:76.463|70.217:71.973|66.905:69.175|77.555:66.744|82.880:60.904|89.357:61.102|88.663:52.785|91.691:31.810|76.998:38.720|72.800:55.637|58.699:58.701|62.810:52.560|64.208:36.488|69.059:33.512|69.894:25.141|59.161:19.230|8.000:8.000,0-24-32-23-16-27-17-12-30-10-28-7-2-21-6-31-13-1-20-19-26-29-11-5-15-18-3-8-9-22-0,56.09422975592315
157,calm,cluttered,NearestNeighbor,32,31,0.96875,0.950413223140496,0.0,False,57.5,60.5,1387.126777484861,1385.3662917859006,-187.12677748486087,-267.1267774848609,True,162.27006592312227,False,True,0.0157346193065075,0.0004940318705201,2.0,True,1.0,8.000:8.000|31.811:18.761|33.444:17.537|32.115:31.828|31.966:59.430|26.868:60.571|23.503:66.289|34.155:70.849|44.837:55.349|54.526:60.148|61.970:52.165|72.424:41.276|79.668:38.943|90.272:39.944|92.669:39.251|85.812:28.499|87.843:18.649|80.978:19.602|76.584:20.064|74.883:14.785|65.905:11.021|62.067:8.640|46.721:11.496|61.203:30.202|82.686:53.620|90.825:59.596|90.584:68.754|92.670:69.232|83.872:81.020|88.440:82.541|78.506:82.768|56.237:88.043|8.000:8.000,0-11-31-29-6-27-2-5-17-30-8-23-22-13-10-9-3-26-4-18-19-14-24-32-7-16-21-1-15-20-25-28-0,0.0021591011900454
157,calm,cluttered,ValuePerDistance,32,31,0.96875,0.9834710743801652,0.0,False,59.5,60.5,1382.398671584674,1393.4560073040027,-182.3986715846741,-262.3986715846741,True,163.30005845849237,False,True,0.0257400187104706,0.000812313042086,2.0,True,1.0,8.000:8.000|33.444:17.537|31.811:18.761|32.115:31.828|31.966:59.430|34.155:70.849|23.503:66.289|26.868:60.571|44.837:55.349|54.526:60.148|55.400:77.848|56.237:88.043|78.506:82.768|83.872:81.020|88.440:82.541|90.584:68.754|92.670:69.232|90.825:59.596|82.686:53.620|72.424:41.276|79.668:38.943|90.272:39.944|92.669:39.251|87.843:18.649|80.978:19.602|76.584:20.064|74.883:14.785|65.905:11.021|62.067:8.640|46.721:11.496|61.203:30.202|85.812:28.499|8.000:8.000,0-31-11-29-6-5-2-27-17-30-12-28-25-15-20-21-1-16-7-23-22-13-10-3-26-4-18-19-14-24-32-9-0,0.0017528138123452
157,calm,cluttered,WindAwareGreedy,32,21,0.65625,0.7603305785123967,0.0,False,46.0,60.5,1409.1363568631411,1409.8127439604857,-209.1363568631413,-289.1363568631413,True,152.04458766352937,False,True,0.0099491652951695,0.0004533661958133,2.0,True,1.0,8.000:8.000|33.444:17.537|31.811:18.761|65.905:11.021|62.067:8.640|87.843:18.649|80.978:19.602|72.424:41.276|55.400:77.848|34.155:70.849|31.966:59.430|44.837:55.349|54.526:60.148|23.503:66.289|32.115:31.828|46.721:11.496|74.883:14.785|76.584:20.064|90.272:39.944|79.668:38.943|85.812:28.499|92.669:39.251|8.000:8.000,0-31-11-19-14-3-26-23-12-5-6-17-30-2-29-24-18-4-13-22-9-10-0,0.0015906910412013
157,calm,cluttered,ReserveOnlyPlanner,32,17,0.53125,0.6446280991735537,0.6446280991735537,True,39.0,60.5,1111.309625015043,1143.1430021063811,88.690374984957,8.690374984957003,False,118.89975733913442,True,False,0.0176406124506129,0.0009852570667527,2.0,False,1.0,8.000:8.000|33.444:17.537|31.811:18.761|65.905:11.021|62.067:8.640|87.843:18.649|80.978:19.602|72.424:41.276|90.272:39.944|79.668:38.943|74.883:14.785|76.584:20.064|46.721:11.496|32.115:31.828|44.837:55.349|55.400:77.848|54.526:60.148|31.966:59.430|8.000:8.000,0-31-11-19-14-3-26-23-13-22-18-4-24-29-17-12-30-6-0,0.0015057169366627
157,calm,cluttered,FairRiskAwareGreedy,32,15,0.46875,0.5867768595041323,0.5867768595041323,True,35.5,60.5,1087.0104160040191,1107.5400703028872,112.9895839959812,32.98958399598121,False,123.34768885760852,True,False,0.0103588226543582,0.00064922529174,2.0,False,1.0,8.000:8.000|33.444:17.537|31.811:18.761|65.905:11.021|62.067:8.640|87.843:18.649|72.424:41.276|55.400:77.848|34.155:70.849|23.503:66.289|44.837:55.349|80.978:19.602|74.883:14.785|46.721:11.496|32.115:31.828|26.868:60.571|8.000:8.000,0-31-11-19-14-3-23-12-5-2-17-26-18-24-29-27-0,0.0022081430070102
157,calm,cluttered,FairALNSPlanner,32,11,0.34375,0.371900826446281,0.371900826446281,True,22.5,60.5,633.5156668106185,673.3427853510761,566.4843331893813,486.48433318938135,False,74.01260024573287,True,False,1.3724696975359052e-05,1.1437277805855424e-06,2.8284271247461903,False,1.0,8.000:8.000|31.811:18.761|33.444:17.537|32.115:31.828|31.966:59.430|26.868:60.571|23.503:66.289|34.155:70.849|44.837:55.349|54.526:60.148|55.400:77.848|56.237:88.043|8.000:8.000,0-11-31-29-6-27-2-5-17-30-12-28-0,14.535843030083925
157,calm,cluttered,RAWA-RHP,32,31,0.96875,0.9834710743801652,0.9834710743801652,True,59.5,60.5,1054.610881584183,1136.2368904979855,145.3891184158175,65.3891184158175,False,143.97279190876952,True,False,0.0276244906923833,0.0008726923635936,2.0,False,1.0,8.000:8.000|32.115:31.828|31.966:59.430|26.868:60.571|23.503:66.289|34.155:70.849|44.837:55.349|54.526:60.148|55.400:77.848|56.237:88.043|78.506:82.768|83.872:81.020|88.440:82.541|92.670:69.232|90.584:68.754|90.825:59.596|82.686:53.620|61.970:52.165|72.424:41.276|79.668:38.943|90.272:39.944|92.669:39.251|85.812:28.499|87.843:18.649|80.978:19.602|76.584:20.064|74.883:14.785|65.905:11.021|62.067:8.640|46.721:11.496|33.444:17.537|31.811:18.761|8.000:8.000,0-29-6-27-2-5-17-30-12-28-25-15-20-1-21-16-7-8-23-22-13-10-9-3-26-4-18-19-14-24-31-11-0,85.22063901508227
158,severe,cluttered,NearestNeighbor,32,11,0.34375,0.3888888888888889,0.0,False,24.5,63.0,1322.015621956834,1358.7178511307209,-122.01562195683388,-202.01562195683388,True,63.66948411571242,False,True,0.2582846078680225,0.0238636971370219,2.0,True,1.0,8.000:8.000|19.019:8.882|35.088:14.643|52.606:14.307|70.421:9.497|77.254:12.324|77.525:32.442|82.752:35.285|81.559:42.069|78.546:43.601|69.781:32.201|65.307:30.241|8.000:8.000,0-12-21-6-17-20-13-25-19-23-30-22-0,0.0011004859115928
158,severe,cluttered,ValuePerDistance,32,8,0.25,0.2698412698412698,0.0,False,17.0,63.0,1320.4086622450718,1296.5940134601926,-120.40866224507168,-200.40866224507167,True,56.344270579835936,False,True,0.2383276117786784,0.0284663159616967,2.0,True,1.0,8.000:8.000|19.019:8.882|35.088:14.643|52.606:14.307|77.254:12.324|70.421:9.497|65.307:30.241|69.781:32.201|77.525:32.442|8.000:8.000,0-12-21-6-20-17-22-30-13-0,0.0006721171084791
158,severe,cluttered,WindAwareGreedy,32,6,0.1875,0.1904761904761904,0.0,False,12.0,63.0,1279.16517995227,1229.4300651569542,-79.16517995226988,-159.16517995226988,True,54.06149833552237,False,True,0.0898923454017084,0.0129221726872041,2.0,True,1.0,8.000:8.000|19.019:8.882|35.088:14.643|52.606:14.307|8.301:23.171|11.686:55.479|32.859:52.011|8.000:8.000,0-12-21-6-9-24-15-0,0.0006984469946473
158,severe,cluttered,ReserveOnlyPlanner,32,6,0.1875,0.1666666666666666,0.1666666666666666,True,10.5,63.0,1062.8360726019823,1142.4825474114375,137.16392739801762,57.16392739801762,False,48.9970448374483,True,False,0.0065914032675221,0.000941770261518,2.8284271247461903,False,1.0,8.000:8.000|19.019:8.882|35.088:14.643|8.301:23.171|11.686:55.479|32.859:52.011|33.034:59.168|8.000:8.000,0-12-21-9-24-15-3-0,0.0006968618836253
158,severe,cluttered,FairRiskAwareGreedy,32,13,0.40625,0.4603174603174603,0.4603174603174603,True,29.0,63.0,1078.9353972379597,1126.021788422385,121.0646027620407,41.06460276204071,False,97.1374250297396,True,False,0.0056809300355347,0.000406148189048,2.8284271247461903,False,1.0,8.000:8.000|35.088:14.643|19.019:8.882|52.606:14.307|78.546:43.601|81.559:42.069|45.561:63.953|32.859:52.011|14.758:86.982|13.068:90.776|22.619:92.038|31.387:88.709|11.686:55.479|8.301:23.171|8.000:8.000,0-21-12-6-23-19-27-15-32-1-28-2-24-9-0,0.0017757602035999
158,severe,cluttered,FairALNSPlanner,32,16,0.5,0.5634920634920635,0.5634920634920635,True,35.5,63.0,1020.0829438113832,1207.0354651280911,179.91705618861704,99.91705618861704,False,99.09950307838736,True,False,0.0017733131188534,0.0001043853838103,2.8284271247461903,False,1.0,8.000:8.000|8.301:23.171|35.088:14.643|19.019:8.882|32.859:52.011|33.034:59.168|45.561:63.953|71.163:84.858|65.463:82.712|55.953:76.317|67.518:51.270|78.546:43.601|81.559:42.069|82.752:35.285|77.525:32.442|65.307:30.241|52.606:14.307|8.000:8.000,0-9-21-12-15-3-27-10-14-16-11-23-19-25-13-22-6-0,6.990123366937041
158,severe,cluttered,RAWA-RHP,32,20,0.625,0.6825396825396826,0.6825396825396826,True,43.0,63.0,1046.487681943173,1231.738923454695,153.5123180568274,73.51231805682741,False,106.25517160810588,True,False,0.0016018866846639,7.63267632801133e-05,2.8284271247461903,False,1.0,8.000:8.000|8.301:23.171|11.686:55.479|14.758:86.982|13.068:90.776|22.619:92.038|31.387:88.709|56.412:89.680|55.953:76.317|65.463:82.712|71.163:84.858|78.010:77.848|67.518:51.270|78.546:43.601|81.559:42.069|82.752:35.285|77.525:32.442|65.307:30.241|69.781:32.201|35.088:14.643|19.019:8.882|8.000:8.000,0-9-24-32-1-28-2-4-16-14-10-29-11-23-19-25-13-22-30-21-12-0,22.27233524201438
156,calm,sparse,NearestNeighbor,32,31,0.96875,0.9541984732824428,0.0,False,62.5,65.5,1444.0165047788985,1442.2856192751028,-244.01650477889865,-324.0165047788986,True,168.77408380482248,False,True,0.0331580629395595,0.001049823923828,2.0,True,1.0,8.000:8.000|21.642:26.382|29.891:35.082|32.859:32.903|42.847:31.914|53.090:28.862|46.378:21.558|46.926:18.076|35.024:20.046|41.823:45.612|32.614:53.541|30.621:55.802|41.732:61.635|56.486:62.068|55.316:71.736|57.558:79.320|39.331:85.511|36.447:88.591|16.337:61.322|14.603:54.831|59.703:48.415|68.556:41.815|77.243:34.899|73.086:19.920|62.897:25.151|63.892:30.946|72.553:58.167|77.095:58.580|80.580:57.553|91.729:62.214|95.649:52.197|89.690:46.111|8.000:8.000,0-27-29-15-3-14-2-25-28-7-19-26-4-1-11-13-21-6-8-12-5-24-32-30-17-10-20-23-31-22-9-16-0,0.0022631750907748
156,calm,sparse,ValuePerDistance,32,30,0.9375,0.9541984732824428,0.0,False,62.5,65.5,1418.0416311046088,1407.112368840494,-218.04163110460837,-298.0416311046083,True,164.11996318857612,False,True,0.0397347046670178,0.0013033637898008,2.0,True,1.0,8.000:8.000|21.642:26.382|29.891:35.082|32.859:32.903|35.024:20.046|46.378:21.558|46.926:18.076|53.090:28.862|62.897:25.151|63.892:30.946|77.243:34.899|68.556:41.815|59.703:48.415|72.553:58.167|77.095:58.580|80.580:57.553|82.044:72.471|91.729:62.214|95.649:52.197|89.690:46.111|73.086:19.920|41.823:45.612|41.732:61.635|30.621:55.802|32.614:53.541|14.603:54.831|16.337:61.322|39.331:85.511|36.447:88.591|57.558:79.320|55.316:71.736|8.000:8.000,0-27-29-15-28-2-25-14-17-10-32-24-5-20-23-31-18-22-9-16-30-7-4-26-19-12-8-21-6-13-11-0,0.0017915801145136
156,calm,sparse,WindAwareGreedy,32,21,0.65625,0.7557251908396947,0.0,False,49.5,65.5,1437.155106742814,1439.011356899258,-237.15510674281367,-317.1551067428137,True,153.7849551321011,False,True,0.0454988318738487,0.0021092634374373,2.0,True,1.0,8.000:8.000|46.378:21.558|62.897:25.151|53.090:28.862|35.024:20.046|14.603:54.831|16.337:61.322|41.732:61.635|41.823:45.612|29.891:35.082|21.642:26.382|32.859:32.903|46.926:18.076|77.243:34.899|82.044:72.471|72.553:58.167|77.095:58.580|80.580:57.553|59.703:48.415|39.331:85.511|57.558:79.320|55.316:71.736|8.000:8.000,0-2-17-14-28-12-8-4-7-29-27-15-25-32-18-20-23-31-5-21-13-11-0,0.0016828130465
156,calm,sparse,ReserveOnlyPlanner,32,18,0.5625,0.6793893129770993,0.6793893129770993,True,44.5,65.5,1116.5729476859494,1142.5717097022196,83.42705231405019,3.4270523140501865,False,120.84276010708844,True,False,0.0271443367749438,0.0014426079858526,2.0,False,1.0,8.000:8.000|46.378:21.558|62.897:25.151|53.090:28.862|41.823:45.612|14.603:54.831|16.337:61.322|41.732:61.635|39.331:85.511|57.558:79.320|82.044:72.471|72.553:58.167|77.095:58.580|80.580:57.553|77.243:34.899|73.086:19.920|35.024:20.046|46.926:18.076|29.891:35.082|8.000:8.000,0-2-17-14-7-12-8-4-21-13-18-20-23-31-32-30-28-25-29-0,0.0016321088187396
156,calm,sparse,FairRiskAwareGreedy,32,14,0.4375,0.5419847328244275,0.5419847328244275,True,35.5,65.5,1083.414186745693,1097.6547461646755,116.58581325430676,36.58581325430677,False,119.83071973301692,True,False,0.0091266967341785,0.0006097978582112,2.0,False,1.0,8.000:8.000|46.378:21.558|62.897:25.151|53.090:28.862|14.603:54.831|16.337:61.322|41.823:45.612|35.024:20.046|46.926:18.076|29.891:35.082|21.642:26.382|82.044:72.471|72.553:58.167|77.243:34.899|73.086:19.920|8.000:8.000,0-2-17-14-12-8-7-28-25-29-27-18-20-32-30-0,0.0024385720025748
156,calm,sparse,FairALNSPlanner,32,24,0.75,0.816793893129771,0.816793893129771,True,53.5,65.5,1056.3527922178098,1143.1970698379848,143.6472077821902,63.64720778219021,False,133.91689522129008,True,False,0.0253838977946605,0.0010257297453607,2.0,False,1.0,8.000:8.000|46.926:18.076|62.897:25.151|63.892:30.946|68.556:41.815|59.703:48.415|72.553:58.167|77.095:58.580|82.044:72.471|80.580:57.553|77.243:34.899|73.086:19.920|53.090:28.862|46.378:21.558|35.024:20.046|32.859:32.903|29.891:35.082|41.823:45.612|32.614:53.541|30.621:55.802|41.732:61.635|39.331:85.511|16.337:61.322|14.603:54.831|21.642:26.382|8.000:8.000,0-25-17-10-24-5-20-23-18-31-32-30-14-2-28-15-29-7-19-26-4-21-8-12-27-0,14.441625414881855
156,calm,sparse,RAWA-RHP,32,28,0.875,0.9236641221374046,0.9236641221374046,True,60.5,65.5,1046.4533716919652,1126.897929592163,153.54662830803446,73.54662830803446,False,138.0539739816677,True,False,0.024983997119706,0.0008690906059558,2.0,False,1.0,8.000:8.000|35.024:20.046|46.378:21.558|46.926:18.076|53.090:28.862|62.897:25.151|73.086:19.920|77.243:34.899|68.556:41.815|59.703:48.415|72.553:58.167|77.095:58.580|80.580:57.553|91.729:62.214|82.044:72.471|56.486:62.068|55.316:71.736|57.558:79.320|39.331:85.511|41.732:61.635|16.337:61.322|14.603:54.831|30.621:55.802|32.614:53.541|41.823:45.612|42.847:31.914|32.859:32.903|29.891:35.082|21.642:26.382|8.000:8.000,0-28-2-25-14-17-30-32-24-5-20-23-31-22-18-1-11-13-21-4-8-12-26-19-7-3-15-29-27-0,123.88859871588647
154,moderate,sparse,NearestNeighbor,32,29,0.90625,0.902097902097902,0.0,False,64.5,71.5,1533.7586856719772,1567.105335486384,-333.75868567197705,-413.75868567197705,True,142.1014916175373,False,True,0.166837731340076,0.0057544654187361,2.0,True,1.0,8.000:8.000|27.786:11.881|33.935:23.214|28.129:28.430|25.900:30.747|27.850:33.274|35.024:37.172|39.084:35.562|42.130:29.044|32.056:40.553|26.691:62.826|21.196:68.938|35.933:67.302|38.662:67.731|54.154:54.307|57.327:55.527|59.333:57.898|59.283:73.837|62.610:91.485|78.072:83.982|90.176:79.210|87.966:64.718|83.845:64.949|80.470:56.289|81.017:47.502|78.374:46.954|73.404:43.282|74.606:40.475|83.971:41.172|84.487:30.579|8.000:8.000,0-4-15-9-2-16-17-5-24-1-29-21-30-26-28-32-7-18-19-12-13-22-25-3-11-27-23-31-14-10-0,0.0014224159531295
154,moderate,sparse,ValuePerDistance,32,27,0.84375,0.8881118881118881,0.0,False,63.5,71.5,1773.956214441595,1753.425361353154,-573.9562144415952,-653.9562144415952,True,147.38056967860325,False,True,0.1076909410287807,0.0040135531427941,2.0,True,1.0,8.000:8.000|28.129:28.430|25.900:30.747|27.850:33.274|33.935:23.214|42.130:29.044|39.084:35.562|35.024:37.172|32.056:40.553|54.154:54.307|57.327:55.527|59.333:57.898|78.374:46.954|81.017:47.502|80.470:56.289|83.845:64.949|87.966:64.718|91.379:55.556|83.971:41.172|73.404:43.282|74.606:40.475|73.563:25.643|67.276:33.597|35.933:67.302|38.662:67.731|26.691:62.826|21.196:68.938|62.610:91.485|8.000:8.000,0-9-2-16-15-24-5-17-1-28-32-7-27-11-3-25-22-20-14-23-31-6-8-30-26-29-21-19-0,0.0011392701417207
154,moderate,sparse,WindAwareGreedy,32,20,0.625,0.7202797202797203,0.0,False,51.5,71.5,1554.303118373624,1558.800349847504,-354.3031183736241,-434.3031183736241,True,126.22686886577782,False,True,0.2165099848871683,0.0114567406160335,2.0,True,1.0,8.000:8.000|28.129:28.430|33.935:23.214|27.850:33.274|39.084:35.562|42.130:29.044|54.154:54.307|35.933:67.302|38.662:67.731|26.691:62.826|21.196:68.938|57.327:55.527|59.333:57.898|78.374:46.954|83.845:64.949|87.966:64.718|91.379:55.556|80.470:56.289|73.563:25.643|73.404:43.282|81.017:47.502|8.000:8.000,0-9-15-16-5-24-28-30-26-29-21-32-7-27-25-22-20-3-6-23-11-0,0.0011717700399458
154,moderate,sparse,ReserveOnlyPlanner,32,17,0.53125,0.6083916083916084,0.6083916083916084,True,43.5,71.5,1095.1569059025078,1185.229776136984,104.84309409749238,24.843094097492383,False,92.63213568027486,True,False,0.1304479544834874,0.0076500901405388,2.0,False,1.0,8.000:8.000|28.129:28.430|33.935:23.214|27.850:33.274|25.900:30.747|39.084:35.562|35.024:37.172|35.933:67.302|38.662:67.731|54.154:54.307|57.327:55.527|59.333:57.898|83.845:64.949|87.966:64.718|91.379:55.556|78.374:46.954|81.017:47.502|73.404:43.282|8.000:8.000,0-9-15-16-2-5-17-30-26-28-32-7-25-22-20-27-11-23-0,0.0071306279860436
154,moderate,sparse,FairRiskAwareGreedy,32,13,0.40625,0.4755244755244755,0.4755244755244755,True,34.0,71.5,1071.6862387286685,1117.430428100894,128.31376127133166,48.31376127133166,False,112.83129219724528,True,False,0.0004784063594293,3.417736145225733e-05,2.8284271247461903,False,1.0,8.000:8.000|28.129:28.430|27.850:33.274|54.154:54.307|35.933:67.302|78.374:46.954|83.845:64.949|91.379:55.556|73.563:25.643|27.786:11.881|57.327:55.527|59.333:57.898|25.900:30.747|32.056:40.553|8.000:8.000,0-9-16-28-30-27-25-20-6-4-32-7-2-1-0,0.0018183598294854
154,moderate,sparse,FairALNSPlanner,32,28,0.875,0.9090909090909092,0.9090909090909092,True,65.0,71.5,1044.1138940187875,1202.6292301233689,155.88610598121227,75.88610598121227,False,134.032889812588,True,False,0.033245074404993,0.0011615348547992,2.0,False,1.0,8.000:8.000|27.786:11.881|33.935:23.214|42.130:29.044|73.563:25.643|84.487:30.579|83.971:41.172|74.606:40.475|73.404:43.282|78.374:46.954|81.017:47.502|80.470:56.289|83.845:64.949|91.379:55.556|87.966:64.718|59.283:73.837|59.333:57.898|57.327:55.527|54.154:54.307|35.024:37.172|39.084:35.562|38.662:67.731|35.933:67.302|26.691:62.826|21.196:68.938|32.056:40.553|27.850:33.274|25.900:30.747|28.129:28.430|8.000:8.000,0-4-15-24-6-10-14-31-23-27-11-3-25-20-22-18-7-32-28-17-5-26-30-29-21-1-16-2-9-0,18.53814217518084
154,moderate,sparse,RAWA-RHP,32,28,0.875,0.8951048951048951,0.8951048951048951,True,64.0,71.5,1039.93653224523,1189.5225076862228,160.0634677547698,80.06346775476979,False,133.032737971044,True,False,0.0332454991882047,0.0011615500062066,2.0,False,1.0,8.000:8.000|27.786:11.881|33.935:23.214|42.130:29.044|73.563:25.643|84.487:30.579|83.971:41.172|74.606:40.475|73.404:43.282|78.374:46.954|81.017:47.502|80.470:56.289|83.845:64.949|87.966:64.718|54.154:54.307|57.327:55.527|59.333:57.898|59.283:73.837|62.610:91.485|38.662:67.731|35.933:67.302|26.691:62.826|21.196:68.938|35.024:37.172|39.084:35.562|32.056:40.553|27.850:33.274|25.900:30.747|28.129:28.430|8.000:8.000,0-4-15-24-6-10-14-31-23-27-11-3-25-22-28-32-7-18-19-26-30-29-21-17-5-1-16-2-9-0,173.24251477303915
158,severe,sparse,NearestNeighbor,32,15,0.46875,0.425,0.0,False,25.5,60.0,1305.607715312722,1301.843494874428,-105.60771531272164,-185.60771531272164,True,69.96262056295139,False,True,0.1542875142926285,0.0100469975149848,2.0,True,1.0,8.000:8.000|16.761:21.994|19.706:22.199|31.352:23.232|46.747:16.339|50.193:18.718|54.670:17.670|54.467:23.913|54.919:31.820|57.748:35.647|60.827:33.872|63.430:38.966|66.122:38.669|57.824:47.572|46.245:45.575|41.609:55.387|8.000:8.000,0-13-5-14-28-6-20-2-26-16-4-25-8-15-21-3-0,0.0013684779405593
158,severe,sparse,ValuePerDistance,32,13,0.40625,0.375,0.0,False,22.5,60.0,1264.4836529275997,1267.4768369543392,-64.48365292759937,-144.48365292759937,True,65.40784690717234,False,True,0.0735133286850406,0.0052570429177414,2.0,True,1.0,8.000:8.000|19.706:22.199|16.761:21.994|31.352:23.232|50.193:18.718|46.747:16.339|54.670:17.670|54.467:23.913|54.919:31.820|57.748:35.647|60.827:33.872|63.430:38.966|66.122:38.669|69.174:19.941|8.000:8.000,0-5-13-14-6-28-20-2-26-16-4-25-8-7-0,0.000964666949585
158,severe,sparse,WindAwareGreedy,32,12,0.375,0.375,0.0,False,22.5,60.0,1248.9876373994705,1262.510724203535,-48.98763739947047,-128.9876373994705,True,63.970217124972656,False,True,0.0734643927951532,0.0056573699925023,2.0,True,1.0,8.000:8.000|19.706:22.199|16.761:21.994|31.352:23.232|50.193:18.718|46.747:16.339|54.670:17.670|54.467:23.913|54.919:31.820|57.748:35.647|41.609:55.387|39.352:54.905|46.245:45.575|8.000:8.000,0-5-13-14-6-28-20-2-26-16-3-32-21-0,0.001060530077666
158,severe,sparse,ReserveOnlyPlanner,32,10,0.3125,0.3083333333333333,0.3083333333333333,True,18.5,60.0,1031.834127486159,1122.93542994116,168.16587251384112,88.16587251384112,False,51.63352242555175,True,False,0.0730355173857031,0.0066439180617341,2.0,False,1.0,8.000:8.000|19.706:22.199|16.761:21.994|31.352:23.232|46.747:16.339|50.193:18.718|54.670:17.670|54.467:23.913|54.919:31.820|57.748:35.647|60.827:33.872|8.000:8.000,0-5-13-14-28-6-20-2-26-16-4-0,0.0009926769416779
158,severe,sparse,FairRiskAwareGreedy,32,12,0.375,0.5083333333333333,0.5083333333333333,True,30.5,60.0,1069.6312175740395,1134.828705749815,130.3687824259605,50.36878242596049,False,94.2572877161087,True,False,0.0006632590271167,5.103287153003404e-05,2.8284271247461903,False,1.0,8.000:8.000|31.352:23.232|41.609:55.387|19.706:22.199|16.761:21.994|68.024:55.112|74.751:82.615|69.326:88.774|58.373:80.470|60.767:80.697|57.748:35.647|50.193:18.718|46.747:16.339|8.000:8.000,0-14-3-5-13-30-23-11-29-18-16-6-28-0,0.0019693649373948
158,severe,sparse,FairALNSPlanner,32,22,0.6875,0.7833333333333333,0.7833333333333333,True,47.0,60.0,1050.28245917244,1252.302528723047,149.71754082756,69.71754082756001,False,107.74349774002656,True,False,0.0010448509509859,4.544621410720993e-05,2.8284271247461903,False,1.0,8.000:8.000|31.352:23.232|46.747:16.339|50.193:18.718|54.670:17.670|54.467:23.913|54.919:31.820|57.748:35.647|60.827:33.872|66.122:38.669|74.751:82.615|69.326:88.774|54.230:88.397|58.373:80.470|60.767:80.697|55.545:67.784|67.735:75.328|68.024:55.112|65.748:55.796|41.609:55.387|39.352:54.905|19.706:22.199|16.761:21.994|8.000:8.000,0-14-28-6-20-2-26-16-4-8-23-11-19-29-18-24-31-30-22-3-32-5-13-0,14.012670888798311
158,severe,sparse,RAWA-RHP,32,25,0.78125,0.8416666666666667,0.8416666666666667,True,50.5,60.0,1013.2781128269048,1216.4436876882544,186.72188717309535,106.72188717309538,False,112.22598825658793,True,False,0.0016442169611108,6.328174118414874e-05,2.8284271247461903,False,1.0,8.000:8.000|16.761:21.994|19.706:22.199|39.352:54.905|41.609:55.387|43.172:76.720|67.735:75.328|74.751:82.615|69.326:88.774|54.230:88.397|58.373:80.470|60.767:80.697|55.545:67.784|65.748:55.796|68.024:55.112|57.824:47.572|63.430:38.966|66.122:38.669|60.827:33.872|57.748:35.647|54.919:31.820|54.467:23.913|54.670:17.670|50.193:18.718|46.747:16.339|31.352:23.232|8.000:8.000,0-13-5-32-3-17-31-23-11-19-29-18-24-22-30-15-25-8-4-16-26-2-20-6-28-14-0,28.647804148029536
158,moderate,cluttered,NearestNeighbor,32,24,0.75,0.7704918032786885,0.0,False,47.0,61.0,1287.4221788865457,1275.4946042837232,-87.42217888654594,-167.42217888654594,True,115.873507751543,False,True,0.1070816678093117,0.0043815643876843,2.0,True,1.0,8.000:8.000|16.442:14.424|26.721:21.741|26.279:30.379|18.407:30.067|35.373:39.307|41.019:33.864|46.508:39.166|55.629:45.996|56.361:51.615|50.364:62.612|55.459:66.682|54.654:70.637|65.711:74.946|67.965:76.129|77.154:83.099|82.805:78.123|88.134:78.090|84.244:56.300|76.975:58.338|68.612:45.267|80.812:31.832|84.222:12.996|82.134:13.525|43.265:16.895|8.000:8.000,0-11-30-18-28-29-1-4-32-10-21-31-5-26-9-8-15-7-22-16-27-23-13-12-19-0,0.0019127540290355
158,moderate,cluttered,ValuePerDistance,32,19,0.59375,0.680327868852459,0.0,False,41.5,61.0,1460.752663452619,1435.721553675024,-260.752663452619,-340.752663452619,True,118.4691462879276,False,True,0.1378752817580287,0.0071968907296134,2.0,True,1.0,8.000:8.000|16.442:14.424|26.721:21.741|26.279:30.379|35.373:39.307|41.019:33.864|46.508:39.166|56.361:51.615|55.629:45.996|68.612:45.267|76.975:58.338|84.244:56.300|80.812:31.832|82.134:13.525|84.222:12.996|43.265:16.895|50.364:62.612|55.459:66.682|54.654:70.637|57.725:87.516|8.000:8.000,0-11-30-18-29-1-4-10-32-27-16-22-23-12-13-19-21-31-5-14-0,0.0012973139528185
158,moderate,cluttered,WindAwareGreedy,32,16,0.5,0.6229508196721312,0.0,False,38.0,61.0,1236.6675410711596,1231.9437983007615,-36.66754107115961,-116.6675410711596,True,102.90296809068997,False,True,0.1756346476911844,0.0110481236125131,2.0,True,1.0,8.000:8.000|26.721:21.741|35.373:39.307|46.508:39.166|56.361:51.615|55.629:45.996|41.019:33.864|43.265:16.895|82.134:13.525|84.222:12.996|80.812:31.832|76.975:58.338|84.244:56.300|68.612:45.267|50.364:62.612|31.809:61.283|16.442:14.424|8.000:8.000,0-30-29-4-10-32-1-19-12-13-23-16-22-27-21-3-11-0,0.0013281968422234
158,moderate,cluttered,ReserveOnlyPlanner,32,15,0.46875,0.5409836065573771,0.5409836065573771,True,33.0,61.0,1053.1116291285869,1142.4481568421156,146.88837087141286,66.88837087141286,False,88.91549738163934,True,False,0.130150939805644,0.0084572181876243,2.0,False,1.0,8.000:8.000|16.442:14.424|26.721:21.741|35.373:39.307|46.508:39.166|56.361:51.615|55.629:45.996|68.612:45.267|80.812:31.832|82.134:13.525|84.222:12.996|43.265:16.895|41.019:33.864|26.279:30.379|18.407:30.067|24.566:45.809|8.000:8.000,0-11-30-29-4-10-32-27-23-12-13-19-1-18-28-17-0,0.0013554550241678
158,moderate,cluttered,FairRiskAwareGreedy,32,14,0.4375,0.4918032786885246,0.4918032786885246,True,30.0,61.0,1097.8537522797217,1129.4348317472432,102.14624772027808,22.14624772027807,False,116.41272125167248,True,False,0.0058746835078434,0.0003925881408352,2.0,False,1.0,8.000:8.000|35.373:39.307|26.721:21.741|16.442:14.424|56.361:51.615|46.508:39.166|82.134:13.525|84.222:12.996|43.265:16.895|41.019:33.864|50.364:62.612|26.279:30.379|18.407:30.067|10.998:56.806|24.566:45.809|8.000:8.000,0-29-30-11-10-4-12-13-19-1-21-18-28-6-17-0,0.0020077761728316
158,moderate,cluttered,FairALNSPlanner,32,17,0.53125,0.6311475409836066,0.6311475409836066,True,38.5,61.0,1032.0257189380025,1160.4240949868129,167.9742810619974,87.9742810619974,False,120.09215282290708,True,False,0.0444696538264136,0.0024988327031825,2.0,False,1.0,8.000:8.000|16.442:14.424|18.407:30.067|26.279:30.379|31.809:61.283|8.650:91.459|36.717:70.625|50.364:62.612|68.612:45.267|80.812:31.832|76.975:58.338|56.361:51.615|84.222:12.996|82.134:13.525|46.508:39.166|35.373:39.307|41.019:33.864|26.721:21.741|8.000:8.000,0-11-28-18-3-24-20-21-27-23-16-10-13-12-4-29-1-30-0,8.651723076123744
158,moderate,cluttered,RAWA-RHP,32,23,0.71875,0.7540983606557377,0.7540983606557377,True,46.0,61.0,1051.4634423710452,1192.0154053683927,148.53655762895505,68.53655762895505,False,127.16307885595496,True,False,0.0019977352854781,8.329080290996511e-05,2.8284271247461903,False,1.0,8.000:8.000|43.265:16.895|82.134:13.525|84.222:12.996|84.244:56.300|76.975:58.338|80.812:31.832|68.612:45.267|56.361:51.615|55.629:45.996|54.654:70.637|65.711:74.946|67.965:76.129|77.154:83.099|82.805:78.123|55.459:66.682|50.364:62.612|46.508:39.166|41.019:33.864|35.373:39.307|26.279:30.379|18.407:30.067|26.721:21.741|16.442:14.424|8.000:8.000,0-19-12-13-22-16-23-27-10-32-5-26-9-8-15-31-21-4-1-29-18-28-30-11-0,43.74296971899457
158,moderate,sparse,NearestNeighbor,32,24,0.75,0.7226890756302521,0.0,False,43.0,59.5,1310.8359512697195,1323.8417938462894,-110.83595126971936,-190.83595126971937,True,121.3914629894352,False,True,0.0916873361940251,0.0037707395271787,2.0,True,1.0,8.000:8.000|13.440:34.450|29.126:35.955|29.030:40.769|36.776:44.143|42.331:53.759|43.581:64.905|39.944:68.270|49.506:67.301|66.665:52.503|75.179:49.531|81.460:47.907|78.832:42.156|70.140:32.090|67.661:32.558|76.084:26.539|86.557:23.639|86.349:18.832|79.719:8.058|48.433:30.522|45.189:34.674|42.170:35.482|47.672:41.030|28.113:55.549|28.922:62.112|8.000:8.000,0-18-5-6-30-10-19-15-3-27-23-9-28-16-25-12-11-7-13-14-4-32-26-1-2-0,0.0019030710682272
158,moderate,sparse,ValuePerDistance,32,22,0.6875,0.6890756302521008,0.0,False,41.0,59.5,1307.7064281370608,1313.821267356412,-107.70642813706084,-187.70642813706084,True,117.65551882063892,False,True,0.0568829517153749,0.0024801652859582,2.0,True,1.0,8.000:8.000|29.030:40.769|29.126:35.955|36.776:44.143|42.331:53.759|39.944:68.270|43.581:64.905|49.506:67.301|66.665:52.503|75.179:49.531|78.832:42.156|70.140:32.090|67.661:32.558|76.084:26.539|86.557:23.639|86.349:18.832|79.719:8.058|45.189:34.674|42.170:35.482|48.433:30.522|47.672:41.030|28.113:55.549|28.922:62.112|8.000:8.000,0-6-5-30-10-15-19-3-27-23-28-16-25-12-11-7-13-4-32-14-26-1-2-0,0.0013512291479855
158,moderate,sparse,WindAwareGreedy,32,21,0.65625,0.7563025210084033,0.0,False,45.0,59.5,1534.3668451876556,1500.7156284649252,-334.3668451876556,-414.3668451876556,True,130.968852330839,False,True,0.0035015041428297,0.0001593736561684,2.0,True,1.0,8.000:8.000|29.030:40.769|36.776:44.143|66.665:52.503|75.179:49.531|78.832:42.156|67.661:32.558|70.140:32.090|45.189:34.674|42.170:35.482|29.126:35.955|28.113:55.549|39.944:68.270|49.506:67.301|42.331:53.759|43.581:64.905|80.589:86.633|87.859:81.305|93.650:82.159|89.318:78.898|78.799:72.708|81.460:47.907|8.000:8.000,0-6-30-27-23-28-25-16-4-32-5-1-15-3-10-19-24-22-17-31-29-9-0,0.001581507967785
158,moderate,sparse,ReserveOnlyPlanner,32,14,0.4375,0.4369747899159664,0.4369747899159664,True,26.0,59.5,1098.7329613251868,1171.257477478454,101.26703867481314,21.267038674813136,False,90.63106120719016,True,False,0.0340847467827176,0.0022799183717897,2.0,False,1.0,8.000:8.000|29.030:40.769|36.776:44.143|45.189:34.674|67.661:32.558|70.140:32.090|75.179:49.531|66.665:52.503|78.832:42.156|86.557:23.639|86.349:18.832|79.719:8.058|76.084:26.539|81.460:47.907|48.433:30.522|8.000:8.000,0-6-30-4-25-16-23-27-28-11-7-13-12-9-14-0,0.0013327568303793
158,moderate,sparse,FairRiskAwareGreedy,32,18,0.5625,0.680672268907563,0.680672268907563,True,40.5,59.5,1077.7597675961656,1115.8089735056565,122.2402324038345,42.2402324038345,False,118.91232490300278,True,False,0.0040383502844301,0.0002128854677275,2.0,False,1.0,8.000:8.000|66.665:52.503|75.179:49.531|78.832:42.156|67.661:32.558|70.140:32.090|45.189:34.674|29.030:40.769|36.776:44.143|49.506:67.301|39.944:68.270|42.331:53.759|80.589:86.633|87.859:81.305|93.650:82.159|89.318:78.898|78.799:72.708|42.170:35.482|29.126:35.955|8.000:8.000,0-27-23-28-25-16-4-6-30-3-15-10-24-22-17-31-29-32-5-0,0.002597423037514
158,moderate,sparse,FairALNSPlanner,32,24,0.75,0.8571428571428571,0.8571428571428571,True,51.0,59.5,1052.963722951219,1195.9086542685227,147.03627704878073,67.03627704878073,False,129.87548191696416,True,False,0.0252998562236845,0.0010152298763587,2.0,False,1.0,8.000:8.000|29.126:35.955|29.030:40.769|36.776:44.143|42.331:53.759|28.113:55.549|28.922:62.112|10.973:81.135|35.351:92.096|80.589:86.633|87.859:81.305|93.650:82.159|89.318:78.898|78.799:72.708|39.944:68.270|43.581:64.905|49.506:67.301|66.665:52.503|75.179:49.531|78.832:42.156|70.140:32.090|67.661:32.558|48.433:30.522|45.189:34.674|42.170:35.482|8.000:8.000,0-5-6-30-10-1-2-21-20-24-22-17-31-29-15-19-3-27-23-28-16-25-14-4-32-0,14.438478240044788
158,moderate,sparse,RAWA-RHP,32,27,0.84375,0.8991596638655462,0.8991596638655462,True,53.5,59.5,1053.234133753822,1215.3318924484306,146.76586624617795,66.76586624617795,False,135.01968061002674,True,False,0.0041092367803527,0.0001469793748849,2.0,False,1.0,8.000:8.000|29.126:35.955|29.030:40.769|28.922:62.112|28.113:55.549|36.776:44.143|42.331:53.759|49.506:67.301|43.581:64.905|39.944:68.270|35.351:92.096|80.589:86.633|84.516:87.221|93.650:82.159|87.859:81.305|89.318:78.898|78.799:72.708|66.665:52.503|75.179:49.531|78.832:42.156|86.557:23.639|86.349:18.832|76.084:26.539|70.140:32.090|67.661:32.558|48.433:30.522|45.189:34.674|42.170:35.482|8.000:8.000,0-5-6-2-1-30-10-3-19-15-20-24-8-17-22-31-29-27-23-28-11-7-12-16-25-14-4-32-0,47.08113509300165
155,moderate,sparse,NearestNeighbor,32,29,0.90625,0.9318181818181818,0.0,False,61.5,66.0,1723.035044646659,1717.6582882188782,-523.035044646659,-603.035044646659,True,148.55423929242085,False,True,0.1131496779375527,0.003936749000035,2.0,True,1.0,8.000:8.000|12.701:17.613|28.373:19.315|31.963:18.275|38.006:24.683|42.942:11.640|42.655:9.105|45.488:46.965|41.046:47.285|39.322:49.501|33.521:54.313|23.118:63.711|18.206:67.259|24.314:76.691|27.633:78.245|36.497:68.856|40.076:68.200|53.785:70.442|60.933:60.990|49.900:52.760|78.886:51.624|80.258:41.076|83.402:41.383|89.124:34.392|92.398:44.126|74.285:37.411|84.304:64.231|82.359:66.155|73.059:71.272|62.881:78.028|8.000:8.000,0-11-31-13-8-27-14-1-12-4-22-7-28-29-2-20-9-16-24-5-23-18-32-10-6-19-17-25-3-21-0,0.0020554829388856
155,moderate,sparse,ValuePerDistance,32,25,0.78125,0.8409090909090909,0.0,False,55.5,66.0,1501.8213619390208,1507.572689529576,-301.8213619390209,-381.8213619390209,True,138.4757502650894,False,True,0.1127532897674448,0.0043582944108916,2.0,True,1.0,8.000:8.000|28.373:19.315|31.963:18.275|42.942:11.640|42.655:9.105|41.046:47.285|45.488:46.965|49.900:52.760|60.933:60.990|73.059:71.272|82.359:66.155|84.304:64.231|78.886:51.624|80.258:41.076|83.402:41.383|89.124:34.392|92.398:44.126|74.285:37.411|40.076:68.200|36.497:68.856|24.314:76.691|27.633:78.245|18.206:67.259|23.118:63.711|33.521:54.313|39.322:49.501|8.000:8.000,0-31-13-27-14-12-1-5-24-3-25-17-23-18-32-10-6-19-9-20-29-2-28-7-22-4-0,0.0015306521672755
155,moderate,sparse,WindAwareGreedy,32,21,0.65625,0.7575757575757576,0.0,False,50.0,66.0,1697.151821868474,1675.501301092374,-497.1518218684741,-577.1518218684741,True,131.95336501813668,False,True,0.1288951050608174,0.0061598485331549,2.0,True,1.0,8.000:8.000|28.373:19.315|41.046:47.285|49.900:52.760|60.933:60.990|82.359:66.155|84.304:64.231|73.059:71.272|62.881:78.028|40.076:68.200|36.497:68.856|24.314:76.691|18.206:67.259|33.521:54.313|45.488:46.965|39.322:49.501|80.258:41.076|83.402:41.383|78.886:51.624|74.285:37.411|89.124:34.392|92.398:44.126|8.000:8.000,0-31-12-5-24-25-17-3-21-9-20-29-28-22-1-4-18-32-23-19-10-6-0,0.0015951220411807
155,moderate,sparse,ReserveOnlyPlanner,32,14,0.4375,0.5454545454545454,0.5454545454545454,True,36.0,66.0,1115.021435269577,1168.42429186635,84.97856473042305,4.978564730423045,False,83.50785062207062,True,False,0.0631159602927781,0.004267432574375,2.0,False,1.0,8.000:8.000|28.373:19.315|41.046:47.285|49.900:52.760|60.933:60.990|82.359:66.155|84.304:64.231|73.059:71.272|62.881:78.028|40.076:68.200|36.497:68.856|24.314:76.691|18.206:67.259|23.118:63.711|33.521:54.313|8.000:8.000,0-31-12-5-24-25-17-3-21-9-20-29-28-7-22-0,0.0013034380972385
155,moderate,sparse,FairRiskAwareGreedy,32,15,0.46875,0.5681818181818182,0.5681818181818182,True,37.5,66.0,1099.0771494033188,1132.2958636092244,100.9228505966812,20.9228505966812,False,120.3415948952866,True,False,1.5812022488459476e-05,9.882564778254666e-07,2.8284271247461903,False,1.0,8.000:8.000|28.373:19.315|41.046:47.285|49.900:52.760|60.933:60.990|40.076:68.200|24.314:76.691|18.206:67.259|31.963:18.275|45.488:46.965|42.942:11.640|42.655:9.105|80.258:41.076|83.402:41.383|84.304:64.231|78.886:51.624|8.000:8.000,0-31-12-5-24-9-29-28-13-1-27-14-18-32-17-23-0,0.0021750221494585
155,moderate,sparse,FairALNSPlanner,32,20,0.625,0.6742424242424242,0.6742424242424242,True,44.5,66.0,1046.1446595245477,1147.9152218020715,153.85534047545258,73.85534047545258,False,123.22857120068308,True,False,0.0337886769284269,0.0016107335465525,2.0,False,1.0,8.000:8.000|31.963:18.275|28.373:19.315|42.655:9.105|42.942:11.640|45.488:46.965|49.900:52.760|60.933:60.990|74.285:37.411|78.886:51.624|84.304:64.231|80.258:41.076|62.881:78.028|73.059:71.272|82.359:66.155|92.398:44.126|89.124:34.392|83.402:41.383|41.046:47.285|39.322:49.501|12.701:17.613|8.000:8.000,0-13-31-14-27-1-5-24-19-23-17-18-21-3-25-6-10-32-12-4-11-0,14.767461933195593
155,moderate,sparse,RAWA-RHP,32,29,0.90625,0.9318181818181818,0.9318181818181818,True,61.5,66.0,1031.9665717540013,1165.358340553517,168.0334282459988,88.0334282459988,False,134.83629085715347,True,False,0.022205540517675,0.0007413134211334,2.0,False,1.0,8.000:8.000|12.701:17.613|33.521:54.313|23.118:63.711|18.206:67.259|24.314:76.691|27.633:78.245|36.497:68.856|40.076:68.200|53.785:70.442|62.881:78.028|73.059:71.272|82.359:66.155|84.304:64.231|92.398:44.126|89.124:34.392|83.402:41.383|80.258:41.076|74.285:37.411|78.886:51.624|60.933:60.990|49.900:52.760|45.488:46.965|41.046:47.285|39.322:49.501|38.006:24.683|31.963:18.275|28.373:19.315|42.942:11.640|42.655:9.105|8.000:8.000,0-11-22-7-28-29-2-20-9-16-21-3-25-17-6-10-32-18-19-23-24-5-1-12-4-8-13-31-27-14-0,155.21513304696418
159,calm,sparse,NearestNeighbor,32,31,0.96875,0.96,0.0,False,60.0,62.5,1301.2154041249123,1297.885857943051,-101.21540412491248,-181.21540412491248,True,156.0738055821113,False,True,0.0173631844624484,0.0005462161859548,2.0,True,1.0,8.000:8.000|8.366:30.762|23.856:47.933|32.586:41.228|39.684:50.042|54.475:50.150|54.586:60.599|68.324:73.352|71.051:71.622|61.955:79.060|63.166:84.967|69.812:93.243|76.867:84.481|84.747:62.020|95.386:56.390|96.066:54.352|89.928:44.416|86.895:45.731|93.886:40.605|78.122:38.681|75.193:41.528|81.084:35.426|78.244:31.147|84.733:27.310|74.973:20.469|68.673:24.270|64.371:27.493|46.858:26.394|41.648:31.796|28.612:68.255|24.194:67.529|34.677:74.526|8.000:8.000,0-23-28-6-26-7-10-12-18-14-16-13-22-29-31-1-25-24-30-11-17-2-15-8-9-19-27-5-3-21-20-4-0,0.0021715068724006
159,calm,sparse,ValuePerDistance,32,28,0.875,0.888,0.0,False,55.5,62.5,1310.544499028678,1310.5888395818502,-110.5444990286776,-190.5444990286776,True,152.5066927770959,False,True,0.0212678897820971,0.0007398966602176,2.0,True,1.0,8.000:8.000|8.366:30.762|32.586:41.228|39.684:50.042|54.475:50.150|54.586:60.599|71.051:71.622|68.324:73.352|63.166:84.967|61.955:79.060|69.812:93.243|76.867:84.481|84.747:62.020|95.386:56.390|96.066:54.352|86.895:45.731|89.928:44.416|81.084:35.426|78.244:31.147|84.733:27.310|75.193:41.528|78.122:38.681|68.673:24.270|74.973:20.469|64.371:27.493|41.648:31.796|46.858:26.394|23.856:47.933|24.194:67.529|8.000:8.000,0-23-6-26-7-10-18-12-16-14-13-22-29-31-1-24-25-2-15-8-17-11-19-9-27-3-5-28-20-0,0.0015957979485392
159,calm,sparse,WindAwareGreedy,32,20,0.625,0.72,0.0,False,45.0,62.5,1263.4861187053532,1274.999180971596,-63.48611870535333,-143.4861187053533,True,138.5511322558485,False,True,0.0245864724744122,0.0011826635380811,2.0,True,1.0,8.000:8.000|32.586:41.228|8.366:30.762|54.475:50.150|81.084:35.426|78.244:31.147|75.193:41.528|84.747:62.020|95.386:56.390|96.066:54.352|86.895:45.731|84.733:27.310|68.673:24.270|74.973:20.469|78.122:38.681|71.051:71.622|63.166:84.967|24.100:83.501|24.194:67.529|28.612:68.255|23.856:47.933|8.000:8.000,0-6-23-7-2-15-17-29-31-1-24-8-19-9-11-18-16-32-20-21-28-0,0.0015619229525327
159,calm,sparse,ReserveOnlyPlanner,32,19,0.59375,0.6,0.6,True,37.5,62.5,1022.7168346395058,1075.3231083988544,177.28316536049437,97.28316536049437,False,115.9691182116484,True,False,0.0201845863797764,0.0010171017385227,2.0,False,1.0,8.000:8.000|8.366:30.762|32.586:41.228|54.475:50.150|81.084:35.426|78.244:31.147|75.193:41.528|78.122:38.681|84.733:27.310|68.673:24.270|74.973:20.469|64.371:27.493|41.648:31.796|46.858:26.394|39.684:50.042|24.194:67.529|28.612:68.255|24.100:83.501|34.677:74.526|23.856:47.933|8.000:8.000,0-23-6-7-2-15-17-11-8-19-9-27-3-5-26-20-21-32-4-28-0,0.0016485690139234
159,calm,sparse,FairRiskAwareGreedy,32,15,0.46875,0.576,0.576,True,36.0,62.5,1048.6149441857306,1066.958903144866,151.38505581426932,71.38505581426932,False,120.73566606364258,True,False,0.0102535109031903,0.0006432400887427,2.0,False,1.0,8.000:8.000|32.586:41.228|54.475:50.150|78.244:31.147|81.084:35.426|75.193:41.528|84.747:62.020|96.066:54.352|95.386:56.390|86.895:45.731|63.166:84.967|24.100:83.501|8.366:30.762|24.194:67.529|28.612:68.255|23.856:47.933|8.000:8.000,0-6-7-15-2-17-29-1-31-24-16-32-23-20-21-28-0,0.0025341019500046
159,calm,sparse,FairALNSPlanner,32,27,0.84375,0.888,0.888,True,55.5,62.5,1044.906948671901,1116.2281282442152,155.0930513280988,75.0930513280988,False,135.91263429184062,True,False,0.0130329922139372,0.0004675913704049,2.0,False,1.0,8.000:8.000|32.586:41.228|39.684:50.042|54.475:50.150|28.612:68.255|24.194:67.529|24.100:83.501|63.166:84.967|69.812:93.243|76.867:84.481|68.324:73.352|71.051:71.622|84.747:62.020|95.386:56.390|96.066:54.352|89.928:44.416|86.895:45.731|75.193:41.528|78.122:38.681|81.084:35.426|78.244:31.147|84.733:27.310|74.973:20.469|68.673:24.270|64.371:27.493|46.858:26.394|41.648:31.796|8.366:30.762|8.000:8.000,0-6-26-7-21-20-32-16-13-22-12-18-29-31-1-25-24-17-11-2-15-8-9-19-27-5-3-23-0,16.88084602006711
159,calm,sparse,RAWA-RHP,32,29,0.90625,0.936,0.936,True,58.5,62.5,1056.4871774409246,1134.8473621567032,143.51282255907535,63.51282255907535,False,140.10521380467327,True,False,0.0130327994118968,0.0004364121007809,2.0,False,1.0,8.000:8.000|32.586:41.228|39.684:50.042|54.475:50.150|64.371:27.493|68.673:24.270|74.973:20.469|84.733:27.310|78.244:31.147|81.084:35.426|78.122:38.681|75.193:41.528|86.895:45.731|89.928:44.416|93.886:40.605|96.066:54.352|95.386:56.390|84.747:62.020|68.324:73.352|71.051:71.622|76.867:84.481|69.812:93.243|63.166:84.967|61.955:79.060|34.677:74.526|24.100:83.501|24.194:67.529|28.612:68.255|23.856:47.933|8.366:30.762|8.000:8.000,0-6-26-7-27-19-9-8-15-2-11-17-24-25-30-1-31-29-12-18-22-13-16-14-4-32-20-21-28-23-0,43.21875976794399
157,moderate,cluttered,NearestNeighbor,32,22,0.6875,0.7443609022556391,0.0,False,49.5,66.5,1313.3772645910835,1321.2278936307723,-113.3772645910833,-193.3772645910833,True,110.0607093157955,False,True,0.1700146859512045,0.0079709581039105,2.0,True,1.0,8.000:8.000|31.679:23.981|41.601:18.185|49.156:10.557|53.594:18.144|63.493:8.103|72.917:25.981|72.267:29.464|75.489:33.980|78.597:32.425|79.325:27.023|83.659:36.382|79.974:49.699|77.175:47.899|71.682:52.375|62.478:61.811|52.277:60.507|34.076:61.896|20.627:61.325|17.582:67.046|12.094:71.259|24.054:70.053|24.364:74.672|8.000:8.000,0-28-31-30-23-1-19-4-18-27-3-24-10-21-17-25-26-6-14-15-13-29-8-0,0.0018182720523327
157,moderate,cluttered,ValuePerDistance,32,18,0.5625,0.6541353383458647,0.0,False,43.5,66.5,1327.089588341923,1307.987449026046,-127.089588341923,-207.089588341923,True,109.2020968360539,False,True,0.1807635504989898,0.0097856070555823,2.0,True,1.0,8.000:8.000|31.679:23.981|41.601:18.185|49.156:10.557|53.594:18.144|63.493:8.103|75.489:33.980|78.597:32.425|83.659:36.382|77.175:47.899|79.974:49.699|71.682:52.375|52.277:60.507|34.076:61.896|20.627:61.325|17.582:67.046|12.094:71.259|24.054:70.053|24.364:74.672|8.000:8.000,0-28-31-30-23-1-18-27-24-21-10-17-26-6-14-15-13-29-8-0,0.0012324820272624
157,moderate,cluttered,WindAwareGreedy,32,18,0.5625,0.6466165413533834,0.0,False,43.0,66.5,1276.8025762367668,1301.8677488460844,-76.80257623676704,-156.80257623676704,True,104.49192784722618,False,True,0.1538377452806182,0.008665014704345,2.0,True,1.0,8.000:8.000|31.679:23.981|53.594:18.144|49.156:10.557|63.493:8.103|75.489:33.980|78.597:32.425|83.659:36.382|77.175:47.899|79.974:49.699|71.682:52.375|52.609:36.744|46.504:30.018|41.601:18.185|28.231:39.611|33.122:45.003|34.076:61.896|20.627:61.325|17.582:67.046|8.000:8.000,0-28-23-30-1-18-27-24-21-10-17-12-22-31-9-11-6-14-15-0,0.0014360412023961
157,moderate,cluttered,ReserveOnlyPlanner,32,17,0.53125,0.5488721804511278,0.5488721804511278,True,36.5,66.5,1103.0859222317183,1193.8046711633715,96.91407776828184,16.914077768281828,False,90.84861033633756,True,False,0.1207977714539352,0.0070082705215673,2.0,False,1.0,8.000:8.000|31.679:23.981|41.601:18.185|53.594:18.144|49.156:10.557|63.493:8.103|75.489:33.980|78.597:32.425|83.659:36.382|79.325:27.023|72.917:25.981|72.267:29.464|77.175:47.899|79.974:49.699|71.682:52.375|52.609:36.744|46.504:30.018|53.131:34.492|8.000:8.000,0-28-31-23-30-1-18-27-24-3-19-4-21-10-17-12-22-20-0,0.0014828438870608
157,moderate,cluttered,FairRiskAwareGreedy,32,14,0.4375,0.4736842105263157,0.4736842105263157,True,31.5,66.5,1052.2457046430743,1091.2340930935266,147.7542953569254,67.75429535692541,False,109.80174416538472,True,False,0.0064547520838756,0.0004314139984994,2.8284271247461903,False,1.0,8.000:8.000|53.594:18.144|75.489:33.980|78.597:32.425|83.659:36.382|49.156:10.557|63.493:8.103|34.076:61.896|52.277:60.507|33.122:45.003|46.504:30.018|41.601:18.185|52.609:36.744|53.131:34.492|17.617:48.348|8.000:8.000,0-23-18-27-24-30-1-6-26-11-22-31-12-20-2-0,0.001653040992096
157,moderate,cluttered,FairALNSPlanner,32,9,0.28125,0.3308270676691729,0.3308270676691729,True,22.0,66.5,582.687674781851,657.9393796897083,617.3123252181487,537.3123252181487,False,65.57236355500498,True,False,0.046312004688417,0.0047046391726118,2.0,False,1.0,8.000:8.000|31.679:23.981|41.601:18.185|52.277:60.507|34.076:61.896|17.582:67.046|24.054:70.053|24.364:74.672|20.627:61.325|12.094:71.259|8.000:8.000,0-28-31-26-6-15-29-8-14-13-0,11.249263571808116
157,moderate,cluttered,RAWA-RHP,32,27,0.84375,0.8947368421052632,0.8947368421052632,True,59.5,66.5,1048.6097926415675,1170.6613073562185,151.3902073584326,71.3902073584326,False,130.06183381151232,True,False,0.0837261227444639,0.0031002487078473,2.0,False,1.0,8.000:8.000|41.601:18.185|46.504:30.018|52.609:36.744|53.131:34.492|53.594:18.144|49.156:10.557|63.493:8.103|72.917:25.981|72.267:29.464|75.489:33.980|78.597:32.425|83.659:36.382|79.974:49.699|77.175:47.899|71.682:52.375|62.478:61.811|52.277:60.507|34.076:61.896|17.582:67.046|24.054:70.053|24.364:74.672|20.627:61.325|12.094:71.259|17.617:48.348|28.231:39.611|33.122:45.003|31.679:23.981|8.000:8.000,0-31-22-12-20-23-30-1-19-4-18-27-24-10-21-17-25-26-6-15-29-8-14-13-2-9-11-28-0,110.01806942000984
159,severe,sparse,NearestNeighbor,32,13,0.40625,0.3720930232558139,0.0,False,24.0,64.5,1329.629423488308,1308.7400291878214,-129.62942348830808,-209.62942348830808,True,76.5477459323146,False,True,0.0399025974123878,0.0028695175377134,2.0,True,1.0,8.000:8.000|16.997:31.749|20.659:33.287|27.153:40.386|26.329:48.446|23.595:55.357|22.895:60.596|32.303:60.601|19.218:51.914|16.398:49.397|12.124:38.842|34.877:30.381|40.626:16.782|62.284:41.387|8.000:8.000,0-7-19-25-26-24-18-31-28-4-30-9-27-11-0,0.0012914729304611
159,severe,sparse,ValuePerDistance,32,12,0.375,0.3875968992248062,0.0,False,25.0,64.5,1338.8197776525813,1340.6782465770348,-138.81977765258128,-218.81977765258128,True,73.42395521621705,False,True,0.0021168456166935,0.0001628853563423,2.8284271247461903,True,1.0,8.000:8.000|16.997:31.749|20.659:33.287|34.877:30.381|23.595:55.357|19.218:51.914|16.398:49.397|26.329:48.446|32.303:60.601|22.895:60.596|28.011:81.555|34.584:86.970|38.229:83.889|8.000:8.000,0-7-19-9-24-28-4-26-31-18-15-13-16-0,0.0009138649329543
159,severe,sparse,WindAwareGreedy,32,11,0.34375,0.3333333333333333,0.3333333333333333,True,21.5,64.5,1172.027658667049,1155.2902598776438,27.97234133295072,-52.02765866704928,True,69.30793740740188,True,False,0.0440455837390277,0.0036937810780724,2.0,False,1.0,8.000:8.000|16.997:31.749|20.659:33.287|34.877:30.381|40.626:16.782|72.553:32.615|62.284:41.387|23.595:55.357|19.218:51.914|26.329:48.446|16.398:49.397|12.124:38.842|8.000:8.000,0-7-19-9-27-32-11-24-28-26-4-30-0,0.0010108810383826
159,severe,sparse,ReserveOnlyPlanner,32,10,0.3125,0.2790697674418604,0.2790697674418604,True,18.0,64.5,1035.8575554473332,1133.3140478934763,164.14244455266677,84.14244455266675,False,57.73696033024274,True,False,0.0399017782822199,0.0036520656516346,2.0,False,1.0,8.000:8.000|40.626:16.782|34.877:30.381|16.997:31.749|20.659:33.287|12.124:38.842|19.218:51.914|23.595:55.357|26.329:48.446|27.153:40.386|16.398:49.397|8.000:8.000,0-27-9-7-19-30-28-24-26-25-4-0,0.0009877081029117
159,severe,sparse,FairRiskAwareGreedy,32,12,0.375,0.4263565891472868,0.4263565891472868,True,27.5,64.5,1093.3643268434814,1148.8085016829762,106.63567315651848,26.63567315651848,False,101.44449590863051,True,False,0.0018195837289295,0.0001400321675883,2.8284271247461903,False,1.0,8.000:8.000|23.595:55.357|19.218:51.914|32.303:60.601|72.553:32.615|34.877:30.381|16.997:31.749|20.659:33.287|26.329:48.446|47.795:90.479|59.177:80.576|71.667:80.030|27.153:40.386|8.000:8.000,0-24-28-31-32-9-7-19-26-21-17-3-25-0,0.002051463117823
159,severe,sparse,FairALNSPlanner,32,11,0.34375,0.4031007751937984,0.4031007751937984,True,26.0,64.5,824.6170898746909,998.472898632214,375.38291012530914,295.38291012530914,False,80.64449031742282,True,False,0.0167220075688785,0.0013958405017397,2.0,False,1.0,8.000:8.000|34.877:30.381|28.011:81.555|34.584:86.970|38.229:83.889|44.753:83.295|47.795:90.479|59.177:80.576|71.667:80.030|69.732:91.208|87.110:83.729|85.109:81.529|8.000:8.000,0-9-15-13-16-29-21-17-3-1-14-6-0,10.2793106068857
159,severe,sparse,RAWA-RHP,32,25,0.78125,0.8449612403100775,0.8449612403100775,True,54.5,64.5,1010.6755535015308,1274.0030402794507,189.32444649846863,109.32444649846866,False,119.10919676991176,True,False,0.1064322816632248,0.0042315088528965,2.0,False,1.0,8.000:8.000|34.877:30.381|72.553:32.615|68.500:49.896|87.110:83.729|85.109:81.529|85.211:68.248|80.039:77.134|79.170:74.788|71.667:80.030|59.177:80.576|47.795:90.479|44.753:83.295|40.477:81.040|38.229:83.889|34.584:86.970|28.011:81.555|32.303:60.601|22.895:60.596|23.595:55.357|19.218:51.914|16.398:49.397|26.329:48.446|27.153:40.386|20.659:33.287|16.997:31.749|8.000:8.000,0-9-32-23-14-6-10-5-2-3-17-21-29-22-16-13-15-31-18-24-28-4-26-25-19-7-0,36.78044915897772
159,severe,cluttered,NearestNeighbor,32,12,0.375,0.3384615384615385,0.0,False,22.0,65.0,1291.1061191033689,1254.9969359350318,-91.10611910336866,-171.10611910336866,True,75.33016364000295,False,True,0.1841676704026964,0.0151340681326597,2.0,True,1.0,8.000:8.000|33.860:28.450|39.438:37.373|52.102:32.744|50.054:24.984|56.101:20.318|58.697:11.076|67.707:23.405|77.390:14.009|85.752:29.563|83.746:31.174|59.937:37.017|47.653:51.219|8.000:8.000,0-2-11-4-22-28-13-19-24-18-31-15-10-0,0.0012109850067645
159,severe,cluttered,ValuePerDistance,32,11,0.34375,0.3076923076923077,0.0,False,20.0,65.0,1253.676554669453,1279.204288869836,-53.67655466945294,-133.67655466945294,True,77.5689286886597,False,True,0.2060144380859074,0.0188264443295686,2.0,True,1.0,8.000:8.000|59.937:37.017|52.102:32.744|56.101:20.318|50.054:24.984|77.390:14.009|83.746:31.174|85.752:29.563|67.707:23.405|58.697:11.076|33.860:28.450|39.438:37.373|8.000:8.000,0-15-4-28-22-24-31-18-19-13-2-11-0,0.0008368920534849
159,severe,cluttered,WindAwareGreedy,32,10,0.3125,0.2923076923076923,0.0,False,19.0,65.0,1274.7791744348986,1289.3443407851496,-74.77917443489865,-154.77917443489866,True,76.46938740939326,False,True,0.1602840083570917,0.0153475605315391,2.0,True,1.0,8.000:8.000|77.390:14.009|56.101:20.318|59.937:37.017|52.102:32.744|50.054:24.984|33.860:28.450|39.438:37.373|47.653:51.219|33.815:57.802|21.260:65.575|8.000:8.000,0-24-28-15-4-22-2-11-10-9-17-0,0.0009349191095679
159,severe,cluttered,ReserveOnlyPlanner,32,9,0.28125,0.2384615384615384,0.2384615384615384,True,15.5,65.0,1022.8030547378056,1157.2873734729442,177.19694526219448,97.19694526219448,False,65.46186049948244,True,False,0.164164263363578,0.0174763616122611,2.0,False,1.0,8.000:8.000|33.860:28.450|56.101:20.318|77.390:14.009|58.697:11.076|52.102:32.744|59.937:37.017|67.707:23.405|50.054:24.984|39.438:37.373|8.000:8.000,0-2-28-24-13-4-15-19-22-11-0,0.0009034820832312
159,severe,cluttered,FairRiskAwareGreedy,32,11,0.34375,0.3692307692307692,0.3692307692307692,True,24.0,65.0,1001.582239238599,1044.869093556235,198.4177607614011,118.4177607614011,False,93.16139703214364,True,False,0.0025869684030368,0.000215738682194,2.8284271247461903,False,1.0,8.000:8.000|77.390:14.009|83.746:31.174|85.752:29.563|56.101:20.318|67.707:23.405|81.136:78.986|64.112:69.019|47.653:51.219|33.815:57.802|21.260:65.575|25.679:68.436|8.000:8.000,0-24-31-18-28-19-32-20-10-9-17-26-0,0.0013141171075403
159,severe,cluttered,FairALNSPlanner,32,1,0.03125,0.0153846153846153,0.0153846153846153,True,1.0,65.0,194.3418730000775,226.49549296421932,1005.6581269999226,925.6581269999226,False,15.630710580865928,True,False,2.218307606316472e-05,1.1091599543378017e-05,4.0,False,1.0,8.000:8.000|33.860:28.450|8.000:8.000,0-2-0,1.0417779539711771
159,severe,cluttered,RAWA-RHP,32,22,0.6875,0.6923076923076923,0.6923076923076923,True,45.0,65.0,1047.642486572717,1259.4176364105974,152.3575134272828,72.35751342728281,False,112.85500107476156,True,False,0.0705952529564348,0.00314359092776,2.0,False,1.0,8.000:8.000|33.860:28.450|50.054:24.984|52.102:32.744|47.653:51.219|64.112:69.019|73.079:71.593|80.605:74.775|81.136:78.986|87.246:82.189|48.691:92.052|43.231:97.901|37.181:93.208|36.586:86.102|22.451:89.479|28.032:79.558|31.883:78.935|33.686:76.021|28.132:75.139|25.679:68.436|21.260:65.575|33.815:57.802|39.438:37.373|8.000:8.000,0-2-22-4-10-20-7-6-32-5-12-1-27-21-14-25-16-3-8-26-17-9-11-0,39.76204727310687
159,moderate,cluttered,NearestNeighbor,32,24,0.75,0.7480916030534351,0.0,False,49.0,65.5,1338.700612831028,1342.820850991396,-138.7006128310278,-218.7006128310278,True,128.836410071826,False,True,0.0850276991107075,0.0034936946113187,2.0,True,1.0,8.000:8.000|17.786:15.717|17.329:17.777|8.722:22.928|21.020:36.402|26.555:40.338|25.483:30.071|14.223:47.444|25.719:52.332|27.593:71.047|35.333:72.520|37.162:71.459|43.918:56.344|57.860:62.251|63.610:61.044|65.972:62.375|60.149:56.316|77.771:66.622|83.871:62.649|92.975:78.391|84.062:87.575|80.126:92.025|71.611:93.672|24.371:93.107|18.781:88.125|8.000:8.000,0-16-30-6-23-25-15-2-11-10-7-31-26-28-19-3-14-18-9-21-13-17-1-5-8-0,0.0019125670660287
159,moderate,cluttered,ValuePerDistance,32,21,0.65625,0.6946564885496184,0.0,False,45.5,65.5,1470.9940390042002,1466.3807644475455,-270.99403900420003,-350.99403900420003,True,133.18299328135527,False,True,0.1016931398621929,0.0047675186230601,2.0,True,1.0,8.000:8.000|8.722:22.928|25.483:30.071|21.020:36.402|14.223:47.444|25.719:52.332|37.162:71.459|35.333:72.520|27.593:71.047|18.781:88.125|24.371:93.107|57.860:62.251|63.610:61.044|65.972:62.375|60.149:56.316|43.918:56.344|84.062:87.575|80.126:92.025|71.611:93.672|92.975:78.391|83.871:62.649|77.771:66.622|8.000:8.000,0-6-15-23-2-11-31-7-10-8-5-28-19-3-14-26-13-17-1-21-9-18-0,0.0013545141555368
159,moderate,cluttered,WindAwareGreedy,32,19,0.59375,0.7022900763358778,0.0,False,46.0,65.5,1471.9667032358843,1488.3050017395258,-271.96670323588444,-351.96670323588444,True,134.95326466227328,False,True,0.1631837637885912,0.0086523163608675,2.0,True,1.0,8.000:8.000|8.722:22.928|25.483:30.071|21.020:36.402|25.719:52.332|14.223:47.444|37.162:71.459|57.860:62.251|63.610:61.044|86.253:22.921|88.895:23.133|83.220:21.345|74.303:17.931|84.100:8.930|60.775:9.798|81.937:29.571|83.871:62.649|84.062:87.575|92.975:78.391|77.771:66.622|8.000:8.000,0-6-15-23-11-2-31-28-19-12-29-20-22-24-27-4-9-13-21-18-0,0.0015233980957418
159,moderate,cluttered,ReserveOnlyPlanner,32,17,0.53125,0.6106870229007634,0.6106870229007634,True,40.0,65.5,1059.167677887402,1117.8956363376403,140.83232211259804,60.83232211259804,False,99.42650403002864,True,False,0.1358309040569767,0.0079239456863466,2.0,False,1.0,8.000:8.000|8.722:22.928|25.483:30.071|21.020:36.402|25.719:52.332|14.223:47.444|37.162:71.459|57.860:62.251|63.610:61.044|86.253:22.921|88.895:23.133|83.220:21.345|74.303:17.931|84.100:8.930|60.775:9.798|53.623:24.356|17.329:17.777|17.786:15.717|8.000:8.000,0-6-15-23-11-2-31-28-19-12-29-20-22-24-27-32-30-16-0,0.0014788438566029
159,moderate,cluttered,FairRiskAwareGreedy,32,12,0.375,0.4198473282442748,0.4198473282442748,True,27.5,65.5,1093.9656125852152,1129.314110151576,106.03438741478466,26.03438741478466,False,115.4244505571642,True,False,0.0080620091419923,0.0006214194768558,2.0,False,1.0,8.000:8.000|25.483:30.071|8.722:22.928|21.020:36.402|14.223:47.444|37.162:71.459|63.610:61.044|84.062:87.575|18.781:88.125|17.329:17.777|17.786:15.717|60.775:9.798|53.623:24.356|8.000:8.000,0-15-6-23-2-31-19-13-8-30-16-27-32-0,0.0016388329677283
159,moderate,cluttered,FairALNSPlanner,32,18,0.5625,0.5725190839694656,0.5725190839694656,True,37.5,65.5,1038.4363477614982,1162.1729140134523,161.56365223850196,81.56365223850196,False,119.6020518134014,True,False,0.0200226806174829,0.001058575366909,2.0,False,1.0,8.000:8.000|8.722:22.928|14.223:47.444|25.483:30.071|74.303:17.931|60.149:56.316|63.610:61.044|65.972:62.375|83.871:62.649|80.126:92.025|92.975:78.391|84.062:87.575|71.611:93.672|57.860:62.251|37.162:71.459|35.333:72.520|27.593:71.047|17.329:17.777|17.786:15.717|8.000:8.000,0-6-2-15-22-14-19-3-9-17-21-13-1-28-31-7-10-30-16-0,9.1443829680793
159,moderate,cluttered,RAWA-RHP,32,26,0.8125,0.8702290076335878,0.8702290076335878,True,57.0,65.5,1044.807652067641,1199.124433024591,155.19234793235933,75.19234793235933,False,135.4264270803477,True,False,0.029958434447045,0.0011211170225188,2.0,False,1.0,8.000:8.000|8.722:22.928|25.483:30.071|21.020:36.402|14.223:47.444|25.719:52.332|27.593:71.047|37.162:71.459|35.333:72.520|18.781:88.125|24.371:93.107|71.611:93.672|84.062:87.575|92.975:78.391|83.871:62.649|65.972:62.375|63.610:61.044|57.860:62.251|60.149:56.316|81.937:29.571|86.253:22.921|88.895:23.133|83.220:21.345|74.303:17.931|60.775:9.798|17.786:15.717|17.329:17.777|8.000:8.000,0-6-15-23-2-11-10-31-7-8-5-1-13-21-9-3-19-28-14-4-12-29-20-22-27-16-30-0,61.33366802800447
158,calm,cluttered,NearestNeighbor,32,31,0.96875,0.9834710743801652,0.0,False,59.5,60.5,1369.1590655622567,1361.733593027422,-169.15906556225713,-249.15906556225715,True,161.96753085343485,False,True,0.0221289524596209,0.0006979166527288,2.0,True,1.0,8.000:8.000|13.534:39.876|13.555:47.237|25.534:40.639|27.562:37.515|31.852:39.299|43.036:41.689|44.389:43.244|42.721:49.759|34.924:50.790|30.015:58.017|27.737:58.378|35.692:78.163|46.727:80.532|49.915:82.149|52.477:72.766|53.988:69.576|52.515:67.673|57.180:59.573|62.158:56.056|65.231:58.413|75.148:60.946|79.099:52.208|89.007:60.887|92.853:68.447|96.543:54.337|97.229:45.344|92.232:41.009|82.276:26.346|69.055:80.099|86.660:94.558|89.826:95.682|8.000:8.000,0-16-11-19-8-18-21-30-27-12-14-26-10-28-4-20-24-23-29-22-6-17-7-3-15-5-13-9-25-2-32-31-0,0.0021830729674547
158,calm,cluttered,ValuePerDistance,32,27,0.84375,0.9090909090909092,0.0,False,55.0,60.5,1227.2317447372236,1226.006024888632,-27.23174473722358,-107.23174473722358,True,147.0757476487564,False,True,0.0162686171225535,0.0005847553331308,2.0,True,1.0,8.000:8.000|27.562:37.515|25.534:40.639|43.036:41.689|44.389:43.244|42.721:49.759|34.924:50.790|27.737:58.378|30.015:58.017|13.555:47.237|13.534:39.876|62.158:56.056|65.231:58.413|57.180:59.573|53.988:69.576|52.477:72.766|49.915:82.149|46.727:80.532|35.692:78.163|38.589:91.191|75.148:60.946|79.099:52.208|89.007:60.887|92.853:68.447|96.543:54.337|97.229:45.344|92.232:41.009|82.276:26.346|8.000:8.000,0-8-19-21-30-27-12-26-14-11-16-22-6-29-24-20-4-28-10-1-17-7-3-15-5-13-9-25-0,0.0016335421241819
158,calm,cluttered,WindAwareGreedy,32,24,0.75,0.8512396694214877,0.0,False,51.5,60.5,1322.903375513214,1326.0755693969302,-122.90337551321414,-202.90337551321412,True,149.21871577606777,False,True,0.015245062922673,0.0006128615958111,2.0,True,1.0,8.000:8.000|27.562:37.515|25.534:40.639|43.036:41.689|44.389:43.244|34.924:50.790|62.158:56.056|57.180:59.573|42.721:49.759|13.555:47.237|13.534:39.876|27.737:58.378|49.915:82.149|46.727:80.532|53.988:69.576|52.477:72.766|75.148:60.946|79.099:52.208|92.853:68.447|89.007:60.887|96.543:54.337|97.229:45.344|92.232:41.009|82.276:26.346|65.231:58.413|8.000:8.000,0-8-19-21-30-12-22-29-27-11-16-26-4-28-24-20-17-7-15-3-5-13-9-25-6-0,0.0016793999820947
158,calm,cluttered,ReserveOnlyPlanner,32,20,0.625,0.7107438016528925,0.7107438016528925,True,43.0,60.5,1095.6691198599988,1122.1865992650703,104.33088014000111,24.330880140001117,False,125.5643050799387,True,False,0.0200810343394912,0.0009636823392171,2.0,False,1.0,8.000:8.000|27.562:37.515|25.534:40.639|43.036:41.689|44.389:43.244|34.924:50.790|42.721:49.759|62.158:56.056|57.180:59.573|53.988:69.576|49.915:82.149|46.727:80.532|35.692:78.163|13.555:47.237|13.534:39.876|31.852:39.299|27.737:58.378|30.015:58.017|79.099:52.208|75.148:60.946|89.007:60.887|8.000:8.000,0-8-19-21-30-12-27-22-29-24-4-28-10-11-16-18-26-14-7-17-3-0,0.0016885129734873
158,calm,cluttered,FairRiskAwareGreedy,32,20,0.625,0.743801652892562,0.743801652892562,True,45.0,60.5,1057.530967636354,1079.713168494849,142.4690323636462,62.46903236364619,False,127.85203212697772,True,False,0.0153365775318856,0.0007345195969506,2.0,False,1.0,8.000:8.000|27.562:37.515|25.534:40.639|13.555:47.237|13.534:39.876|34.924:50.790|43.036:41.689|44.389:43.244|62.158:56.056|42.721:49.759|49.915:82.149|46.727:80.532|53.988:69.576|57.180:59.573|79.099:52.208|92.853:68.447|89.007:60.887|75.148:60.946|97.229:45.344|92.232:41.009|82.276:26.346|8.000:8.000,0-8-19-11-16-12-21-30-22-27-4-28-24-29-7-15-3-17-13-9-25-0,0.0027229129336774
158,calm,cluttered,FairALNSPlanner,32,27,0.84375,0.9090909090909092,0.9090909090909092,True,55.0,60.5,1037.753406317334,1112.65419653365,162.24659368266572,82.24659368266572,False,135.43625927148753,True,False,0.0296919484196712,0.0010742980454244,2.0,False,1.0,8.000:8.000|27.562:37.515|31.852:39.299|42.721:49.759|62.158:56.056|75.148:60.946|79.099:52.208|92.232:41.009|97.229:45.344|96.543:54.337|92.853:68.447|89.007:60.887|65.231:58.413|57.180:59.573|52.515:67.673|35.692:78.163|46.727:80.532|49.915:82.149|52.477:72.766|53.988:69.576|44.389:43.244|43.036:41.689|34.924:50.790|27.737:58.378|30.015:58.017|25.534:40.639|13.555:47.237|13.534:39.876|8.000:8.000,0-8-18-27-22-17-7-9-13-5-15-3-6-29-23-10-28-4-20-24-30-21-12-26-14-19-11-16-0,18.429367050994188
158,calm,cluttered,RAWA-RHP,32,30,0.9375,0.9669421487603306,0.9669421487603306,True,58.5,60.5,1051.8364431554044,1130.2850605820236,148.16355684459555,68.16355684459555,False,142.13280422828407,True,False,0.0313960468836518,0.0010258498207226,2.0,False,1.0,8.000:8.000|27.562:37.515|25.534:40.639|31.852:39.299|43.036:41.689|44.389:43.244|57.180:59.573|52.515:67.673|53.988:69.576|52.477:72.766|49.915:82.149|46.727:80.532|35.692:78.163|69.055:80.099|86.660:94.558|89.826:95.682|92.853:68.447|89.007:60.887|96.543:54.337|97.229:45.344|92.232:41.009|79.099:52.208|75.148:60.946|65.231:58.413|62.158:56.056|42.721:49.759|34.924:50.790|30.015:58.017|27.737:58.378|13.555:47.237|13.534:39.876|8.000:8.000,0-8-19-18-21-30-29-23-24-20-4-28-10-2-32-31-15-3-5-13-9-7-17-6-22-27-12-14-26-11-16-0,112.32448999187908
159,calm,cluttered,NearestNeighbor,32,28,0.875,0.875968992248062,0.875968992248062,True,56.5,64.5,1160.4564730118295,1157.6217550775666,39.54352698817034,-40.45647301182966,True,139.6897442293957,True,False,0.0268498392590859,0.0009363638604439,2.0,False,1.0,8.000:8.000|13.486:18.118|12.914:20.775|29.324:24.906|30.042:33.127|24.433:44.944|16.230:53.206|10.449:42.473|26.403:63.044|33.215:57.387|32.722:70.720|32.122:73.636|26.722:82.153|17.151:72.311|14.531:68.722|22.234:96.109|43.126:80.997|56.972:67.952|61.471:63.545|63.715:58.670|82.591:52.122|84.521:45.136|58.599:33.233|41.694:39.254|42.052:21.313|46.455:9.204|48.971:10.783|29.194:11.062|25.016:10.593|8.000:8.000,0-7-3-25-32-26-27-29-19-14-12-16-8-1-13-6-30-23-4-24-28-20-5-11-21-15-10-2-17-0,0.0020091640762984
159,calm,cluttered,ValuePerDistance,32,25,0.78125,0.8294573643410853,0.8294573643410853,True,53.5,64.5,1149.6072785964916,1150.514329272595,50.39272140350859,-29.60727859649141,True,134.72732369039994,True,False,0.0514032455866589,0.0020231597073424,2.0,False,1.0,8.000:8.000|13.486:18.118|12.914:20.775|25.016:10.593|29.194:11.062|42.052:21.313|30.042:33.127|29.324:24.906|41.694:39.254|33.215:57.387|26.403:63.044|14.531:68.722|17.151:72.311|32.122:73.636|32.722:70.720|43.126:80.997|56.972:67.952|61.471:63.545|63.715:58.670|48.762:55.538|58.599:33.233|48.971:10.783|46.455:9.204|10.449:42.473|16.230:53.206|24.433:44.944|8.000:8.000,0-7-3-17-2-21-32-25-11-14-19-13-1-16-12-30-23-4-24-9-5-10-15-29-27-26-0,0.0015241000801324
159,calm,cluttered,WindAwareGreedy,32,21,0.65625,0.751937984496124,0.0,False,48.5,64.5,1345.9795944135374,1349.7684089500144,-145.9795944135373,-225.9795944135373,True,146.48423860766837,False,True,0.0674659366608344,0.0031641629418581,2.0,True,1.0,8.000:8.000|25.016:10.593|29.194:11.062|30.042:33.127|41.694:39.254|42.052:21.313|48.971:10.783|13.486:18.118|12.914:20.775|10.449:42.473|14.531:68.722|26.403:63.044|33.215:57.387|29.324:24.906|46.455:9.204|58.599:33.233|48.762:55.538|43.126:80.997|32.122:73.636|17.151:72.311|22.234:96.109|26.722:82.153|8.000:8.000,0-17-2-32-11-21-10-7-3-29-13-19-14-25-15-5-9-30-16-1-6-8-0,0.0015641248319298
159,calm,cluttered,ReserveOnlyPlanner,32,20,0.625,0.689922480620155,0.689922480620155,True,44.5,64.5,1108.717913240937,1147.620647512981,91.2820867590632,11.28208675906319,False,123.7362705131976,True,False,0.0510058087585113,0.0024824158657349,2.0,False,1.0,8.000:8.000|25.016:10.593|29.194:11.062|30.042:33.127|41.694:39.254|42.052:21.313|48.971:10.783|46.455:9.204|13.486:18.118|12.914:20.775|10.449:42.473|14.531:68.722|26.403:63.044|33.215:57.387|48.762:55.538|29.324:24.906|24.433:44.944|16.230:53.206|17.151:72.311|32.122:73.636|32.722:70.720|8.000:8.000,0-17-2-32-11-21-10-15-7-3-29-13-19-14-9-25-26-27-1-16-12-0,0.001645284006372
159,calm,cluttered,FairRiskAwareGreedy,32,17,0.53125,0.6434108527131783,0.6434108527131783,True,41.5,64.5,1096.643143694797,1114.8571500530147,103.35685630520356,23.356856305203564,False,127.2531495077418,True,False,0.0315781732388118,0.0017777317787964,2.0,False,1.0,8.000:8.000|25.016:10.593|29.194:11.062|30.042:33.127|13.486:18.118|12.914:20.775|41.694:39.254|26.403:63.044|14.531:68.722|10.449:42.473|33.215:57.387|42.052:21.313|29.324:24.906|48.971:10.783|46.455:9.204|48.762:55.538|43.126:80.997|16.230:53.206|8.000:8.000,0-17-2-32-7-3-11-19-13-29-14-21-25-10-15-9-30-27-0,0.0024898680858314
159,calm,cluttered,FairALNSPlanner,32,26,0.8125,0.8914728682170543,0.8914728682170543,True,57.5,64.5,1045.8190300123931,1112.5684047867696,154.1809699876068,74.1809699876068,False,134.50877668514937,True,False,0.052020101831633,0.0019709832647137,2.0,False,1.0,8.000:8.000|13.486:18.118|12.914:20.775|29.324:24.906|30.042:33.127|10.449:42.473|16.230:53.206|14.531:68.722|17.151:72.311|32.122:73.636|32.722:70.720|43.126:80.997|56.751:91.729|82.435:92.137|73.195:80.734|61.471:63.545|56.972:67.952|26.403:63.044|33.215:57.387|48.762:55.538|41.694:39.254|58.599:33.233|42.052:21.313|46.455:9.204|48.971:10.783|29.194:11.062|25.016:10.593|8.000:8.000,0-7-3-25-32-29-27-13-1-16-12-30-31-18-22-4-23-19-14-9-11-5-21-15-10-2-17-0,16.263143990188837
159,calm,cluttered,RAWA-RHP,32,28,0.875,0.9302325581395348,0.9302325581395348,True,60.0,64.5,1049.4132124360444,1115.3374436901277,150.58678756395554,70.58678756395554,False,138.10419505808835,True,False,0.038667962940549,0.0013549719404916,2.0,False,1.0,8.000:8.000|13.486:18.118|12.914:20.775|10.449:42.473|16.230:53.206|17.151:72.311|14.531:68.722|26.403:63.044|33.215:57.387|32.722:70.720|32.122:73.636|26.722:82.153|22.234:96.109|43.126:80.997|56.751:91.729|82.435:92.137|73.195:80.734|63.715:58.670|61.471:63.545|56.972:67.952|48.762:55.538|41.694:39.254|30.042:33.127|29.324:24.906|42.052:21.313|46.455:9.204|48.971:10.783|29.194:11.062|25.016:10.593|8.000:8.000,0-7-3-29-27-1-13-19-14-12-16-8-6-30-31-18-22-24-4-23-9-11-32-25-21-15-10-2-17-0,108.97889930498786
159,moderate,sparse,NearestNeighbor,32,25,0.78125,0.7804878048780488,0.0,False,48.0,61.5,1420.1897542062873,1413.2050106962377,-220.18975420628715,-300.18975420628715,True,137.22856662191992,False,True,0.0210102219665607,0.0008138358094239,2.0,True,1.0,8.000:8.000|13.482:31.711|40.745:25.959|49.034:21.553|48.513:38.360|62.910:44.935|67.771:39.165|74.873:35.582|76.868:47.195|81.494:49.088|84.954:52.661|85.013:45.144|90.198:39.507|90.888:35.414|93.272:30.042|89.503:27.241|80.937:23.211|64.510:23.498|84.612:60.375|93.183:68.683|84.758:76.595|77.386:78.554|77.992:87.730|86.665:97.246|59.594:90.644|60.611:79.933|8.000:8.000,0-10-28-26-32-4-2-30-31-15-7-20-13-8-24-23-17-16-12-29-27-11-14-1-9-19-0,0.00199432997033
159,moderate,sparse,ValuePerDistance,32,28,0.875,0.926829268292683,0.0,False,57.0,61.5,1344.832408773886,1357.7372748789624,-144.8324087738864,-224.8324087738864,True,139.86198395748477,False,True,0.0286465740376823,0.000997814290085,2.0,True,1.0,8.000:8.000|13.482:31.711|33.836:65.886|26.205:70.715|22.873:71.857|43.911:77.618|46.727:80.683|59.594:90.644|60.611:79.933|77.386:78.554|84.758:76.595|93.183:68.683|84.612:60.375|84.954:52.661|81.494:49.088|76.868:47.195|67.771:39.165|62.910:44.935|74.873:35.582|80.937:23.211|89.503:27.241|93.272:30.042|90.888:35.414|90.198:39.507|85.013:45.144|64.510:23.498|48.513:38.360|40.745:25.959|49.034:21.553|8.000:8.000,0-10-25-21-3-22-6-9-19-11-27-29-12-7-15-31-2-4-30-17-23-24-8-13-20-16-32-28-26-0,0.0016876719892024
159,moderate,sparse,WindAwareGreedy,32,22,0.6875,0.7642276422764228,0.0,False,47.0,61.5,1512.7542743900472,1521.4025497358684,-312.754274390047,-392.754274390047,True,141.520140965714,False,True,0.0251023405953213,0.0011017283042401,2.0,True,1.0,8.000:8.000|13.482:31.711|33.836:65.886|43.911:77.618|76.868:47.195|90.888:35.414|89.503:27.241|93.272:30.042|80.937:23.211|67.771:39.165|74.873:35.582|64.510:23.498|48.513:38.360|62.910:44.935|81.494:49.088|84.954:52.661|90.198:39.507|85.013:45.144|84.612:60.375|93.183:68.683|84.758:76.595|77.386:78.554|77.992:87.730|8.000:8.000,0-10-25-22-31-8-23-24-17-2-30-16-32-4-15-7-13-20-12-29-27-11-14-0,0.0016495881136506
159,moderate,sparse,ReserveOnlyPlanner,32,17,0.53125,0.6504065040650406,0.6504065040650406,True,40.0,61.5,1097.0299435013978,1169.5831244084245,102.97005649860212,22.970056498602133,False,105.42513031804395,True,False,0.0564864369528218,0.0031619926114232,2.0,False,1.0,8.000:8.000|13.482:31.711|33.836:65.886|43.911:77.618|46.727:80.683|76.868:47.195|90.888:35.414|89.503:27.241|93.272:30.042|90.198:39.507|81.494:49.088|84.954:52.661|67.771:39.165|74.873:35.582|80.937:23.211|64.510:23.498|62.910:44.935|48.513:38.360|8.000:8.000,0-10-25-22-6-31-8-23-24-13-15-7-2-30-17-16-4-32-0,0.0015157090965658
159,moderate,sparse,FairRiskAwareGreedy,32,17,0.53125,0.6097560975609756,0.6097560975609756,True,37.5,61.5,1061.6509487505557,1094.6719722356277,138.34905124944427,58.34905124944427,False,120.60769085731464,True,False,0.0046059164303277,0.0002562015624517,2.0,False,1.0,8.000:8.000|13.482:31.711|33.836:65.886|43.911:77.618|76.868:47.195|90.888:35.414|93.272:30.042|80.937:23.211|67.771:39.165|62.910:44.935|64.510:23.498|48.513:38.360|40.745:25.959|49.034:21.553|74.873:35.582|81.494:49.088|84.954:52.661|85.013:45.144|8.000:8.000,0-10-25-22-31-8-24-17-2-4-16-32-28-26-30-15-7-20-0,0.0024067480117082
159,moderate,sparse,FairALNSPlanner,32,19,0.59375,0.6341463414634146,0.6341463414634146,True,39.0,61.5,884.0246128376784,982.266981968796,315.9753871623216,235.9753871623216,False,108.85963232176334,True,False,0.0258908346391064,0.0013052639796989,2.0,False,1.0,8.000:8.000|13.482:31.711|33.836:65.886|26.205:70.715|28.171:80.531|43.911:77.618|46.727:80.683|59.594:90.644|77.992:87.730|77.386:78.554|84.758:76.595|93.183:68.683|84.612:60.375|84.954:52.661|81.494:49.088|93.272:30.042|85.013:45.144|90.198:39.507|90.888:35.414|89.503:27.241|8.000:8.000,0-10-25-21-18-22-6-9-14-11-27-29-12-7-15-24-20-13-8-23-0,17.143432138022035
159,moderate,sparse,RAWA-RHP,32,29,0.90625,0.951219512195122,0.951219512195122,True,58.5,61.5,1018.8899250624156,1155.2180356519702,181.1100749375846,101.1100749375846,False,135.93900860558142,True,False,0.0520470859560423,0.0017621986203995,2.0,False,1.0,8.000:8.000|13.482:31.711|22.873:71.857|26.205:70.715|33.836:65.886|43.911:77.618|46.727:80.683|60.611:79.933|59.594:90.644|77.992:87.730|77.386:78.554|84.758:76.595|93.183:68.683|84.612:60.375|84.954:52.661|81.494:49.088|76.868:47.195|85.013:45.144|90.198:39.507|90.888:35.414|93.272:30.042|89.503:27.241|80.937:23.211|64.510:23.498|74.873:35.582|67.771:39.165|62.910:44.935|48.513:38.360|49.034:21.553|40.745:25.959|8.000:8.000,0-10-3-21-25-22-6-19-9-14-11-27-29-12-7-15-31-20-13-8-24-23-17-16-30-2-4-32-26-28-0,141.9747838510666
